0 0.0537109375 0.5068359375 0.107421875 0.162109375
1 0.271484375 0.095703125 0.03515625 0.0390625
0 0.2060546875 0.4384765625 0.134765625 0.1953125
1 0.28125 0.439453125 0.013671875 0.017578125
1 0.2861328125 0.345703125 0.015625 0.01953125
1 0.294921875 0.3681640625 0.021484375 0.021484375
1 0.3134765625 0.5439453125 0.01953125 0.029296875
0 0.4189453125 0.408203125 0.146484375 0.205078125
0 0.6240234375 0.3583984375 0.15625 0.162109375
1 0.6875 0.435546875 0.0234375 0.029296875
0 0.8193359375 0.2841796875 0.177734375 0.1796875
1 0.9228515625 0.310546875 0.013671875 0.015625
1 0.958984375 0.392578125 0.009765625 0.013671875
1 0.9736328125 0.3876953125 0.01171875 0.013671875
1 0.9599609375 0.427734375 0.015625 0.013671875
1 0.91796875 0.4052734375 0.017578125 0.017578125
1 0.890625 0.421875 0.021484375 0.021484375
1 0.8583984375 0.42578125 0.01953125 0.0234375
1 0.8349609375 0.4345703125 0.033203125 0.033203125
1 0.8173828125 0.447265625 0.01171875 0.015625
1 0.8056640625 0.4580078125 0.01171875 0.013671875
0 0.9013671875 0.552734375 0.140625 0.140625
1 0.7607421875 0.451171875 0.025390625 0.015625
0 0.708984375 0.62109375 0.173828125 0.203125
1 0.6171875 0.529296875 0.015625 0.017578125
1 0.603515625 0.5107421875 0.017578125 0.017578125
1 0.603515625 0.4921875 0.01953125 0.021484375
1 0.5546875 0.5146484375 0.009765625 0.013671875
1 0.5361328125 0.5087890625 0.015625 0.015625
1 0.462890625 0.546875 0.015625 0.017578125
0 0.498046875 0.6845703125 0.123046875 0.158203125
1 0.4365234375 0.78125 0.009765625 0.015625
1 0.3916015625 0.5595703125 0.015625 0.01953125
0 0.2998046875 0.7333984375 0.109375 0.150390625
1 0.3740234375 0.7275390625 0.083984375 0.099609375
0 0.1162109375 0.77734375 0.150390625 0.162109375
1 0.150390625 0.849609375 0.037109375 0.03125