0 0.4345703125 0.0751953125 0.16015625 0.1328125
1 0.34375 0.0126953125 0.04296875 0.025390625
1 0.3154296875 0.060546875 0.013671875 0.013671875
1 0.3505859375 0.0986328125 0.01953125 0.013671875
1 0.2861328125 0.0185546875 0.013671875 0.013671875
1 0.421875 0.0078125 0.01171875 0.013671875
1 0.54296875 0.03125 0.078125 0.05078125
1 0.5380859375 0.0771484375 0.01171875 0.009765625
1 0.54296875 0.107421875 0.013671875 0.013671875
0 0.671875 0.1044921875 0.171875 0.12109375
1 0.666015625 0.173828125 0.04296875 0.046875
1 0.5400390625 0.1533203125 0.009765625 0.0078125
1 0.50390625 0.185546875 0.013671875 0.01171875
1 0.5361328125 0.2236328125 0.01171875 0.009765625
1 0.369140625 0.1962890625 0.015625 0.0078125
1 0.3603515625 0.2509765625 0.013671875 0.009765625
1 0.3134765625 0.265625 0.013671875 0.005859375
1 0.251953125 0.2744140625 0.013671875 0.009765625
0 0.3876953125 0.310546875 0.142578125 0.1171875
1 0.474609375 0.345703125 0.005859375 0.005859375
1 0.53125 0.384765625 0.01171875 0.009765625
1 0.646484375 0.3603515625 0.01171875 0.009765625
1 0.6640625 0.27734375 0.01171875 0.005859375
0 0.68708605859375 0.282444203125 0.640069951171875 0.277320841796875 0.60680503515625 0.339966958984375 0.64517374609375 0.3567160390625 0.660535474609375 0.37405853515625 0.714071208984375 0.388575513671875 0.74009599609375 0.38250735546875 0.764401955078125 0.343974197265625 0.774860154296875 0.324057865234375 0.755303888671875 0.29020621875 0.733118392578125 0.27240650390625 0.68708605859375 0.282444203125
1 0.681640625 0.4111328125 0.009765625 0.005859375
1 0.6748046875 0.4404296875 0.02734375 0.02734375
1 0.701171875 0.42578125 0.013671875 0.009765625
0 0.6728515625 0.529296875 0.177734375 0.140625
1 0.6552734375 0.603515625 0.009765625 0.005859375
1 0.4873046875 0.587890625 0.0390625 0.02734375
1 0.4453125 0.5029296875 0.013671875 0.01171875
0 0.457929421875 0.580770216796875 0.47276871875 0.56302208984375 0.473774462890625 0.546780041015625 0.4497869921875 0.523257515625 0.4364038984375 0.492832423828125 0.421790248046875 0.46840312109375 0.40196984765625 0.464033169921875 0.34140022265625 0.481449134765625 0.311972998046875 0.5154201796875 0.292506833984375 0.546470681640625 0.285361712890625 0.549565060546875 0.322222962890625 0.563541375 0.363559189453125 0.5715135625 0.3903853359375 0.58593009375 0.417147693359375 0.596610955078125 0.457929421875 0.580770216796875
1 0.3076171875 0.689453125 0.01171875 0.009765625
1 0.26953125 0.7958984375 0.009765625 0.009765625
1 0.509765625 0.7333984375 0.021484375 0.01953125
1 0.515625 0.6767578125 0.013671875 0.009765625
1 0.517578125 0.69140625 0.005859375 0.009765625
0 0.671875 0.7578125 0.162109375 0.138671875
0 0.6591796875 0.95703125 0.181640625 0.0859375
0 0.345703125 0.9404296875 0.1484375 0.111328125
0 0.422481517578125 0.67191644921875 0.3721730859375 0.6745343125 0.33388378125 0.6964455234375 0.31251090625 0.729231478515625 0.29441127734375 0.753695708984375 0.312056072265625 0.790548396484375 0.312076228515625 0.806542689453125 0.354891857421875 0.80952994921875 0.401490498046875 0.8045354921875 0.4342006484375 0.794954078125 0.450757873046875 0.76930525 0.439541390625 0.712097759765625 0.422481517578125 0.67191644921875
1 0.46875 0.7705078125 0.013671875 0.009765625
1 0.37890625 0.666015625 0.009765625 0.005859375