1 0.3623046875 0.955078125 0.0078125 0.0078125
1 0.3974609375 0.947265625 0.0185546875 0.013671875
1 0.5009765625 0.9814453125 0.103515625 0.037109375
1 0.58984375 0.89453125 0.0283203125 0.0185546875
1 0.6484375 0.958984375 0.009765625 0.0107421875
1 0.5283203125 0.8564453125 0.0126953125 0.005859375
1 0.5185546875 0.849609375 0.015625 0.0107421875
1 0.4921875 0.7880859375 0.111328125 0.099609375
0 0.443936873046875 0.835163484375 0.440309123046875 0.81681315234375 0.44042727734375 0.81696596484375 0.432730517578125 0.805234556640625 0.39820240234375 0.79016926953125 0.3719991796875 0.778062607421875 0.352948978515625 0.770899341796875 0.3256233125 0.77772623828125 0.2955343359375 0.80666865625 0.280205921875 0.833233869140625 0.28130425390625 0.851352720703125 0.293775318359375 0.88350784765625 0.31826051171875 0.8969554765625 0.375761958984375 0.894269025390625 0.420786314453125 0.8923511640625 0.44054060546875 0.866657625 0.443936873046875 0.835163484375
1 0.42547501953125 0.78833550390625 0.439501349609375 0.78105920703125 0.4398099921875 0.77257758203125 0.42878086328125 0.76729419921875 0.40418957421875 0.762382451171875 0.363487412109375 0.757837818359375 0.32891589453125 0.748260271484375 0.32999011328125 0.7614854609375 0.351044078125 0.772215892578125 0.36264467578125 0.782373046875 0.383194685546875 0.78904260546875 0.40103443359375 0.79205005859375 0.40061728515625 0.7918981484375 0.42547501953125 0.78833550390625
1 0.357421875 0.7587890625 0.0126953125 0.0126953125
0 0.6337890625 0.830078125 0.1123046875 0.0751953125
1 0.765625 0.626953125 0.029296875 0.025390625
1 0.498046875 0.646484375 0.021484375 0.009765625
1 0.501953125 0.708984375 0.015625 0.0126953125
1 0.5341796875 0.6591796875 0.015625 0.009765625
1 0.5068359375 0.6201171875 0.0107421875 0.005859375
1 0.50390625 0.609375 0.0107421875 0.005859375
0 0.3466796875 0.60546875 0.1513671875 0.1171875
1 0.3818359375 0.701171875 0.009765625 0.005859375
1 0.4384765625 0.51171875 0.0810546875 0.0498046875
1 0.5126953125 0.5595703125 0.0625 0.046875
0 0.62381848046875 0.578760216796875 0.59737594140625 0.592016150390625 0.59970733203125 0.598124185546875 0.60943076171875 0.62654961328125 0.6218879609375 0.64977914453125 0.6478738671875 0.656624123046875 0.6776288828125 0.652156123046875 0.711244935546875 0.63853737109375 0.72371720703125 0.624180546875 0.73177535546875 0.60010217578125 0.71893988671875 0.573217322265625 0.69992705859375 0.5600936328125 0.667118779296875 0.56023830859375 0.647671923828125 0.564419216796875 0.62381848046875 0.578760216796875
1 0.48660994140625 0.4938444921875 0.47808159765625 0.506695783203125 0.481736171875 0.53473917578125 0.490817599609375 0.562045626953125 0.516675408203125 0.623080783203125 0.547839505859375 0.63628472265625 0.578370646484375 0.61021705859375 0.605037736328125 0.5898019296875 0.62087523046875 0.57868675 0.634678216796875 0.56310808984375 0.64627941796875 0.543204978515625 0.661806458984375 0.520529287109375 0.6729585625 0.499931052734375 0.676738220703125 0.490013970703125 0.654033142578125 0.487279822265625 0.62348391796875 0.491842763671875 0.59902012109375 0.498472990234375 0.57690881640625 0.498957880859375 0.533680857421875 0.487839310546875 0.48660994140625 0.4938444921875
1 0.615234375 0.4873046875 0.041015625 0.025390625
1 0.5732421875 0.462890625 0.068359375 0.0439453125
1 0.548828125 0.5087890625 0.080078125 0.0576171875
1 0.55859375 0.435546875 0.021484375 0.021484375
1 0.5556640625 0.404296875 0.041015625 0.029296875
1 0.529296875 0.388671875 0.013671875 0.013671875
1 0.646181458984375 0.388606318359375 0.66374903515625 0.36914740625 0.658084068359375 0.352888318359375 0.631426021484375 0.348615857421875 0.60876615625 0.35834079296875 0.58101851953125 0.37818287109375 0.585828994140625 0.3939107265625 0.60606855078125 0.40234826953125 0.62766896875 0.403055826171875 0.646181458984375 0.388606318359375
0 0.712129568359375 0.443279125 0.725509078125 0.423045970703125 0.7247781640625 0.399974681640625 0.71558219921875 0.371515345703125 0.698505919921875 0.359189634765625 0.6671911171875 0.36818666796875 0.64278458984375 0.383362947265625 0.627836251953125 0.404465287109375 0.62179603125 0.426171197265625 0.64747148828125 0.45273279296875 0.677784107421875 0.45504195703125 0.712129568359375 0.443279125
1 0.615234375 0.3134765625 0.1298828125 0.072265625
1 0.4921875 0.330078125 0.1279296875 0.115234375
0 0.37890625 0.404296875 0.1455078125 0.1220703125
0 0.3525390625 0.2099609375 0.162109375 0.146484375
1 0.52734375 0.2060546875 0.025390625 0.021484375
1 0.580078125 0.228515625 0.017578125 0.009765625
1 0.5791015625 0.2119140625 0.048828125 0.03125
0 0.6640625 0.23046875 0.0966796875 0.103515625
1 0.693359375 0.1103515625 0.015625 0.0126953125
0 0.6513671875 0.033203125 0.080078125 0.06640625
1 0.6764311953125 0.06048111328125 0.67918990234375 0.07691744921875 0.68723914453125 0.094626275390625 0.696943392578125 0.10389375390625 0.70915864453125 0.10078322265625 0.732084298828125 0.089253537109375 0.752575669921875 0.070873119140625 0.76334306640625 0.04893498828125 0.76027527734375 0.02365780078125 0.746897138671875 0.00557988671875 0.733418166015625 0.00150101171875 0.72112180859375 0.010182390625 0.71212230859375 0.02790601171875 0.69226444140625 0.04543070703125 0.6764311953125 0.06048111328125
1 0.5654296875 0.1416015625 0.013671875 0.0126953125
1 0.537109375 0.1005859375 0.03125 0.021484375
1 0.5244140625 0.1328125 0.015625 0.009765625
1 0.5048828125 0.1279296875 0.025390625 0.0205078125
1 0.451171875 0.091796875 0.021484375 0.015625
1 0.294921875 0.0751953125 0.166015625 0.056640625
0 0.3408203125 0.02734375 0.1376953125 0.0546875
1 0.060546875 0.177734375 0.0234375 0.0341796875
1 0.5185546875 0.884765625 0.0107421875 0.005859375