1 0.041015625 0.8037109375 0.0185546875 0.0205078125
1 0.01953125 0.6845703125 0.0185546875 0.0205078125
1 0.0517578125 0.728515625 0.005859375 0.009765625
1 0.0634765625 0.708984375 0.013671875 0.013671875
1 0.0166015625 0.7470703125 0.0126953125 0.013671875
1 0.046875 0.6630859375 0.013671875 0.0126953125
1 0.0771484375 0.658203125 0.017578125 0.021484375
1 0.1025390625 0.564453125 0.048828125 0.052734375
1 0.0673828125 0.5439453125 0.015625 0.0126953125
1 0.083984375 0.521484375 0.0126953125 0.0126953125
1 0.099609375 0.5380859375 0.009765625 0.009765625
1 0.1083984375 0.5234375 0.015625 0.0126953125
1 0.1396484375 0.521484375 0.009765625 0.009765625
1 0.1708984375 0.5556640625 0.017578125 0.021484375
1 0.146484375 0.5927734375 0.0107421875 0.013671875
1 0.1845703125 0.5390625 0.009765625 0.009765625
1 0.2138671875 0.54296875 0.009765625 0.015625
1 0.2255859375 0.552734375 0.0126953125 0.0185546875
1 0.2421875 0.541015625 0.009765625 0.0107421875
1 0.2490234375 0.52734375 0.015625 0.017578125
1 0.2705078125 0.5419921875 0.015625 0.015625
0 0.185546875 0.486328125 0.0908203125 0.056640625
1 0.009765625 0.4931640625 0.0185546875 0.025390625
0 0.168684216796875 0.293200833984375 0.160054525390625 0.280764732421875 0.123771384765625 0.28131630859375 0.08103208203125 0.29722011328125 0.052625869140625 0.32166582421875 0.031022814453125 0.351764443359375 0.02615582421875 0.392055181640625 0.04061663671875 0.438349970703125 0.0627893515625 0.470293208984375 0.098084626953125 0.467693564453125 0.135396322265625 0.460132740234375 0.155845359375 0.45759036328125 0.179586904296875 0.44013430859375 0.19863439453125 0.418948326171875 0.197845458984375 0.37729371484375 0.182265669921875 0.32584183203125 0.168684216796875 0.293200833984375
0 0.37109375 0.3984375 0.1298828125 0.181640625
1 0.318359375 0.5966796875 0.0234375 0.025390625
1 0.2646484375 0.662109375 0.0107421875 0.017578125
1 0.314453125 0.6416015625 0.013671875 0.015625
1 0.232421875 0.693359375 0.0126953125 0.015625
1 0.2470703125 0.67578125 0.009765625 0.0126953125
1 0.201171875 0.736328125 0.0283203125 0.03125
0 0.101924189453125 0.646023220703125 0.08136890625 0.67441285546875 0.07154902734375 0.6998125234375 0.05354817578125 0.735561041015625 0.045485884765625 0.754732107421875 0.071225767578125 0.7938398203125 0.11458333203125 0.8260030859375 0.1427001953125 0.7900707109375 0.17268993359375 0.755723740234375 0.18717673828125 0.74155152734375 0.203536421875 0.710330162109375 0.18485853515625 0.66884735546875 0.163504142578125 0.631756064453125 0.135470919921875 0.609739705078125 0.101924189453125 0.646023220703125
1 0.150390625 0.830078125 0.0654296875 0.0751953125
1 0.1943359375 0.8291015625 0.025390625 0.0283203125
1 0.22265625 0.83984375 0.0205078125 0.025390625
1 0.2509765625 0.7880859375 0.005859375 0.0126953125
1 0.4248046875 0.748046875 0.009765625 0.009765625
0 0.34765625 0.736328125 0.1376953125 0.1796875
1 0.4189453125 0.6787109375 0.005859375 0.0107421875
1 0.4541015625 0.5712890625 0.013671875 0.0205078125
1 0.462890625 0.60546875 0.0048828125 0.009765625
1 0.357421875 0.583984375 0.005859375 0.009765625
1 0.482421875 0.521484375 0.03125 0.060546875
1 0.513671875 0.587890625 0.037109375 0.046875
1 0.533203125 0.541015625 0.025390625 0.03125
1 0.583984375 0.6025390625 0.0263671875 0.041015625
1 0.568359375 0.556640625 0.052734375 0.0595703125
1 0.619140625 0.5517578125 0.0263671875 0.025390625
0 0.623046875 0.392578125 0.125 0.1455078125
1 0.5556640625 0.4052734375 0.005859375 0.0126953125
1 0.7373046875 0.6279296875 0.0361328125 0.037109375
1 0.736328125 0.603515625 0.009765625 0.015625
1 0.7470703125 0.6025390625 0.009765625 0.015625
1 0.7607421875 0.580078125 0.021484375 0.029296875
1 0.7632220234375 0.5208604609375 0.7484096953125 0.50504557421875 0.7362761328125 0.4840555078125 0.72165708203125 0.4810022421875 0.695297806640625 0.50519476953125 0.6802910703125 0.536316671875 0.66539623046875 0.579389408203125 0.662955955078125 0.60812415625 0.6726492421875 0.61817461328125 0.672743056640625 0.62037037109375 0.68333039453125 0.62238226953125 0.70606033984375 0.61302053125 0.73096268359375 0.59000500390625 0.749497025390625 0.56827498046875 0.779808892578125 0.55800751171875 0.79797476171875 0.545283564453125 0.80013133984375 0.534258052734375 0.7632220234375 0.5208604609375
1 0.8310546875 0.548828125 0.0048828125 0.0126953125
1 0.869140625 0.583984375 0.009765625 0.0126953125
1 0.86051319140625 0.549393265625 0.85324548828125 0.5439603828125 0.845109728515625 0.544938453125 0.830269142578125 0.559208623046875 0.81890191015625 0.575924720703125 0.818757234375 0.59168535546875 0.827451353515625 0.6053466796875 0.84102353515625 0.610505142578125 0.84782126953125 0.60219394921875 0.857234248046875 0.593643 0.86279296875 0.58333634765625 0.86370171484375 0.56496401171875 0.86051319140625 0.549393265625
1 0.8857421875 0.599609375 0.009765625 0.0126953125
1 0.90625 0.591796875 0.0078125 0.0126953125
1 0.9267578125 0.6044921875 0.009765625 0.009765625
1 0.90234375 0.5634765625 0.044921875 0.0498046875
1 0.9365234375 0.5634765625 0.005859375 0.009765625
1 0.98046875 0.5703125 0.009765625 0.0126953125
1 0.9638671875 0.6748046875 0.0107421875 0.009765625
1 0.9208984375 0.7265625 0.025390625 0.0283203125
1 0.9453125 0.78515625 0.015625 0.0205078125
1 0.7470703125 0.7998046875 0.017578125 0.025390625
1 0.7333984375 0.8203125 0.0126953125 0.015625
1 0.73828125 0.7509765625 0.009765625 0.0126953125
1 0.7177734375 0.740234375 0.009765625 0.017578125
1 0.6953125 0.75 0.0126953125 0.015625
1 0.708984375 0.697265625 0.0107421875 0.0107421875
1 0.716796875 0.6875 0.009765625 0.009765625
1 0.69921875 0.8369140625 0.025390625 0.029296875
1 0.6689453125 0.791015625 0.0263671875 0.0390625
1 0.6806640625 0.771484375 0.005859375 0.0107421875
1 0.6650390625 0.7373046875 0.0126953125 0.0185546875
1 0.642578125 0.7197265625 0.005859375 0.0126953125
1 0.544921875 0.7568359375 0.005859375 0.0126953125
1 0.5361328125 0.7919921875 0.0078125 0.009765625
1 0.4912109375 0.779296875 0.009765625 0.0126953125
1 0.4990234375 0.7529296875 0.0078125 0.009765625
1 0.505859375 0.693359375 0.021484375 0.03125
1 0.52429312109375 0.65456362109375 0.51783469921875 0.68019989453125 0.513198287109375 0.706972474609375 0.496509693359375 0.725188078125 0.497088396484375 0.72717887890625 0.52059710546875 0.73416853515625 0.542490640625 0.72332236328125 0.546899865234375 0.682284130859375 0.54385601953125 0.64719419140625 0.53341448828125 0.639790099609375 0.52429312109375 0.65456362109375
1 0.537109375 0.693359375 0.013671875 0.021484375
0 0.555331759765625 0.6845085234375 0.546284994140625 0.7147382578125 0.53764173828125 0.74875518359375 0.532096580078125 0.7810812109375 0.5471473984375 0.8139497734375 0.56660969921875 0.831541462890625 0.58655350390625 0.84096649609375 0.602845369140625 0.8471830390625 0.62657448046875 0.829084986328125 0.635435880859375 0.809710466796875 0.639226841796875 0.75999921484375 0.639819109375 0.7181999296875 0.639139810546875 0.69458761328125 0.60908791015625 0.668882017578125 0.57754290625 0.670458380859375 0.555331759765625 0.6845085234375
0 0.8271484375 0.408203125 0.150390625 0.1533203125
1 0.767578125 0.7333984375 0.013671875 0.0185546875
1 0.787109375 0.7197265625 0.017578125 0.017578125
0 0.811027244140625 0.654706791015625 0.7905725546875 0.657026126953125 0.781871654296875 0.68233386328125 0.7914688671875 0.71872739453125 0.77739800390625 0.74318516015625 0.77635475390625 0.79235237109375 0.81091873828125 0.850597994140625 0.83719098046875 0.842594099609375 0.864274767578125 0.831449533203125 0.883620650390625 0.813839759765625 0.89694326953125 0.78436806640625 0.89421929296875 0.7458646796875 0.8808107734375 0.71069938671875 0.845768681640625 0.676546826171875 0.811027244140625 0.654706791015625
1 0.908203125 0.884765625 0.0263671875 0.037109375
1 0.275390625 0.8701171875 0.0234375 0.0283203125
1 0.4716796875 0.826171875 0.0126953125 0.013671875