0 0.3193359375 0.84375 0.16796875 0.1640625
1 0.2578125 0.7255859375 0.015625 0.017578125
1 0.3701171875 0.712890625 0.029296875 0.017578125
1 0.4521484375 0.732421875 0.0546875 0.064453125
1 0.4697265625 0.9833984375 0.072265625 0.033203125
1 0.53125 0.9619140625 0.0234375 0.025390625
1 0.513671875 0.9541015625 0.01171875 0.015625
1 0.515625 0.9375 0.01953125 0.017578125
1 0.4873046875 0.93359375 0.021484375 0.02734375
1 0.49609375 0.8662109375 0.021484375 0.01171875
1 0.49609375 0.8349609375 0.01953125 0.017578125
1 0.58203125 0.794921875 0.025390625 0.025390625
1 0.55357173046875 0.803612689453125 0.517173037109375 0.801200876953125 0.50867065234375 0.83475137890625 0.514859400390625 0.859323611328125 0.528275451171875 0.862931078125 0.553383849609375 0.837074837890625 0.564626150390625 0.83360851953125 0.592468712890625 0.8416890546875 0.603084869140625 0.832981705078125 0.571465568359375 0.810558462890625 0.55357173046875 0.803612689453125
1 0.565449869140625 0.799370853515625 0.552937400390625 0.77670641015625 0.5348650234375 0.77255902734375 0.509316728515625 0.772397474609375 0.479061607421875 0.77980757421875 0.46833834765625 0.807127916015625 0.4745715078125 0.810103349609375 0.496362310546875 0.8025212578125 0.520144451171875 0.801717982421875 0.564322361328125 0.8064106875 0.565449869140625 0.799370853515625
1 0.5 0.8134765625 0.025390625 0.0234375
1 0.5205078125 0.765625 0.068359375 0.03125
1 0.50390625 0.7421875 0.017578125 0.015625
1 0.587890625 0.7021484375 0.02734375 0.0234375
0 0.64453125 0.642578125 0.14453125 0.111328125
1 0.5615234375 0.60546875 0.021484375 0.02734375
1 0.5400390625 0.6474609375 0.044921875 0.0390625
1 0.5146484375 0.6708984375 0.013671875 0.01171875
1 0.57432677734375 0.563235958984375 0.5569507578125 0.561327927734375 0.531963703125 0.571602619140625 0.510722390625 0.58808265234375 0.503690458984375 0.598890158203125 0.5127427890625 0.60928042578125 0.53103857421875 0.613615685546875 0.545509048828125 0.614038373046875 0.552612171875 0.596795876953125 0.564467609375 0.58554642578125 0.574234333984375 0.5764279921875 0.57432677734375 0.563235958984375
1 0.494140625 0.5908203125 0.01171875 0.0078125
1 0.5283203125 0.515625 0.015625 0.013671875
1 0.552734375 0.5126953125 0.013671875 0.0078125
1 0.525390625 0.53515625 0.005859375 0.005859375
1 0.537109375 0.4814453125 0.01953125 0.015625
1 0.5322265625 0.4990234375 0.029296875 0.02734375
1 0.533203125 0.462890625 0.013671875 0.0078125
1 0.5322265625 0.4423828125 0.017578125 0.013671875
1 0.562347384765625 0.3468766484375 0.550881287109375 0.34688514453125 0.548864599609375 0.34711138671875 0.512392490234375 0.367533333984375 0.52861563671875 0.40311687109375 0.551982537109375 0.387001861328125 0.5614990703125 0.359364701171875 0.562347384765625 0.3468766484375
1 0.495014869140625 0.418636890625 0.530087408203125 0.42698885546875 0.549929880859375 0.41524251953125 0.551215998046875 0.39072064453125 0.51704611328125 0.37530834765625 0.4932973515625 0.358438740234375 0.475827322265625 0.361000640625 0.47871464453125 0.39609490234375 0.495014869140625 0.418636890625
1 0.611436205078125 0.36128290234375 0.61478678125 0.320055525390625 0.59989453125 0.286626576171875 0.592140123046875 0.290852919921875 0.590336517578125 0.312801220703125 0.568229931640625 0.322018390625 0.5344891328125 0.3202002265625 0.51573480078125 0.3363854140625 0.522731439453125 0.349887400390625 0.54339286328125 0.342864978515625 0.56675045703125 0.345090865234375 0.594274494140625 0.36128901953125 0.6064525546875 0.3642218046875 0.611436205078125 0.36128290234375
1 0.484320986328125 0.2660554453125 0.462432837890625 0.277906662109375 0.462005728515625 0.27751942578125 0.467193173828125 0.290825171875 0.479637326171875 0.31025890234375 0.521200498046875 0.330313462890625 0.545182 0.321660533203125 0.5777440703125 0.3262875703125 0.5929574296875 0.31173006640625 0.588553109375 0.286530458984375 0.568601591796875 0.275214693359375 0.539808982421875 0.257507728515625 0.51601239453125 0.258337796875 0.484320986328125 0.2660554453125
1 0.591796875 0.2763671875 0.0234375 0.017578125
1 0.5703125 0.2724609375 0.0078125 0.005859375
1 0.572265625 0.25 0.017578125 0.013671875
1 0.69140625 0.298828125 0.01953125 0.01171875
1 0.732421875 0.267578125 0.03125 0.0234375
1 0.7763671875 0.232421875 0.01953125 0.013671875
0 0.6728515625 0.4306640625 0.16015625 0.138671875
1 0.55078125 0.21875 0.01171875 0.025390625
0 0.68450904296875 0.110705556640625 0.6685778984375 0.11451605859375 0.669517796875 0.14300862890625 0.625745869140625 0.148011619140625 0.60478210546875 0.1584897734375 0.6494558984375 0.166443169921875 0.650236662109375 0.196327064453125 0.659411056640625 0.2183000859375 0.664227076171875 0.216975388671875 0.6857904375 0.196298703125 0.683125537109375 0.1820023125 0.693117201171875 0.177682072265625 0.71573372265625 0.190692357421875 0.73380647265625 0.19772783984375 0.745233603515625 0.1894750390625 0.72033351171875 0.16003567578125 0.707550974609375 0.14116233203125 0.68450904296875 0.110705556640625
1 0.6828152734375 0.256072263671875 0.681431267578125 0.250110681640625 0.65526448046875 0.21380901953125 0.65619066796875 0.192256771484375 0.654691998046875 0.174640466796875 0.62403540234375 0.16664431640625 0.598875263671875 0.207556994140625 0.630516505859375 0.245294796875 0.668802064453125 0.2593013203125 0.6828152734375 0.256072263671875
1 0.5927734375 0.1923828125 0.015625 0.009765625
1 0.5830078125 0.12890625 0.005859375 0.009765625
1 0.587890625 0.09765625 0.01171875 0.009765625
1 0.5634765625 0.0986328125 0.017578125 0.017578125
1 0.5654296875 0.068359375 0.009765625 0.01171875
1 0.5693359375 0.044921875 0.013671875 0.01953125
1 0.4677734375 0.1279296875 0.07421875 0.03515625
1 0.3466796875 0.0966796875 0.015625 0.01171875
1 0.3232421875 0.1171875 0.017578125 0.015625
0 0.3642578125 0.1982421875 0.201171875 0.154296875
1 0.3758596015625 0.27738432421875 0.3410408046875 0.302261564453125 0.31823010546875 0.33398862109375 0.3735028359375 0.356887986328125 0.400592501953125 0.3731842890625 0.419749853515625 0.361472080078125 0.43341480078125 0.33687138671875 0.434171853515625 0.311605962890625 0.400279783203125 0.27377768359375 0.3758596015625 0.27738432421875
0 0.451390099609375 0.347208892578125 0.434362189453125 0.33733549609375 0.41535678125 0.346933728515625 0.40132417578125 0.373548662109375 0.381127310546875 0.36092500390625 0.351548794921875 0.352955509765625 0.351332310546875 0.3538203203125 0.3347998671875 0.38106563671875 0.34091266796875 0.40060805078125 0.3369041953125 0.414005384765625 0.33476621484375 0.424835900390625 0.374673205078125 0.432922640625 0.407838474609375 0.4349181953125 0.42482686328125 0.44316834375 0.443868166015625 0.436303712890625 0.446659099609375 0.3969962109375 0.451390099609375 0.347208892578125
1 0.3681640625 0.4638671875 0.052734375 0.041015625
1 0.4013671875 0.4423828125 0.013671875 0.01171875
1 0.5126953125 0.62109375 0.013671875 0.01171875
1 0.38875170703125 0.62113385546875 0.38939305078125 0.65167132421875 0.414314455078125 0.654419720703125 0.4311096875 0.64951872265625 0.454672421875 0.6462748125 0.476077318359375 0.64623078515625 0.499480703125 0.64522322265625 0.51971287109375 0.636116291015625 0.519649830078125 0.626277591796875 0.505794208984375 0.61827065234375 0.47575788671875 0.602445923828125 0.44304359765625 0.584630548828125 0.3934747109375 0.554054359375 0.376447064453125 0.568147962890625 0.377913060546875 0.58104044921875 0.391220443359375 0.592916056640625 0.38875170703125 0.62113385546875
0 0.2561408671875 0.689261939453125 0.281297970703125 0.705475642578125 0.33391108203125 0.71565183984375 0.354843083984375 0.706442150390625 0.38145704296875 0.687453740234375 0.425417357421875 0.668935478515625 0.426207890625 0.6688911796875 0.40679097265625 0.64412830859375 0.39206583203125 0.6260643125 0.392669263671875 0.598362109375 0.3822407421875 0.5853440234375 0.320622572265625 0.571194037109375 0.2736938359375 0.57395307421875 0.260052076171875 0.6026285546875 0.241459716796875 0.65618425 0.2561408671875 0.689261939453125
0 0.550540021484375 0.828372146484375 0.561579654296875 0.89492294921875 0.604265751953125 0.927419236328125 0.67306750390625 0.9256636953125 0.715879654296875 0.893719353515625 0.69520798046875 0.819820396484375 0.6490463046875 0.806458615234375 0.61128062109375 0.824947908203125 0.589700001953125 0.837619013671875 0.550540021484375 0.828372146484375
1 0.0244140625 0.8115234375 0.048828125 0.060546875
1 0.3447265625 0.9560546875 0.013671875 0.01171875
1 0.494140625 0.4501953125 0.01171875 0.0078125
1 0.4921875 0.8818359375 0.009765625 0.005859375