1 0.0859375 0.4990234375 0.0234375 0.033203125
1 0.029296875 0.5830078125 0.0341796875 0.0283203125
1 0.0654296875 0.56640625 0.046875 0.0341796875
1 0.052734375 0.525390625 0.0390625 0.046875
1 0.2119140625 0.5869140625 0.052734375 0.0546875
1 0.1640625 0.5625 0.0107421875 0.013671875
1 0.01953125 0.701171875 0.0263671875 0.046875
1 0.149860146484375 0.613771541015625 0.164460359375 0.61176751171875 0.169542099609375 0.59546066015625 0.169156298828125 0.58300379296875 0.16123730078125 0.57018791796875 0.150977365234375 0.554183814453125 0.132235806640625 0.578857755859375 0.130225412109375 0.596459994140625 0.149860146484375 0.613771541015625
1 0.113208912109375 0.598289876953125 0.063142 0.59560667578125 0.053000619140625 0.599245005859375 0.049259138671875 0.620051546875 0.036316671875 0.67852071484375 0.03332569921875 0.710539640625 0.054471490234375 0.702964248046875 0.06840558984375 0.679347244140625 0.094046384765625 0.69342099609375 0.102306978515625 0.66744362890625 0.13331183203125 0.63792840234375 0.13989157421875 0.60566834765625 0.113208912109375 0.598289876953125
0 0.06273811328125 0.73534486328125 0.067695271484375 0.790978115234375 0.099365234375 0.82367353515625 0.134166826171875 0.827445826171875 0.18096446484375 0.802763845703125 0.198096505859375 0.75536238671875 0.184189533203125 0.709305876953125 0.16400221875 0.67597683203125 0.15328615234375 0.62738447265625 0.1393691328125 0.63326930078125 0.1141925078125 0.65334710546875 0.097114720703125 0.68462657421875 0.06288969921875 0.67959707421875 0.06273811328125 0.73534486328125
1 0.21875 0.716796875 0.017578125 0.015625
0 0.29296875 0.7314453125 0.1357421875 0.1845703125
1 0.357421875 0.6220703125 0.0126953125 0.015625
1 0.404296875 0.626953125 0.0546875 0.087890625
1 0.4111328125 0.556640625 0.0126953125 0.021484375
1 0.439453125 0.5576171875 0.0078125 0.013671875
1 0.431640625 0.6943359375 0.013671875 0.021484375
0 0.137419021484375 0.432276931640625 0.111111111328125 0.426611796875 0.11873673828125 0.458224826171875 0.127957818359375 0.497895501953125 0.1302525390625 0.52541473828125 0.14553694921875 0.543205857421875 0.161573873046875 0.54677855078125 0.17424708203125 0.50920299609375 0.19966784765625 0.48774943359375 0.212842400390625 0.47911978125 0.210265359375 0.45509151953125 0.186372732421875 0.4381617578125 0.163681720703125 0.43583756640625 0.137419021484375 0.432276931640625
1 0.269310216796875 0.48312516015625 0.2844740625 0.48736496875 0.28466696484375 0.47089602734375 0.26583297265625 0.44532857421875 0.24468516796875 0.42249523046875 0.23069380078125 0.3680153671875 0.21639298828125 0.33862472265625 0.203310869140625 0.30838879296875 0.169032720703125 0.309082701171875 0.12366777734375 0.35019745703125 0.09440807421875 0.38568592578125 0.095693078125 0.417209201171875 0.11277689453125 0.4262139375 0.138320232421875 0.430483216796875 0.167806994140625 0.4321818203125 0.188192234375 0.436117541015625 0.206396283203125 0.448236830078125 0.22595466015625 0.464463306640625 0.244834869140625 0.47604273828125 0.269310216796875 0.48312516015625
1 0.2301994921875 0.470977740234375 0.210905349609375 0.47290809375 0.19641163671875 0.49029465625 0.17796244140625 0.50885068359375 0.177288291015625 0.529746978515625 0.192265263671875 0.551689494140625 0.206001439453125 0.57847061328125 0.219429173828125 0.58718733984375 0.23235757421875 0.580209404296875 0.25107301171875 0.55440886328125 0.264107912109375 0.51430014453125 0.25510283984375 0.48843128515625 0.2301994921875 0.470977740234375
1 0.28615692578125 0.486262484375 0.27517059765625 0.506680544921875 0.26984973828125 0.530201099609375 0.26971912890625 0.543476455078125 0.276283798828125 0.54668477734375 0.28763683984375 0.53920985546875 0.30208634765625 0.5373987265625 0.30653915234375 0.5313129609375 0.30013322265625 0.508783705078125 0.28729423828125 0.48559670703125 0.28615692578125 0.486262484375
0 0.416377314453125 0.481995884765625 0.40201019140625 0.472253033203125 0.39113437890625 0.448731138671875 0.374463494140625 0.40882067578125 0.36065698828125 0.389995392578125 0.34515054296875 0.391840009765625 0.32552083203125 0.41429023046875 0.302354599609375 0.41209598046875 0.312570328125 0.44232387109375 0.301083662109375 0.47583778125 0.30215667578125 0.4886362421875 0.31974987109375 0.49990087109375 0.331963935546875 0.5012860078125 0.33068094140625 0.5183256171875 0.34986456640625 0.52114545703125 0.368325818359375 0.52696196484375 0.376950111328125 0.53142280859375 0.39018795703125 0.4981902109375 0.398540982421875 0.481995884765625 0.416377314453125 0.481995884765625
1 0.305226015625 0.4178455078125 0.315518099609375 0.41286088671875 0.336636767578125 0.404475041015625 0.3539988828125 0.37710048046875 0.3473166640625 0.365762173828125 0.321277005859375 0.34994025390625 0.275462962890625 0.34465020703125 0.242962119140625 0.410251361328125 0.255147046875 0.432471171875 0.276355130859375 0.458898640625 0.28586255078125 0.484178080078125 0.2597254375 0.4900910390625 0.261680572265625 0.512002744140625 0.27731461328125 0.497162744140625 0.293266138671875 0.48600260546875 0.310182169921875 0.461923439453125 0.311038169921875 0.438942740234375 0.305226015625 0.4178455078125
1 0.331699701171875 0.57710825 0.32052047265625 0.555132244140625 0.290325400390625 0.53580461328125 0.274666240234375 0.54507191015625 0.27658520703125 0.60251226953125 0.305447048828125 0.60835691015625 0.32564943359375 0.60054173046875 0.331699701171875 0.57710825
1 0.36157628515625 0.574181240234375 0.368003310546875 0.557353287109375 0.3578448515625 0.535709501953125 0.320782697265625 0.535310302734375 0.32171605859375 0.536061814453125 0.33018763671875 0.56630176171875 0.330797486328125 0.58864481640625 0.353900423828125 0.58974462109375 0.36157628515625 0.574181240234375
1 0.37109375 0.544921875 0.0185546875 0.0283203125
1 0.4013671875 0.4482421875 0.013671875 0.015625
1 0.4619140625 0.427734375 0.0419921875 0.0576171875
1 0.5107421875 0.5712890625 0.0107421875 0.0185546875
0 0.596433537109375 0.68495611328125 0.582353755859375 0.6416015625 0.56948362890625 0.64177169140625 0.561415935546875 0.63139923046875 0.55118312890625 0.61488340234375 0.52758387109375 0.62928267578125 0.48812753125 0.64974762109375 0.453917703125 0.707660857421875 0.4562536171875 0.726139189453125 0.481308673828125 0.765760298828125 0.516294126953125 0.794538751953125 0.54247644921875 0.792631173828125 0.580722134765625 0.767693330078125 0.603104705078125 0.736053509765625 0.602403427734375 0.713417083984375 0.596433537109375 0.68495611328125
1 0.4912109375 0.46484375 0.009765625 0.015625
1 0.503876109375 0.526379244140625 0.52293012890625 0.524404685546875 0.51813573046875 0.486454046875 0.5145931796875 0.46000514453125 0.50712126953125 0.453339333984375 0.498643662109375 0.46521615625 0.490197201171875 0.48303005078125 0.493868353515625 0.506166142578125 0.503876109375 0.526379244140625
0 0.550668724609375 0.349451302734375 0.53195630078125 0.35974740625 0.482450005859375 0.40508321484375 0.4939617890625 0.454376177734375 0.508750884765625 0.45946394921875 0.52083634765625 0.486081640625 0.55025177734375 0.504017435546875 0.57357675 0.48228255859375 0.603463380859375 0.448148416015625 0.59725236328125 0.41746908203125 0.58115616015625 0.38580648828125 0.550668724609375 0.349451302734375
1 0.54419548046875 0.587693705078125 0.56263462890625 0.58250814453125 0.581994076171875 0.56398158984375 0.582686310546875 0.53118569921875 0.58620273828125 0.5178875703125 0.57716853125 0.502818501953125 0.557704595703125 0.49079834375 0.536903412109375 0.51142805859375 0.529578189453125 0.51440329296875 0.53236119140625 0.57451078125 0.54419548046875 0.587693705078125
1 0.647981369140625 0.536679365234375 0.662788548828125 0.54720721875 0.671547470703125 0.541459029296875 0.66751462890625 0.51263503125 0.6466049375 0.520233197265625 0.647981369140625 0.536679365234375
1 0.666088966796875 0.58528913671875 0.6849983125 0.57602987890625 0.692394869140625 0.549726990234375 0.682002314453125 0.544408810546875 0.663322041015625 0.54662717578125 0.65192479296875 0.5410785859375 0.640917365234375 0.530359171875 0.62857269140625 0.51169731640625 0.60215024609375 0.490933642578125 0.57967624609375 0.495008681640625 0.59156278125 0.51454126953125 0.60841953515625 0.5520069765625 0.609550822265625 0.575940125 0.6197042578125 0.57555164453125 0.62920162890625 0.580687638671875 0.6299481171875 0.59634746875 0.62547220703125 0.62037305078125 0.63626161328125 0.640738865234375 0.646287455078125 0.632308814453125 0.65528248046875 0.604237666015625 0.666088966796875 0.58528913671875
1 0.5722003203125 0.579356083984375 0.55850433203125 0.620003322265625 0.56164601171875 0.64027134765625 0.5742740078125 0.642801837890625 0.607423884765625 0.62125851953125 0.62647388671875 0.58953832421875 0.615426271484375 0.57456436328125 0.607674052734375 0.56158773828125 0.612541794921875 0.553114818359375 0.6056425625 0.546759794921875 0.58037350390625 0.547625171875 0.5722003203125 0.579356083984375
1 0.750183859375 0.56559981640625 0.758678544921875 0.532501177734375 0.7506821875 0.517130701171875 0.72058055078125 0.49374142578125 0.716154875 0.537180373046875 0.724881646484375 0.56588648828125 0.737656330078125 0.579654814453125 0.750183859375 0.56559981640625
1 0.75593975 0.57756103125 0.77139797265625 0.579504779296875 0.7839908046875 0.56443705078125 0.78924535546875 0.53368269921875 0.781572505859375 0.52988495703125 0.75051440234375 0.530178326171875 0.748267908203125 0.54052399609375 0.7534933203125 0.561331876953125 0.75593975 0.57756103125
0 0.779113015625 0.59108287109375 0.774814935546875 0.57714977734375 0.75404389453125 0.58880690625 0.74042426171875 0.612811052734375 0.72030626953125 0.60784116796875 0.68577996484375 0.6150307578125 0.67075074609375 0.63151711328125 0.66932408203125 0.683664748046875 0.67620020703125 0.73053305078125 0.698000056640625 0.756845314453125 0.7369118515625 0.76339591796875 0.768083486328125 0.75170128125 0.796243046875 0.730562521484375 0.80600766796875 0.714227537109375 0.80578362109375 0.699500064453125 0.78762880078125 0.67890116015625 0.791362244140625 0.64465851171875 0.779113015625 0.59108287109375
1 0.796875 0.673828125 0.0107421875 0.0126953125
1 0.8505859375 0.53125 0.060546875 0.033203125
1 0.92847684375 0.501982595703125 0.89892678515625 0.49276486328125 0.872585720703125 0.476597330078125 0.8685920625 0.50585535546875 0.88089051953125 0.54410740234375 0.86779835546875 0.54419715625 0.830218783203125 0.5498877421875 0.831022537109375 0.56542298828125 0.8765401953125 0.58371377734375 0.942284353515625 0.583222146484375 0.9531651875 0.569636005859375 0.945380818359375 0.548423568359375 0.944359044921875 0.510344328125 0.92847684375 0.501982595703125
0 0.87348090234375 0.636275345703125 0.8897288125 0.6954411015625 0.913965044921875 0.719918123046875 0.94736709765625 0.729308662109375 0.970878947265625 0.721604669921875 0.98917643359375 0.68342362109375 0.987730677734375 0.6446946796875 0.9716947578125 0.62618955859375 0.941733779296875 0.582770705078125 0.900168587890625 0.60053905078125 0.87348090234375 0.636275345703125
0 0.93359375 0.3955078125 0.1328125 0.1591796875
0 0.77115885546875 0.361088205078125 0.76240234375 0.353244357421875 0.74463794921875 0.346484375 0.72037037109375 0.34382716015625 0.6757251875 0.43115113671875 0.670710359375 0.46869936328125 0.68281430859375 0.486703076171875 0.710955583984375 0.51549841015625 0.729489474609375 0.5077558359375 0.76056586328125 0.50358916796875 0.788560654296875 0.482411025390625 0.79694281640625 0.44694975 0.78887894140625 0.412519291015625 0.778448712890625 0.38379508984375 0.77115885546875 0.361088205078125
1 0.6611328125 0.4521484375 0.0185546875 0.0126953125