1 0.0927734375 0.16796875 0.015625 0.021484375
1 0.0823623203125 0.228301134765625 0.095528298828125 0.257414263671875 0.183294890625 0.23828539453125 0.18115041015625 0.2020076015625 0.148705431640625 0.151336767578125 0.101592869140625 0.14234663671875 0.0984292734375 0.17249083984375 0.0823623203125 0.228301134765625
1 0.2421875 0.22265625 0.06640625 0.0546875
1 0.302734375 0.189453125 0.060546875 0.0703125
1 0.2802734375 0.08203125 0.021484375 0.021484375
1 0.388671875 0.2119140625 0.046875 0.05078125
1 0.4580078125 0.17578125 0.12109375 0.162109375
1 0.390625 0.1591796875 0.013671875 0.01953125
1 0.5595703125 0.18359375 0.087890625 0.12109375
1 0.671875 0.20703125 0.052734375 0.029296875
1 0.712890625 0.15234375 0.021484375 0.025390625
1 0.68359375 0.0849609375 0.029296875 0.044921875
1 0.7666015625 0.16015625 0.01171875 0.013671875
1 0.79296875 0.1865234375 0.044921875 0.076171875
1 0.8359375 0.185546875 0.044921875 0.06640625
1 0.876953125 0.181640625 0.03515625 0.044921875
1 0.9619140625 0.154296875 0.056640625 0.10546875
0 0.8330078125 0.4296875 0.146484375 0.1875
1 0.9482421875 0.583984375 0.103515625 0.16015625
1 0.9423828125 0.7412109375 0.115234375 0.205078125
1 0.88671875 0.7724609375 0.013671875 0.015625
1 0.8671875 0.8134765625 0.015625 0.0234375
0 0.79330077734375 0.731133771484375 0.80496013671875 0.751251455078125 0.80509437890625 0.7506586640625 0.823368982421875 0.7601916875 0.8670823046875 0.74015045703125 0.883610119140625 0.718737818359375 0.892934556640625 0.66998408203125 0.895581642578125 0.6267655078125 0.883385396484375 0.609053673828125 0.8426476953125 0.60305710546875 0.81568839453125 0.62649428515625 0.797314482421875 0.6543741875 0.786226890625 0.69976039453125 0.79330077734375 0.731133771484375
1 0.67578125 0.6962890625 0.015625 0.0234375
0 0.70822756640625 0.803632083984375 0.7050139453125 0.728187994140625 0.6894503984375 0.715257869140625 0.658640716796875 0.703442220703125 0.619823978515625 0.690984822265625 0.597949638671875 0.741500796875 0.605954294921875 0.818538875 0.629885298828125 0.84443930859375 0.693582203125 0.85896839453125 0.70822756640625 0.803632083984375
1 0.5947265625 0.794921875 0.015625 0.025390625
1 0.5322265625 0.8134765625 0.015625 0.021484375
0 0.365542666015625 0.750032826171875 0.389575658203125 0.771923046875 0.42839845703125 0.7912580390625 0.44785410546875 0.7870032578125 0.47056741015625 0.767540046875 0.483110810546875 0.735569080078125 0.478752373046875 0.707336958984375 0.452480671875 0.67306012109375 0.394270908203125 0.69029308203125 0.3657478515625 0.720736560546875 0.365542666015625 0.750032826171875
1 0.388671875 0.818359375 0.01953125 0.0234375
1 0.5263671875 0.611328125 0.146484375 0.166015625
0 0.423828125 0.4423828125 0.14453125 0.142578125
1 0.37109375 0.615234375 0.01171875 0.013671875
1 0.2607421875 0.642578125 0.142578125 0.138671875
0 0.2294921875 0.74609375 0.08203125 0.115234375
1 0.1572265625 0.7666015625 0.04296875 0.056640625
1 0.1181640625 0.8046875 0.03515625 0.03515625
0 0.04296875 0.7490234375 0.072265625 0.10546875
1 0.0498046875 0.6552734375 0.09375 0.095703125
0 0.0517578125 0.4794921875 0.103515625 0.208984375
1 0.3134765625 0.8642578125 0.015625 0.021484375
1 0.3076171875 0.529296875 0.009765625 0.013671875
0 0.2138671875 0.44921875 0.14453125 0.1875
0 0.63671875 0.4501953125 0.13671875 0.216796875
1 0.826171875 0.8720703125 0.013671875 0.017578125