0 0.6142578125 0.9150390625 0.15234375 0.134765625
1 0.6298828125 0.9853515625 0.01171875 0.01171875
1 0.58984375 0.841796875 0.01953125 0.009765625
1 0.6328125 0.8076171875 0.017578125 0.015625
1 0.578125 0.8203125 0.009765625 0.005859375
0 0.6630859375 0.73046875 0.142578125 0.109375
1 0.7001953125 0.6845703125 0.013671875 0.0078125
1 0.623046875 0.6572265625 0.009765625 0.0078125
1 0.470703125 0.947265625 0.04296875 0.064453125
1 0.4892578125 0.978515625 0.013671875 0.01171875
1 0.439453125 0.9892578125 0.03515625 0.01953125
1 0.4140625 0.8798828125 0.06640625 0.05078125
0 0.365458705078125 0.940584544921875 0.428329853515625 0.914093853515625 0.42729322265625 0.913823732421875 0.408302048828125 0.89691990625 0.3872236171875 0.882768095703125 0.393818625 0.8504872890625 0.389655509765625 0.81953154296875 0.367110798828125 0.82355550390625 0.327725474609375 0.848403794921875 0.29054591015625 0.86989499609375 0.2691620078125 0.8994215 0.291092802734375 0.9290114765625 0.33576644140625 0.941733078125 0.365458705078125 0.940584544921875
1 0.3193359375 0.9638671875 0.01171875 0.013671875
1 0.2939453125 0.9638671875 0.013671875 0.01171875
1 0.34375 0.76953125 0.15234375 0.10546875
1 0.4365234375 0.71484375 0.041015625 0.048828125
1 0.447265625 0.7626953125 0.091796875 0.068359375
0 0.37109375 0.67578125 0.134765625 0.125
1 0.30078125 0.63671875 0.037109375 0.03125
1 0.3271484375 0.625 0.01171875 0.009765625
1 0.48828125 0.63671875 0.013671875 0.017578125
1 0.6572265625 0.44921875 0.0625 0.037109375
1 0.6748046875 0.4306640625 0.01953125 0.01171875
0 0.69181346875 0.442062388671875 0.670686359375 0.468987705078125 0.626424236328125 0.482524923828125 0.638955974609375 0.52311359765625 0.708868318359375 0.562904423828125 0.752924099609375 0.547113791015625 0.77461173828125 0.52185713671875 0.7579608671875 0.4522369921875 0.71069248828125 0.4259068984375 0.69181346875 0.442062388671875
1 0.5458984375 0.4912109375 0.0234375 0.013671875
1 0.5537109375 0.44921875 0.0234375 0.021484375
1 0.505859375 0.4990234375 0.015625 0.015625
1 0.595703125 0.3623046875 0.05078125 0.068359375
1 0.41796875 0.5205078125 0.01171875 0.01171875
0 0.4150390625 0.4765625 0.14453125 0.09765625
1 0.4677734375 0.416015625 0.037109375 0.029296875
1 0.3330078125 0.4921875 0.017578125 0.015625
1 0.3330078125 0.4697265625 0.02734375 0.013671875
1 0.310546875 0.4609375 0.0234375 0.015625
1 0.39453125 0.5830078125 0.005859375 0.005859375
1 0.3818359375 0.380859375 0.013671875 0.005859375
1 0.38671875 0.373046875 0.013671875 0.009765625
1 0.3681640625 0.3701171875 0.015625 0.015625
1 0.3564453125 0.34765625 0.0234375 0.01953125
1 0.3857421875 0.34765625 0.03125 0.01953125
1 0.427734375 0.337890625 0.013671875 0.01171875
1 0.361328125 0.2529296875 0.033203125 0.029296875
1 0.4208984375 0.2158203125 0.02734375 0.015625
1 0.4521484375 0.2060546875 0.017578125 0.015625
1 0.4287109375 0.2529296875 0.015625 0.01171875
0 0.3881733046875 0.333762275390625 0.38929126171875 0.333794169921875 0.453517236328125 0.32589991015625 0.497463998046875 0.277228330078125 0.492154798828125 0.25891454296875 0.4213321484375 0.259563470703125 0.408276796875 0.233698044921875 0.371024564453125 0.264764283203125 0.375499736328125 0.302678833984375 0.3881733046875 0.333762275390625
1 0.4287109375 0.1689453125 0.02734375 0.013671875
1 0.572265625 0.2001953125 0.1484375 0.130859375
1 0.626953125 0.130859375 0.0625 0.052734375
1 0.5986328125 0.1142578125 0.013671875 0.01171875
1 0.6103515625 0.07421875 0.033203125 0.03515625
1 0.6865234375 0.2392578125 0.017578125 0.015625
1 0.6533203125 0.1845703125 0.01953125 0.009765625
1 0.6865234375 0.185546875 0.01171875 0.01171875
0 0.7666015625 0.10546875 0.16015625 0.15625
1 0.7138671875 0.2099609375 0.01171875 0.009765625
0 0.730469087890625 0.356917751953125 0.76748576171875 0.35513884375 0.799616322265625 0.315628791015625 0.799730955078125 0.294173337890625 0.764607048828125 0.24191081640625 0.740540814453125 0.236130783203125 0.708750529296875 0.2448556015625 0.670232767578125 0.2677605078125 0.657527744140625 0.294600734375 0.66449300390625 0.3188633515625 0.6908312265625 0.356628380859375 0.730469087890625 0.356917751953125
1 0.5322265625 0.361328125 0.009765625 0.0078125
1 0.1796875 0.4365234375 0.1953125 0.185546875
1 0.0361328125 0.80859375 0.072265625 0.24609375
0 0.43919022265625 0.12680698046875 0.487228787109375 0.119479228515625 0.50726355859375 0.110322986328125 0.5148996875 0.0869845546875 0.5187263125 0.04873012109375 0.509744984375 0.02310648828125 0.505620919921875 0.015841130859375 0.47862123828125 0.0209577890625 0.45484883203125 0.029493439453125 0.416108873046875 0.031550177734375 0.398585177734375 0.042048240234375 0.412728767578125 0.055502044921875 0.41897178125 0.09173857421875 0.43919022265625 0.12680698046875
1 0.4033203125 0.0576171875 0.021484375 0.017578125
1 0.433761353515625 0 0.4179756015625 0.014687158203125 0.415898470703125 0.01724312890625 0.4342693046875 0.02320710546875 0.462272646484375 0.028111591796875 0.48894125390625 0.014343703125 0.495020486328125 0 0.433761353515625 0