1 0.03515625 0.3212890625 0.0185546875 0.021484375
1 0.029296875 0.4775390625 0.05859375 0.146484375
1 0.068359375 0.482421875 0.0107421875 0.0126953125
1 0.0732421875 0.509765625 0.0126953125 0.013671875
1 0.1025390625 0.513671875 0.005859375 0.0107421875
0 0.048933015625 0.30920380078125 0.02320601953125 0.33457151953125 0.02642415234375 0.370392072265625 0.047230361328125 0.3979902109375 0.069533962890625 0.41314019140625 0.098829029296875 0.430126349609375 0.10985876171875 0.4140625 0.122294560546875 0.371667630859375 0.12388961328125 0.33336347265625 0.1043981484375 0.293209876953125 0.048933015625 0.30920380078125
1 0.016015625 0.429160638671875 0.041869212890625 0.43287519140625 0.069708478515625 0.41720799609375 0.0685302734375 0.3942792734375 0.0490930625 0.3907865546875 0.02135687890625 0.36073616015625 0.01364384375 0.358810763671875 0.005439814453125 0.37415364453125 0.006106228515625 0.40924841015625 0.016015625 0.429160638671875
0 0.255859375 0.3642578125 0.0986328125 0.125
0 0.158203125 0.552734375 0.1044921875 0.154296875
1 0.1103515625 0.4814453125 0.0107421875 0.0126953125
1 0.1875 0.5009765625 0.0078125 0.0126953125
1 0.19140625 0.478515625 0.0078125 0.009765625
1 0.2265625 0.513671875 0.009765625 0.009765625
1 0.2216796875 0.4716796875 0.015625 0.013671875
1 0.2412109375 0.466796875 0.009765625 0.0078125
1 0.2451171875 0.4755859375 0.009765625 0.0126953125
1 0.2607421875 0.4677734375 0.0078125 0.009765625
1 0.3125 0.498046875 0.0185546875 0.0185546875
1 0.328125 0.4990234375 0.0185546875 0.025390625
0 0.2861328125 0.5791015625 0.1142578125 0.1435546875
1 0.4150390625 0.53125 0.041015625 0.044921875
0 0.48828125 0.595703125 0.109375 0.173828125
1 0.4326171875 0.4921875 0.0126953125 0.0126953125
1 0.458984375 0.462890625 0.033203125 0.0361328125
1 0.490234375 0.486328125 0.0107421875 0.0185546875
1 0.552734375 0.5927734375 0.0107421875 0.0126953125
1 0.576171875 0.591796875 0.0126953125 0.0107421875
1 0.5595703125 0.5 0.1015625 0.1015625
1 0.7099609375 0.501953125 0.03125 0.0341796875
0 0.66015625 0.58203125 0.107421875 0.1435546875
1 0.59375 0.3623046875 0.009765625 0.0078125
1 0.6142578125 0.3603515625 0.0234375 0.0419921875
1 0.7236328125 0.3623046875 0.0419921875 0.052734375
1 0.654296875 0.4287109375 0.0205078125 0.015625
1 0.6875 0.423828125 0.0126953125 0.0263671875
1 0.669921875 0.453125 0.0078125 0.009765625
1 0.6904296875 0.4541015625 0.0107421875 0.0078125
1 0.73046875 0.427734375 0.005859375 0.013671875
0 0.650254087890625 0.313158275390625 0.63424750390625 0.307137345703125 0.611412216796875 0.30467062109375 0.606658708984375 0.314131220703125 0.61764775 0.332835408203125 0.62597113671875 0.349170525390625 0.639335576171875 0.357707609375 0.6523817265625 0.37179060546875 0.67610225 0.371590470703125 0.666831236328125 0.346889466796875 0.650254087890625 0.313158275390625
0 0.83203125 0.2978515625 0.107421875 0.123046875
1 0.8095703125 0.4296875 0.009765625 0.013671875
1 0.830078125 0.423828125 0.009765625 0.015625
1 0.9072265625 0.4130859375 0.0078125 0.0126953125
1 0.962890625 0.296875 0.0576171875 0.1376953125
1 0.9150390625 0.4072265625 0.0107421875 0.013671875
0 0.8515625 0.5625 0.1298828125 0.15625
1 0.794921875 0.4814453125 0.013671875 0.025390625
1 0.9345703125 0.572265625 0.009765625 0.0126953125
0 0.447265625 0.2998046875 0.115234375 0.115234375
1 0.462890625 0.3974609375 0.033203125 0.046875
1 0.1923828125 0.318359375 0.005859375 0.0078125