0 0.0439453125 0.654296875 0.087890625 0.1376953125
1 0.017578125 0.509765625 0.0185546875 0.015625
1 0.0458984375 0.537109375 0.0419921875 0.0703125
1 0.0693359375 0.458984375 0.013671875 0.0185546875
1 0.0908203125 0.46484375 0.005859375 0.0126953125
0 0.0341796875 0.3466796875 0.068359375 0.09375
1 0.2265625 0.458984375 0.0126953125 0.0107421875
1 0.224609375 0.447265625 0.009765625 0.0126953125
0 0.280917447265625 0.42577991015625 0.2935725703125 0.39471343359375 0.3066958828125 0.337983056640625 0.309268904296875 0.302115484375 0.29998452734375 0.285221890625 0.26938657421875 0.26836714453125 0.23992392578125 0.25635100390625 0.21821248828125 0.2533221875 0.186546544921875 0.26341601171875 0.173531740234375 0.2857376328125 0.16731067578125 0.3259628984375 0.178942017578125 0.410463017578125 0.196590470703125 0.408421478515625 0.22042984765625 0.40825001171875 0.24141589453125 0.391415359375 0.2421322421875 0.4041481796875 0.2488044140625 0.41286088671875 0.25871973828125 0.421014982421875 0.280917447265625 0.42577991015625
1 0.2373046875 0.404296875 0.013671875 0.025390625
1 0.318359375 0.3125 0.0107421875 0.0126953125
1 0.271484375 0.4443359375 0.009765625 0.015625
1 0.28515625 0.4375 0.009765625 0.015625
1 0.271484375 0.509765625 0.009765625 0.0126953125
1 0.2880859375 0.49609375 0.009765625 0.0126953125
1 0.158203125 0.5078125 0.0107421875 0.017578125
0 0.205078125 0.6552734375 0.138671875 0.134765625
1 0.30859375 0.4287109375 0.044921875 0.0732421875
1 0.365234375 0.4541015625 0.013671875 0.0185546875
1 0.31279839453125 0.45809756640625 0.29495101171875 0.451873822265625 0.284293216796875 0.453485349609375 0.282746994140625 0.45938357421875 0.297670716796875 0.504442087890625 0.308646998046875 0.53478384375 0.330035927734375 0.52909459765625 0.33550548046875 0.49368114453125 0.330654818359375 0.464735244140625 0.31279839453125 0.45809756640625
1 0.355242693359375 0.439943416015625 0.3431964140625 0.434370712890625 0.329148783203125 0.4478470078125 0.3310546875 0.477267125 0.3291015625 0.5099089609375 0.32839827734375 0.52962507421875 0.332913501953125 0.538810748046875 0.349412455078125 0.55194267578125 0.364284939453125 0.547363951171875 0.37826324609375 0.52123253125 0.363686142578125 0.4764593515625 0.355242693359375 0.439943416015625
1 0.3899176953125 0.53875171484375 0.407737951171875 0.516420716796875 0.41073394921875 0.479378322265625 0.40002491796875 0.461695708984375 0.3821453828125 0.456441830078125 0.36248452734375 0.4670058515625 0.370976201171875 0.49476889453125 0.384837962890625 0.53301022265625 0.3899176953125 0.53875171484375
1 0.4052734375 0.443359375 0.0126953125 0.017578125
1 0.341796875 0.416015625 0.009765625 0.0126953125
0 0.4433443046875 0.257429376953125 0.411543732421875 0.25544812109375 0.374334892578125 0.28232301171875 0.34513346484375 0.302802693359375 0.33052019140625 0.318374111328125 0.331633390625 0.33198436328125 0.356850205078125 0.355894740234375 0.364937990234375 0.37649632421875 0.37378934375 0.410642521484375 0.383837287109375 0.418014294921875 0.4225823046875 0.42455418359375 0.444258576171875 0.3938668125 0.474743 0.38857542578125 0.493558908203125 0.383597501953125 0.50201340625 0.3702859765625 0.496110830078125 0.316040541015625 0.485731337890625 0.29681605859375 0.45794351171875 0.26982998046875 0.4433443046875 0.257429376953125
1 0.494140625 0.3017578125 0.0078125 0.005859375
1 0.51171875 0.3154296875 0.005859375 0.0126953125
1 0.525390625 0.3076171875 0.009765625 0.0107421875
1 0.5205078125 0.359375 0.005859375 0.009765625
1 0.46833606640625 0.41154674609375 0.436904216796875 0.42570221484375 0.422139234375 0.455853748046875 0.416870619140625 0.491703908203125 0.42474038671875 0.502383134765625 0.4426621171875 0.507107875 0.46415051171875 0.50418488671875 0.49584358203125 0.5038888359375 0.49639917578125 0.503086419921875 0.50427999609375 0.483555169921875 0.512939453125 0.463918091796875 0.51992810546875 0.44115842578125 0.5260476953125 0.4153337734375 0.524774748046875 0.39715015234375 0.519073109375 0.3814863046875 0.49204784765625 0.387663162109375 0.46833606640625 0.41154674609375
1 0.556640625 0.4521484375 0.0439453125 0.0341796875
1 0.568359375 0.513671875 0.03125 0.03125
1 0.541845501953125 0.50642468359375 0.525004822265625 0.49046478515625 0.51067085546875 0.489289962890625 0.489230685546875 0.50854391796875 0.46392746875 0.505821865234375 0.452989365234375 0.507720068359375 0.45648670703125 0.538163634765625 0.48000960546875 0.56494475390625 0.48713991796875 0.613854595703125 0.514462568359375 0.61360944921875 0.536236294921875 0.614721310546875 0.558297365234375 0.578964923828125 0.589977375 0.546636552734375 0.60842255078125 0.51930619921875 0.58795693359375 0.51116416015625 0.566622259765625 0.523223166015625 0.541845501953125 0.50642468359375
1 0.5185546875 0.6083984375 0.015625 0.0185546875
1 0.5703125 0.6064453125 0.0126953125 0.0126953125
0 0.47507354296875 0.67765266015625 0.50486372265625 0.630848658203125 0.509349681640625 0.614725330078125 0.48884387890625 0.611605419921875 0.48465530859375 0.59450419140625 0.476258078125 0.56287374609375 0.459764017578125 0.557705599609375 0.436715333984375 0.548276212890625 0.40303498046875 0.5449245546875 0.4031515234375 0.54568812109375 0.395390263671875 0.560954111328125 0.38753255078125 0.59637426171875 0.385530197265625 0.6486062890625 0.41173763671875 0.683482564453125 0.45242874609375 0.707730517578125 0.47507354296875 0.67765266015625
0 0.6455078125 0.630859375 0.1171875 0.181640625
1 0.623046875 0.4599609375 0.0107421875 0.015625
1 0.6279296875 0.4853515625 0.009765625 0.015625
1 0.6533203125 0.4501953125 0.033203125 0.046875
1 0.68359375 0.40625 0.0234375 0.0498046875
0 0.61615668359375 0.25582320703125 0.59685952734375 0.27509859375 0.57906037109375 0.31320328515625 0.5865744765625 0.348833751953125 0.606218251953125 0.385606888671875 0.6333660859375 0.42978796875 0.63312797265625 0.4303345234375 0.652535646484375 0.409274798828125 0.67988743359375 0.38281116015625 0.701161828125 0.386268646484375 0.72137626953125 0.350348830078125 0.729092318359375 0.315701625 0.71594288671875 0.278503837890625 0.67663523828125 0.2545278203125 0.61615668359375 0.25582320703125
1 0.744140625 0.470703125 0.009765625 0.015625
1 0.689453125 0.47265625 0.005859375 0.0078125
1 0.6943359375 0.462890625 0.0048828125 0.0078125
1 0.763671875 0.353515625 0.0078125 0.0126953125
1 0.767578125 0.2744140625 0.0107421875 0.009765625
1 0.791015625 0.373046875 0.0341796875 0.033203125
1 0.951171875 0.3564453125 0.009765625 0.0126953125
1 0.9736328125 0.318359375 0.009765625 0.009765625
1 0.974609375 0.3056640625 0.009765625 0.009765625
1 0.96875 0.2744140625 0.0078125 0.0126953125
0 0.83664078515625 0.23545069140625 0.815874767578125 0.254608197265625 0.8029232578125 0.28023191015625 0.800244744140625 0.301414876953125 0.8083345390625 0.336735896484375 0.81707738671875 0.364954400390625 0.83754501171875 0.37635834765625 0.865192177734375 0.38731352734375 0.877672486328125 0.387601541015625 0.902480388671875 0.37776491796875 0.921296296875 0.36728394921875 0.94074817578125 0.34567901171875 0.95871411328125 0.326745220703125 0.961133416015625 0.28623194140625 0.963955599609375 0.24734358984375 0.960063416015625 0.22924034375 0.899914400390625 0.20728711328125 0.867399490234375 0.211762689453125 0.83664078515625 0.23545069140625
1 0.9892578125 0.396484375 0.021484375 0.048828125
1 0.9130859375 0.466796875 0.0185546875 0.0390625
1 0.884370779296875 0.405923138671875 0.87761421484375 0.433432998046875 0.874564966796875 0.468830375 0.88617923046875 0.48858667578125 0.907945923828125 0.50122706640625 0.91228921484375 0.490661705078125 0.90400852734375 0.474251705078125 0.90380959765625 0.44705798828125 0.924243064453125 0.4229091640625 0.91956822265625 0.399134087890625 0.9026632421875 0.397531935546875 0.884370779296875 0.405923138671875
0 0.8662109375 0.5986328125 0.140625 0.1533203125
1 0.98046875 0.5888671875 0.013671875 0.0126953125