0 0.25633033984375 0.82253465234375 0.263937724609375 0.854645935546875 0.293411224609375 0.894273837890625 0.3320817421875 0.9154737734375 0.363500490234375 0.91837266796875 0.4085107109375 0.90045425390625 0.426870705078125 0.872395689453125 0.425772673828125 0.8245783359375 0.41588456640625 0.797031337890625 0.382684478515625 0.79266335546875 0.354637357421875 0.79364030078125 0.336985294921875 0.80940395703125 0.30630539453125 0.823500806640625 0.25633033984375 0.82253465234375
1 0.443359375 0.81640625 0.0234375 0.021484375
1 0.545577232421875 0.908358236328125 0.546707994140625 0.893794431640625 0.541860900390625 0.868794328125 0.51873398828125 0.8564471171875 0.4820856796875 0.84496889453125 0.46749433203125 0.850211478515625 0.474616205078125 0.864389033203125 0.495358771484375 0.8867322578125 0.511271357421875 0.913936 0.5215350234375 0.91547294140625 0.545577232421875 0.908358236328125
0 0.549513720703125 0.8818504765625 0.546328068359375 0.90576748828125 0.517976576171875 0.920253859375 0.530610302734375 0.95287980859375 0.5701383828125 0.97748291796875 0.629044033203125 0.977561875 0.67878244921875 0.947091728515625 0.682884666015625 0.918430408203125 0.669868208984375 0.88220678125 0.660763720703125 0.842849029296875 0.63653751171875 0.8233543046875 0.58255185546875 0.821675927734375 0.535007908203125 0.8363634375 0.5355770546875 0.85570584375 0.549513720703125 0.8818504765625
1 0.511083109375 0.64023825390625 0.49090033203125 0.648195798828125 0.476161640625 0.67198791796875 0.497349171875 0.674878666015625 0.524273623046875 0.67077801953125 0.52886157421875 0.6798342890625 0.535855349609375 0.679424427734375 0.542742505859375 0.6618037890625 0.538221626953125 0.644484876953125 0.511083109375 0.64023825390625
1 0.538087708984375 0.68790449609375 0.54712745703125 0.68328415234375 0.5539495625 0.682454642578125 0.54922168359375 0.677159630859375 0.529229900390625 0.68017331640625 0.523830365234375 0.6721869140625 0.513435564453125 0.67092653515625 0.502372009765625 0.676955294921875 0.51974373046875 0.698779865234375 0.536812955078125 0.7041109453125 0.5438172734375 0.698038142578125 0.538087708984375 0.68790449609375
0 0.53328377734375 0.70378124609375 0.5685276484375 0.7510835078125 0.59695159765625 0.772523943359375 0.687128447265625 0.767589734375 0.73382251953125 0.731283115234375 0.731185845703125 0.691001109375 0.7136530390625 0.660781115234375 0.680523607421875 0.616254013671875 0.612714732421875 0.59289866015625 0.576465337890625 0.603979462890625 0.546196115234375 0.65182973828125 0.5399086953125 0.68177944921875 0.53946096875 0.700030181640625 0.53328377734375 0.70378124609375
0 0.3225294921875 0.710484048828125 0.36926866015625 0.714593322265625 0.428096384765625 0.700010171875 0.456941990234375 0.682192078125 0.462593857421875 0.628444916015625 0.441369662109375 0.5945296015625 0.38782934765625 0.5753495078125 0.368243234375 0.595599302734375 0.36236682421875 0.619233759765625 0.349176416015625 0.624616470703125 0.31636230859375 0.63377434765625 0.300659083984375 0.651485443359375 0.3225294921875 0.710484048828125
1 0.37109375 0.5576171875 0.046875 0.03125
1 0.501953125 0.4912109375 0.01171875 0.01171875
1 0.521484375 0.45703125 0.01953125 0.021484375
1 0.5234375 0.4970703125 0.015625 0.021484375
1 0.463416693359375 0.528293291015625 0.461743568359375 0.53932294921875 0.503993966796875 0.54506864453125 0.5293923828125 0.562225919921875 0.54404078125 0.561155958984375 0.5622724765625 0.53602194140625 0.57811376171875 0.508295244140625 0.59583852734375 0.4826525859375 0.5799922578125 0.480852673828125 0.5609806640625 0.48748273046875 0.543189658203125 0.50636891015625 0.51965043359375 0.5188224296875 0.4843780546875 0.520029359375 0.463416693359375 0.528293291015625
1 0.552734375 0.419921875 0.02734375 0.021484375
1 0.55541872265625 0.429203158203125 0.538682458984375 0.42684870703125 0.53741119921875 0.435619423828125 0.554634423828125 0.447511642578125 0.563967154296875 0.456482037109375 0.588963412109375 0.452034177734375 0.585545203125 0.449341490234375 0.573836154296875 0.434300068359375 0.55541872265625 0.429203158203125
1 0.544138111328125 0.493772150390625 0.551468634765625 0.490384759765625 0.561579818359375 0.487809103515625 0.594466439453125 0.476354123046875 0.5818162109375 0.457539412109375 0.558061767578125 0.446939458984375 0.543996751953125 0.43735954296875 0.534437375 0.444925849609375 0.541792 0.47224490625 0.544138111328125 0.493772150390625
0 0.4130859375 0.4482421875 0.173828125 0.123046875
0 0.6669921875 0.4931640625 0.154296875 0.1171875
1 0.6318359375 0.384765625 0.033203125 0.029296875
1 0.4345703125 0.341796875 0.015625 0.01171875
1 0.480525361328125 0.321893359375 0.458594005859375 0.340505755859375 0.4359623671875 0.34532025 0.424464634765625 0.35225112890625 0.424829333984375 0.352211638671875 0.44588281640625 0.370427423828125 0.468985115234375 0.399978408203125 0.492468740234375 0.412524287109375 0.52031603125 0.4194691328125 0.54258283203125 0.398631775390625 0.547632880859375 0.379019337890625 0.54837470703125 0.367672626953125 0.527778029296875 0.343077748046875 0.496116669921875 0.31997008203125 0.480525361328125 0.321893359375
1 0.4560546875 0.3056640625 0.013671875 0.01171875
1 0.51953125 0.27734375 0.06640625 0.046875
1 0.48123475 0.289170251953125 0.4687267109375 0.3020045859375 0.485286859375 0.311283900390625 0.522408560546875 0.329553787109375 0.54939057421875 0.345363611328125 0.576888162109375 0.34345828125 0.59613604296875 0.320299537109375 0.626778904296875 0.310795349609375 0.623738427734375 0.301848236328125 0.599552953125 0.2999524921875 0.559486603515625 0.300335068359375 0.5306407421875 0.299531982421875 0.503020841796875 0.292157271484375 0.48123475 0.289170251953125
1 0.6376953125 0.322265625 0.03515625 0.03125
0 0.773325654296875 0.290322552734375 0.7680657890625 0.269351978515625 0.752544388671875 0.2445888203125 0.726444494140625 0.2209022578125 0.69871540234375 0.2171991953125 0.67267916796875 0.2224747890625 0.6527568671875 0.231909412109375 0.629277341796875 0.254375486328125 0.631157353515625 0.25544901171875 0.6340925703125 0.270447146484375 0.65305480859375 0.300414474609375 0.653077595703125 0.320731771484375 0.661830349609375 0.330518056640625 0.687121140625 0.33857246484375 0.72737376953125 0.337785720703125 0.750412169921875 0.32333935546875 0.773325654296875 0.290322552734375
0 0.412959599609375 0.26847475 0.414775365234375 0.294247115234375 0.441682228515625 0.299304568359375 0.47655794140625 0.28822021875 0.4880702421875 0.26530509375 0.490798587890625 0.243084498046875 0.492982400390625 0.199416654296875 0.438768873046875 0.189787884765625 0.393721873046875 0.1911509140625 0.367026935546875 0.209866232421875 0.3649937421875 0.22215898828125 0.3722033515625 0.261875095703125 0.412959599609375 0.26847475
1 0.3984375 0.2841796875 0.029296875 0.021484375
1 0.501953125 0.1298828125 0.01171875 0.017578125
1 0.568359375 0.13671875 0.013671875 0.01171875
1 0.5751953125 0.1220703125 0.017578125 0.01171875
0 0.4765625 0.0537109375 0.14453125 0.107421875
1 0.5732421875 0.0185546875 0.021484375 0.015625
1 0.5849609375 0.0595703125 0.01953125 0.015625
1 0.598639537109375 0.08768427734375 0.6141386015625 0.07963676171875 0.628334154296875 0.061146111328125 0.636615763671875 0.046711009765625 0.631826671875 0.02526984765625 0.600415341796875 0.02855537890625 0.58695095703125 0.02993698046875 0.573647728515625 0.04580984375 0.581470078125 0.052242091796875 0.59782549609375 0.0552250703125 0.59986560546875 0.07525028515625 0.598639537109375 0.08768427734375
0 0.6904296875 0.0908203125 0.1328125 0.126953125
1 0.347069703125 0.805760265625 0.35325003125 0.776460169921875 0.383996671875 0.773097578125 0.39222317578125 0.754201986328125 0.339187212890625 0.738952216796875 0.29079309765625 0.736858064453125 0.28780282421875 0.7366776640625 0.254324869140625 0.74899155078125 0.252601103515625 0.764613341796875 0.271009708984375 0.780936291015625 0.296969736328125 0.79798373828125 0.30284576171875 0.823581630859375 0.347069703125 0.805760265625