0 0.6611328125 0.05078125 0.130859375 0.08203125
1 0.7021484375 0.091796875 0.01953125 0.015625
1 0.6357421875 0.115234375 0.01953125 0.01171875
1 0.54296875 0.134765625 0.046875 0.0390625
1 0.537797361328125 0.031975548828125 0.507145611328125 0.0551176796875 0.483385427734375 0.08122979296875 0.4793333359375 0.109754921875 0.4894348984375 0.13138375390625 0.498214171875 0.13888892578125 0.5133810234375 0.13334918359375 0.542707748046875 0.11198368359375 0.561213279296875 0.071103369140625 0.56063151953125 0.071488583984375 0.54744561328125 0.037535357421875 0.537797361328125 0.031975548828125
0 0.3779296875 0.0185546875 0.130859375 0.037109375
0 0.3798828125 0.1806640625 0.17578125 0.138671875
1 0.330078125 0.3037109375 0.015625 0.01171875
1 0.517578125 0.21875 0.041015625 0.033203125
0 0.6494140625 0.2265625 0.142578125 0.1328125
1 0.509765625 0.2607421875 0.01171875 0.01171875
1 0.439453125 0.3759765625 0.021484375 0.01953125
1 0.375 0.4609375 0.0234375 0.0234375
0 0.329627740234375 0.429948734375 0.363349671875 0.430116099609375 0.38367273046875 0.41799877734375 0.403888125 0.39943760546875 0.40976779296875 0.38783350390625 0.415909126953125 0.3459531953125 0.380784875 0.332227416015625 0.370707212890625 0.317910134765625 0.36309919921875 0.309818826171875 0.314228841796875 0.32155804296875 0.275616423828125 0.3366862734375 0.27122263671875 0.355319095703125 0.277343830078125 0.385251638671875 0.281118330078125 0.3993006015625 0.29779565625 0.419855591796875 0.329627740234375 0.429948734375
1 0.492090357421875 0.38022675390625 0.484084484375 0.36530978125 0.47818943359375 0.334524740234375 0.467867396484375 0.31377643359375 0.468978603515625 0.313765970703125 0.43906952734375 0.291040857421875 0.410907923828125 0.286198302734375 0.383405638671875 0.295610958984375 0.369896208984375 0.3115803515625 0.370614185546875 0.32264965625 0.386827513671875 0.334209478515625 0.4056735625 0.343395951171875 0.42789785546875 0.357542048828125 0.449004634765625 0.372083876953125 0.476155396484375 0.384404734375 0.492090357421875 0.38022675390625
1 0.558950916015625 0.29529970703125 0.5418031640625 0.29368731640625 0.512341486328125 0.296465203125 0.49326416015625 0.303383271484375 0.48117589453125 0.3118837421875 0.477085337890625 0.337408048828125 0.475722591796875 0.353082138671875 0.478625125 0.35766221875 0.489769849609375 0.356042490234375 0.50866615234375 0.343327498046875 0.5289515 0.3257918359375 0.542726263671875 0.31378263671875 0.558107501953125 0.304270998046875 0.558950916015625 0.29529970703125
1 0.5478515625 0.318359375 0.021484375 0.015625
1 0.486328125 0.30078125 0.017578125 0.017578125
1 0.46811637109375 0.385005111328125 0.434269421875 0.386610259765625 0.42105140234375 0.401826265625 0.433459595703125 0.4138446953125 0.45563349609375 0.42320746875 0.470597310546875 0.437140796875 0.48138873828125 0.448390189453125 0.5072035390625 0.4450540625 0.52765660546875 0.428118625 0.555296654296875 0.410374568359375 0.568731310546875 0.394210375 0.598741931640625 0.389756435546875 0.608751466796875 0.37422049609375 0.598844720703125 0.36616579296875 0.568884474609375 0.35425725390625 0.539926251953125 0.326780654296875 0.52883862109375 0.3247325859375 0.508808806640625 0.33895050390625 0.488598962890625 0.359284283203125 0.488890130859375 0.3707999609375 0.46811637109375 0.385005111328125
1 0.4873046875 0.470703125 0.015625 0.017578125
1 0.6787109375 0.4794921875 0.01953125 0.017578125
0 0.658242416015625 0.45720853125 0.67183676171875 0.44164813671875 0.673823341796875 0.425468732421875 0.673727138671875 0.396969478515625 0.65663774609375 0.38033933203125 0.6322677109375 0.36931191796875 0.61541249609375 0.366219744140625 0.589931796875 0.383120912109375 0.562584658203125 0.40212738671875 0.546404328125 0.425801708984375 0.559251375 0.452683712890625 0.573540083984375 0.4717690703125 0.5894521171875 0.48098475 0.60523406640625 0.482776767578125 0.63585576953125 0.47068725390625 0.658242416015625 0.45720853125
1 0.51953125 0.5419921875 0.048828125 0.06640625
1 0.4658203125 0.521484375 0.1015625 0.078125
1 0.2626953125 0.5224609375 0.021484375 0.021484375
1 0.326171875 0.650390625 0.0234375 0.015625
0 0.321571861328125 0.616115123046875 0.351421095703125 0.617155287109375 0.37292971484375 0.5826700703125 0.397311541015625 0.5512353828125 0.3765227109375 0.5416349921875 0.33390820703125 0.527292439453125 0.3113387734375 0.528916908203125 0.286391251953125 0.538866451171875 0.259124126953125 0.5502097265625 0.239662955078125 0.564520240234375 0.2360068984375 0.57883888671875 0.246958130859375 0.592286365234375 0.26032514453125 0.618989654296875 0.28244873046875 0.624310453125 0.321571861328125 0.616115123046875
1 0.368919880859375 0.579268169921875 0.344040740234375 0.59749015234375 0.34744253125 0.60990021484375 0.393027646484375 0.6148141015625 0.4067889140625 0.614501818359375 0.428501029296875 0.611512603515625 0.431669837890625 0.586966064453125 0.434644369140625 0.566845974609375 0.425980744140625 0.53350608984375 0.41701043359375 0.52210337109375 0.4068026953125 0.525638541015625 0.386924513671875 0.5596190546875 0.368919880859375 0.579268169921875
1 0.46875 0.6064453125 0.095703125 0.109375
1 0.3623046875 0.6474609375 0.03515625 0.029296875
1 0.429332232421875 0.63421125390625 0.43083425 0.62327673828125 0.42872393359375 0.62354715234375 0.40470165625 0.614374216796875 0.36210582421875 0.61931900390625 0.3216542578125 0.613935388671875 0.310423240234375 0.624023794921875 0.326538724609375 0.63254703125 0.36332945703125 0.6426056171875 0.386115951171875 0.6636362734375 0.40646753125 0.671294896484375 0.414133998046875 0.66430583203125 0.421266349609375 0.647581900390625 0.429332232421875 0.63421125390625
1 0.5057625390625 0.658096798828125 0.47930453515625 0.621065447265625 0.464931521484375 0.616887611328125 0.44284654296875 0.63071653515625 0.4089603359375 0.6592407734375 0.38488760546875 0.6709569140625 0.34907201171875 0.708591271484375 0.356631318359375 0.724066072265625 0.39063888671875 0.737475951171875 0.451518630859375 0.744886134765625 0.496745 0.744065546875 0.53093503515625 0.72450541796875 0.540407224609375 0.69754200390625 0.5057625390625 0.658096798828125
1 0.6298828125 0.7548828125 0.0234375 0.017578125
1 0.580078125 0.759765625 0.0625 0.033203125
1 0.638671875 0.6103515625 0.013671875 0.013671875
0 0.631587189453125 0.639289677734375 0.650551474609375 0.625711875 0.633964525390625 0.61222379296875 0.63609154296875 0.592835501953125 0.622756224609375 0.58157894921875 0.60462421484375 0.578188794921875 0.580587044921875 0.576346564453125 0.55387387890625 0.584266392578125 0.5369727734375 0.6011357578125 0.5343974375 0.612909853515625 0.5430913671875 0.623706974609375 0.55944219140625 0.632551771484375 0.596138423828125 0.644084845703125 0.631587189453125 0.639289677734375
0 0.298828125 0.7744140625 0.1796875 0.146484375
0 0.546508728515625 0.758092484375 0.5163744140625 0.754069046875 0.4918095390625 0.76100114453125 0.483943572265625 0.769639701171875 0.483983548828125 0.769734572265625 0.50193875390625 0.812009056640625 0.512843462890625 0.830114078125 0.517600255859375 0.836323658203125 0.5273256953125 0.83727295703125 0.557041912109375 0.836824359375 0.598323005859375 0.8281560703125 0.61311179296875 0.8065280703125 0.614353283203125 0.78668486328125 0.5917689140625 0.776967638671875 0.565859697265625 0.766802318359375 0.546508728515625 0.758092484375
1 0.4404296875 0.76171875 0.025390625 0.02734375
1 0.382198388671875 0.872982533203125 0.410202681640625 0.88885069140625 0.452871822265625 0.881095310546875 0.492018671875 0.864001134765625 0.540547435546875 0.8531890703125 0.55331410546875 0.84539594140625 0.5494439296875 0.838321576171875 0.517469431640625 0.83359276953125 0.48849615625 0.813547064453125 0.484641751953125 0.787077986328125 0.4699586875 0.772861412109375 0.434837703125 0.768878203125 0.43116846484375 0.77449959375 0.412357984375 0.797570837890625 0.388492173828125 0.815837529296875 0.36567623828125 0.84567319921875 0.3504873515625 0.85964054296875 0.350876873046875 0.865000728515625 0.36153002734375 0.867706037109375 0.382198388671875 0.872982533203125
0 0.2861328125 0.94140625 0.10546875 0.083984375
1 0.37109375 0.9833984375 0.0234375 0.01171875
1 0.4541015625 0.98828125 0.03515625 0.0234375
1 0.6171875 0.9423828125 0.107421875 0.0546875
0 0.643299296875 1 0.643197923828125 0.98850783984375 0.62815414453125 0.975621470703125 0.60941276171875 0.9619098515625 0.5785614609375 0.948725806640625 0.55095189453125 0.937754994140625 0.534823373046875 0.937821029296875 0.534694724609375 0.939215029296875 0.53084762109375 0.966058310546875 0.52563483984375 0.990891384765625 0.529857859375 1 0.643299296875 1
1 0.5791015625 0.8818359375 0.01953125 0.015625
1 0.5927734375 0.8525390625 0.017578125 0.01171875
1 0.5791015625 0.689453125 0.01171875 0.01171875