1 0.45703125 0.0537109375 0.025390625 0.01953125
1 0.486907041015625 0 0.471865921875 0.000788271484375 0.412701119140625 0.003888966796875 0.392407822265625 0.04321203125 0.383747591796875 0.05686576953125 0.4015476953125 0.0599269140625 0.447766720703125 0.04795654296875 0.47007501953125 0.045446421875 0.512121740234375 0.0262671796875 0.533621935546875 0.00824532421875 0.53268319921875 0 0.486907041015625 0
1 0.5390625 0.017578125 0.015625 0.015625
1 0.5478515625 0.03515625 0.015625 0.013671875
1 0.5498046875 0.05078125 0.01953125 0.017578125
1 0.5234375 0.0537109375 0.015625 0.015625
1 0.5205078125 0.03125 0.013671875 0.009765625
1 0.5556640625 0.123046875 0.01953125 0.021484375
1 0.54097066796875 0.134415287109375 0.552049515625 0.111071267578125 0.567627474609375 0.10561797265625 0.56700249609375 0.0826582421875 0.56339607421875 0.06152896875 0.54210203125 0.059319166015625 0.52540199609375 0.0609848515625 0.501685888671875 0.042299369140625 0.472129169921875 0.076993841796875 0.48417221875 0.0959596796875 0.5009290390625 0.105974240234375 0.511597111328125 0.116280736328125 0.5215223984375 0.1412095859375 0.531079615234375 0.1473666015625 0.54097066796875 0.134415287109375
0 0.440424349609375 0.197008806640625 0.473411359375 0.18680940234375 0.493220708984375 0.164098923828125 0.493784865234375 0.133628515625 0.487192380859375 0.11421856640625 0.45648760546875 0.0827999765625 0.43666553515625 0.0736387421875 0.388744591796875 0.072047505859375 0.35872411328125 0.0806617109375 0.355411576171875 0.115221271484375 0.354988578125 0.138894197265625 0.366862609375 0.167397107421875 0.376915642578125 0.182692353515625 0.403834869140625 0.19030091796875 0.440424349609375 0.197008806640625
1 0.5400390625 0.16015625 0.01953125 0.0234375
0 0.710957041015625 0.051743841796875 0.696906482421875 0.03662912109375 0.658544388671875 0.02450165625 0.597511966796875 0.032348890625 0.585759634765625 0.06608582421875 0.567602505859375 0.09150398046875 0.589762275390625 0.113895603515625 0.6110678203125 0.13860108984375 0.6297560546875 0.14690632421875 0.659729501953125 0.13467634375 0.685275888671875 0.121917783203125 0.699366197265625 0.091303509765625 0.710957041015625 0.051743841796875
1 0.6357421875 0.18359375 0.04296875 0.046875
1 0.72265625 0.236328125 0.013671875 0.013671875
1 0.74609375 0.12890625 0.013671875 0.009765625
1 0.7958984375 0.216796875 0.013671875 0.013671875
1 0.7138821015625 0.217441029296875 0.74118083203125 0.21234141796875 0.7834894921875 0.193460833984375 0.794753216796875 0.176639154296875 0.795198630859375 0.160972990234375 0.763427537109375 0.151134103515625 0.7375173828125 0.136541318359375 0.725511171875 0.104686962890625 0.70856648828125 0.094681341796875 0.688755935546875 0.1231280078125 0.66477534765625 0.134503353515625 0.666067736328125 0.15844947265625 0.65472609375 0.175166580078125 0.648141201171875 0.2054988828125 0.636729181640625 0.218223861328125 0.639403189453125 0.2278736171875 0.640262275390625 0.227702734375 0.67050790625 0.2197449609375 0.7138821015625 0.217441029296875
0 0.6691492265625 0.22395142578125 0.6541453515625 0.234668892578125 0.625453015625 0.251187021484375 0.61893832421875 0.2753720625 0.62181331640625 0.28567770703125 0.630684748046875 0.30616252734375 0.661897875 0.319936833984375 0.685239439453125 0.330876671875 0.712375638671875 0.334908142578125 0.72718632421875 0.32391376953125 0.73874241796875 0.309169296875 0.743087412109375 0.28606319140625 0.7372835703125 0.2617749140625 0.7264303984375 0.24779830859375 0.7132265625 0.239072546875 0.712560474609375 0.221363955078125 0.710404123046875 0.22050901953125 0.6691492265625 0.22395142578125
1 0.57617805859375 0.1617686875 0.54813748046875 0.151883697265625 0.54935191796875 0.154162490234375 0.544234708984375 0.166588357421875 0.534623623046875 0.191354904296875 0.542525869140625 0.1992438828125 0.5646440859375 0.21886152734375 0.57322904296875 0.2084478671875 0.600533796875 0.183467541015625 0.59561764453125 0.1725698515625 0.57617805859375 0.1617686875
0 0.4373172109375 0.36283288671875 0.47014396875 0.360494982421875 0.498446076171875 0.331416767578125 0.503000326171875 0.31575891796875 0.479631201171875 0.29309746484375 0.4651506640625 0.28141163671875 0.459194234375 0.270037865234375 0.439507541015625 0.251112236328125 0.407127568359375 0.2376028125 0.36515212109375 0.265283357421875 0.36066508203125 0.30162032421875 0.360803177734375 0.3312770390625 0.394853134765625 0.343064578125 0.418108140625 0.351154927734375 0.4373172109375 0.36283288671875
1 0.457593806640625 0.28306174609375 0.4624222578125 0.296732041015625 0.484615671875 0.29080890234375 0.491075181640625 0.272044150390625 0.4754284921875 0.2555915 0.450364447265625 0.24878121484375 0.453069009765625 0.257677830078125 0.457788181640625 0.269378125 0.457593806640625 0.28306174609375
1 0.408203125 0.3603515625 0.025390625 0.013671875
1 0.4677734375 0.390625 0.04296875 0.03125
1 0.5712890625 0.212890625 0.029296875 0.0234375
1 0.541279451171875 0.21434626953125 0.53014069140625 0.21311909765625 0.516127060546875 0.217161185546875 0.5060845546875 0.229802619140625 0.499847005859375 0.255451759765625 0.505877765625 0.299043533203125 0.52834376953125 0.30583151953125 0.550150287109375 0.299966685546875 0.57783591796875 0.2954308203125 0.593565666015625 0.3074097421875 0.619951494140625 0.29802169921875 0.6120605703125 0.287307982421875 0.618953048828125 0.2820110703125 0.63051736328125 0.262585814453125 0.635547091796875 0.24533478125 0.640287185546875 0.224192748046875 0.623124294921875 0.216957515625 0.601485740234375 0.252519150390625 0.57988223046875 0.23774684375 0.541279451171875 0.21434626953125
1 0.5654296875 0.3134765625 0.0546875 0.03125
1 0.603811541015625 0.29017146875 0.58554348046875 0.315983884765625 0.565737107421875 0.333383654296875 0.554729466796875 0.350691728515625 0.5660698359375 0.3621699765625 0.58771587109375 0.368124443359375 0.595393775390625 0.38783516796875 0.59288098046875 0.414618328125 0.610602392578125 0.415279583984375 0.63541128125 0.40056583984375 0.6580007734375 0.38291880078125 0.686865 0.354015763671875 0.70171865625 0.3409157421875 0.6942981484375 0.333626287109375 0.67226770703125 0.32998912890625 0.658631884765625 0.325091677734375 0.63664437890625 0.313128328125 0.60667348828125 0.288571830078125 0.603811541015625 0.29017146875
1 0.5498046875 0.359375 0.009765625 0.0078125
1 0.5498046875 0.376953125 0.015625 0.009765625
1 0.5830078125 0.3837890625 0.015625 0.009765625
1 0.5673828125 0.40234375 0.009765625 0.009765625
1 0.5947265625 0.4267578125 0.02734375 0.02734375
1 0.5693359375 0.466796875 0.013671875 0.013671875
1 0.59375 0.4609375 0.021484375 0.01953125
1 0.59765625 0.48046875 0.013671875 0.021484375
1 0.576171875 0.4921875 0.013671875 0.0078125
1 0.5771484375 0.505859375 0.013671875 0.01953125
1 0.599128634765625 0.4921808515625 0.584576962890625 0.5145216171875 0.565167359375 0.54449108984375 0.5702094296875 0.556547515625 0.59500505078125 0.5546422734375 0.61947562890625 0.5396239140625 0.62444730078125 0.522923728515625 0.62621987109375 0.495676830078125 0.612673470703125 0.479723486328125 0.599128634765625 0.4921808515625
1 0.73780464453125 0.5298867109375 0.7202728828125 0.5212338359375 0.705417357421875 0.510893265625 0.69219791796875 0.506707419921875 0.67981378515625 0.5159031328125 0.6689540703125 0.5123523984375 0.646997646484375 0.503654337890625 0.645057205078125 0.50413180078125 0.646901208984375 0.51349365234375 0.650438427734375 0.5272669296875 0.64276377734375 0.54827753515625 0.62045795703125 0.559842181640625 0.600123337890625 0.5699498515625 0.59261992578125 0.579645841796875 0.594565751953125 0.58627419140625 0.61042407421875 0.587713998046875 0.640369265625 0.582823388671875 0.666669556640625 0.574337146484375 0.6886462734375 0.578008810546875 0.7120246015625 0.589028212890625 0.72489687109375 0.58831738671875 0.72679551953125 0.5836561484375 0.734226779296875 0.573090166015625 0.738574951171875 0.555780681640625 0.743231884765625 0.53927174609375 0.73780464453125 0.5298867109375
1 0.6064453125 0.55859375 0.015625 0.013671875
1 0.5888671875 0.5615234375 0.013671875 0.015625
1 0.609375 0.599609375 0.005859375 0.005859375
1 0.6123046875 0.6171875 0.021484375 0.013671875
1 0.587890625 0.61328125 0.015625 0.013671875
1 0.7080078125 0.6279296875 0.01953125 0.013671875
1 0.7177734375 0.66015625 0.01953125 0.015625
1 0.6005859375 0.6650390625 0.021484375 0.017578125
1 0.62109375 0.67578125 0.01171875 0.0078125
1 0.625 0.685546875 0.01953125 0.009765625
1 0.623046875 0.6953125 0.021484375 0.017578125
1 0.6005859375 0.7109375 0.0234375 0.01171875
1 0.6259765625 0.71875 0.015625 0.005859375
1 0.661124607421875 0.67798028515625 0.666665595703125 0.682302337890625 0.6922852265625 0.670434537109375 0.702511166015625 0.663527765625 0.70282003125 0.6440811953125 0.6938273203125 0.622157607421875 0.678468806640625 0.611180595703125 0.66061901953125 0.61290744140625 0.645823380859375 0.623405734375 0.627023712890625 0.6353425859375 0.602889916015625 0.640845869140625 0.5947890703125 0.6523650859375 0.59460075 0.652342359375 0.6073252421875 0.662518443359375 0.623583021484375 0.662503966796875 0.642902533203125 0.6647710703125 0.661124607421875 0.67798028515625
1 0.6328125 0.7412109375 0.01953125 0.013671875
0 0.651016892578125 0.70674694921875 0.648904865234375 0.741614833984375 0.648947990234375 0.741378056640625 0.6807364453125 0.734547318359375 0.715363177734375 0.723845466796875 0.745646177734375 0.7079620078125 0.74176221484375 0.681053205078125 0.72663118359375 0.667897494140625 0.694589705078125 0.66884057421875 0.67045683203125 0.68581062109375 0.660881990234375 0.7065233125 0.651016892578125 0.70674694921875
0 0.540421482421875 0.715396130859375 0.543490390625 0.70645771484375 0.541879158203125 0.688038064453125 0.531842701171875 0.675132376953125 0.502946005859375 0.67164862109375 0.464661109375 0.678616998046875 0.4517894140625 0.6979061328125 0.449181865234375 0.724562966796875 0.44876994921875 0.72465065234375 0.476423005859375 0.740225978515625 0.516889595703125 0.745630537109375 0.517662421875 0.731328048828125 0.516223505859375 0.71764762890625 0.540421482421875 0.715396130859375
1 0.530179705078125 0.7784860546875 0.5408284765625 0.7839321171875 0.546605595703125 0.77216525390625 0.548186681640625 0.752391236328125 0.555046994140625 0.743647091796875 0.5738767890625 0.728184587890625 0.5601120703125 0.72191033984375 0.54052334375 0.712985876953125 0.5386380234375 0.713639734375 0.533617755859375 0.718240013671875 0.510083572265625 0.71945075 0.518031119140625 0.7346082421875 0.5193560625 0.752656263671875 0.530179705078125 0.7784860546875
1 0.494140625 0.8115234375 0.013671875 0.0078125
1 0.534235259765625 0.780864048828125 0.517194603515625 0.763129876953125 0.501951185546875 0.75794271875 0.487442658203125 0.761663951171875 0.492549412109375 0.7829943828125 0.509959033203125 0.799337439453125 0.517274646484375 0.8172263359375 0.531014751953125 0.836553255859375 0.54419537890625 0.85941816796875 0.559033994140625 0.87091047265625 0.580408677734375 0.870120767578125 0.615129455078125 0.843982138671875 0.63370926171875 0.82137683984375 0.629575609375 0.800254373046875 0.63809401171875 0.78133735546875 0.641228322265625 0.771873056640625 0.62979747265625 0.76341384375 0.59419115234375 0.780718080078125 0.5756136875 0.76160302734375 0.550521435546875 0.74616875390625 0.548507646484375 0.7606349765625 0.548954095703125 0.777032193359375 0.544768259765625 0.78062261328125 0.534235259765625 0.780864048828125
1 0.6455078125 0.7802734375 0.015625 0.015625
1 0.63671875 0.7958984375 0.015625 0.013671875
1 0.6416015625 0.830078125 0.015625 0.013671875
1 0.6279296875 0.8818359375 0.013671875 0.0078125
1 0.6474609375 0.884765625 0.017578125 0.009765625
1 0.6572265625 0.892578125 0.01953125 0.015625
1 0.64453125 0.9150390625 0.017578125 0.013671875
1 0.6298828125 0.923828125 0.013671875 0.009765625
1 0.6337890625 0.94140625 0.01953125 0.015625
1 0.688393369140625 0.971759185546875 0.684321935546875 0.937333978515625 0.671996712890625 0.932426697265625 0.643250013671875 0.951547267578125 0.615080515625 0.95544297265625 0.59431029296875 0.975230259765625 0.588785796875 0.996033107421875 0.607675046875 0.995043162109375 0.6931034765625 0.990566048828125 0.698153421875 0.98261580078125 0.688393369140625 0.971759185546875
0 0.5166051171875 0.833407685546875 0.499222798828125 0.835070189453125 0.4530907265625 0.874293228515625 0.4569620546875 0.902942091796875 0.469235580078125 0.9277569296875 0.492727408203125 0.941287578125 0.533387353515625 0.935523048828125 0.569780423828125 0.9184646171875 0.57349124609375 0.90615591796875 0.56308937109375 0.877339529296875 0.535964392578125 0.84993287890625 0.5166051171875 0.833407685546875
0 0.447265625 0.50390625 0.1640625 0.126953125
0 0.709976255859375 0.422056814453125 0.655064376953125 0.428997900390625 0.64399974609375 0.4759376015625 0.66649910546875 0.506548220703125 0.68365277734375 0.513452083984375 0.70248283203125 0.509812228515625 0.718209080078125 0.519253765625 0.742248056640625 0.518253126953125 0.773463541015625 0.482307974609375 0.767216361328125 0.4477059140625 0.7362953125 0.427934796875 0.709976255859375 0.422056814453125
1 0.826171875 0.4892578125 0.015625 0.015625
0 0.7724609375 0.890625 0.14453125 0.14453125