1 0.1083984375 0.2880859375 0.029296875 0.03125
1 0.1337890625 0.2666015625 0.013671875 0.013671875
1 0.1552734375 0.25390625 0.015625 0.01953125
1 0.162109375 0.28125 0.0078125 0.013671875
1 0.01953125 0.2880859375 0.01953125 0.037109375
0 0.030350771484375 0.1442414140625 0.016654296875 0.169124138671875 0.01276675390625 0.243302875 0.025699279296875 0.261072810546875 0.03315955078125 0.276680134765625 0.03147719140625 0.27785508984375 0.041249814453125 0.3140652265625 0.05653546875 0.330538412109375 0.0773127109375 0.297750818359375 0.091138908203125 0.2709975625 0.121449681640625 0.2713154140625 0.12738370703125 0.254710798828125 0.107536875 0.232253392578125 0.101119125 0.186667927734375 0.030350771484375 0.1442414140625
1 0.142578125 0.369140625 0.05859375 0.046875
1 0.17578125 0.390625 0.013671875 0.01171875
1 0.0869140625 0.375 0.013671875 0.015625
1 0.064749396484375 0.402170162109375 0.05392803125 0.381198375 0.046594826171875 0.4040920625 0.04535539453125 0.433551318359375 0.053339978515625 0.43377660546875 0.060866609375 0.42507415234375 0.064749396484375 0.402170162109375
1 0.07665055859375 0.4354947578125 0.09314337890625 0.440142447265625 0.09406325 0.419933884765625 0.084550251953125 0.394729705078125 0.0614191640625 0.368724302734375 0.060848423828125 0.369593822265625 0.058196806640625 0.375441490234375 0.05738028125 0.389877091796875 0.064226396484375 0.416598505859375 0.07665055859375 0.4354947578125
0 0.0498046875 0.4990234375 0.099609375 0.142578125
1 0.119140625 0.4990234375 0.0078125 0.01171875
1 0.1220703125 0.5400390625 0.025390625 0.025390625
1 0.146484375 0.51953125 0.015625 0.015625
1 0.1455078125 0.533203125 0.005859375 0.01171875
1 0.154296875 0.505859375 0.013671875 0.017578125
1 0.177734375 0.56640625 0.0078125 0.01171875
1 0.12109375 0.5166015625 0.009765625 0.01171875
1 0.232421875 0.3798828125 0.04296875 0.03125
1 0.2802734375 0.40234375 0.07421875 0.06640625
1 0.2919921875 0.50390625 0.02734375 0.03125
1 0.314453125 0.5439453125 0.013671875 0.013671875
1 0.3017578125 0.5693359375 0.0078125 0.013671875
0 0.228193095703125 0.448919359375 0.18817939453125 0.458768439453125 0.17159724609375 0.481633162109375 0.17494406640625 0.513185958984375 0.175702380859375 0.512365509765625 0.183695763671875 0.552268755859375 0.199055685546875 0.574386880859375 0.223741326171875 0.591483990234375 0.243469494140625 0.596855080078125 0.266922087890625 0.585691375 0.283682865234375 0.5384910625 0.2845013828125 0.500693048828125 0.27270965625 0.4424527578125 0.247922470703125 0.464849748046875 0.228193095703125 0.448919359375
1 0.33203125 0.3828125 0.025390625 0.025390625
1 0.3818359375 0.396484375 0.048828125 0.0390625
1 0.458984375 0.427734375 0.03125 0.041015625
1 0.40986137109375 0.421725076171875 0.422257990234375 0.453154544921875 0.435414529296875 0.446932330078125 0.446984658203125 0.425433265625 0.46013675 0.3908531484375 0.45812935546875 0.3713423125 0.42882436328125 0.363991904296875 0.3921896640625 0.356705572265625 0.39080199609375 0.367007970703125 0.391739697265625 0.365291455078125 0.407184521484375 0.387279720703125 0.40986137109375 0.421725076171875
1 0.521484375 0.4052734375 0.013671875 0.01953125
1 0.533203125 0.431640625 0.0078125 0.01171875
1 0.476967345703125 0.3837429609375 0.477550876953125 0.413210224609375 0.492530046875 0.448467828125 0.524149515625 0.458520107421875 0.550259486328125 0.442370734375 0.54908359765625 0.43349289453125 0.54184984375 0.436002224609375 0.525823166015625 0.431984119140625 0.5149980078125 0.417542046875 0.498846517578125 0.391350095703125 0.479286876953125 0.3644709609375 0.476967345703125 0.3837429609375
1 0.455078125 0.5595703125 0.005859375 0.0078125
1 0.4697265625 0.56640625 0.005859375 0.0078125
0 0.41778718359375 0.598069369140625 0.440402009765625 0.558855708984375 0.459445841796875 0.549878544921875 0.477254470703125 0.5463509296875 0.470366916015625 0.52171594921875 0.45186523828125 0.477608435546875 0.432208263671875 0.456819490234375 0.37836190625 0.451172470703125 0.35940238671875 0.461737111328125 0.3527128671875 0.52161054296875 0.36970687890625 0.563969970703125 0.388502005859375 0.590427234375 0.41778718359375 0.598069369140625
1 0.513671875 0.56640625 0.013671875 0.015625
1 0.5107421875 0.5146484375 0.005859375 0.01171875
1 0.513671875 0.5361328125 0.0078125 0.013671875
1 0.5166015625 0.5263671875 0.005859375 0.005859375
1 0.5498046875 0.5654296875 0.01171875 0.01171875
1 0.5810546875 0.53515625 0.0078125 0.013671875
1 0.58203125 0.509765625 0.01171875 0.017578125
1 0.5703125 0.404296875 0.017578125 0.021484375
1 0.603515625 0.41796875 0.0546875 0.048828125
1 0.650390625 0.423828125 0.015625 0.015625
1 0.67578125 0.51953125 0.015625 0.015625
1 0.654296875 0.6181640625 0.017578125 0.021484375
1 0.685546875 0.59765625 0.021484375 0.025390625
1 0.70703125 0.5859375 0.015625 0.013671875
1 0.751953125 0.650390625 0.0234375 0.0234375
1 0.7548828125 0.5947265625 0.021484375 0.025390625
1 0.771484375 0.603515625 0.01953125 0.021484375
1 0.73828125 0.5478515625 0.01171875 0.017578125
1 0.7509765625 0.5234375 0.015625 0.021484375
1 0.7490234375 0.5556640625 0.005859375 0.01171875
1 0.666015625 0.412109375 0.015625 0.013671875
1 0.677734375 0.4306640625 0.015625 0.021484375
1 0.775390625 0.4619140625 0.07421875 0.091796875
1 0.791015625 0.4150390625 0.021484375 0.01171875
1 0.87109375 0.458984375 0.052734375 0.048828125
1 0.9619140625 0.4794921875 0.0703125 0.091796875
1 0.943359375 0.5830078125 0.015625 0.021484375
1 0.8984375 0.6142578125 0.013671875 0.01953125
1 0.869140625 0.583984375 0.009765625 0.009765625
1 0.8349609375 0.6630859375 0.017578125 0.0234375
0 0.866420001953125 0.58388819921875 0.88291196484375 0.5804319296875 0.87480333984375 0.5511935546875 0.851506416015625 0.538870099609375 0.845970599609375 0.532715580078125 0.85146530078125 0.491558884765625 0.83213358984375 0.47553464453125 0.810097619140625 0.4850220234375 0.7903060234375 0.5149622734375 0.7686712109375 0.54098334765625 0.759614873046875 0.577643373046875 0.76677740234375 0.59059566015625 0.765703490234375 0.58720123046875 0.7870814765625 0.60121844921875 0.797138251953125 0.634274349609375 0.80175937109375 0.64619854296875 0.85164249609375 0.63522931640625 0.86383519140625 0.603470755859375 0.866420001953125 0.58388819921875
1 0.8671875 0.5380859375 0.013671875 0.015625
1 0.849609375 0.5322265625 0.013671875 0.013671875
1 0.8359375 0.3525390625 0.046875 0.052734375
1 0.9384765625 0.330078125 0.013671875 0.013671875
0 0.9736328125 0.3095703125 0.052734375 0.103515625
1 0.973969787109375 0.36946032421875 0.953214310546875 0.35514070703125 0.93144909375 0.334301640625 0.9132970078125 0.325442595703125 0.896805001953125 0.325249841796875 0.89849684375 0.353157423828125 0.926436556640625 0.396147837890625 0.952763810546875 0.4034961171875 0.980131693359375 0.38895799609375 0.973969787109375 0.36946032421875
1 0.7666015625 0.3017578125 0.013671875 0.021484375
1 0.751953125 0.2841796875 0.013671875 0.015625
1 0.736328125 0.283203125 0.013671875 0.015625
1 0.7138671875 0.3046875 0.01171875 0.01953125
1 0.72265625 0.2890625 0.0078125 0.0078125
1 0.7392578125 0.345703125 0.013671875 0.0234375
1 0.69140625 0.279296875 0.01953125 0.021484375
1 0.6875 0.25390625 0.021484375 0.0234375
1 0.6689453125 0.2294921875 0.0078125 0.013671875
1 0.69921875 0.20703125 0.009765625 0.013671875
1 0.654385380859375 0.306232564453125 0.6371105625 0.30152609375 0.653454421875 0.357946216796875 0.6763584921875 0.377355478515625 0.688276857421875 0.3746525078125 0.704035458984375 0.314525466796875 0.682994060546875 0.286202931640625 0.663806041015625 0.24776237109375 0.656128962890625 0.2793123984375 0.654385380859375 0.306232564453125
1 0.580078125 0.2861328125 0.015625 0.02734375
1 0.55859375 0.275390625 0.015625 0.021484375
1 0.544921875 0.2666015625 0.0078125 0.013671875
1 0.5546875 0.3173828125 0.03125 0.05078125
1 0.5205078125 0.2880859375 0.01953125 0.029296875
1 0.5 0.302734375 0.01171875 0.021484375
0 0.63590994140625 0.3198921015625 0.650169490234375 0.289686076171875 0.657429828125 0.2462405390625 0.65003186328125 0.212490953125 0.612134609375 0.18083273828125 0.611278791015625 0.17988544140625 0.581435138671875 0.225855318359375 0.588626515625 0.281450505859375 0.594558896484375 0.316579572265625 0.63590994140625 0.3198921015625
0 0.472672453125 0.33920288671875 0.505063494140625 0.26870616015625 0.48747663671875 0.239084236328125 0.44970238671875 0.20233620703125 0.40413927734375 0.169446234375 0.385735896484375 0.208035501953125 0.382792619140625 0.2647580625 0.408309048828125 0.32174371875 0.4310230703125 0.33987687890625 0.472672453125 0.33920288671875
1 0.439453125 0.1572265625 0.017578125 0.021484375
1 0.3583984375 0.1708984375 0.009765625 0.017578125
1 0.3701171875 0.2822265625 0.013671875 0.013671875
1 0.3759765625 0.2724609375 0.0078125 0.009765625
1 0.3154296875 0.271484375 0.013671875 0.017578125
1 0.326171875 0.2890625 0.0078125 0.013671875
1 0.30859375 0.3046875 0.0078125 0.0078125
1 0.2822265625 0.3310546875 0.03515625 0.029296875
1 0.306640625 0.2451171875 0.01953125 0.025390625
0 0.2490234375 0.2265625 0.11328125 0.162109375
1 0.185546875 0.232421875 0.01171875 0.013671875
0 0.84455884765625 0.257840376953125 0.829058923828125 0.19774874609375 0.8285822265625 0.196499876953125 0.78134269140625 0.222701755859375 0.75515740625 0.259401248046875 0.76199698046875 0.270201220703125 0.77789772265625 0.30262472265625 0.769062556640625 0.335841990234375 0.792990123046875 0.34535382421875 0.809600283203125 0.33301207421875 0.852027650390625 0.324706546875 0.856707193359375 0.28901839453125 0.84455884765625 0.257840376953125
1 0.8291015625 0.423828125 0.0078125 0.009765625
1 0.8486328125 0.4228515625 0.01171875 0.013671875
1 0.919921875 0.4453125 0.0078125 0.01171875
1 0.900390625 0.5869140625 0.0078125 0.01171875
1 0.97265625 0.548828125 0.015625 0.013671875
1 0.258767970703125 0.739985443359375 0.20176651171875 0.7957507578125 0.15508309375 0.852461259765625 0.160492474609375 0.86845759765625 0.1810295234375 0.938539419921875 0.20029519140625 0.984979310546875 0.23922966015625 0.987019779296875 0.293239853515625 0.976841814453125 0.376601279296875 0.975162091796875 0.41012359375 0.93102389453125 0.42662494140625 0.8201180390625 0.405749912109375 0.762100431640625 0.4161817109375 0.681831330078125 0.40098774609375 0.611603958984375 0.376640083984375 0.6023115625 0.3404701953125 0.60902695703125 0.32609601171875 0.66236916015625 0.294200724609375 0.716495400390625 0.258767970703125 0.739985443359375
1 0.162109375 0.484375 0.009765625 0.013671875
1 0.1396484375 0.4287109375 0.005859375 0.005859375
1 0.1484375 0.4482421875 0.0078125 0.0078125
1 0.03125 0.3564453125 0.0078125 0.0078125
1 0.0546875 0.357421875 0.013671875 0.013671875
1 0.3271484375 0.3974609375 0.005859375 0.0078125
1 0.345703125 0.400390625 0.005859375 0.005859375
1 0.5341796875 0.5927734375 0.005859375 0.0078125
0 0.6498773984375 0.593709328125 0.672690041015625 0.5414560859375 0.671712001953125 0.520788751953125 0.656728251953125 0.49155760546875 0.640005244140625 0.46863941796875 0.61544288671875 0.4537251796875 0.6085900390625 0.45977453515625 0.6006650234375 0.491418166015625 0.586341451171875 0.513861685546875 0.58629073046875 0.526845046875 0.579455298828125 0.554017357421875 0.580311958984375 0.572602892578125 0.59840419140625 0.592734861328125 0.627856498046875 0.60431094921875 0.6498773984375 0.593709328125
1 0.720703125 0.462890625 0.005859375 0.009765625
1 0.7060546875 0.42578125 0.0078125 0.009765625
1 0.6357421875 0.4033203125 0.005859375 0.0078125
1 0.7587890625 0.3251953125 0.005859375 0.01171875
1 0.7470703125 0.3056640625 0.0078125 0.01171875
1 0.8720703125 0.271484375 0.005859375 0.009765625
1 0.542091220703125 0.001519734375 0.527092634765625 0.00073369140625 0.523457416015625 0.01449941796875 0.573614609375 0.046672779296875 0.633212962890625 0.0572693046875 0.682980091796875 0.056318408203125 0.733278892578125 0.083578287109375 0.77108430859375 0.1267981015625 0.807058427734375 0.147323939453125 0.85972194921875 0.12306966015625 0.88110145703125 0.10410568359375 0.89693050390625 0.07411803125 0.854441072265625 0.017889296875 0.542091220703125 0.001519734375
1 0.7333984375 0.263671875 0.005859375 0.005859375
1 0.701171875 0.23828125 0.0078125 0.009765625
1 0.9267578125 0.2822265625 0.0078125 0.0078125
1 0.8203125 0.4599609375 0.013671875 0.01171875