1 0.05078125 0.3603515625 0.0341796875 0.037109375
0 0.0595703125 0.2978515625 0.1064453125 0.091796875
1 0.09375 0.4091796875 0.03125 0.0498046875
1 0.103515625 0.478515625 0.0107421875 0.0126953125
1 0.0380859375 0.455078125 0.0185546875 0.017578125
1 0.068359375 0.431640625 0.0078125 0.013671875
1 0.1357421875 0.490234375 0.0107421875 0.009765625
1 0.091796875 0.5498046875 0.0107421875 0.0107421875
0 0.0556640625 0.626953125 0.111328125 0.181640625
1 0.1220703125 0.5654296875 0.0126953125 0.0107421875
1 0.126953125 0.58203125 0.0107421875 0.0205078125
1 0.142578125 0.57421875 0.009765625 0.0126953125
1 0.158203125 0.599609375 0.009765625 0.0126953125
0 0.2412109375 0.61328125 0.154296875 0.216796875
1 0.1708984375 0.7236328125 0.009765625 0.0126953125
1 0.3203125 0.5654296875 0.0078125 0.0107421875
1 0.3427734375 0.5654296875 0.0126953125 0.015625
1 0.369140625 0.5712890625 0.0078125 0.0126953125
1 0.244140625 0.482421875 0.009765625 0.013671875
1 0.203125 0.45703125 0.0107421875 0.0078125
1 0.275390625 0.4873046875 0.0078125 0.009765625
1 0.310546875 0.4482421875 0.009765625 0.013671875
1 0.341796875 0.453125 0.0078125 0.0107421875
1 0.3671875 0.451171875 0.0107421875 0.0107421875
1 0.3818359375 0.453125 0.0078125 0.0107421875
1 0.330078125 0.544921875 0.009765625 0.009765625
1 0.4013671875 0.44921875 0.0078125 0.013671875
1 0.4462890625 0.4638671875 0.078125 0.0986328125
1 0.474609375 0.47265625 0.009765625 0.0107421875
1 0.4833984375 0.474609375 0.005859375 0.0107421875
1 0.4970703125 0.5 0.033203125 0.0390625
1 0.5341796875 0.4443359375 0.005859375 0.009765625
1 0.55078125 0.525390625 0.0078125 0.0107421875
1 0.564453125 0.572265625 0.009765625 0.017578125
0 0.5068359375 0.6064453125 0.115234375 0.1875
0 0.2734375 0.3017578125 0.1298828125 0.15625
1 0.181640625 0.2919921875 0.0078125 0.009765625
0 0.4765625 0.2783203125 0.169921875 0.212890625
1 0.62109375 0.298828125 0.0126953125 0.015625
1 0.6298828125 0.2763671875 0.0078125 0.0126953125
0 0.7265625 0.2880859375 0.134765625 0.150390625
1 0.748046875 0.3896484375 0.0078125 0.015625
0 0.943359375 0.3056640625 0.1123046875 0.146484375
1 0.9814453125 0.4375 0.037109375 0.125
0 0.9453125 0.57421875 0.109375 0.158203125
1 0.8857421875 0.5224609375 0.0107421875 0.0185546875
1 0.86328125 0.591796875 0.0107421875 0.013671875
0 0.7431640625 0.5908203125 0.158203125 0.193359375
1 0.6357421875 0.5341796875 0.015625 0.0234375
1 0.107421875 0.9375 0.21484375 0.125
1 0.35546875 0.92578125 0.2783203125 0.1484375
1 0.6259765625 0.9462890625 0.2548828125 0.107421875
1 0.841796875 0.953125 0.1796875 0.09375
1 0.9443359375 0.98828125 0.0078125 0.013671875
1 0.953125 0.9765625 0.0185546875 0.0205078125
1 0.404296875 0.193359375 0.0126953125 0.017578125
1 0.6611328125 0.439453125 0.0078125 0.0126953125
1 0.6142578125 0.451171875 0.0078125 0.0078125
1 0.513671875 0.451171875 0.017578125 0.0107421875
1 0.7958984375 0.4443359375 0.009765625 0.013671875