0 0.072265625 0.5107421875 0.14453125 0.189453125
1 0.0302734375 0.646484375 0.0234375 0.02734375
1 0.0556640625 0.625 0.025390625 0.02734375
1 0.068359375 0.6416015625 0.015625 0.017578125
1 0.126953125 0.623046875 0.025390625 0.02734375
1 0.162109375 0.607421875 0.0625 0.080078125
1 0.2158203125 0.6142578125 0.025390625 0.02734375
0 0.12890625 0.7958984375 0.185546875 0.2265625
0 0.3427734375 0.70703125 0.189453125 0.212890625
1 0.3359375 0.8046875 0.015625 0.021484375
1 0.5263671875 0.8125 0.1640625 0.19140625
1 0.4755859375 0.5859375 0.01953125 0.025390625
1 0.49609375 0.578125 0.021484375 0.021484375
1 0.32421875 0.541015625 0.1640625 0.169921875
0 0.2880859375 0.423828125 0.166015625 0.138671875
1 0.625 0.7373046875 0.025390625 0.029296875
1 0.6591796875 0.7041015625 0.01171875 0.017578125
1 0.6728515625 0.6953125 0.009765625 0.013671875
1 0.6982421875 0.671875 0.013671875 0.017578125
0 0.645882333984375 0.71599558203125 0.646883068359375 0.67884744921875 0.63303700390625 0.6332466796875 0.606441962890625 0.61118044921875 0.573464833984375 0.626663337890625 0.5407279921875 0.650181224609375 0.530444216796875 0.67425846875 0.535778349609375 0.699912744140625 0.547042751953125 0.7173394765625 0.5858397421875 0.757155123046875 0.610865892578125 0.770863810546875 0.6207001328125 0.750943541015625 0.628319611328125 0.72702888671875 0.645882333984375 0.71599558203125
0 0.83984375 0.6484375 0.15234375 0.171875
0 0.7265625 0.3232421875 0.177734375 0.177734375
1 0.6845703125 0.5078125 0.015625 0.015625
1 0.69140625 0.5419921875 0.017578125 0.01953125
1 0.7734375 0.537109375 0.013671875 0.01953125
1 0.779296875 0.501953125 0.009765625 0.009765625
1 0.7900390625 0.515625 0.015625 0.015625
1 0.841796875 0.52734375 0.015625 0.02734375
1 0.85546875 0.4794921875 0.01953125 0.025390625
1 0.8916015625 0.4599609375 0.01953125 0.021484375
1 0.982421875 0.619140625 0.033203125 0.033203125
0 0.4931640625 0.3837890625 0.140625 0.18359375
1 0.1767578125 0.6494140625 0.013671875 0.015625
1 0.95703125 0.48828125 0.015625 0.015625