0 0.453125 0.02734375 0.1484375 0.0546875
0 0.4248046875 0.154296875 0.15234375 0.130859375
1 0.3916015625 0.2158203125 0.017578125 0.013671875
0 0.3447265625 0.3271484375 0.197265625 0.16015625
0 0.2939453125 0.54296875 0.162109375 0.158203125
1 0.3837890625 0.62890625 0.103515625 0.1171875
0 0.2802734375 0.7138671875 0.138671875 0.134765625
1 0.296875 0.791015625 0.068359375 0.0546875
0 0.2314453125 0.90234375 0.1640625 0.119140625
1 0.337890625 0.88671875 0.017578125 0.015625
1 0.3779296875 0.8740234375 0.015625 0.013671875
1 0.369140625 0.8935546875 0.015625 0.015625
1 0.3466796875 0.8271484375 0.017578125 0.013671875
1 0.361328125 0.7509765625 0.029296875 0.021484375
1 0.369140625 0.7705078125 0.01953125 0.017578125
1 0.3837890625 0.798828125 0.037109375 0.033203125
1 0.3857421875 0.6982421875 0.01171875 0.021484375
1 0.4248046875 0.5615234375 0.021484375 0.0234375
1 0.416015625 0.5361328125 0.04296875 0.033203125
1 0.4375 0.5302734375 0.09375 0.076171875
1 0.4814453125 0.4921875 0.07421875 0.078125
1 0.4541015625 0.4541015625 0.015625 0.015625
1 0.4384765625 0.4814453125 0.015625 0.015625
1 0.50390625 0.3740234375 0.111328125 0.09375
1 0.5126953125 0.3271484375 0.037109375 0.03125
1 0.529296875 0.3115234375 0.01171875 0.009765625
1 0.5126953125 0.2666015625 0.1171875 0.09375
1 0.4892578125 0.291015625 0.14453125 0.10546875
1 0.5771484375 0.267578125 0.02734375 0.029296875
0 0.6513671875 0.228515625 0.166015625 0.146484375
0 0.6982421875 0.08203125 0.16796875 0.125
1 0.58203125 0.087890625 0.10546875 0.09375
1 0.5517578125 0.1455078125 0.119140625 0.087890625
1 0.5263671875 0.1533203125 0.02734375 0.015625
1 0.517578125 0.1806640625 0.0234375 0.025390625
1 0.5078125 0.2109375 0.015625 0.015625
1 0.5810546875 0.046875 0.0078125 0.01171875
0 0.61328125 0.4169921875 0.16796875 0.15234375
1 0.560546875 0.4912109375 0.01171875 0.0078125
0 0.5751953125 0.5947265625 0.1953125 0.17578125
1 0.5166015625 0.703125 0.123046875 0.083984375
0 0.4609375 0.75 0.037109375 0.033203125
0 0.521484375 0.787109375 0.16015625 0.150390625
1 0.4951171875 0.8349609375 0.013671875 0.013671875
1 0.5419921875 0.908203125 0.1171875 0.09765625
0 0.47265625 0.9462890625 0.15234375 0.107421875
1 0.349609375 0.94140625 0.025390625 0.025390625