0 0.07421875 0.2275390625 0.087890625 0.173828125
1 0.10546875 0.2939453125 0.072265625 0.126953125
1 0.142578125 0.3505859375 0.03515625 0.03515625
0 0.2392578125 0.26171875 0.185546875 0.216796875
1 0.3564453125 0.302734375 0.009765625 0.009765625
1 0.4326171875 0.2626953125 0.01953125 0.0234375
1 0.263671875 0.4873046875 0.017578125 0.017578125
1 0.27734375 0.4501953125 0.03125 0.037109375
0 0.1767578125 0.541015625 0.125 0.119140625
1 0.2109375 0.6044921875 0.015625 0.021484375
1 0.16015625 0.599609375 0.013671875 0.015625
1 0.1884765625 0.6435546875 0.01953125 0.0234375
0 0.0205078125 0.513671875 0.041015625 0.109375
0 0.4384361796875 0.41020195703125 0.482831513671875 0.4129113984375 0.5244112265625 0.38731425 0.538377337890625 0.34674171484375 0.550619921875 0.288526349609375 0.547320248046875 0.244767298828125 0.5275366875 0.23196569921875 0.4865672109375 0.22126198046875 0.464345380859375 0.233002943359375 0.44604330078125 0.250174552734375 0.42780256640625 0.277794935546875 0.4126423359375 0.29497699609375 0.394890431640625 0.324559720703125 0.391413734375 0.356123576171875 0.40635270703125 0.385652611328125 0.4384361796875 0.41020195703125
1 0.564453125 0.375 0.0078125 0.009765625
0 0.66796875 0.359375 0.173828125 0.224609375
0 0.8916015625 0.3876953125 0.216796875 0.220703125
1 0.9375 0.7333984375 0.021484375 0.021484375
0 0.78561168359375 0.6573295859375 0.79124337109375 0.68451189453125 0.82240296484375 0.719496443359375 0.852591353515625 0.72059944921875 0.888457265625 0.679774873046875 0.897073392578125 0.6311353984375 0.84431354296875 0.58905472265625 0.832621912109375 0.603888529296875 0.809238396484375 0.61634944921875 0.792420294921875 0.628515904296875 0.78561168359375 0.6573295859375
1 0.751953125 0.546875 0.05078125 0.056640625
1 0.6982421875 0.568359375 0.013671875 0.025390625
1 0.60597378125 0.515049216796875 0.58646354296875 0.576036521484375 0.579564529296875 0.624947853515625 0.5799897890625 0.645074310546875 0.585091349609375 0.648293759765625 0.591336517578125 0.64461562109375 0.59624299609375 0.636459462890625 0.61375662890625 0.607234208984375 0.6289086953125 0.593516666015625 0.642294619140625 0.568464826171875 0.64072852734375 0.550550056640625 0.61683064453125 0.526936701171875 0.60597378125 0.515049216796875
0 0.671234869140625 0.589207125 0.647127712890625 0.56736116015625 0.632008296875 0.585206525390625 0.606294333984375 0.61654668359375 0.58466987890625 0.651334896484375 0.57320680859375 0.693884310546875 0.58571663671875 0.712231201171875 0.612277265625 0.72644865625 0.661286734375 0.7169216328125 0.68593680078125 0.68687550390625 0.69269073828125 0.65504273828125 0.68652394921875 0.612938076171875 0.671234869140625 0.589207125
1 0.5498046875 0.5380859375 0.015625 0.015625
1 0.4921875 0.5263671875 0.013671875 0.017578125
1 0.458984375 0.552734375 0.029296875 0.04296875
0 0.4169667421875 0.509361763671875 0.37407533203125 0.52473876171875 0.3450706953125 0.555439724609375 0.341593671875 0.5773018359375 0.36252183984375 0.62887130078125 0.39004763671875 0.65108784375 0.438575208984375 0.646505068359375 0.4479297734375 0.61965 0.452031083984375 0.58305034375 0.4533262734375 0.552399162109375 0.450793333984375 0.516644955078125 0.4169667421875 0.509361763671875
1 0.3564453125 0.6513671875 0.013671875 0.015625
1 0.3046875 0.5078125 0.0078125 0.009765625
1 0.083984375 0.6083984375 0.009765625 0.013671875