0 0.056640625 0.3046875 0.107421875 0.201171875
1 0.1748046875 0.3095703125 0.0078125 0.013671875
0 0.2705078125 0.2919921875 0.169921875 0.2265625
0 0.4892578125 0.3173828125 0.166015625 0.21875
0 0.732421875 0.326171875 0.16796875 0.1953125
1 0.63671875 0.44140625 0.013671875 0.0234375
0 0.92578125 0.35546875 0.1484375 0.1953125
1 0.876953125 0.4521484375 0.029296875 0.029296875
0 0.916015625 0.6484375 0.14453125 0.142578125
1 0.9921875 0.5 0.015625 0.01953125
0 0.7314453125 0.669921875 0.140625 0.16796875
1 0.728515625 0.564453125 0.037109375 0.04296875
0 0.4970703125 0.64453125 0.1796875 0.228515625
0 0.2734375 0.6064453125 0.189453125 0.216796875
1 0.3759765625 0.513671875 0.0078125 0.013671875
0 0.0693359375 0.6240234375 0.138671875 0.228515625