1 0.4833984375 0.080078125 0.150390625 0.09765625
0 0.37056930078125 0.071200146484375 0.35501663671875 0.061871564453125 0.3455041953125 0.062075013671875 0.305895142578125 0.091281466796875 0.2891830625 0.09865692578125 0.2604729296875 0.1392355078125 0.2458847734375 0.1847993828125 0.30995209765625 0.210283443359375 0.366309396484375 0.209368669921875 0.40665187890625 0.190288025390625 0.43093733984375 0.16639087890625 0.429874373046875 0.148769048828125 0.390614953125 0.09624415234375 0.37056930078125 0.071200146484375
1 0.4560546875 0.1796875 0.01953125 0.005859375
1 0.53125 0.158203125 0.009765625 0.005859375
1 0.537109375 0.2509765625 0.05078125 0.07421875
1 0.5087890625 0.279296875 0.009765625 0.009765625
1 0.513671875 0.318359375 0.013671875 0.01171875
1 0.689453125 0.240234375 0.01171875 0.01171875
1 0.673828125 0.263671875 0.01171875 0.005859375
0 0.6689453125 0.1357421875 0.173828125 0.12109375
1 0.51953125 0.41015625 0.01953125 0.015625
1 0.6376953125 0.498046875 0.015625 0.01171875
1 0.58203125 0.4189453125 0.041015625 0.033203125
0 0.644608109375 0.449439154296875 0.685679494140625 0.45678371875 0.7382797421875 0.44216466796875 0.77016269921875 0.424948232421875 0.780293029296875 0.398126673828125 0.75753068359375 0.372530337890625 0.707228671875 0.32952541796875 0.68937023828125 0.31019648828125 0.647998951171875 0.30989583203125 0.612735701171875 0.31668316796875 0.604978962890625 0.32347050390625 0.586894470703125 0.371431705078125 0.587962962890625 0.369212962890625 0.589366017578125 0.39117431640625 0.5958417734375 0.41078920703125 0.62087372265625 0.4333213515625 0.644608109375 0.449439154296875
1 0.529296875 0.482421875 0.01953125 0.015625
1 0.45703125 0.4677734375 0.01171875 0.009765625
1 0.583984375 0.6728515625 0.021484375 0.01953125
1 0.5930025078125 0.53532579296875 0.572523330078125 0.5471293125 0.548235857421875 0.562026412109375 0.53738968359375 0.583600080078125 0.56159276171875 0.603502060546875 0.5866247109375 0.605612294921875 0.6013801484375 0.58210471875 0.610842857421875 0.5519533515625 0.6060956796875 0.537037037109375 0.5930025078125 0.53532579296875
1 0.517787603515625 0.610777677734375 0.54496256640625 0.62203753515625 0.560427818359375 0.615524857421875 0.54140293359375 0.582010904296875 0.55765335546875 0.55753128515625 0.58820107421875 0.546575474609375 0.586788978515625 0.52951841015625 0.555088373046875 0.509648076171875 0.52350380859375 0.509137189453125 0.48279411328125 0.51767758984375 0.44065122265625 0.52904030078125 0.43050030078125 0.53439957421875 0.45148533984375 0.569025111328125 0.479245033203125 0.58719437109375 0.517787603515625 0.610777677734375
1 0.4912109375 0.6796875 0.017578125 0.015625
1 0.410480263671875 0.62613819140625 0.400569962890625 0.655251962890625 0.44251543359375 0.671035201171875 0.50547055859375 0.6688650625 0.50547055859375 0.648616083984375 0.497181833984375 0.62920125390625 0.485478154296875 0.59234619140625 0.46412037109375 0.58159722265625 0.44252748828125 0.572653310546875 0.401410892578125 0.5653912578125 0.399126216796875 0.594853154296875 0.43353346875 0.600844771484375 0.42928512109375 0.608007361328125 0.410480263671875 0.62613819140625
1 0.3369140625 0.568359375 0.013671875 0.009765625
0 0.4044053828125 0.654398599609375 0.41585286328125 0.623420998046875 0.4265151796875 0.60848773046875 0.404116029296875 0.58762387890625 0.407009548828125 0.562897859375 0.40572253515625 0.549587673828125 0.38660270703125 0.55320683203125 0.35085419140625 0.57198531640625 0.308901185546875 0.573981390625 0.28769712109375 0.6129286015625 0.303585853515625 0.63484022265625 0.33478612109375 0.66317975 0.36245087109375 0.68050469140625 0.38663737109375 0.68548583984375 0.4044053828125 0.654398599609375
1 0.2568359375 0.5947265625 0.015625 0.0078125
0 0.3740234375 0.86328125 0.06640625 0.080078125
1 0.3388671875 0.927734375 0.083984375 0.041015625
1 0.2744140625 0.826171875 0.05078125 0.03515625
1 0.4248046875 0.986328125 0.041015625 0.025390625
1 0.5478515625 0.9482421875 0.01953125 0.015625
1 0.58984375 0.9765625 0.03515625 0.029296875
1 0.5322265625 0.990234375 0.021484375 0.01953125
1 0.548828125 0.873046875 0.015625 0.01953125
1 0.489352755859375 0.9188967109375 0.5052023046875 0.93655621484375 0.542323736328125 0.90591317578125 0.54830216796875 0.887946234375 0.518642095703125 0.87401778515625 0.46875 0.865740740234375 0.466029791015625 0.86814145703125 0.47307671484375 0.88061749609375 0.489352755859375 0.9188967109375
1 0.5234375 0.794921875 0.015625 0.015625
1 0.55621865234375 0.809542056640625 0.513460888671875 0.80347583984375 0.51453239453125 0.81838876171875 0.519834166015625 0.84068580859375 0.542573904296875 0.854669642578125 0.5552074296875 0.87101237109375 0.57874439453125 0.873099998046875 0.591295029296875 0.84665030078125 0.5903636796875 0.828143083984375 0.5736083984375 0.81290916015625 0.55621865234375 0.809542056640625
1 0.665537892578125 0.899505615234375 0.649918921875 0.908674451171875 0.62473174609375 0.90926106640625 0.625996154296875 0.885933205078125 0.63338366796875 0.8785434296875 0.611192490234375 0.87500904296875 0.6114969140625 0.875578703125 0.60176594921875 0.895487466796875 0.607099369140625 0.932185419921875 0.64474525 0.944996021484375 0.70711262890625 0.93562938671875 0.71132631640625 0.91722728515625 0.702546296875 0.90145421875 0.665537892578125 0.899505615234375
0 0.60064621875 0.839780455078125 0.6158613046875 0.863540083984375 0.63222776953125 0.878281205078125 0.623782310546875 0.906794794921875 0.638765310546875 0.910003662109375 0.667554314453125 0.903731734375 0.698864595703125 0.889872232421875 0.72207151953125 0.870856390625 0.76552704296875 0.8486746328125 0.774504484375 0.8123259375 0.755749361328125 0.795918783203125 0.697651427734375 0.79162371484375 0.676667390625 0.79785382421875 0.650592568359375 0.8057126640625 0.62340555078125 0.809860794921875 0.58294753125 0.806423611328125 0.58899528515625 0.8214213046875 0.60064621875 0.839780455078125
1 0.673828125 0.794921875 0.01171875 0.009765625
1 0.7138671875 0.67578125 0.01953125 0.015625
1 0.7041015625 0.7333984375 0.013671875 0.0078125
1 0.583984375 0.7294921875 0.015625 0.015625
0 0.75107301171875 0.65732602734375 0.76758716796875 0.609197544921875 0.77446078125 0.572436296875 0.75710268359375 0.55617155859375 0.7102819375 0.5409738046875 0.677844388671875 0.52424 0.62776240625 0.55533741015625 0.590329017578125 0.603240966796875 0.558641974609375 0.625868056640625 0.58589078125 0.6428742578125 0.616244091796875 0.661153158203125 0.646716458984375 0.678214744140625 0.684648677734375 0.67652610546875 0.722210166015625 0.66466041796875 0.75107301171875 0.65732602734375
1 0.294921875 0.416015625 0.01171875 0.005859375
1 0.3505859375 0.455078125 0.01171875 0.005859375
1 0.333984375 0.4775390625 0.01953125 0.009765625
0 0.446504568359375 0.36897786328125 0.44069492578125 0.331728333984375 0.414243345703125 0.3216654453125 0.35855667578125 0.32898853515625 0.308774595703125 0.342019541015625 0.27659475 0.353815150390625 0.26523316796875 0.36400462890625 0.285686728515625 0.394921197265625 0.305025076171875 0.41044108203125 0.325269158203125 0.435884830078125 0.345798068359375 0.44403076171875 0.407589759765625 0.438812255859375 0.432416751953125 0.40925315625 0.446504568359375 0.36897786328125