0 0.3798828125 0.1044921875 0.220703125 0.1953125
1 0.3701171875 0.2158203125 0.013671875 0.013671875
1 0.388671875 0.263671875 0.01171875 0.01171875
0 0.3583984375 0.3466796875 0.220703125 0.171875
0 0.33203125 0.556640625 0.197265625 0.150390625
1 0.302734375 0.6220703125 0.0390625 0.025390625
1 0.275390625 0.6181640625 0.013671875 0.01171875
1 0.42578125 0.6259765625 0.015625 0.015625
1 0.3984375 0.6201171875 0.017578125 0.01171875
1 0.4814453125 0.583984375 0.099609375 0.1015625
1 0.4638671875 0.5341796875 0.01171875 0.01171875
0 0.306640625 0.7861328125 0.16796875 0.1484375
1 0.5263671875 0.0244140625 0.015625 0.015625
1 0.546875 0.0556640625 0.083984375 0.068359375
1 0.515625 0.115234375 0.041015625 0.03515625
1 0.5029296875 0.1455078125 0.02734375 0.017578125
1 0.5029296875 0.16796875 0.021484375 0.01953125
1 0.615234375 0.08984375 0.048828125 0.033203125
1 0.634765625 0.1259765625 0.025390625 0.017578125
1 0.5185546875 0.2548828125 0.0703125 0.0703125
1 0.48046875 0.2255859375 0.013671875 0.01171875
1 0.474609375 0.3818359375 0.029296875 0.029296875
1 0.494140625 0.353515625 0.01171875 0.01171875
1 0.4677734375 0.4443359375 0.015625 0.009765625
0 0.638671875 0.44140625 0.1953125 0.166015625
0 0.6142578125 0.619140625 0.18359375 0.15625
1 0.564453125 0.654296875 0.037109375 0.03125
1 0.67578125 0.791015625 0.01171875 0.017578125
1 0.46484375 0.7568359375 0.10546875 0.09375
1 0.453125 0.7744140625 0.015625 0.013671875
1 0.4091796875 0.751953125 0.021484375 0.01953125
1 0.40234375 0.76953125 0.0234375 0.013671875
1 0.427734375 0.833984375 0.11328125 0.078125
1 0.4169921875 0.8994140625 0.109375 0.091796875
1 0.4013671875 0.9541015625 0.08984375 0.083984375
1 0.4990234375 0.9482421875 0.06640625 0.05078125
0 0.51953125 0.9775390625 0.12109375 0.044921875
1 0.55078125 0.92578125 0.025390625 0.029296875
0 0.592782328125 0.23239739453125 0.64170109375 0.264723091796875 0.7258291484375 0.2633872421875 0.753882119140625 0.2320245078125 0.758568673828125 0.201613794921875 0.75094716796875 0.141035376953125 0.740309373046875 0.123297546875 0.701440595703125 0.11300641015625 0.684544296875 0.112301318359375 0.64345303515625 0.1334104375 0.609555212890625 0.1482657109375 0.590694673828125 0.160057783203125 0.584308875 0.20441862890625 0.592782328125 0.23239739453125
0 0.53289273828125 0.904341751953125 0.567949587890625 0.929468548828125 0.62321666796875 0.935543791015625 0.647945708984375 0.893786564453125 0.647639490234375 0.868228330078125 0.643127267578125 0.83904303125 0.633547115234375 0.80456296484375 0.570618259765625 0.75829965625 0.571065814453125 0.75748655859375 0.559358498046875 0.754575294921875 0.49606786328125 0.77937012890625 0.49678242578125 0.8148508671875 0.489124208984375 0.857823470703125 0.53289273828125 0.904341751953125