1 0.09765625 0.30859375 0.0283203125 0.029296875
1 0.1220703125 0.2861328125 0.013671875 0.0126953125
1 0.142578125 0.2724609375 0.015625 0.0185546875
1 0.1513671875 0.298828125 0.0078125 0.0126953125
1 0.0087890625 0.3134765625 0.017578125 0.037109375
0 0 0.26915448828125 0.01384480859375 0.286223234375 0.022111681640625 0.301418728515625 0.020493119140625 0.30268012109375 0.03214744140625 0.338329173828125 0.048274287109375 0.35397979296875 0.067307083984375 0.32014973828125 0.07971417578125 0.2927095390625 0.110000044921875 0.291440611328125 0.115056919921875 0.274548189453125 0.09406195703125 0.253160263671875 0.085267244140625 0.207973150390625 0.012375443359375 0.169308509765625 0 0.194873951171875 0 0.26915448828125
1 0.1357421875 0.3876953125 0.056640625 0.0439453125
1 0.1708984375 0.408203125 0.0126953125 0.0107421875
1 0.0810546875 0.396484375 0.013671875 0.015625
1 0.060225875 0.425083490234375 0.048321759765625 0.404706791015625 0.04219676953125 0.42795289453125 0.042500814453125 0.45743664453125 0.05048624609375 0.4572437421875 0.057547111328125 0.44815930078125 0.060225875 0.425083490234375
1 0.05228339453125 0.39873438671875 0.05222348828125 0.4131929375 0.060458712890625 0.43951943359375 0.07385480078125 0.45773955859375 0.090568259765625 0.4615177109375 0.090429236328125 0.441288701171875 0.079610189453125 0.41661693359375 0.05514978515625 0.391857759765625 0.054625333984375 0.39275595703125 0.05228339453125 0.39873438671875
0 0.048828125 0.5234375 0.0966796875 0.1376953125
1 0.119140625 0.5185546875 0.0078125 0.0107421875
1 0.125 0.5595703125 0.0234375 0.0234375
1 0.1484375 0.5380859375 0.015625 0.015625
1 0.1474609375 0.5517578125 0.005859375 0.0107421875
1 0.1552734375 0.5244140625 0.013671875 0.017578125
1 0.181640625 0.5830078125 0.0078125 0.0107421875
1 0.1220703125 0.5361328125 0.009765625 0.0107421875
1 0.2265625 0.39453125 0.041015625 0.029296875
1 0.275390625 0.4140625 0.0703125 0.0625
1 0.2919921875 0.5146484375 0.0263671875 0.029296875
1 0.3173828125 0.5537109375 0.0126953125 0.013671875
1 0.3056640625 0.580078125 0.0078125 0.0126953125
0 0.171086064453125 0.49884560546875 0.17607964453125 0.530180001953125 0.17679398046875 0.52932098828125 0.186864783203125 0.56875120703125 0.203361228515625 0.59003514453125 0.22890783203125 0.605816876953125 0.248890064453125 0.61014811328125 0.27172625390625 0.59777229296875 0.285993787109375 0.5497594765625 0.28483298828125 0.51197042578125 0.270009359375 0.45442708203125 0.2464283125 0.478090638671875 0.225892244140625 0.463214638671875 0.18644883984375 0.475144375 0.171086064453125 0.49884560546875
1 0.326171875 0.3916015625 0.0234375 0.0234375
1 0.376953125 0.40234375 0.046875 0.037109375
1 0.455078125 0.4296875 0.029296875 0.0390625
1 0.4014123984375 0.392291787109375 0.405888310546875 0.42654983984375 0.41991283203125 0.457287447265625 0.432725693359375 0.45038519921875 0.44315479296875 0.428310064453125 0.454479076171875 0.39308901171875 0.451453314453125 0.37370997265625 0.42180379296875 0.36790334375 0.384837962890625 0.36254430859375 0.3839913828125 0.372905212890625 0.384837962890625 0.371141974609375 0.4014123984375 0.392291787109375
1 0.5166015625 0.404296875 0.0126953125 0.0185546875
1 0.529296875 0.4296875 0.0078125 0.0107421875
1 0.47222222265625 0.365740740234375 0.47091448828125 0.38510772265625 0.473039416015625 0.4145040625 0.489843298828125 0.4489293984375 0.521945529296875 0.45731306640625 0.547174525390625 0.4398193359375 0.5455356171875 0.431015203125 0.53844310546875 0.4338996796875 0.522228099609375 0.4307258515625 0.5106619375 0.4168701171875 0.49316180078125 0.391559365234375 0.47222222265625 0.365740740234375
1 0.4580078125 0.5615234375 0.005859375 0.0078125
1 0.4736328125 0.568359375 0.005859375 0.0078125
0 0.423032408203125 0.602237654296875 0.44356395703125 0.56189416796875 0.462111861328125 0.55193262890625 0.479711462890625 0.54747781640625 0.471544052734375 0.523237064453125 0.450759322265625 0.48015830078125 0.43004127734375 0.46042661328125 0.375973171875 0.45760543359375 0.357592546875 0.469147859375 0.3540457265625 0.52928933984375 0.37323337109375 0.57070131640625 0.39338740625 0.59613866015625 0.423032408203125 0.602237654296875
1 0.517578125 0.5654296875 0.0126953125 0.015625
1 0.51171875 0.513671875 0.005859375 0.0107421875
1 0.515625 0.53515625 0.0078125 0.0126953125
1 0.517578125 0.525390625 0.005859375 0.005859375
1 0.552734375 0.5625 0.0107421875 0.0107421875
1 0.5830078125 0.53125 0.0078125 0.013671875
1 0.58203125 0.505859375 0.0107421875 0.017578125
1 0.5654296875 0.400390625 0.015625 0.0205078125
1 0.5986328125 0.4130859375 0.0517578125 0.046875
1 0.646484375 0.416015625 0.015625 0.015625
1 0.6767578125 0.5107421875 0.015625 0.015625
1 0.66015625 0.6103515625 0.015625 0.0205078125
1 0.6904296875 0.587890625 0.0205078125 0.0234375
1 0.7109375 0.5751953125 0.015625 0.013671875
1 0.759765625 0.63671875 0.021484375 0.021484375
1 0.759765625 0.5810546875 0.0205078125 0.0234375
1 0.7763671875 0.5888671875 0.0185546875 0.0205078125
1 0.740234375 0.53515625 0.0107421875 0.017578125
1 0.751953125 0.5107421875 0.013671875 0.0205078125
1 0.751953125 0.54296875 0.005859375 0.0107421875
1 0.6611328125 0.4033203125 0.015625 0.013671875
1 0.673828125 0.421875 0.013671875 0.0205078125
1 0.7734375 0.447265625 0.0703125 0.087890625
1 0.7861328125 0.400390625 0.021484375 0.009765625
1 0.8681640625 0.439453125 0.0498046875 0.046875
1 0.9599609375 0.455078125 0.0654296875 0.0888671875
1 0.947265625 0.5595703125 0.013671875 0.021484375
1 0.904296875 0.5927734375 0.0126953125 0.0185546875
1 0.873046875 0.564453125 0.009765625 0.009765625
1 0.8427734375 0.6455078125 0.015625 0.0234375
0 0.830397994140625 0.45818564453125 0.80888875390625 0.468813294921875 0.790691234375 0.49974832421875 0.770447908203125 0.526866017578125 0.763322619140625 0.5639497734375 0.771153203125 0.576509451171875 0.76990311328125 0.57317587890625 0.79198540625 0.586055048828125 0.80375841015625 0.61853931640625 0.80899726171875 0.630205318359375 0.8582379375 0.616640443359375 0.86875180859375 0.584287291015625 0.870308205078125 0.56459629296875 0.8865966796875 0.56028163671875 0.87696894921875 0.531507705078125 0.8530589921875 0.520420404296875 0.84720866015625 0.51456404296875 0.85054185546875 0.4731761796875 0.830397994140625 0.45818564453125
1 0.869140625 0.5185546875 0.0126953125 0.015625
1 0.8505859375 0.513671875 0.0126953125 0.0126953125
1 0.828125 0.3349609375 0.044921875 0.0498046875
1 0.9287109375 0.3076171875 0.0126953125 0.0126953125
0 0.9697265625 0.2861328125 0.060546875 0.099609375
1 0.9204169375 0.37397219921875 0.94709269140625 0.379932544921875 0.97366219921875 0.3639820234375 0.96648830859375 0.3448335625 0.945011845703125 0.331619828125 0.922185826171875 0.311948423828125 0.903594970703125 0.30405152734375 0.887115478515625 0.304722162109375 0.8902655703125 0.332502953125 0.9204169375 0.37397219921875
1 0.755859375 0.2880859375 0.0126953125 0.021484375
1 0.740234375 0.271484375 0.0126953125 0.015625
1 0.724609375 0.271484375 0.013671875 0.015625
1 0.703125 0.2939453125 0.0107421875 0.0185546875
1 0.7109375 0.27734375 0.0078125 0.0078125
1 0.73046875 0.3330078125 0.0126953125 0.0234375
1 0.6796875 0.26953125 0.0185546875 0.021484375
1 0.6748046875 0.244140625 0.0205078125 0.021484375
1 0.654296875 0.220703125 0.0078125 0.0126953125
1 0.68359375 0.197265625 0.009765625 0.0126953125
1 0.671554 0.276918763671875 0.650380453125 0.239535107421875 0.64436509765625 0.27144368359375 0.644032796875 0.298418208984375 0.6265353359375 0.294622283203125 0.64580959765625 0.350109712890625 0.669698080078125 0.36829366796875 0.681458650390625 0.364970642578125 0.69404884765625 0.30410126171875 0.671554 0.276918763671875
1 0.568359375 0.2822265625 0.013671875 0.0263671875
1 0.546875 0.2724609375 0.013671875 0.0205078125
1 0.5322265625 0.2646484375 0.0078125 0.0126953125
1 0.544921875 0.314453125 0.0283203125 0.048828125
1 0.509765625 0.287109375 0.0185546875 0.0283203125
1 0.4892578125 0.302734375 0.0107421875 0.021484375
0 0.56697591015625 0.2219690390625 0.57706705859375 0.277111666015625 0.58482982421875 0.31188211328125 0.6262975625 0.31302595703125 0.63895670703125 0.282115041015625 0.64393333203125 0.23834906640625 0.634779189453125 0.2050329140625 0.595277009765625 0.175401474609375 0.59437278515625 0.174500265625 0.56697591015625 0.2219690390625
0 0.37064163671875 0.27121461328125 0.39910549609375 0.32678674609375 0.422737404296875 0.343706294921875 0.46429443359375 0.340853466796875 0.4929515703125 0.26875813671875 0.4738385234375 0.240097234375 0.434192798828125 0.20537651953125 0.386970802734375 0.174916208984375 0.37061225 0.21441575 0.37064163671875 0.27121461328125
1 0.421875 0.1611328125 0.015625 0.021484375
1 0.341796875 0.1787109375 0.009765625 0.017578125
1 0.3583984375 0.2890625 0.013671875 0.0126953125
1 0.3642578125 0.279296875 0.0078125 0.009765625
1 0.3037109375 0.28125 0.0126953125 0.017578125
1 0.3154296875 0.298828125 0.0078125 0.0126953125
1 0.298828125 0.3154296875 0.0078125 0.0078125
1 0.2734375 0.3427734375 0.033203125 0.0283203125
1 0.2939453125 0.255859375 0.017578125 0.025390625
0 0.2353515625 0.240234375 0.1044921875 0.15625
1 0.171875 0.2490234375 0.0107421875 0.013671875
0 0.831412986328125 0.240139431640625 0.8127893515625 0.180941357421875 0.812247947265625 0.1797191484375 0.766444453125 0.2083574453125 0.742215755859375 0.24637707421875 0.74961118359375 0.2568042890625 0.767187048828125 0.28835117578125 0.76010244921875 0.32198531640625 0.78449503515625 0.33023184375 0.800436513671875 0.31703769921875 0.84237105859375 0.306523076171875 0.8451764140625 0.27063892578125 0.831412986328125 0.240139431640625
1 0.82421875 0.40625 0.0078125 0.009765625
1 0.84375 0.404296875 0.0107421875 0.0126953125
1 0.9169921875 0.423828125 0.0078125 0.0107421875
1 0.904296875 0.5654296875 0.0078125 0.0107421875
1 0.974609375 0.5244140625 0.015625 0.013671875
1 0.26507568359375 1 0.31847918359375 0.98700930859375 0.401638455078125 0.980969087890625 0.432804814453125 0.935136958984375 0.44347918359375 0.823519482421875 0.41959635546875 0.766673900390625 0.4258128984375 0.68596884765625 0.406964337890625 0.61663291015625 0.38216371875 0.6086275078125 0.34639485546875 0.61722668359375 0.3348320859375 0.6712480703125 0.305813259765625 0.72696940234375 0.2716584375 0.75228166015625 0.21765362890625 0.81095377734375 0.1740021875 0.870029779296875 0.180241337890625 0.88572108984375 0.204418041015625 0.954632041015625 0.226087783203125 1 0.26507568359375 1
1 0.162109375 0.501953125 0.009765625 0.0126953125
1 0.13671875 0.447265625 0.0048828125 0.005859375
1 0.146484375 0.466796875 0.0078125 0.0078125
1 0.0244140625 0.380859375 0.0078125 0.0078125
1 0.0478515625 0.380859375 0.013671875 0.0126953125
1 0.322265625 0.40625 0.0048828125 0.0078125
1 0.3408203125 0.408203125 0.0048828125 0.005859375
1 0.5390625 0.5908203125 0.005859375 0.0078125
0 0.67256467578125 0.51177355078125 0.65607162109375 0.48336665234375 0.6381720859375 0.461355087890625 0.61286283984375 0.447746783203125 0.606335982421875 0.4541465 0.600077927734375 0.48616152734375 0.586948587890625 0.50932392578125 0.58757743359375 0.5222921484375 0.582173458984375 0.549784958984375 0.58400163671875 0.568300189453125 0.60312269921875 0.587457693359375 0.63314048828125 0.597476501953125 0.65457636328125 0.58573692578125 0.67462301953125 0.532361373046875 0.67256467578125 0.51177355078125
1 0.71875 0.451171875 0.005859375 0.009765625
1 0.7021484375 0.4150390625 0.0078125 0.009765625
1 0.630859375 0.396484375 0.005859375 0.0078125
1 0.7490234375 0.3115234375 0.005859375 0.0107421875
1 0.736328125 0.29296875 0.0078125 0.0107421875
1 0.859375 0.251953125 0.005859375 0.009765625
1 0.50092592578125 0 0.498016130859375 0.01393711328125 0.54978841015625 0.043441357421875 0.6098596640625 0.050904224609375 0.65950882421875 0.04735001953125 0.71116536328125 0.07194010546875 0.75118091796875 0.11312210546875 0.7881799765625 0.13173707421875 0.839501953125 0.104759837890625 0.8598596640625 0.08470293359375 0.874097583984375 0.053927951171875 0.82872359765625 0 0.515945095703125 0 0.50092592578125 0
1 0.720703125 0.251953125 0.0048828125 0.005859375
1 0.6875 0.228515625 0.0078125 0.009765625
1 0.9150390625 0.259765625 0.0078125 0.0078125
1 0.8173828125 0.443359375 0.013671875 0.0107421875