0 0.3896484375 0.4267578125 0.119140625 0.1435546875
0 0.6162109375 0.408203125 0.0751953125 0.1298828125
0 0.849609375 0.755859375 0.095703125 0.123046875
0 0.8525390625 0.46484375 0.0966796875 0.09375
0 0.5947265625 0.744140625 0.078125 0.1142578125
0 0.3701171875 0.748046875 0.1142578125 0.107421875
0 0.14453125 0.724609375 0.0830078125 0.09375
0 0.1259765625 0.396484375 0.0888671875 0.1015625
1 0.111328125 0.5380859375 0.060546875 0.064453125
1 0.287109375 0.55859375 0.0341796875 0.0576171875
1 0.3896484375 0.5390625 0.0361328125 0.03125
1 0.59375 0.58984375 0.056640625 0.0703125
1 0.654296875 0.59375 0.0498046875 0.060546875
1 0.728515625 0.5927734375 0.03125 0.0703125
1 0.7529296875 0.4658203125 0.0390625 0.052734375
1 0.732421875 0.794921875 0.048828125 0.0439453125
1 0.2578125 0.720703125 0.0546875 0.052734375
1 0.28515625 0.796875 0.0205078125 0.0283203125
1 0.392578125 0.58203125 0.0263671875 0.0283203125
1 0.32421875 0.62109375 0.0390625 0.048828125
1 0.2509765625 0.466796875 0.0419921875 0.033203125
1 0.77734375 0.650390625 0.0361328125 0.0439453125
1 0.8388671875 0.609375 0.060546875 0.0517578125
1 0.6875 0.712890625 0.0205078125 0.0205078125
1 0.216796875 0.544921875 0.03125 0.0263671875