1 0.9814453125 0.416015625 0.0185546875 0.021484375
1 0.9091796875 0.4248046875 0.009765625 0.0126953125
1 0.8828125 0.43359375 0.009765625 0.021484375
0 0.916015625 0.3369140625 0.1669921875 0.1513671875
1 0.912109375 0.2275390625 0.0078125 0.009765625
1 0.8583984375 0.2099609375 0.017578125 0.0185546875
0 0.6845703125 0.322265625 0.162109375 0.2216796875
1 0.669921875 0.443359375 0.009765625 0.0078125
1 0.640625 0.4130859375 0.005859375 0.009765625
0 0.431640625 0.310546875 0.140625 0.1875
0 0.2041015625 0.322265625 0.15625 0.177734375
0 0.0234375 0.3349609375 0.046875 0.107421875
1 0.0439453125 0.4375 0.005859375 0.0048828125
1 0.0263671875 0.462890625 0.0185546875 0.021484375
0 0.044921875 0.6171875 0.0888671875 0.154296875
0 0.205078125 0.6328125 0.166015625 0.203125
1 0.232421875 0.474609375 0.0263671875 0.025390625
0 0.453125 0.6181640625 0.138671875 0.171875
1 0.4892578125 0.7548828125 0.0185546875 0.0234375
0 0.6767578125 0.615234375 0.109375 0.1376953125
1 0.6337890625 0.607421875 0.005859375 0.009765625
0 0.90625 0.6142578125 0.1279296875 0.173828125
1 0.8271484375 0.46875 0.0126953125 0.0185546875
1 0.9580078125 0.7822265625 0.0283203125 0.021484375
1 0.97265625 0.9853515625 0.0234375 0.029296875
1 0.673828125 0.48828125 0.0126953125 0.0185546875