0 0.87890625 0.5859375 0.17578125 0.1796875
1 0.78125 0.67578125 0.017578125 0.015625
1 0.7392578125 0.5703125 0.01953125 0.03125
1 0.736328125 0.486328125 0.06640625 0.05859375
1 0.9755859375 0.404296875 0.041015625 0.07421875
1 0.9375 0.3505859375 0.02734375 0.025390625
1 0.935546875 0.3701171875 0.017578125 0.01171875
1 0.9189453125 0.3720703125 0.01953125 0.021484375
1 0.921875 0.3994140625 0.02734375 0.0234375
1 0.8544921875 0.408203125 0.013671875 0.021484375
1 0.82421875 0.4169921875 0.01953125 0.021484375
1 0.763671875 0.3447265625 0.02734375 0.02734375
1 0.779401953125 0.369672935546875 0.786492998046875 0.40545559765625 0.821100873046875 0.40498476171875 0.843234060546875 0.392647126953125 0.84324627734375 0.37875453515625 0.81177253515625 0.3611937734375 0.80551460546875 0.351231693359375 0.8061136171875 0.32224644921875 0.79495530078125 0.31424565625 0.7814797890625 0.3505911171875 0.779401953125 0.369672935546875
1 0.772230365234375 0.359297404296875 0.75357666015625 0.377249509765625 0.754248072265625 0.395779505859375 0.76070441015625 0.420499078125 0.7756926171875 0.447805404296875 0.80485742578125 0.45109225390625 0.806118212890625 0.444301384765625 0.793154599609375 0.4252154765625 0.786223423828125 0.40245159375 0.77932214453125 0.358564447265625 0.772230365234375 0.359297404296875
1 0.802734375 0.4189453125 0.025390625 0.02734375
1 0.7509765625 0.4111328125 0.037109375 0.068359375
1 0.7333984375 0.43359375 0.015625 0.017578125
1 0.671875 0.3623046875 0.025390625 0.029296875
0 0.6005859375 0.3232421875 0.12109375 0.150390625
1 0.5859375 0.4130859375 0.02734375 0.0234375
1 0.6318359375 0.4228515625 0.04296875 0.046875
1 0.6611328125 0.44140625 0.013671875 0.013671875
1 0.541844060546875 0.41183917578125 0.5444982890625 0.429116955078125 0.56089000390625 0.4505933125 0.582306150390625 0.466845498046875 0.594565396484375 0.4708406328125 0.602258708984375 0.459407556640625 0.601710951171875 0.44061313671875 0.598374 0.42652633203125 0.57988060546875 0.424127927734375 0.565946056640625 0.41558802734375 0.554610513671875 0.408514119140625 0.541844060546875 0.41183917578125
1 0.5888671875 0.482421875 0.009765625 0.01171875
1 0.5078125 0.46875 0.015625 0.015625
1 0.498046875 0.4453125 0.0078125 0.013671875
1 0.52734375 0.466796875 0.005859375 0.005859375
1 0.47265625 0.46875 0.017578125 0.021484375
1 0.490234375 0.46875 0.029296875 0.03125
1 0.455078125 0.4775390625 0.0078125 0.013671875
1 0.435546875 0.4833984375 0.015625 0.017578125
1 0.335957509765625 0.479408291015625 0.338933361328125 0.490481490234375 0.3396738515625 0.49237090625 0.368839615234375 0.522314669921875 0.3990118125 0.4974346171875 0.377398109375 0.479034794921875 0.3482396015625 0.4769955546875 0.335957509765625 0.479408291015625
1 0.422699517578125 0.52587358984375 0.421689455078125 0.489834470703125 0.405207755859375 0.4737082890625 0.381188572265625 0.47881272265625 0.37514525390625 0.51580729296875 0.364997095703125 0.54311301171875 0.371993279296875 0.5593246953125 0.4051444375 0.547452693359375 0.422699517578125 0.52587358984375
1 0.337167759765625 0.42826351953125 0.29647798046875 0.435697541015625 0.2680424921875 0.4587343984375 0.274131814453125 0.46513072265625 0.295799052734375 0.461192234375 0.310423759765625 0.480159978515625 0.317400310546875 0.513221662109375 0.33788798046875 0.527147919921875 0.34911903515625 0.516895115234375 0.336988326171875 0.498755248046875 0.3330929765625 0.475617443359375 0.341615447265625 0.444838875 0.341296384765625 0.4323167109375 0.337167759765625 0.42826351953125
1 0.278084939453125 0.5756940703125 0.29519740625 0.593769078125 0.29493391015625 0.594281859375 0.3064436640625 0.585827388671875 0.321994421875 0.568777443359375 0.330608298828125 0.523439998046875 0.316043341796875 0.502515189453125 0.31208503125 0.469865080078125 0.294086056640625 0.45893786328125 0.27088502734375 0.469714248046875 0.26511866796875 0.491914669921875 0.255467130859375 0.52430909375 0.262427923828125 0.54707999609375 0.278084939453125 0.5756940703125
1 0.2607421875 0.46875 0.01953125 0.0234375
1 0.2626953125 0.4912109375 0.0078125 0.0078125
1 0.240234375 0.4951171875 0.015625 0.017578125
1 0.2568359375 0.3671875 0.013671875 0.01953125
1 0.21484375 0.3359375 0.025390625 0.033203125
1 0.169921875 0.302734375 0.015625 0.01953125
0 0.388671875 0.3515625 0.150390625 0.169921875
1 0.2158203125 0.5234375 0.02734375 0.013671875
0 0.07621598828125 0.422534767578125 0.084019935546875 0.43693683984375 0.11129837890625 0.428654546875 0.12745990625 0.469640115234375 0.14300684765625 0.487177609375 0.139126810546875 0.441967548828125 0.167790359375 0.433478865234375 0.18664016015625 0.418930046875 0.184114125 0.414620986328125 0.15856096875 0.3991438984375 0.145441443359375 0.405418171875 0.138682380859375 0.396885126953125 0.145395763671875 0.37167193359375 0.1475139453125 0.35239408203125 0.13658479296875 0.343492302734375 0.114593169921875 0.375163412109375 0.099671283203125 0.39239517578125 0.07621598828125 0.422534767578125
1 0.217067826171875 0.386547150390625 0.2116675859375 0.389426966796875 0.1833753359375 0.424097705078125 0.162317748046875 0.42878120703125 0.145689587890625 0.434788248046875 0.14590041015625 0.46646980078125 0.191930947265625 0.4801836484375 0.2201935078125 0.43985329296875 0.223813740234375 0.39924712890625 0.217067826171875 0.386547150390625
1 0.1787109375 0.490234375 0.009765625 0.017578125
1 0.1201171875 0.515625 0.009765625 0.0078125
1 0.0888671875 0.5185546875 0.01171875 0.01171875
1 0.095703125 0.54296875 0.017578125 0.017578125
1 0.06640625 0.548828125 0.01171875 0.01171875
1 0.04296875 0.55078125 0.01953125 0.015625
1 0.1484375 0.626953125 0.041015625 0.078125
1 0.1494140625 0.751953125 0.01171875 0.017578125
1 0.17578125 0.76953125 0.015625 0.01953125
0 0.2431640625 0.708984375 0.16796875 0.2109375
1 0.31709966796875 0.67752759375 0.350141005859375 0.704721265625 0.38669083203125 0.718543142578125 0.39450428515625 0.6592269921875 0.403233982421875 0.62884258984375 0.3869625703125 0.6133693515625 0.359663376953125 0.60653715625 0.335062912109375 0.612345072265625 0.307295513671875 0.654872978515625 0.31709966796875 0.67752759375
0 0.364996291015625 0.586498806640625 0.35986646875 0.605501927734375 0.374056611328125 0.621375537109375 0.403396568359375 0.628041541015625 0.396430384765625 0.650817458984375 0.396387927734375 0.681450765625 0.39727930078125 0.681436046875 0.427875166015625 0.690353552734375 0.44516958203125 0.679391091796875 0.45914787890625 0.679795494140625 0.470162705078125 0.67905748046875 0.46764520703125 0.638417287109375 0.460988962890625 0.605865607421875 0.46456107421875 0.5873207890625 0.453002099609375 0.570705 0.41431162109375 0.5781826953125 0.364996291015625 0.586498806640625
1 0.4990234375 0.63671875 0.044921875 0.0546875
1 0.4697265625 0.6103515625 0.01171875 0.013671875
1 0.61328125 0.4560546875 0.01171875 0.015625
1 0.64579949609375 0.5761058515625 0.67513043359375 0.567582681640625 0.671335046875 0.542799115234375 0.66225412109375 0.527844638671875 0.653022259765625 0.50592437109375 0.64743973828125 0.485260224609375 0.640409263671875 0.46291506640625 0.62637617578125 0.44572933984375 0.616889037109375 0.44833667578125 0.612741025390625 0.46379252734375 0.605229484375 0.496901126953125 0.596488234375 0.533111662109375 0.579783275390625 0.58890523046875 0.597803728515625 0.60170498046875 0.60987748828125 0.596952115234375 0.617904240234375 0.581024537109375 0.64579949609375 0.5761058515625
0 0.7459283828125 0.686565240234375 0.75507848046875 0.6580689296875 0.75129065625 0.604614771484375 0.736977177734375 0.586779654296875 0.711747583984375 0.56598710546875 0.68248255078125 0.52831758203125 0.68223515625 0.527565451171875 0.66334152734375 0.55272985546875 0.649704193359375 0.5716285546875 0.6227897421875 0.57821554296875 0.6129143359375 0.591658048828125 0.615194453125 0.65483891796875 0.63000553125 0.699454505859375 0.6612346640625 0.705209671875 0.717777548828125 0.709307279296875 0.7459283828125 0.686565240234375
0 0.804102416015625 0.36619312109375 0.865528287109375 0.338305041015625 0.88586931640625 0.28866277734375 0.866366390625 0.2226597578125 0.82442992578125 0.18957419921875 0.75839923828125 0.2286679609375 0.75744026953125 0.276714998046875 0.785074033203125 0.308408466796875 0.80289885546875 0.325974220703125 0.804102416015625 0.36619312109375
1 0.9248046875 0.87890625 0.064453125 0.05859375
1 0.98046875 0.5322265625 0.01171875 0.015625
1 0.453125 0.5185546875 0.009765625 0.01171875
1 0.87109375 0.4091796875 0.0078125 0.009765625