0 0.091796875 0.4892578125 0.18359375 0.201171875
0 0.2958984375 0.435546875 0.13671875 0.1796875
0 0.5185546875 0.416015625 0.13671875 0.15234375
0 0.7421875 0.40234375 0.158203125 0.189453125
1 0.814453125 0.40234375 0.017578125 0.021484375
1 0.7158203125 0.5224609375 0.017578125 0.015625
0 0.9345703125 0.36328125 0.12109375 0.15625
0 0.978515625 0.6416015625 0.04296875 0.091796875
1 0.939453125 0.5625 0.0078125 0.01171875
1 0.96875 0.5859375 0.017578125 0.015625
1 0.8818359375 0.7216796875 0.01171875 0.013671875
0 0.8017578125 0.68359375 0.130859375 0.166015625
1 0.8076171875 0.5986328125 0.009765625 0.01171875
1 0.767578125 0.6103515625 0.01171875 0.009765625
1 0.7861328125 0.583984375 0.009765625 0.01171875
1 0.7021484375 0.603515625 0.029296875 0.03125
1 0.634765625 0.625 0.009765625 0.01171875
0 0.5849609375 0.7138671875 0.13671875 0.169921875
0 0.333984375 0.7353515625 0.16796875 0.2109375
1 0.26953125 0.7861328125 0.01171875 0.01171875
0 0.10546875 0.794921875 0.15625 0.19921875
1 0.03515625 0.6826171875 0.01171875 0.01171875
1 0.0390625 0.654296875 0.013671875 0.015625
1 0.0537109375 0.6513671875 0.01171875 0.009765625