0 0.0703125 0.2958984375 0.12890625 0.23828125
0 0.27734375 0.291015625 0.150390625 0.203125
1 0.138671875 0.3759765625 0.017578125 0.021484375
1 0.234375 0.431640625 0.048828125 0.046875
0 0.541015625 0.3388671875 0.1875 0.20703125
0 0.7666015625 0.3603515625 0.201171875 0.224609375
0 0.9658203125 0.3876953125 0.068359375 0.154296875
0 0.94921875 0.6982421875 0.08984375 0.1953125
0 0.74609375 0.68359375 0.173828125 0.1953125
0 0.53515625 0.64453125 0.13671875 0.197265625
1 0.568359375 0.4912109375 0.0234375 0.02734375
0 0.30859375 0.6376953125 0.181640625 0.236328125
0 0.0546875 0.6357421875 0.109375 0.185546875
1 0.95703125 0.10546875 0.0859375 0.15625