0 0.759765625 0.9052734375 0.154296875 0.119140625
1 0.6259765625 0.9658203125 0.01953125 0.021484375
1 0.6455078125 0.931640625 0.078125 0.05859375
1 0.564453125 0.927734375 0.021484375 0.017578125
1 0.564453125 0.9052734375 0.013671875 0.0078125
0 0.4638671875 0.9716796875 0.107421875 0.056640625
1 0.5263671875 0.775390625 0.013671875 0.015625
1 0.515625 0.7802734375 0.015625 0.01171875
0 0.48454316015625 0.816551818359375 0.47860951953125 0.7934620546875 0.457197943359375 0.7771720546875 0.46937924609375 0.77339663671875 0.47621900390625 0.76481486328125 0.48173215234375 0.753221412109375 0.4809854296875 0.730530330078125 0.447780208984375 0.725766779296875 0.389560150390625 0.72675760546875 0.354135529296875 0.7329381640625 0.33998983984375 0.746033685546875 0.331038068359375 0.77980028125 0.326506517578125 0.81129473046875 0.328820142578125 0.833093982421875 0.346274822265625 0.86137739453125 0.3710819609375 0.868605515625 0.411617376953125 0.8649104140625 0.490793603515625 0.83318214453125 0.48454316015625 0.816551818359375
1 0.470703125 0.7783203125 0.02734375 0.01953125
1 0.3623046875 0.7216796875 0.015625 0.013671875
1 0.5009765625 0.7353515625 0.017578125 0.013671875
1 0.4912109375 0.7236328125 0.017578125 0.013671875
1 0.564453125 0.7197265625 0.015625 0.01171875
1 0.5478515625 0.70703125 0.015625 0.01171875
1 0.58984375 0.830078125 0.01953125 0.015625
0 0.7216796875 0.7490234375 0.1640625 0.16796875
1 0.4775390625 0.703125 0.08203125 0.060546875
1 0.48828125 0.6416015625 0.021484375 0.017578125
1 0.513148314453125 0.720625666015625 0.5532580234375 0.695244599609375 0.580043095703125 0.67725402734375 0.56934839453125 0.65787679296875 0.53366366796875 0.661136998046875 0.50675106640625 0.67284622265625 0.5046304140625 0.691778033203125 0.50290921484375 0.71060093359375 0.5070512265625 0.720552283203125 0.513148314453125 0.720625666015625
1 0.474254404296875 0.66802301171875 0.49072882421875 0.67839315625 0.518813958984375 0.669426494140625 0.550958697265625 0.663424828125 0.570259296875 0.65933746484375 0.57807978515625 0.65273414453125 0.5868301796875 0.633548380859375 0.578789484375 0.6202253671875 0.55005262109375 0.612984037109375 0.510135916015625 0.637959751953125 0.476747314453125 0.6549863984375 0.474254404296875 0.66802301171875
1 0.486247306640625 0.624891505859375 0.501253921875 0.641412681640625 0.526137962890625 0.626456759765625 0.559889896484375 0.6037553359375 0.564231943359375 0.597437501953125 0.53825316015625 0.58554894140625 0.501586287109375 0.591603302734375 0.487019671875 0.606272041015625 0.486247306640625 0.624891505859375
1 0.4677734375 0.60546875 0.01953125 0.015625
1 0.45703125 0.673828125 0.015625 0.01171875
0 0.39799543359375 0.551462802734375 0.38861339453125 0.534410076171875 0.373651951171875 0.5294270625 0.322445798828125 0.548277466796875 0.306303392578125 0.562999466796875 0.2868413984375 0.5964903984375 0.278341013671875 0.613655923828125 0.284111865234375 0.644991193359375 0.31919008984375 0.674593146484375 0.34612590234375 0.69797268359375 0.364770052734375 0.7083848125 0.37770671484375 0.7040120625 0.3948063515625 0.6737598515625 0.412839369140625 0.660928333984375 0.44382994140625 0.64407919140625 0.448551923828125 0.6325463203125 0.445524283203125 0.5933700546875 0.4105044921875 0.579761607421875 0.39799543359375 0.551462802734375
1 0.30859375 0.5537109375 0.0078125 0.009765625
1 0.318359375 0.533203125 0.013671875 0.0078125
1 0.3076171875 0.521484375 0.013671875 0.01171875
1 0.3583984375 0.513671875 0.01171875 0.0078125
1 0.41154721484375 0.495208646484375 0.394211677734375 0.500842798828125 0.38039246484375 0.510164501953125 0.392923845703125 0.5348926796875 0.421834384765625 0.552122158203125 0.443173427734375 0.579195830078125 0.4760013046875 0.5862279140625 0.512061154296875 0.58266708984375 0.52051929296875 0.572447548828125 0.520768029296875 0.55391515234375 0.512733353515625 0.533772189453125 0.504778849609375 0.50309216015625 0.503865857421875 0.50274719140625 0.4830082265625 0.499825501953125 0.461859541015625 0.496173908203125 0.4380852265625 0.49489891015625 0.41154721484375 0.495208646484375
1 0.439453125 0.45703125 0.04296875 0.05078125
1 0.4970703125 0.4306640625 0.037109375 0.037109375
1 0.52348375 0.40141293359375 0.49250293359375 0.390127470703125 0.489553828125 0.411954908203125 0.506415955078125 0.429738513671875 0.4961105 0.457843216796875 0.48469880859375 0.478044705078125 0.487026583984375 0.492237107421875 0.5108954609375 0.508382458984375 0.514375666015625 0.5335925859375 0.518863650390625 0.543746564453125 0.547556830078125 0.532988142578125 0.56785173046875 0.503685037109375 0.613583763671875 0.484934162109375 0.606735951171875 0.45848241796875 0.602547244140625 0.43708648046875 0.562515919921875 0.424330970703125 0.52348375 0.40141293359375
1 0.6005859375 0.4560546875 0.021484375 0.01953125
1 0.5859375 0.40625 0.015625 0.015625
0 0.671884798828125 0.5751184453125 0.699384947265625 0.54125214453125 0.713068560546875 0.495903623046875 0.678405873046875 0.481207966796875 0.625785251953125 0.463625595703125 0.60905560546875 0.463173474609375 0.610989171875 0.48382494140625 0.59540923046875 0.492026255859375 0.566749818359375 0.507826150390625 0.5657254609375 0.5250805546875 0.5621521484375 0.549725767578125 0.567048064453125 0.583216509765625 0.567760755859375 0.582918705078125 0.584450900390625 0.58675624609375 0.620719873046875 0.585811640625 0.671884798828125 0.5751184453125
0 0.591796875 0.3271484375 0.205078125 0.158203125
1 0.431640625 0.390625 0.017578125 0.013671875
1 0.455078125 0.3798828125 0.017578125 0.013671875
1 0.4150390625 0.36328125 0.052734375 0.04296875
1 0.3642578125 0.3447265625 0.0546875 0.03515625
0 0.232841908203125 0.344056310546875 0.2190874609375 0.387996677734375 0.23497545703125 0.44636537890625 0.258346685546875 0.460426189453125 0.29962551171875 0.468478275390625 0.3323797734375 0.452567580078125 0.36330833203125 0.42461108203125 0.399609390625 0.38758128515625 0.400197314453125 0.3876801015625 0.37506801171875 0.3739437265625 0.3427734609375 0.3538065390625 0.34098150390625 0.332327642578125 0.301238341796875 0.321403447265625 0.265753626953125 0.322298515625 0.232841908203125 0.344056310546875
1 0.412109375 0.2705078125 0.017578125 0.013671875
1 0.427734375 0.3232421875 0.009765625 0.0078125
1 0.4169921875 0.3203125 0.0078125 0.005859375
1 0.2939453125 0.279296875 0.013671875 0.009765625
1 0.216796875 0.294921875 0.01171875 0.013671875
1 0.306640625 0.248046875 0.041015625 0.041015625
1 0.251953125 0.0966796875 0.015625 0.01171875
1 0.208984375 0.083984375 0.01171875 0.01171875
1 0.1962890625 0.0869140625 0.01171875 0.01171875
1 0.16796875 0.099609375 0.013671875 0.009765625
0 0.220918640625 0.09682578125 0.18102349609375 0.104279390625 0.142607546875 0.110948982421875 0.1259836484375 0.119105123046875 0.11923388671875 0.182778421875 0.131442587890625 0.21324476171875 0.16186816015625 0.237359154296875 0.185480359375 0.252873712890625 0.213476193359375 0.2592415703125 0.23467792578125 0.256715896484375 0.266992662109375 0.2403214765625 0.292257869140625 0.225011654296875 0.29837150390625 0.202393140625 0.3023128125 0.172916916015625 0.29957301171875 0.1607376484375 0.28402700390625 0.139046341796875 0.269305384765625 0.123324921875 0.24363637109375 0.1096775546875 0.220918640625 0.09682578125
1 0.28125 0.05078125 0.052734375 0.033203125
1 0.3681640625 0.107421875 0.04296875 0.02734375
1 0.34405717578125 0.149706556640625 0.379140779296875 0.144101828125 0.39550048828125 0.128053076171875 0.40249956640625 0.103874958984375 0.3911973046875 0.10221667578125 0.37727803125 0.114221328125 0.350940208984375 0.12099310546875 0.322565404296875 0.107008728515625 0.30062749609375 0.117296419921875 0.30316262109375 0.134086845703125 0.315729916015625 0.149805927734375 0.34405717578125 0.149706556640625
0 0.5068359375 0.12109375 0.18359375 0.173828125
1 0.4697265625 0.0126953125 0.015625 0.015625