1 0.05859375 0.3857421875 0.1171875 0.130859375
1 0.04296875 0.2763671875 0.052734375 0.033203125
1 0.0673828125 0.2939453125 0.013671875 0.01171875
1 0.0126953125 0.1484375 0.025390625 0.02734375
1 0.02734375 0.16796875 0.02734375 0.02734375
1 0.287744171875 0.082257185546875 0.22972808984375 0.07741380859375 0.17252834765625 0.082491232421875 0.145972662109375 0.099133853515625 0.135822525390625 0.11889501171875 0.151269693359375 0.177502884765625 0.179877896484375 0.225303912109375 0.251154623046875 0.21746959375 0.3257113125 0.198957888671875 0.343651181640625 0.173112240234375 0.350303384765625 0.12374001171875 0.358025310546875 0.106335912109375 0.355492169921875 0.092217248046875 0.330242427734375 0.08569130078125 0.287744171875 0.082257185546875
1 0.4697265625 0.015625 0.015625 0.013671875
1 0.48828125 0.04296875 0.02734375 0.021484375
0 0.422619322265625 0.003096 0.362007732421875 0.019336826171875 0.34111538671875 0.04054541796875 0.33061823046875 0.08349369140625 0.353877466796875 0.105742244140625 0.369851357421875 0.145314025390625 0.388323279296875 0.156324033203125 0.42633269140625 0.145394556640625 0.451117626953125 0.124805234375 0.455381908203125 0.101717244140625 0.455127728515625 0.062045630859375 0.47293755078125 0.029326248046875 0.47264360546875 0.02872832421875 0.422619322265625 0.003096
1 0.4912109375 0.0810546875 0.037109375 0.046875
1 0.62109375 0.11328125 0.029296875 0.02734375
0 0.571299353515625 0 0.570890935546875 0.000249953125 0.557446107421875 0.02005274609375 0.547174845703125 0.07403888671875 0.551619439453125 0.115947021484375 0.561673501953125 0.121028208984375 0.5891719921875 0.129311970703125 0.616838474609375 0.10554203125 0.655700123046875 0.085861474609375 0.67866694921875 0.06458247265625 0.6874298828125 0.01372460546875 0.67056533203125 0 0.571299353515625 0
1 0.4443359375 0.2861328125 0.015625 0.013671875
0 0.4125489765625 0.31196378125 0.43322258203125 0.29347907421875 0.44714122265625 0.272163861328125 0.45918590625 0.251328041015625 0.452796689453125 0.22900041015625 0.4420061328125 0.217304275390625 0.4181274453125 0.21642754296875 0.37336030078125 0.219711578125 0.331369296875 0.246871759765625 0.3111892734375 0.27507756640625 0.3255243671875 0.297480005859375 0.350361662109375 0.315070435546875 0.383684228515625 0.323728740234375 0.399228587890625 0.3192212890625 0.4125489765625 0.31196378125
1 0.44748109765625 0.159592369140625 0.443360140625 0.1625527734375 0.43718819921875 0.213018623046875 0.46013953515625 0.243587552734375 0.476834224609375 0.25219051171875 0.511776404296875 0.23863128125 0.53397865625 0.200071724609375 0.5163074765625 0.181223111328125 0.505976484375 0.15416644140625 0.44748109765625 0.159592369140625
1 0.447265625 0.14453125 0.01171875 0.0078125
1 0.44443387109375 0.134192103515625 0.462896224609375 0.145552376953125 0.49148641796875 0.158842072265625 0.52212388671875 0.167128595703125 0.579496833984375 0.170223912109375 0.5912629296875 0.155502064453125 0.584170978515625 0.13196255859375 0.55205903515625 0.11365475390625 0.525030939453125 0.107399369140625 0.5038854765625 0.105949412109375 0.474201634765625 0.116893416015625 0.45490115625 0.12412576953125 0.440381154296875 0.13437934765625 0.44443387109375 0.134192103515625
1 0.53125 0.091796875 0.044921875 0.044921875
1 0.646484375 0.1513671875 0.015625 0.013671875
1 0.6455078125 0.16796875 0.013671875 0.01953125
1 0.5703125 0.2021484375 0.05859375 0.0546875
1 0.5556640625 0.240234375 0.078125 0.0703125
0 0.710654169921875 0.181118896484375 0.685418158203125 0.15993093359375 0.65796087109375 0.164937087890625 0.62912394140625 0.187985564453125 0.608050259765625 0.201456884765625 0.59847881640625 0.23558891796875 0.604597341796875 0.257558466796875 0.625737576171875 0.269656205078125 0.652992794921875 0.26267147265625 0.6764769765625 0.2323232421875 0.682998283203125 0.215688845703125 0.725527490234375 0.19492928515625 0.710654169921875 0.181118896484375
1 0.6240234375 0.18359375 0.015625 0.013671875
1 0.6337890625 0.2841796875 0.021484375 0.017578125
1 0.6240234375 0.2744140625 0.029296875 0.017578125
1 0.6904296875 0.2685546875 0.029296875 0.021484375
1 0.794921875 0.1279296875 0.05078125 0.056640625
1 0.748046875 0.0810546875 0.015625 0.009765625
1 0.870014455078125 0.24771871875 0.873441265625 0.225138642578125 0.837047779296875 0.18824996875 0.78004068359375 0.158238060546875 0.731549173828125 0.158795607421875 0.720086046875 0.1802646171875 0.7112919765625 0.208726751953125 0.700447474609375 0.238160892578125 0.69699396875 0.27931409765625 0.70873756640625 0.305021369140625 0.738060361328125 0.31166220703125 0.7811477265625 0.301463662109375 0.836110396484375 0.276019197265625 0.870014455078125 0.24771871875
1 0.50704462109375 0.30826683203125 0.52803725390625 0.33219123828125 0.5657880859375 0.323510873046875 0.606686716796875 0.291342265625 0.613939845703125 0.276301111328125 0.6053886953125 0.257171236328125 0.56087057421875 0.265789970703125 0.52991790234375 0.265004666015625 0.513736669921875 0.2546446328125 0.497403173828125 0.247209994140625 0.496939923828125 0.248369205078125 0.498769376953125 0.2738296484375 0.50704462109375 0.30826683203125
1 0.589121970703125 0.29578928515625 0.559639109375 0.310025404296875 0.543959576171875 0.32422985546875 0.539518462890625 0.34584603125 0.561394001953125 0.349381830078125 0.61191026953125 0.360879279296875 0.652212623046875 0.353037103515625 0.661886205078125 0.329993482421875 0.639428087890625 0.307775896484375 0.589121970703125 0.29578928515625
1 0.54088069921875 0.3363431328125 0.52921064453125 0.3387065078125 0.519302921875 0.352165458984375 0.523545177734375 0.381859265625 0.53890865234375 0.40808636328125 0.544534923828125 0.41004513671875 0.576263865234375 0.4142465703125 0.597428041015625 0.405192232421875 0.62040898046875 0.36845407421875 0.587736302734375 0.357736013671875 0.569041728515625 0.348403818359375 0.54088069921875 0.3363431328125
0 0.484981716796875 0.382881908203125 0.4192599609375 0.3973399453125 0.403174759765625 0.402697080078125 0.39066398828125 0.412590150390625 0.37592516015625 0.432727634765625 0.382566419921875 0.457353443359375 0.393253849609375 0.4785467578125 0.40999625390625 0.505321771484375 0.428543447265625 0.515541318359375 0.467565384765625 0.5071462265625 0.495923677734375 0.49576036328125 0.50458763671875 0.457868896484375 0.517539044921875 0.434041931640625 0.48956459375 0.398780953125 0.484981716796875 0.382881908203125
1 0.5068359375 0.48046875 0.013671875 0.01171875
1 0.5634765625 0.4873046875 0.091796875 0.07421875
1 0.62109375 0.462890625 0.05859375 0.0625
1 0.594556703125 0.446654833984375 0.595347888671875 0.433337125 0.58458604296875 0.415040322265625 0.533019376953125 0.3949512265625 0.53610514453125 0.3952678046875 0.5110575 0.3804591875 0.494891015625 0.39270656640625 0.492532916015625 0.4052539140625 0.5000090546875 0.423033626953125 0.51113903515625 0.441067296875 0.5020779453125 0.457499595703125 0.517598337890625 0.4632771875 0.5583967421875 0.45887674609375 0.588590408203125 0.450647294921875 0.594556703125 0.446654833984375
1 0.7412109375 0.4228515625 0.01171875 0.0078125
1 0.697265625 0.4404296875 0.013671875 0.009765625
1 0.69921875 0.451171875 0.017578125 0.013671875
1 0.7138671875 0.4443359375 0.015625 0.01171875
1 0.7138671875 0.4345703125 0.01953125 0.01171875
0 0.689948822265625 0.35076373828125 0.65045771484375 0.37789732421875 0.65678490625 0.400685564453125 0.6573608125 0.448871259765625 0.6732953828125 0.448641640625 0.711876736328125 0.427808529296875 0.74134823046875 0.417422919921875 0.756239484375 0.433423041015625 0.7550647109375 0.43492803125 0.763904802734375 0.43323601953125 0.770009376953125 0.42130830859375 0.771837306640625 0.376257767578125 0.802770796875 0.349062171875 0.7964680078125 0.339155119140625 0.765386060546875 0.3207384921875 0.734048994140625 0.32720949609375 0.689948822265625 0.35076373828125
1 0.8046875 0.453125 0.017578125 0.015625
1 0.74609375 0.46875 0.01171875 0.0078125
1 0.732421875 0.49609375 0.01953125 0.021484375
1 0.71484375 0.505859375 0.0234375 0.017578125
1 0.6767578125 0.5068359375 0.015625 0.013671875
1 0.69140625 0.515625 0.009765625 0.0078125
1 0.705078125 0.5244140625 0.015625 0.013671875
1 0.7197265625 0.5283203125 0.013671875 0.01171875
1 0.6279296875 0.5703125 0.060546875 0.05859375
1 0.603515625 0.546875 0.044921875 0.033203125
1 0.6591796875 0.6572265625 0.1015625 0.109375
1 0.443359375 0.623046875 0.056640625 0.037109375
1 0.4658203125 0.583984375 0.015625 0.009765625
0 0.4632658203125 0.694563861328125 0.47271369140625 0.698174611328125 0.501347373046875 0.696633837890625 0.542979701171875 0.6837533515625 0.586011962890625 0.664225732421875 0.613940517578125 0.651409078125 0.597790646484375 0.6277637578125 0.5606958671875 0.593927525390625 0.54119562109375 0.578580650390625 0.53000223828125 0.581265638671875 0.490854244140625 0.593349392578125 0.47458007421875 0.602666140625 0.46109055078125 0.625449755859375 0.455308712890625 0.650074404296875 0.45498205859375 0.67748332421875 0.4632658203125 0.694563861328125
1 0.748046875 0.634765625 0.03125 0.01953125
1 0.7509765625 0.6748046875 0.03515625 0.029296875
1 0.865234375 0.58984375 0.017578125 0.013671875
1 0.874109283203125 0.61026350390625 0.83945326953125 0.591784169921875 0.809042150390625 0.606595322265625 0.778292626953125 0.62036978515625 0.761656296875 0.639388189453125 0.76447476953125 0.656088984375 0.77279338671875 0.665307455078125 0.799536568359375 0.678232158203125 0.834838666015625 0.684795388671875 0.846620533203125 0.67657402734375 0.865785138671875 0.658712974609375 0.883591931640625 0.62791211328125 0.874109283203125 0.61026350390625
1 0.765625 0.609375 0.021484375 0.017578125
0 0.72686957421875 0.634615275390625 0.7532041484375 0.620940564453125 0.771771962890625 0.60362055859375 0.812414939453125 0.600336966796875 0.839554146484375 0.584301595703125 0.854001689453125 0.546879771484375 0.79704250390625 0.5035045859375 0.7549078984375 0.509685970703125 0.723801560546875 0.531232244140625 0.69658184765625 0.54897019140625 0.67220604296875 0.569901904296875 0.677371896484375 0.579279109375 0.690638447265625 0.597114740234375 0.71487751953125 0.617669814453125 0.715001693359375 0.637711013671875 0.72686957421875 0.634615275390625
1 0.7158203125 0.6171875 0.01953125 0.01953125
1 0.7724609375 0.693359375 0.017578125 0.013671875
1 0.7578125 0.716796875 0.021484375 0.015625
1 0.791015625 0.703125 0.03125 0.021484375
1 0.7958984375 0.716796875 0.02734375 0.01953125
1 0.837890625 0.7109375 0.044921875 0.041015625
1 0.859375 0.73046875 0.021484375 0.015625
1 0.8046875 0.7958984375 0.013671875 0.01171875
0 0.822265625 0.755859375 0.078125 0.080078125
1 0.7509765625 0.7705078125 0.07421875 0.09765625
1 0.705078125 0.755859375 0.048828125 0.046875
1 0.677734375 0.7939453125 0.021484375 0.015625
1 0.5966796875 0.7919921875 0.015625 0.015625
0 0.52754223046875 0.804808787109375 0.5060436875 0.811750154296875 0.50659411328125 0.812513380859375 0.513927650390625 0.83990248046875 0.5202698515625 0.85131415234375 0.5302838125 0.882677681640625 0.569456423828125 0.91006761328125 0.59400534375 0.911695525390625 0.6421729140625 0.869628861328125 0.631257107421875 0.85228803515625 0.6286731875 0.816598677734375 0.632765931640625 0.79340286328125 0.595930927734375 0.802526546875 0.56253198828125 0.801801615234375 0.52754223046875 0.804808787109375
1 0.6884765625 0.9404296875 0.0546875 0.05078125
1 0.591796875 0.9462890625 0.015625 0.013671875
1 0.631316345703125 0.844217501953125 0.63910527734375 0.85859952734375 0.6726907421875 0.862496080078125 0.716266599609375 0.861380759765625 0.75875407421875 0.853581623046875 0.767839859375 0.841795763671875 0.720796525390625 0.780490939453125 0.679715736328125 0.80368146484375 0.651412046875 0.795340640625 0.634559623046875 0.796217392578125 0.625656216796875 0.813138357421875 0.631316345703125 0.844217501953125
1 0.7744140625 0.81640625 0.01171875 0.009765625
1 0.7880859375 0.8330078125 0.01171875 0.01171875
1 0.818256806640625 0.811328869140625 0.798539806640625 0.826782322265625 0.768220416015625 0.857886837890625 0.7320585390625 0.901597736328125 0.73221278515625 0.917565431640625 0.7741386796875 0.916926986328125 0.794629439453125 0.911135609375 0.828532740234375 0.8952697109375 0.857332955078125 0.883257251953125 0.8691394140625 0.868333353515625 0.842841275390625 0.82930666015625 0.832207884765625 0.809326525390625 0.818256806640625 0.811328869140625
1 0.9169921875 0.8603515625 0.109375 0.107421875
1 0.130859375 0.6318359375 0.033203125 0.02734375
1 0.134765625 0.6689453125 0.037109375 0.033203125
1 0.2265625 0.982421875 0.021484375 0.0234375