0 0.123046875 0.3828125 0.150390625 0.15625
0 0.3740234375 0.376953125 0.12890625 0.15234375
0 0.5859375 0.3798828125 0.119140625 0.185546875
0 0.796875 0.31640625 0.1796875 0.203125
0 0.9541015625 0.353515625 0.08203125 0.142578125
1 0.990234375 0.5107421875 0.01953125 0.025390625
1 0.9599609375 0.5234375 0.015625 0.01953125
0 0.8515625 0.6171875 0.142578125 0.185546875
0 0.607421875 0.6259765625 0.16015625 0.18359375
1 0.572265625 0.5263671875 0.01171875 0.015625
1 0.5458984375 0.537109375 0.01171875 0.015625
0 0.345703125 0.67578125 0.134765625 0.173828125
0 0.146484375 0.6953125 0.125 0.134765625
1 0.1328125 0.5419921875 0.01171875 0.013671875
1 0.3720703125 0.5029296875 0.021484375 0.021484375
1 0.7080078125 0.4873046875 0.013671875 0.01171875