0 0.244140625 0.2587890625 0.171875 0.22265625
0 0.4912109375 0.314453125 0.177734375 0.25
0 0.734375 0.34375 0.177734375 0.203125
0 0.935546875 0.34765625 0.12890625 0.2578125
1 0.908203125 0.5595703125 0.01953125 0.0234375
0 0.9228515625 0.701171875 0.138671875 0.23828125
1 0.8994140625 0.580078125 0.01171875 0.017578125
1 0.75 0.5537109375 0.015625 0.021484375
0 0.7275390625 0.71484375 0.185546875 0.26953125
1 0.7041015625 0.5146484375 0.013671875 0.01953125
1 0.6337890625 0.4853515625 0.015625 0.015625
1 0.564453125 0.47265625 0.01171875 0.017578125
1 0.5107421875 0.4912109375 0.015625 0.021484375
1 0.4501953125 0.5068359375 0.05078125 0.0625
1 0.4033203125 0.6337890625 0.0390625 0.033203125
0 0.496385640625 0.52576474609375 0.455717677734375 0.539402109375 0.4158814609375 0.5584609921875 0.37550888671875 0.60241930078125 0.40124494921875 0.63526797265625 0.419761357421875 0.66858716015625 0.44063866796875 0.71163608203125 0.469887015625 0.716875830078125 0.508020625 0.71075080859375 0.549148501953125 0.676052654296875 0.552286740234375 0.64913702734375 0.54546068359375 0.616458482421875 0.516087837890625 0.56855232421875 0.496385640625 0.52576474609375
0 0.2236328125 0.6162109375 0.177734375 0.189453125
1 0.27734375 0.47265625 0.03125 0.044921875
1 0.2548828125 0.4443359375 0.01171875 0.01171875
0 0.046875 0.5908203125 0.09375 0.208984375
1 0.0234375 0.421875 0.01171875 0.01171875
1 0.029296875 0.458984375 0.03125 0.029296875
1 0.1240234375 0.4521484375 0.015625 0.021484375
0 0.0595703125 0.255859375 0.080078125 0.119140625
1 0.43359375 0.453125 0.015625 0.01953125
1 0.6044921875 0.5107421875 0.0078125 0.013671875
1 0.5625 0.5419921875 0.013671875 0.017578125