0 0.3134765625 0.0673828125 0.140625 0.099609375
0 0.568359375 0.03125 0.140625 0.0625
1 0.544921875 0.0791015625 0.021484375 0.01953125
1 0.5595703125 0.087890625 0.017578125 0.013671875
1 0.57421875 0.0830078125 0.013671875 0.009765625
1 0.6171875 0.076171875 0.01171875 0.01171875
1 0.4716796875 0.091796875 0.025390625 0.01953125
1 0.423828125 0.111328125 0.021484375 0.021484375
1 0.3037109375 0.15234375 0.013671875 0.01171875
1 0.33203125 0.1611328125 0.021484375 0.021484375
1 0.28515625 0.18359375 0.025390625 0.01953125
1 0.29296875 0.2119140625 0.021484375 0.021484375
1 0.349609375 0.1875 0.015625 0.01171875
1 0.3544921875 0.203125 0.017578125 0.01171875
1 0.4619140625 0.259765625 0.015625 0.01171875
1 0.4638671875 0.2939453125 0.052734375 0.05078125
0 0.3251953125 0.2734375 0.14453125 0.13671875
1 0.3515625 0.333984375 0.01171875 0.01171875
1 0.47265625 0.0673828125 0.01171875 0.01171875
1 0.4365234375 0.08984375 0.013671875 0.01171875
1 0.37735047265625 0.220805390625 0.375234900390625 0.241678197265625 0.37402673046875 0.2608156015625 0.3759647578125 0.264593265625 0.407235130859375 0.2721080703125 0.44541734765625 0.264594875 0.49718070703125 0.258492146484375 0.5538691640625 0.2502169765625 0.589343826171875 0.246181837890625 0.608451810546875 0.23861650390625 0.61286176171875 0.233707375 0.612106611328125 0.2294564375 0.610318669921875 0.22171201171875 0.6044651796875 0.214480638671875 0.585880552734375 0.20703987109375 0.562708171875 0.20680832421875 0.54214655859375 0.197258701171875 0.51201832421875 0.186735958984375 0.475088125 0.173288029296875 0.439611544921875 0.165164041015625 0.424437345703125 0.1671665546875 0.412132431640625 0.179154888671875 0.392326294921875 0.2003720078125 0.37735047265625 0.220805390625
0 0.535315322265625 0.19019472265625 0.5647185 0.201045271484375 0.589870740234375 0.2137190625 0.621429935546875 0.234681650390625 0.652410005859375 0.23119232421875 0.666512814453125 0.22396720703125 0.67746612890625 0.205634435546875 0.6708286953125 0.166969419921875 0.66609829296875 0.1446345859375 0.634772689453125 0.111254328125 0.618157865234375 0.095065046875 0.601338009765625 0.08679262109375 0.585316716796875 0.08767558203125 0.572595958984375 0.090397634765625 0.554022701171875 0.0995364453125 0.52982745703125 0.118724322265625 0.511904994140625 0.141914080078125 0.5201350625 0.170265798828125 0.535315322265625 0.19019472265625
1 0.6328125 0.275390625 0.060546875 0.0390625
1 0.5986328125 0.28125 0.01171875 0.0078125
1 0.6142578125 0.2919921875 0.015625 0.013671875
1 0.62109375 0.3076171875 0.017578125 0.015625
1 0.6943359375 0.3525390625 0.05859375 0.046875
1 0.51953125 0.2646484375 0.01171875 0.01171875
1 0.5234375 0.3681640625 0.03125 0.033203125
1 0.490234375 0.37109375 0.0234375 0.017578125
1 0.48828125 0.3857421875 0.0234375 0.017578125
1 0.376953125 0.3935546875 0.013671875 0.01171875
1 0.384765625 0.41015625 0.01171875 0.01171875
1 0.34765625 0.4384765625 0.013671875 0.01171875
1 0.2509765625 0.3974609375 0.025390625 0.01953125
0 0.396484375 0.4775390625 0.16015625 0.123046875
1 0.515625 0.5283203125 0.013671875 0.009765625
1 0.529296875 0.4794921875 0.052734375 0.052734375
1 0.599609375 0.47265625 0.037109375 0.03515625
1 0.560136712890625 0.5029892421875 0.58301654296875 0.495359998046875 0.601724708984375 0.47855324609375 0.6224739609375 0.466402103515625 0.628321830078125 0.457659998046875 0.62071633203125 0.441809 0.603246185546875 0.42828858203125 0.58770978125 0.417516607421875 0.5548557578125 0.40845306640625 0.532611884765625 0.407630650390625 0.522740087890625 0.413623458984375 0.529461509765625 0.441387513671875 0.53854851171875 0.463499689453125 0.5400329921875 0.472833576171875 0.550922208984375 0.492412974609375 0.560136712890625 0.5029892421875
1 0.701171875 0.4892578125 0.025390625 0.01953125
1 0.681640625 0.4921875 0.021484375 0.01953125
1 0.6708984375 0.509765625 0.0234375 0.017578125
0 0.6113961875 0.3812433203125 0.582744673828125 0.39447559375 0.57404581640625 0.3995024453125 0.585805359375 0.4170974453125 0.598702677734375 0.440877751953125 0.610707849609375 0.4584599140625 0.620533705078125 0.47825696875 0.626473634765625 0.487517240234375 0.635178662109375 0.498137732421875 0.641631595703125 0.504465169921875 0.64738046484375 0.508079166015625 0.660334470703125 0.505468140625 0.68295525 0.481583451171875 0.704960232421875 0.459494478515625 0.727445322265625 0.43127525390625 0.7425403515625 0.4134010859375 0.745794173828125 0.401286830078125 0.743664361328125 0.39024422265625 0.7261813359375 0.38218347265625 0.698363345703125 0.37637966015625 0.66897261328125 0.370979439453125 0.649394974609375 0.371074376953125 0.6113961875 0.3812433203125
1 0.7353515625 0.578125 0.0390625 0.029296875
1 0.708984375 0.60546875 0.021484375 0.01953125
1 0.6103515625 0.6650390625 0.08203125 0.060546875
1 0.4931640625 0.5517578125 0.09765625 0.056640625
1 0.4130859375 0.55859375 0.01953125 0.013671875
1 0.44876777734375 0.615263814453125 0.487676697265625 0.596092599609375 0.490502771484375 0.581261326171875 0.453902287109375 0.568365837890625 0.422355060546875 0.561989951171875 0.39468268359375 0.534706962890625 0.3664237265625 0.534548228515625 0.34115535546875 0.553426224609375 0.303348603515625 0.581451396484375 0.26807577734375 0.62218065625 0.264858912109375 0.637436236328125 0.293855380859375 0.64644379296875 0.3324391875 0.6435843203125 0.37548894140625 0.6410359375 0.413961126953125 0.632266451171875 0.44876777734375 0.615263814453125
1 0.4130859375 0.654296875 0.01171875 0.0078125
0 0.5058318671875 0.674449900390625 0.485925740234375 0.65497998828125 0.44895362109375 0.641111208984375 0.42374083203125 0.645638626953125 0.417619703125 0.64752392578125 0.416352974609375 0.6617133125 0.40104120703125 0.680828431640625 0.401191416015625 0.692593390625 0.410284861328125 0.70883494921875 0.4273339921875 0.71880390625 0.461926462890625 0.717916876953125 0.49175274609375 0.703466501953125 0.5058318671875 0.674449900390625
1 0.4462890625 0.728515625 0.021484375 0.015625
1 0.4111328125 0.7333984375 0.013671875 0.01171875
1 0.353515625 0.7265625 0.013671875 0.009765625
1 0.328125 0.6904296875 0.013671875 0.01171875
1 0.431640625 0.7978515625 0.015625 0.017578125
1 0.583984375 0.8193359375 0.0234375 0.0234375
1 0.536517408203125 0.836037083984375 0.54342168359375 0.848102244140625 0.55751988671875 0.850595275390625 0.573119384765625 0.825470990234375 0.592961853515625 0.7904802890625 0.60570719140625 0.75748189453125 0.60484587109375 0.734115107421875 0.58223294921875 0.7249283671875 0.542709580078125 0.72677978125 0.515183796875 0.74248546484375 0.5163030859375 0.742121494140625 0.5110796796875 0.761394595703125 0.50910441015625 0.7799178046875 0.51481278125 0.79620890234375 0.526866775390625 0.82225926953125 0.536517408203125 0.836037083984375
1 0.443359375 0.8671875 0.033203125 0.02734375
1 0.4296875 0.83984375 0.01171875 0.01171875
1 0.505859375 0.857421875 0.080078125 0.07421875
1 0.4453125 0.9970703125 0.03515625 0.005859375
0 0.521184416015625 0.89794993359375 0.495660193359375 0.878323568359375 0.470702173828125 0.86535023046875 0.45089067578125 0.874380841796875 0.415672310546875 0.900861865234375 0.393683333984375 0.934299548828125 0.388954185546875 0.94977782421875 0.422436921875 0.97581914453125 0.44931053515625 0.989459203125 0.48669726171875 0.987939828125 0.511766248046875 0.97552737109375 0.530140359375 0.94690540625 0.534228140625 0.92666603125 0.521184416015625 0.89794993359375
1 0.5810546875 0.927734375 0.01953125 0.021484375
1 0.5927734375 0.94140625 0.01171875 0.01171875
1 0.7041015625 0.892578125 0.076171875 0.06640625
1 0.705078125 0.8076171875 0.0859375 0.068359375
0 0.846783037109375 0.93199119140625 0.885472314453125 0.906864142578125 0.8864881875 0.835815537109375 0.855726056640625 0.772458423828125 0.79931031640625 0.78301451953125 0.765139326171875 0.803219357421875 0.721898529296875 0.829466806640625 0.700946046875 0.860761615234375 0.70163679296875 0.8605847421875 0.72655122265625 0.87699365625 0.74019712890625 0.900339080078125 0.7473565703125 0.919847125 0.758024423828125 0.93584700390625 0.778728921875 0.946789791015625 0.846783037109375 0.93199119140625
1 0.4853515625 0.1630859375 0.01171875 0.0078125
1 0.4462890625 0.12890625 0.009765625 0.0078125
1 0.73046875 0.2685546875 0.013671875 0.01171875
1 0.0380859375 0.669921875 0.02734375 0.03515625
1 0.0634765625 0.75390625 0.060546875 0.123046875
1 0.0712890625 0.82421875 0.021484375 0.021484375
1 0.69140625 0.720703125 0.021484375 0.01953125
1 0.71875 0.7451171875 0.01953125 0.01953125
1 0.6357421875 0.765625 0.0078125 0.0078125
1 0.6318359375 0.732421875 0.01171875 0.01171875
1 0.65234375 0.634765625 0.01171875 0.01171875
0 0.6715946875 0.70140405078125 0.693873390625 0.71277824609375 0.709265076171875 0.72343447265625 0.753848900390625 0.72487523828125 0.779779345703125 0.719245078125 0.8079393828125 0.695515328125 0.835564365234375 0.649182154296875 0.80427097265625 0.605782037109375 0.76989739453125 0.6050205 0.723772056640625 0.61098756640625 0.69728892578125 0.61462575 0.67249690625 0.6300480625 0.645753826171875 0.645798318359375 0.639897392578125 0.65115752734375 0.63979378515625 0.6513679765625 0.6514457890625 0.669027287109375 0.656698806640625 0.690140583984375 0.6715946875 0.70140405078125
1 0.8984375 0.71875 0.015625 0.015625
1 0.8798828125 0.7314453125 0.013671875 0.01171875