0 0.5732421875 0.9013671875 0.177734375 0.1591796875
0 0.595703125 0.69140625 0.1640625 0.1123046875
0 0.580078125 0.46875 0.134765625 0.1171875
0 0.55859375 0.2451171875 0.1689453125 0.130859375
1 0.546875 0.173828125 0.0185546875 0.015625
1 0.4443359375 0.2900390625 0.013671875 0.015625
0 0.56640625 0.048828125 0.142578125 0.0966796875
0 0.28125 0.0322265625 0.0830078125 0.0625
1 0.369140625 0.076171875 0.009765625 0.005859375
1 0.341796875 0.05078125 0.0126953125 0.015625
1 0.2216796875 0.1572265625 0.0126953125 0.0107421875
0 0.271484375 0.23046875 0.150390625 0.109375
1 0.3544921875 0.2119140625 0.0107421875 0.0078125
1 0.349609375 0.2529296875 0.0078125 0.0107421875
1 0.3720703125 0.23046875 0.009765625 0.005859375
1 0.3662109375 0.31640625 0.0283203125 0.025390625
1 0.35546875 0.38671875 0.0107421875 0.0078125
0 0.275390625 0.44921875 0.154296875 0.1123046875
0 0.2939453125 0.701171875 0.1904296875 0.138671875
1 0.25390625 0.7724609375 0.009765625 0.009765625
0 0.2685546875 0.9345703125 0.181640625 0.130859375
1 0.392578125 0.9873046875 0.009765625 0.0107421875
1 0.419921875 0.9794921875 0.013671875 0.0107421875
1 0.419921875 0.96484375 0.005859375 0.009765625