0 0.36328125 0.0439453125 0.12109375 0.072265625
1 0.380859375 0.1064453125 0.009765625 0.0078125
1 0.373046875 0.12109375 0.01171875 0.01171875
1 0.419921875 0.09765625 0.013671875 0.01171875
1 0.4169921875 0.1162109375 0.017578125 0.01171875
1 0.40625 0.126953125 0.017578125 0.013671875
1 0.408203125 0.138671875 0.01171875 0.01171875
1 0.4931640625 0.13671875 0.142578125 0.107421875
1 0.513671875 0.005859375 0.01953125 0.01171875
0 0.6201171875 0.0126953125 0.095703125 0.025390625
1 0.6455078125 0.0322265625 0.01171875 0.01171875
1 0.6298828125 0.052734375 0.009765625 0.01171875
0 0.6669921875 0.1220703125 0.166015625 0.15234375
1 0.556640625 0.185546875 0.013671875 0.01171875
1 0.5556640625 0.212890625 0.01953125 0.015625
1 0.6376953125 0.2734375 0.01171875 0.01171875
1 0.6298828125 0.333984375 0.01171875 0.01171875
0 0.693359375 0.3291015625 0.142578125 0.13671875
1 0.673828125 0.3974609375 0.01171875 0.01171875
0 0.3857421875 0.21484375 0.154296875 0.142578125
1 0.431640625 0.279296875 0.021484375 0.01953125
1 0.380859375 0.283203125 0.009765625 0.0078125
1 0.3740234375 0.29296875 0.013671875 0.01171875
1 0.421875 0.306640625 0.021484375 0.01953125
1 0.4482421875 0.3125 0.01953125 0.013671875
1 0.4326171875 0.3212890625 0.01171875 0.0078125
0 0.4521484375 0.3642578125 0.1328125 0.109375
1 0.44140625 0.419921875 0.015625 0.015625
1 0.49609375 0.3935546875 0.01171875 0.009765625
1 0.505859375 0.392578125 0.01171875 0.01171875
1 0.5439453125 0.3427734375 0.02734375 0.017578125
1 0.57421875 0.296875 0.013671875 0.01171875
1 0.6591796875 0.435546875 0.01171875 0.009765625
1 0.59765625 0.5126953125 0.06640625 0.06640625
1 0.5263671875 0.5380859375 0.017578125 0.017578125
1 0.4833984375 0.478515625 0.013671875 0.01171875
1 0.4365234375 0.501953125 0.0234375 0.015625
1 0.4638671875 0.4873046875 0.01953125 0.0234375
1 0.4501953125 0.51953125 0.009765625 0.0078125
1 0.4677734375 0.5166015625 0.0234375 0.01953125
1 0.49609375 0.5224609375 0.017578125 0.009765625
0 0.4248046875 0.580078125 0.173828125 0.1328125
1 0.5244140625 0.591796875 0.013671875 0.01171875
1 0.59375 0.6064453125 0.013671875 0.0078125
1 0.490234375 0.626953125 0.01171875 0.009765625
1 0.5087890625 0.625 0.02734375 0.0234375
1 0.49609375 0.6416015625 0.013671875 0.01171875
1 0.5107421875 0.6591796875 0.0546875 0.04296875
1 0.46875 0.6875 0.017578125 0.01171875
1 0.4912109375 0.6904296875 0.013671875 0.0078125
1 0.45703125 0.740234375 0.013671875 0.013671875
1 0.609375 0.7177734375 0.017578125 0.015625
1 0.66015625 0.6181640625 0.021484375 0.01953125
1 0.544921875 0.3662109375 0.0234375 0.01953125
1 0.7587890625 0.4677734375 0.017578125 0.009765625
1 0.7451171875 0.59375 0.01171875 0.01171875
0 0.659631708984375 0.538009806640625 0.676086720703125 0.562553201171875 0.6864750546875 0.57396426171875 0.71518494921875 0.58619454296875 0.73637966015625 0.587332421875 0.75504328515625 0.594222048828125 0.779511619140625 0.6021337265625 0.79897461328125 0.598743529296875 0.821436916015625 0.575603267578125 0.84749853515625 0.545179203125 0.843601041015625 0.516703634765625 0.8203360625 0.492418501953125 0.7918396875 0.48237487109375 0.763081083984375 0.468791779296875 0.738500859375 0.459272443359375 0.7165486875 0.464115740234375 0.685926298828125 0.47828682421875 0.66878637109375 0.496920814453125 0.65183990234375 0.52629463671875 0.659631708984375 0.538009806640625
1 0.708984375 0.6416015625 0.01171875 0.01171875
1 0.63671875 0.6982421875 0.009765625 0.0078125
0 0.43686179296875 0.793302990234375 0.463733208984375 0.801909228515625 0.4884146796875 0.810208322265625 0.50187915625 0.81179153125 0.5165331484375 0.808605328125 0.523211716796875 0.79966058984375 0.532867154296875 0.7852776328125 0.53504396875 0.774607236328125 0.54300141796875 0.759562568359375 0.55051566015625 0.74423866015625 0.53493796875 0.721582986328125 0.5239870234375 0.70838679296875 0.499139298828125 0.714600470703125 0.474977234375 0.7374068828125 0.45464647265625 0.748338017578125 0.45467101171875 0.7484642578125 0.429800611328125 0.770526099609375 0.41781908984375 0.785691787109375 0.41607593359375 0.78626500390625 0.43686179296875 0.793302990234375
1 0.5244140625 0.810546875 0.01171875 0.01171875
0 0.727044900390625 0.649743142578125 0.701412765625 0.660472466796875 0.680077232421875 0.674610044921875 0.688990490234375 0.731437970703125 0.6829509140625 0.74787537890625 0.711103935546875 0.766985373046875 0.74573163671875 0.767634876953125 0.782627763671875 0.76072501171875 0.81445232421875 0.74399793359375 0.819326044921875 0.7178909375 0.8155105390625 0.683329064453125 0.810881021484375 0.659252517578125 0.81008412109375 0.658901810546875 0.780300390625 0.648961033203125 0.750196625 0.644843736328125 0.727044900390625 0.649743142578125
1 0.546313263671875 0.867296041015625 0.5653364296875 0.872089767578125 0.594770673828125 0.89256426171875 0.632533701171875 0.90367448046875 0.667149 0.903351001953125 0.6932725625 0.892776908203125 0.71569567578125 0.849264873046875 0.754049595703125 0.83404434375 0.7619771015625 0.7962147421875 0.718220060546875 0.766431171875 0.69767964453125 0.74152125 0.702252064453125 0.715528091796875 0.66878276953125 0.713680580078125 0.6247133203125 0.73880906640625 0.571190369140625 0.77887846484375 0.505293103515625 0.834416611328125 0.506965884765625 0.8526265 0.515825779296875 0.8633705234375 0.546313263671875 0.867296041015625
1 0.5419921875 0.8876953125 0.029296875 0.025390625
0 0.5478515625 0.9306640625 0.1015625 0.08984375
1 0.5517578125 0.9833984375 0.03515625 0.021484375
1 0.4853515625 0.982421875 0.025390625 0.025390625
1 0.4697265625 0.9296875 0.02734375 0.017578125
0 0.7919921875 0.8935546875 0.15234375 0.130859375