0 0.55859375 0.0361328125 0.115234375 0.072265625
1 0.4541015625 0.138671875 0.0859375 0.07421875
0 0.5628059296875 0.235895228515625 0.622725875 0.194469310546875 0.6371919609375 0.18072509765625 0.662397220703125 0.125222666015625 0.64407913671875 0.11696935546875 0.5970157578125 0.0940393515625 0.534755376953125 0.083652072265625 0.49744255078125 0.0965474453125 0.4886308828125 0.10718677734375 0.50249264453125 0.15805844921875 0.4755241484375 0.188086615234375 0.48187933984375 0.2058941875 0.498123734375 0.226364701171875 0.52795259375 0.2368683984375 0.5628059296875 0.235895228515625
0 0.2900390625 0.0263671875 0.1484375 0.052734375
1 0.376953125 0.0556640625 0.01953125 0.01171875
1 0.37109375 0.0869140625 0.015625 0.02734375
1 0.392578125 0.1181640625 0.01953125 0.005859375
1 0.380859375 0.185546875 0.029296875 0.01953125
1 0.337890625 0.19921875 0.015625 0.017578125
0 0.31183690234375 0.126956515625 0.28095462109375 0.1199985078125 0.263118791015625 0.139347783203125 0.23262532421875 0.139312744140625 0.21530641015625 0.153129294921875 0.2045913515625 0.187084056640625 0.2089391640625 0.22517790625 0.23686915234375 0.245128490234375 0.300464771484375 0.24660124609375 0.324443298828125 0.222883435546875 0.332362798828125 0.19612291015625 0.34645966015625 0.143049451171875 0.31183690234375 0.126956515625
1 0.2626953125 0.134765625 0.01171875 0.01171875
1 0.2119140625 0.1484375 0.01953125 0.013671875
1 0.279296875 0.2783203125 0.021484375 0.01171875
1 0.2998046875 0.3134765625 0.01171875 0.009765625
1 0.2861328125 0.31640625 0.01171875 0.009765625
1 0.39453125 0.3076171875 0.01953125 0.013671875
1 0.438321337890625 0.231783267578125 0.38567437109375 0.22790753515625 0.368358470703125 0.25044080859375 0.35179608984375 0.280387595703125 0.35714005859375 0.308861626953125 0.378038193359375 0.308013916015625 0.400233892578125 0.299950494140625 0.428331162109375 0.3015973125 0.47034595703125 0.30657619921875 0.4624339921875 0.286924009765625 0.452534240234375 0.24302955859375 0.438321337890625 0.231783267578125
0 0.2505033515625 0.44855075390625 0.30247365625 0.47110211328125 0.319277162109375 0.433408384765625 0.328595197265625 0.40177634765625 0.345981927734375 0.374008744140625 0.33338005078125 0.33514743359375 0.300662193359375 0.327198169921875 0.251543208984375 0.314814814453125 0.215648509765625 0.337666830078125 0.194929712890625 0.35742074609375 0.19507438671875 0.40331126953125 0.2505033515625 0.44855075390625
1 0.21875 0.4853515625 0.0234375 0.017578125
1 0.232421875 0.505859375 0.02734375 0.01953125
1 0.2998046875 0.5029296875 0.01953125 0.009765625
1 0.28515625 0.51953125 0.01171875 0.009765625
1 0.3671875 0.5166015625 0.03515625 0.0390625
1 0.3755636328125 0.432837591796875 0.384929892578125 0.41501645703125 0.38553873828125 0.384689896484375 0.37325183203125 0.375024865234375 0.373462818359375 0.37443825 0.3446647734375 0.3862756796875 0.33355034765625 0.39850192578125 0.3313741796875 0.423852990234375 0.338009681640625 0.4390903046875 0.34856198046875 0.445419876953125 0.3755636328125 0.432837591796875
1 0.419921875 0.330078125 0.056640625 0.025390625
1 0.4521484375 0.3828125 0.025390625 0.025390625
1 0.44200153125 0.37185555859375 0.43381226953125 0.345960830078125 0.40868537890625 0.34252364453125 0.39609706640625 0.367045083984375 0.384128146484375 0.400700322265625 0.3751989296875 0.424748173828125 0.348066166015625 0.44342380078125 0.344913435546875 0.45694873828125 0.39737654296875 0.445723921875 0.445666654296875 0.46141334765625 0.452104732421875 0.444810654296875 0.451931423828125 0.396104599609375 0.4445951484375 0.374246103515625 0.44200153125 0.37185555859375
1 0.48664158984375 0.46888111328125 0.45957362890625 0.43937400390625 0.43159390625 0.44384878515625 0.387892734375 0.44417091796875 0.3817907265625 0.461081044921875 0.431048357421875 0.50387008203125 0.4515848046875 0.484403255859375 0.48494616796875 0.46847647265625 0.48664158984375 0.46888111328125
1 0.5078125 0.447265625 0.013671875 0.01171875
0 0.5849609375 0.36328125 0.16796875 0.119140625
1 0.5478515625 0.46484375 0.021484375 0.015625
1 0.5068359375 0.283203125 0.01171875 0.01171875
0 0.266817068359375 0.537380642578125 0.240550853515625 0.53711389453125 0.21140317578125 0.541318541015625 0.193300599609375 0.580703169921875 0.19092550390625 0.604435673828125 0.218843435546875 0.62100445703125 0.24823525390625 0.6224715625 0.286939080078125 0.633812798828125 0.32196873828125 0.643792046875 0.348721728515625 0.61006333984375 0.35111038671875 0.585582591796875 0.339586044921875 0.56527823046875 0.31856583984375 0.544509322265625 0.305905189453125 0.537929958984375 0.266817068359375 0.537380642578125
1 0.2060546875 0.6298828125 0.04296875 0.021484375
1 0.3042745703125 0.689159251953125 0.283554265625 0.67110641015625 0.284958828125 0.64725748828125 0.27850869140625 0.62442920703125 0.243236400390625 0.63684308203125 0.21585798828125 0.64167955078125 0.1847993828125 0.6403356484375 0.153531298828125 0.64090869921875 0.13309431640625 0.64156426171875 0.129673333984375 0.65465065234375 0.166425541015625 0.677944607421875 0.17159016796875 0.68516823046875 0.2019660859375 0.684911658203125 0.208025896484375 0.700578478515625 0.2424934296875 0.731048583984375 0.268877193359375 0.7017754453125 0.3042745703125 0.689159251953125
1 0.19140625 0.69140625 0.02734375 0.015625
1 0.3359375 0.677734375 0.046875 0.03125
1 0.310546875 0.701171875 0.072265625 0.03125
1 0.37890625 0.68359375 0.013671875 0.015625
1 0.408203125 0.6875 0.013671875 0.005859375
1 0.450862931640625 0.646544279296875 0.407701279296875 0.63754385546875 0.380466037109375 0.64794356640625 0.39669234765625 0.66293787109375 0.426424755859375 0.69416865625 0.442120587890625 0.70296562890625 0.479020484375 0.679871736328125 0.5040448984375 0.658645064453125 0.450862931640625 0.646544279296875
1 0.39542492578125 0.631252712890625 0.449086130859375 0.631108037109375 0.476961865234375 0.620856390625 0.43879002734375 0.58493155078125 0.41432924609375 0.57452392578125 0.38352834375 0.558374474609375 0.36431809375 0.578338623046875 0.354780033203125 0.591942681640625 0.36710310546875 0.60751116796875 0.39542492578125 0.631252712890625
1 0.34409209765625 0.554152876953125 0.337358638671875 0.57066627734375 0.366360134765625 0.5735213671875 0.3943926015625 0.57290875390625 0.425962095703125 0.577779134765625 0.45090512890625 0.558681912109375 0.441730263671875 0.55251623046875 0.416776681640625 0.545466669921875 0.392793630859375 0.55647560546875 0.366060232421875 0.549393265625 0.34409209765625 0.554152876953125
1 0.3896484375 0.548828125 0.01953125 0.015625
1 0.5107421875 0.615234375 0.013671875 0.009765625
1 0.546875 0.671875 0.041015625 0.02734375
1 0.58203125 0.6376953125 0.01171875 0.01171875
1 0.576171875 0.611328125 0.009765625 0.005859375
0 0.5732421875 0.5478515625 0.16015625 0.115234375
1 0.5244140625 0.607421875 0.01171875 0.01171875
1 0.55078125 0.71484375 0.017578125 0.013671875
1 0.455078125 0.75 0.08203125 0.046875
1 0.390625 0.7998046875 0.033203125 0.025390625
0 0.33019266015625 0.83843655078125 0.355877158203125 0.82304212890625 0.38123312109375 0.80322830859375 0.40007716015625 0.763888888671875 0.397396134765625 0.76325480078125 0.38963939453125 0.75348917578125 0.338992271484375 0.71260353515625 0.309749650390625 0.71736427734375 0.274537638671875 0.7369384765625 0.244716314453125 0.76725599609375 0.242538640625 0.78922978125 0.25970986328125 0.8143412265625 0.28569727734375 0.83361251171875 0.30950249609375 0.86186726953125 0.33019266015625 0.83843655078125
1 0.2412109375 0.849609375 0.01171875 0.009765625
1 0.294921875 0.853515625 0.015625 0.005859375
1 0.4013671875 0.810546875 0.013671875 0.01171875
0 0.63446723046875 0.73637107421875 0.580203208984375 0.694854736328125 0.548413689453125 0.722767017578125 0.502720208984375 0.73307969921875 0.49643584765625 0.75191582421875 0.491824302734375 0.783792001953125 0.504337263671875 0.813703748046875 0.520307376953125 0.8355645078125 0.566196771484375 0.830584490234375 0.6152193046875 0.81359976171875 0.649326654296875 0.797050193359375 0.662808642578125 0.755497685546875 0.63446723046875 0.73637107421875
1 0.5693359375 0.84765625 0.01171875 0.009765625
1 0.332456732421875 0.829790580078125 0.314998673828125 0.86617476953125 0.295437283203125 0.89786896875 0.33260543359375 0.895191333984375 0.347412109375 0.914048935546875 0.358487353515625 0.922223126953125 0.38402416015625 0.91797326953125 0.408632630859375 0.88978972265625 0.43781497265625 0.86309136328125 0.45868447265625 0.83759901171875 0.4501501015625 0.827581333984375 0.40439633984375 0.838805021484375 0.36542275390625 0.8366314921875 0.340321482421875 0.827808521484375 0.332456732421875 0.829790580078125
1 0.47146116796875 0.9307963046875 0.46288459765625 0.897479021484375 0.43483103125 0.87203414453125 0.422242716796875 0.875670255859375 0.398271724609375 0.8935162578125 0.370655201171875 0.9270788125 0.36638726171875 0.946171513671875 0.3993522734375 0.964206271484375 0.438533830078125 0.953965927734375 0.47146116796875 0.9307963046875
1 0.507889359375 0.939062048828125 0.5355058828125 0.913992423828125 0.548045970703125 0.8928573046875 0.56061318359375 0.869657162109375 0.546296296875 0.84722222265625 0.461773908203125 0.866218849609375 0.4518289453125 0.889560275390625 0.46294337109375 0.93784360546875 0.48276698828125 0.97797648046875 0.515216591796875 0.96851490234375 0.507889359375 0.939062048828125
0 0.58707682421875 1 0.632949640625 0.994649251953125 0.66616331640625 0.96284767578125 0.656010380859375 0.947200068359375 0.620463806640625 0.91148658984375 0.58815586328125 0.889348912109375 0.55298605078125 0.896994130859375 0.52629635546875 0.913323296875 0.506745515625 0.938305890625 0.4989917890625 0.96815547265625 0.506543572265625 1 0.58707682421875 1
0 0.40906666015625 1 0.379748685546875 0.961369267578125 0.3540656953125 0.91898600390625 0.33289327734375 0.90366391796875 0.273075810546875 0.9119906953125 0.24068347265625 0.94431672265625 0.25688868359375 1 0.3599250703125 1 0.40894609765625 1 0.40906666015625 1
1 0.279296875 0.869140625 0.01171875 0.009765625