0 0.9775390625 0.3876953125 0.044921875 0.115234375
1 0.91796875 0.408203125 0.005859375 0.0107421875
1 0.9111328125 0.435546875 0.005859375 0.009765625
1 0.955078125 0.556640625 0.0126953125 0.0185546875
1 0.962890625 0.5751953125 0.0126953125 0.0126953125
1 0.935546875 0.662109375 0.009765625 0.0126953125
0 1 0.608272515625 0.989488892578125 0.6005283359375 0.985338501953125 0.605956361328125 0.965007515625 0.638596857421875 0.94465141015625 0.662473744140625 0.9251442734375 0.68859578515625 0.923155984375 0.704070751953125 0.95127234375 0.76150575390625 0.9690293046875 0.770908349609375 1 0.75238983203125 1 0.608272515625
1 0.900390625 0.75 0.009765625 0.0126953125
1 0.8671875 0.751953125 0.009765625 0.0126953125
1 0.787109375 0.751953125 0.037109375 0.037109375
0 0.76566619140625 0.722625439453125 0.79694432421875 0.73882110546875 0.810548884765625 0.752901556640625 0.826815884765625 0.7850356875 0.837344072265625 0.7840993125 0.846820345703125 0.76668863671875 0.85724203515625 0.742212951171875 0.880554953125 0.735648951171875 0.888847697265625 0.71513444140625 0.89332159765625 0.684867701171875 0.884601859375 0.65882603515625 0.873149353515625 0.6140488359375 0.8424438984375 0.6014593515625 0.79744968359375 0.620477537109375 0.760041916015625 0.6349290546875 0.748309099609375 0.696277005859375 0.76566619140625 0.722625439453125
1 0.826171875 0.556640625 0.0205078125 0.0341796875
1 0.8603515625 0.580078125 0.052734375 0.0576171875
0 0.814453125 0.4072265625 0.123046875 0.146484375
1 0.689453125 0.509765625 0.0263671875 0.025390625
1 0.7890625 0.552734375 0.005859375 0.005859375
1 0.7548828125 0.5546875 0.005859375 0.0185546875
1 0.7451171875 0.64453125 0.015625 0.0126953125
1 0.7431640625 0.666015625 0.009765625 0.009765625
1 0.732421875 0.6875 0.009765625 0.0185546875
1 0.65197678515625 0.64948539453125 0.6596461171875 0.66641248046875 0.66850826953125 0.689160759765625 0.681071716796875 0.701355734375 0.68899272265625 0.701355734375 0.710611224609375 0.692938408203125 0.71205723046875 0.68334558984375 0.7152702421875 0.67203776171875 0.71739969140625 0.6589506171875 0.71531093359375 0.642351064453125 0.71114923828125 0.6182193203125 0.702181591796875 0.6085471328125 0.6846554609375 0.60548884375 0.66892270703125 0.616502298828125 0.656583056640625 0.634339634765625 0.65197678515625 0.64948539453125
1 0.6572265625 0.513671875 0.0078125 0.0126953125
0 0.611328125 0.4208984375 0.119140625 0.177734375
1 0.5869140625 0.548828125 0.0078125 0.0107421875
1 0.5810546875 0.5400390625 0.005859375 0.009765625
1 0.5673828125 0.541015625 0.0107421875 0.0126953125
1 0.501228923828125 0.434672244140625 0.494237623046875 0.459022736328125 0.49294047265625 0.49184225 0.47967385546875 0.51033117578125 0.46650998828125 0.52499824609375 0.4887128125 0.5315919609375 0.501528138671875 0.542051373046875 0.498722576171875 0.5602575234375 0.495463259765625 0.591874693359375 0.503247810546875 0.59152505859375 0.508684666015625 0.5728180234375 0.516562927734375 0.559766501953125 0.528910525390625 0.550980728515625 0.540456650390625 0.5567118671875 0.55871212109375 0.55190796875 0.557028619140625 0.54058159765625 0.55046805859375 0.52022723046875 0.53737406640625 0.50052609375 0.52167590625 0.48019583984375 0.51155845703125 0.463781697265625 0.5090553984375 0.435848283203125 0.501228923828125 0.434672244140625
1 0.4912109375 0.46484375 0.005859375 0.009765625
1 0.4892578125 0.4873046875 0.0029296875 0.005859375
1 0.4482421875 0.576171875 0.0185546875 0.015625
1 0.451967591796875 0.496761232421875 0.440050736328125 0.48096305859375 0.42740638671875 0.50610598046875 0.41947140625 0.532069830078125 0.41889434765625 0.55697272265625 0.42482852734375 0.581243205078125 0.432496349609375 0.581879998046875 0.442751900390625 0.56930415234375 0.453871396484375 0.559213005859375 0.472018361328125 0.55444746875 0.49769816796875 0.55553823046875 0.49958076953125 0.548629744140625 0.4990012421875 0.53983410546875 0.48357681640625 0.52952484765625 0.465392861328125 0.52361286328125 0.451967591796875 0.496761232421875
1 0.4189453125 0.498046875 0.015625 0.0263671875
1 0.505859375 0.6171875 0.0126953125 0.015625
1 0.525194984375 0.70709372265625 0.54349648828125 0.705853017578125 0.556990806640625 0.69121115625 0.569406630859375 0.66860554296875 0.5733285 0.64076967578125 0.582238400390625 0.62509973828125 0.58911297265625 0.623144421875 0.5883147890625 0.609302662109375 0.57049498828125 0.61605530078125 0.5558333984375 0.6198727734375 0.534874296875 0.61962287890625 0.52728538671875 0.61904855859375 0.51156667578125 0.632490267578125 0.509013474609375 0.652891763671875 0.51318934765625 0.69363228515625 0.525194984375 0.70709372265625
0 0.572544291015625 0.741833482421875 0.593799322265625 0.76492134765625 0.609912603515625 0.7723973671875 0.63553421484375 0.76742577734375 0.65766469921875 0.7366470703125 0.66999503515625 0.714382322265625 0.672307384765625 0.694076177734375 0.658676609375 0.66555200390625 0.6529824609375 0.64851860546875 0.63221653515625 0.62505808984375 0.612090138671875 0.6083535 0.60052757421875 0.59972774609375 0.59080305078125 0.610084130859375 0.57710076171875 0.62913422265625 0.5722960390625 0.655824740234375 0.56614566796875 0.673576037109375 0.553901646484375 0.69272258203125 0.54656838671875 0.70648871484375 0.551191439453125 0.71761341796875 0.572544291015625 0.741833482421875
1 0.4990234375 0.7724609375 0.005859375 0.009765625
1 0.4912109375 0.697265625 0.005859375 0.009765625
1 0.509765625 0.6904296875 0.0048828125 0.0078125
1 0.471157703125 0.770003638671875 0.487803654296875 0.770003638671875 0.505911984375 0.770003638671875 0.51783541796875 0.76900296484375 0.51663033203125 0.737795708984375 0.50583553515625 0.718844259765625 0.483942615234375 0.706498580078125 0.470598728515625 0.6860762578125 0.4684310546875 0.703871396484375 0.484146478515625 0.72157666015625 0.476991595703125 0.72932449609375 0.458271681640625 0.72725848046875 0.450915404296875 0.745875640625 0.46018863671875 0.76986444140625 0.471157703125 0.770003638671875
0 0.45051261328125 0.740286984375 0.46117917578125 0.73085345703125 0.4792932578125 0.72821750390625 0.48032571875 0.720138669921875 0.46825925390625 0.705205263671875 0.47080834375 0.66527690234375 0.4666464453125 0.64655780859375 0.41476615234375 0.6287593828125 0.388592138671875 0.649570794921875 0.3773961953125 0.67619993359375 0.36564867578125 0.699466453125 0.379196423828125 0.75721297265625 0.391444556640625 0.773564638671875 0.421074349609375 0.793430177734375 0.435302734375 0.780606630859375 0.45051261328125 0.740286984375
1 0.373046875 0.6748046875 0.005859375 0.0107421875
1 0.341796875 0.6728515625 0.0595703125 0.0966796875
1 0.3056640625 0.6533203125 0.005859375 0.0107421875
1 0.33984375 0.564453125 0.015625 0.017578125
1 0.392578125 0.55859375 0.0029296875 0.009765625
1 0.326171875 0.5654296875 0.0078125 0.015625
1 0.3583984375 0.4111328125 0.005859375 0.005859375
1 0.3681640625 0.421875 0.005859375 0.0078125
1 0.38671875 0.4228515625 0.005859375 0.0126953125
1 0.482421875 0.416015625 0.009765625 0.009765625
0 0.37953838671875 0.462562912109375 0.40316823828125 0.48403961328125 0.436081189453125 0.483831369140625 0.449373291015625 0.4874734765625 0.467596703125 0.450094478515625 0.477260396484375 0.416557064453125 0.482388171875 0.381524666015625 0.47462663671875 0.34406017578125 0.44044612890625 0.321548822265625 0.421574962890625 0.339866767578125 0.40589899609375 0.35276594140625 0.3790336640625 0.369552732421875 0.36219700390625 0.382308326171875 0.36255129296875 0.404171927734375 0.392562505859375 0.418270158203125 0.38264151953125 0.43748684765625 0.37953838671875 0.462562912109375
1 0.31640625 0.548828125 0.0029296875 0.009765625
1 0.287109375 0.5458984375 0.005859375 0.009765625
1 0.2685546875 0.548828125 0.005859375 0.0078125
1 0.25 0.5576171875 0.015625 0.0263671875
1 0.248046875 0.7265625 0.0078125 0.0078125
1 0.2509765625 0.751953125 0.005859375 0.005859375
1 0.228515625 0.7265625 0.0078125 0.009765625
1 0.2314453125 0.7021484375 0.005859375 0.0078125
0 0.20484878125 0.741630716796875 0.21859463671875 0.7250861484375 0.22802734375 0.6981523125 0.246795755859375 0.677585314453125 0.24684672265625 0.66302017578125 0.22754810546875 0.641924890625 0.21500733203125 0.627941744140625 0.2007477109375 0.63649187109375 0.190445306640625 0.638291552734375 0.17718033203125 0.647657126953125 0.168508818359375 0.655640607421875 0.16782736328125 0.6766865703125 0.174281880859375 0.703673013671875 0.184957484375 0.729089943359375 0.20484878125 0.741630716796875
1 0.162109375 0.7255859375 0.0078125 0.009765625
1 0.1328125 0.6904296875 0.021484375 0.0205078125
1 0.1650390625 0.6591796875 0.005859375 0.009765625
1 0.1591796875 0.544921875 0.080078125 0.134765625
1 0.220703125 0.55859375 0.005859375 0.009765625
1 0.294921875 0.537109375 0.005859375 0.009765625
1 0.380859375 0.5458984375 0.005859375 0.0078125
1 0.1806640625 0.44921875 0.005859375 0.005859375
1 0.193359375 0.4521484375 0.005859375 0.005859375
0 0.25056144140625 0.32945667578125 0.228567412109375 0.32275555078125 0.210967091796875 0.32947859765625 0.18664591796875 0.33367858203125 0.165973701171875 0.33722752734375 0.15993266015625 0.35107586328125 0.1611928203125 0.38960898046875 0.168197271484375 0.418940927734375 0.1857458046875 0.437232568359375 0.196860369140625 0.45167276171875 0.19823232421875 0.48344556640625 0.212345625 0.47913049609375 0.24019820703125 0.470609962890625 0.2556563359375 0.461988591796875 0.262463501953125 0.44683598046875 0.265298658203125 0.41913492578125 0.2666130703125 0.378162044921875 0.25056144140625 0.32945667578125
1 0.1181640625 0.404296875 0.009765625 0.009765625
1 0.099609375 0.431640625 0.009765625 0.013671875
1 0.1005859375 0.5419921875 0.005859375 0.005859375
1 0.06640625 0.548828125 0.0126953125 0.013671875
1 0.0517578125 0.5498046875 0.005859375 0.0078125
1 0.0458984375 0.560546875 0.009765625 0.0107421875
1 0.0234375 0.5556640625 0.005859375 0.009765625
1 0.0537109375 0.62109375 0.0126953125 0.009765625
1 0.064453125 0.658203125 0.005859375 0.005859375
0 0 0.76818532421875 0.00462962890625 0.788439955078125 0.02210582421875 0.7801791796875 0.053518583984375 0.7551491484375 0.0644753203125 0.72293244921875 0.06403060546875 0.683139994140625 0.0603775390625 0.662829466796875 0.04244512109375 0.63213405859375 0.03445588671875 0.6259765625 0 0.62879555078125 0 0.76818532421875
0 0.0390625 0.423828125 0.078125 0.1044921875