1 0.15234375 0.2041015625 0.115234375 0.125
1 0.1865234375 0.0986328125 0.052734375 0.03125
1 0.2021484375 0.1259765625 0.013671875 0.009765625
1 0.2216796875 0.00390625 0.025390625 0.0078125
1 0.339311912109375 0 0.32793670703125 0.05726820703125 0.332694998046875 0.112772498046875 0.400192435546875 0.136976720703125 0.475318541015625 0.15302201171875 0.502772775390625 0.13765641796875 0.530395095703125 0.0961970859375 0.54496497265625 0.083939455078125 0.548877416015625 0.070139228515625 0.5290438828125 0.053204986328125 0.49235212109375 0.0314884140625 0.44233080859375 0.001702640625 0.437878412109375 0 0.339311912109375 0
1 0.6845703125 0.0517578125 0.013671875 0.01171875
1 0.6904296875 0.083984375 0.025390625 0.01953125
0 0.648279083984375 0.0194641875 0.58668223828125 0.00749097265625 0.5586070859375 0.01739452734375 0.530345021484375 0.051394529296875 0.54149716015625 0.08158757421875 0.5385072734375 0.124156947265625 0.550283255859375 0.142150234375 0.589237056640625 0.148989115234375 0.620539375 0.141348556640625 0.63449319140625 0.122466546875 0.65165562890625 0.08669851171875 0.682006224609375 0.0650978359375 0.682004140625 0.0644315703125 0.648279083984375 0.0194641875
1 0.67578125 0.119140625 0.03515625 0.044921875
1 0.771484375 0.05859375 0.056640625 0.037109375
1 0.7783203125 0.205078125 0.029296875 0.025390625
0 0.82148872265625 0.196029201171875 0.851459271484375 0.18697175390625 0.88162996484375 0.145102423828125 0.869231240234375 0.118343765625 0.838660025390625 0.08599988671875 0.806109205078125 0.0796726484375 0.7827923515625 0.081904173828125 0.76202724609375 0.093808982421875 0.72912953125 0.137828779296875 0.714752990234375 0.177443943359375 0.72156207421875 0.186418294921875 0.74264619140625 0.205918236328125 0.777932716796875 0.196682142578125 0.82148872265625 0.196029201171875
1 0.5439453125 0.2841796875 0.013671875 0.01171875
0 0.503829193359375 0.29265816015625 0.530513669921875 0.285106927734375 0.552367634765625 0.27205047265625 0.5723271484375 0.25860340234375 0.57637234765625 0.235734611328125 0.571801107421875 0.220491927734375 0.55072341796875 0.209236197265625 0.509047349609375 0.192563244140625 0.459399845703125 0.19856701171875 0.428897548828125 0.215071880859375 0.43196126171875 0.241491150390625 0.44657373828125 0.268189279296875 0.472728310546875 0.290578962890625 0.48867542578125 0.293341890625 0.503829193359375 0.29265816015625
1 0.60202120703125 0.171020876953125 0.59701955859375 0.171875162109375 0.569349482421875 0.214527966796875 0.57657746875 0.252064341796875 0.58781126953125 0.267115099609375 0.625161068359375 0.270245787109375 0.662019716796875 0.245321513671875 0.654399654296875 0.22063395703125 0.65697508203125 0.191786775390625 0.60202120703125 0.171020876953125
1 0.6083984375 0.1572265625 0.009765625 0.0078125
1 0.61041712109375 0.146855453125 0.622030958984375 0.165159361328125 0.641901833984375 0.189637177734375 0.665806037109375 0.21051563671875 0.716015603515625 0.238448333984375 0.733044533203125 0.230374341796875 0.736989369140625 0.206108267578125 0.716152958984375 0.175576373046875 0.694602447265625 0.15810573046875 0.676232650390625 0.147532958984375 0.644755455078125 0.14435682421875 0.624237845703125 0.142396447265625 0.60669248046875 0.14524715234375 0.61041712109375 0.146855453125
1 0.70703125 0.146484375 0.04296875 0.04296875
1 0.7841796875 0.2509765625 0.015625 0.01171875
1 0.7763671875 0.265625 0.013671875 0.01953125
1 0.6943359375 0.263671875 0.056640625 0.052734375
1 0.6640625 0.291015625 0.07421875 0.06640625
0 0.82912298828125 0.3057362734375 0.815729203125 0.27562991796875 0.788856203125 0.2680929375 0.752833955078125 0.2761674921875 0.7279876171875 0.27903733984375 0.70442236328125 0.305519166015625 0.70029083984375 0.327947451171875 0.7139882578125 0.348088095703125 0.741546990234375 0.35375816015625 0.77595822265625 0.336776138671875 0.78911157421875 0.32468399609375 0.83643696484375 0.324669001953125 0.82912298828125 0.3057362734375
1 0.75 0.26953125 0.013671875 0.01171875
1 0.71484375 0.365234375 0.021484375 0.017578125
1 0.7099609375 0.3515625 0.029296875 0.015625
1 0.7724609375 0.3759765625 0.02734375 0.01953125
1 0.927734375 0.294921875 0.048828125 0.0546875
1 0.90625 0.2314453125 0.013671875 0.0078125
1 0.943159623046875 0.435454748046875 0.956138076171875 0.416662123046875 0.939598755859375 0.36755294921875 0.90151747265625 0.315588158203125 0.8576891796875 0.294832 0.837974794921875 0.309103115234375 0.8175937578125 0.33082964453125 0.79494370703125 0.35253095703125 0.77379933984375 0.388005296875 0.773085087890625 0.41625889453125 0.79652908984375 0.43508190625 0.839726505859375 0.4448037734375 0.90028074609375 0.44602848828125 0.943159623046875 0.435454748046875
1 0.590381953125 0.330759529296875 0.598762236328125 0.36146520703125 0.6364976796875 0.37021222265625 0.687358916015625 0.359228048828125 0.70047159375 0.3488887109375 0.70117185546875 0.32794631640625 0.657381029296875 0.316177322265625 0.62990520703125 0.301902736328125 0.619903150390625 0.28549781640625 0.608481833984375 0.271655474609375 0.60755730078125 0.272494291015625 0.59804048046875 0.29617996484375 0.590381953125 0.330759529296875
1 0.6696223828125 0.355525126953125 0.636882658203125 0.355396029296875 0.616563166015625 0.361289451171875 0.603095611328125 0.3787710859375 0.62120722265625 0.39153864453125 0.66157079296875 0.424017359375 0.70123209375 0.43463624609375 0.72002830859375 0.41816539453125 0.709582634765625 0.38835137109375 0.6696223828125 0.355525126953125
1 0.608485779296875 0.3708271015625 0.596960767578125 0.36783547265625 0.582155748046875 0.3755890390625 0.57295175390625 0.404137337890625 0.575263150390625 0.434445001953125 0.57946133984375 0.438671931640625 0.606137337890625 0.456357205078125 0.629128732421875 0.457496984375 0.6658888125 0.434551126953125 0.641221294921875 0.4105950390625 0.6285096875 0.39401215625 0.608485779296875 0.3708271015625
0 0.537842849609375 0.388151375 0.4724345390625 0.372335650390625 0.455628841796875 0.37009932421875 0.4400473984375 0.373506794921875 0.417972537109375 0.38514516796875 0.41314641796875 0.41019003515625 0.413461677734375 0.433923521484375 0.4167722578125 0.4653281328125 0.42896241015625 0.482643953125 0.46771526171875 0.492204587890625 0.498194759765625 0.49440249609375 0.522592400390625 0.464143904296875 0.544678103515625 0.448405892578125 0.534992228515625 0.40445034375 0.537842849609375 0.388151375
1 0.5146484375 0.4853515625 0.013671875 0.009765625
1 0.5625 0.5166015625 0.08984375 0.068359375
1 0.6259765625 0.51953125 0.056640625 0.060546875
1 0.608371982421875 0.493504611328125 0.6149211953125 0.481881568359375 0.613269302734375 0.460718828125 0.575727970703125 0.42005753125 0.578362662109375 0.421694779296875 0.562341658203125 0.39740471875 0.542442419921875 0.401325669921875 0.534822578125 0.411569427734375 0.5337479765625 0.43082705078125 0.53584609375 0.451914669921875 0.520498595703125 0.46271180078125 0.531915501953125 0.474708357421875 0.570513892578125 0.488638111328125 0.601259333984375 0.494477560546875 0.608371982421875 0.493504611328125
1 0.7509765625 0.537109375 0.009765625 0.0078125
1 0.703125 0.5322265625 0.013671875 0.0078125
1 0.7001953125 0.5439453125 0.017578125 0.01171875
1 0.7158203125 0.5439453125 0.015625 0.009765625
1 0.720703125 0.53515625 0.01953125 0.01171875
0 0.7361457421875 0.449135419921875 0.6887567890625 0.456211162109375 0.684453923828125 0.479466755859375 0.663848326171875 0.523028232421875 0.678270880859375 0.529807107421875 0.72208020703125 0.527995384765625 0.75312176171875 0.5315803125 0.75949194140625 0.552489021484375 0.757776318359375 0.553326712890625 0.76646346875 0.555681181640625 0.77717898828125 0.547636697265625 0.79857077734375 0.507946849609375 0.83829537890625 0.497063958984375 0.836973435546875 0.485396599609375 0.817110484375 0.455218416015625 0.78610821484375 0.44729725 0.7361457421875 0.449135419921875
1 0.794921875 0.5908203125 0.017578125 0.015625
1 0.7353515625 0.5791015625 0.01171875 0.0078125
1 0.7109375 0.5986328125 0.01953125 0.021484375
1 0.6904296875 0.599609375 0.0234375 0.015625
1 0.65625 0.583984375 0.013671875 0.01171875
1 0.6650390625 0.59765625 0.009765625 0.005859375
1 0.673828125 0.611328125 0.015625 0.013671875
1 0.685546875 0.62109375 0.013671875 0.009765625
1 0.583984375 0.619140625 0.05859375 0.0546875
1 0.572265625 0.587890625 0.044921875 0.03125
1 0.57421875 0.7109375 0.095703125 0.10546875
1 0.39453125 0.5859375 0.0546875 0.03515625
1 0.4326171875 0.560546875 0.013671875 0.0078125
0 0.381692353515625 0.65876963671875 0.388601197265625 0.66615662890625 0.41501241015625 0.67732397265625 0.458077732421875 0.683997478515625 0.50531521875 0.6853102734375 0.5360356875 0.6860338125 0.531885705078125 0.65770190234375 0.513377966796875 0.611028818359375 0.502578890625 0.58868679296875 0.491341322265625 0.5861931875 0.45085816796875 0.579892642578125 0.43214684765625 0.58113235546875 0.410034865234375 0.595696712890625 0.39404344921875 0.615294611328125 0.38173457421875 0.639786388671875 0.381692353515625 0.65876963671875
1 0.6640625 0.7294921875 0.029296875 0.017578125
1 0.6494140625 0.7666015625 0.03515625 0.02734375
1 0.7880859375 0.7412109375 0.017578125 0.013671875
1 0.787910857421875 0.76310289453125 0.764863044921875 0.731301583984375 0.731036931640625 0.73128240234375 0.697361115234375 0.73018310546875 0.674071361328125 0.739983845703125 0.66928344140625 0.75622995703125 0.672719052734375 0.76816210546875 0.691089849609375 0.79150219140625 0.719942033203125 0.81287660546875 0.734135513671875 0.810652125 0.75919031640625 0.802999927734375 0.7886971640625 0.78312228125 0.787910857421875 0.76310289453125
1 0.69140625 0.71484375 0.021484375 0.015625
0 0.6448975703125 0.720444482421875 0.67456152734375 0.71969805078125 0.698842759765625 0.71227052734375 0.736811857421875 0.727135962890625 0.768233859375 0.72462051171875 0.79762387109375 0.69731938671875 0.765443724609375 0.633364763671875 0.72486365234375 0.620449958984375 0.6874601953125 0.626179501953125 0.655219474609375 0.630189927734375 0.6241347890625 0.638317576171875 0.624667130859375 0.649010314453125 0.628772400390625 0.670856544921875 0.641547583984375 0.699957033203125 0.63287370703125 0.71802437890625 0.6448975703125 0.720444482421875
1 0.642578125 0.7001953125 0.017578125 0.017578125
1 0.66015625 0.79296875 0.017578125 0.01171875
1 0.63671875 0.80859375 0.01953125 0.013671875
1 0.6728515625 0.810546875 0.03125 0.021484375
1 0.6708984375 0.82421875 0.02734375 0.017578125
1 0.7109375 0.837890625 0.044921875 0.0390625
1 0.7216796875 0.8642578125 0.021484375 0.013671875
1 0.64453125 0.8994140625 0.01171875 0.01171875
0 0.677734375 0.87109375 0.07421875 0.076171875
1 0.607421875 0.853515625 0.0703125 0.095703125
1 0.572265625 0.8193359375 0.046875 0.044921875
1 0.53125 0.841796875 0.021484375 0.013671875
1 0.458984375 0.8046875 0.015625 0.015625
0 0.3911354140625 0.786034041015625 0.3687697578125 0.782848560546875 0.368929900390625 0.7837758359375 0.3635146484375 0.811607806640625 0.36421243359375 0.824644787109375 0.359464056640625 0.857223970703125 0.3826652109375 0.899014021484375 0.40401600390625 0.91123871875 0.465749541015625 0.89454472265625 0.463540197265625 0.87417371875 0.476862970703125 0.840963619140625 0.49070987890625 0.8219095 0.45360323828125 0.813962412109375 0.4239022578125 0.798669712890625 0.3911354140625 0.786034041015625
1 0.4755859375 0.9775390625 0.052734375 0.044921875
1 0.38671875 0.94140625 0.013671875 0.01171875
1 0.467131328125 0.8669459375 0.46782730859375 0.883286859375 0.496305587890625 0.90151195703125 0.535960234375 0.919611912109375 0.577566638671875 0.931227376953125 0.59089946875 0.924617263671875 0.57549146875 0.8488944140625 0.528402240234375 0.85172928515625 0.506619431640625 0.831825080078125 0.49108823046875 0.825225484375 0.47566823828125 0.836530951171875 0.467131328125 0.8669459375
1 0.607421875 0.9052734375 0.01171875 0.009765625
1 0.61328125 0.92578125 0.01171875 0.01171875
1 0.6554790625 1 0.67031359375 0.99287589453125 0.663785158203125 0.94627058984375 0.662986646484375 0.92365119140625 0.64956973046875 0.919335134765625 0.625073859375 0.9245812421875 0.584187650390625 0.939246650390625 0.53252397265625 0.962681421875 0.525662830078125 0.977100708984375 0.563625451171875 0.99490598046875 0.584581197265625 0.998683283203125 0.622008435546875 0.9992853359375 0.6341841484375 1 0.6554790625 1
1 0.7158203125 0.9775390625 0.103515625 0.044921875
1 0.1103515625 0.45703125 0.03125 0.02734375
1 0.09765625 0.4912109375 0.03515625 0.03125
1 0.04296875 0.814453125 0.021484375 0.021484375
1 0.0166015625 0.8681640625 0.033203125 0.02734375