1 0.873046875 0.689453125 0.009765625 0.0126953125
0 0.956218453125 0.66291312890625 0.93034557421875 0.648990751953125 0.899426119140625 0.642220455078125 0.87476590625 0.63912331640625 0.874742798828125 0.638888888671875 0.87219991796875 0.65468535546875 0.879890849609375 0.679174435546875 0.87876659765625 0.69402247265625 0.868197216796875 0.6990097734375 0.8577745234375 0.69936878515625 0.860637900390625 0.71396765625 0.881876125 0.76206436328125 0.912698125 0.77091638671875 0.9466618046875 0.7721916796875 0.96948342578125 0.760917673828125 0.98369883984375 0.735422560546875 0.97930230078125 0.70688925390625 0.97383776953125 0.678530091796875 0.956218453125 0.66291312890625
0 0.96484375 0.3974609375 0.068359375 0.150390625
1 0.8984375 0.380859375 0.0078125 0.0107421875
1 0.8759765625 0.3583984375 0.0078125 0.009765625
1 0.806640625 0.5185546875 0.0810546875 0.103515625
0 0.74902444140625 0.47691883203125 0.74782885546875 0.4782061796875 0.770859455078125 0.46165150390625 0.8152608984375 0.43992466015625 0.8229628828125 0.418310345703125 0.81642533984375 0.38183191796875 0.79794098046875 0.35760941796875 0.7579863125 0.335116330078125 0.7424065234375 0.337916076171875 0.71158854296875 0.36333751171875 0.6895284765625 0.402124056640625 0.69640359765625 0.4122379765625 0.720693078125 0.436913259765625 0.74902444140625 0.47691883203125
1 0.6650390625 0.3603515625 0.009765625 0.0126953125
1 0.65625 0.3818359375 0.009765625 0.0126953125
1 0.630859375 0.412109375 0.009765625 0.0126953125
1 0.623046875 0.4931640625 0.080078125 0.103515625
1 0.6318359375 0.5625 0.0126953125 0.0185546875
1 0.5732421875 0.509765625 0.005859375 0.009765625
1 0.5693359375 0.5146484375 0.005859375 0.005859375
1 0.56640625 0.486328125 0.009765625 0.009765625
1 0.494855966796875 0.545953361328125 0.52267895703125 0.5396036953125 0.548158998046875 0.5396036953125 0.559486923828125 0.5357805 0.5642793125 0.50428803515625 0.553493923828125 0.49085996484375 0.542430234375 0.4699985 0.52088959765625 0.44778270703125 0.508164142578125 0.43979873828125 0.499101802734375 0.44475791015625 0.49173337890625 0.454258294921875 0.48494968359375 0.482391064453125 0.48507828515625 0.511852708984375 0.494855966796875 0.545953361328125
1 0.51171875 0.5517578125 0.0048828125 0.005859375
0 0.7265625 0.697265625 0.1513671875 0.1435546875
0 0.517578125 0.689453125 0.103515625 0.1298828125
1 0.416015625 0.6494140625 0.0185546875 0.0185546875
1 0.423828125 0.4970703125 0.0107421875 0.0126953125
1 0.421875 0.5126953125 0.009765625 0.009765625
1 0.4365234375 0.4765625 0.009765625 0.009765625
0 0.5234375 0.361328125 0.1591796875 0.171875
1 0.384765625 0.541015625 0.037109375 0.0751953125
1 0.365234375 0.53125 0.0078125 0.009765625
1 0.388671875 0.494140625 0.015625 0.0107421875
1 0.2890625 0.47265625 0.0751953125 0.078125
0 0.2607421875 0.349609375 0.140625 0.1689453125
1 0.2001953125 0.3359375 0.0107421875 0.0126953125
1 0.208984375 0.51953125 0.005859375 0.005859375
1 0.193359375 0.494140625 0.005859375 0.009765625
0 0.279296875 0.7021484375 0.130859375 0.1767578125
1 0.1953125 0.7177734375 0.005859375 0.0126953125
1 0.158203125 0.705078125 0.005859375 0.009765625
1 0.134765625 0.623046875 0.005859375 0.0078125
1 0.083984375 0.4755859375 0.0234375 0.03125
1 0.0556640625 0.5146484375 0.0126953125 0.009765625
1 0.03372757421875 0.53616228515625 0.01180314453125 0.576741201171875 0.01128974609375 0.6208043984375 0.0210915390625 0.60063014453125 0.04069512890625 0.607663001953125 0.049930275390625 0.629284013671875 0.061775615234375 0.60431000390625 0.06985536328125 0.592660912109375 0.06995884765625 0.59293552734375 0.063269595703125 0.553512677734375 0.051436310546875 0.53171216015625 0.03372757421875 0.53616228515625
0 0 0.72281566015625 0.023012513671875 0.726902755859375 0.069547927734375 0.72024900390625 0.10017903515625 0.67854884765625 0.115355943359375 0.643858775390625 0.105177388671875 0.59908425390625 0.086907029296875 0.57982628125 0.064151716796875 0.6003367734375 0.050818423828125 0.60764692578125 0.0338200078125 0.59775805859375 0.019808544921875 0.605500900390625 0.00483659765625 0.609658994140625 0 0.614184134765625 0 0.70218460546875 0 0.72281566015625
0 0.05078125 0.3076171875 0.1015625 0.203125
1 0.958984375 0.5048828125 0.0107421875 0.0126953125