0 0.5498046875 0.1005859375 0.130859375 0.119140625
1 0.7314453125 0.03515625 0.03515625 0.037109375
1 0.7275390625 0.12109375 0.111328125 0.111328125
1 0.6328125 0.095703125 0.01953125 0.01953125
1 0.462890625 0.013671875 0.01171875 0.009765625
1 0.4404296875 0.173828125 0.01171875 0.01171875
1 0.474609375 0.1748046875 0.021484375 0.021484375
1 0.458984375 0.208984375 0.017578125 0.013671875
1 0.49609375 0.20703125 0.021484375 0.01953125
1 0.4814453125 0.2177734375 0.01953125 0.01953125
1 0.4599609375 0.244140625 0.013671875 0.01171875
1 0.5 0.3076171875 0.029296875 0.02734375
1 0.4775390625 0.3173828125 0.013671875 0.0078125
0 0.248046875 0.1630859375 0.21484375 0.181640625
0 0.2890625 0.3935546875 0.220703125 0.171875
1 0.521484375 0.353515625 0.013671875 0.01171875
1 0.51171875 0.4189453125 0.017578125 0.0234375
1 0.5107421875 0.458984375 0.01171875 0.013671875
1 0.484375 0.458984375 0.021484375 0.0234375
1 0.533203125 0.4697265625 0.015625 0.015625
1 0.515625 0.470703125 0.01171875 0.0078125
1 0.49609375 0.4921875 0.01171875 0.01171875
1 0.5 0.5244140625 0.015625 0.015625
0 0.6123046875 0.302734375 0.16796875 0.150390625
1 0.66796875 0.37109375 0.013671875 0.01171875
1 0.9189453125 0.15625 0.03515625 0.0390625
1 0.78125 0.4443359375 0.013671875 0.009765625
1 0.7412109375 0.3583984375 0.01171875 0.009765625
1 0.509765625 0.435546875 0.01953125 0.013671875
1 0.421875 0.58984375 0.07421875 0.111328125
0 0.330078125 0.5986328125 0.1484375 0.123046875
1 0.54296875 0.6611328125 0.052734375 0.0390625
0 0.6611328125 0.541015625 0.134765625 0.119140625
1 0.5849609375 0.669921875 0.013671875 0.013671875
1 0.6884765625 0.6533203125 0.013671875 0.01171875
0 0.6865234375 0.7607421875 0.1640625 0.16015625
1 0.7705078125 0.69140625 0.01171875 0.01171875
1 0.759765625 0.7587890625 0.017578125 0.017578125
1 0.7978515625 0.8056640625 0.01171875 0.01171875
1 0.7099609375 0.83984375 0.017578125 0.017578125
1 0.6279296875 0.85546875 0.021484375 0.01953125
1 0.6044921875 0.8466796875 0.01171875 0.01171875
0 0.482421875 0.9677734375 0.171875 0.064453125
0 0.392578125 0.841796875 0.20703125 0.185546875
0 0.75 0.927734375 0.087890625 0.0703125
1 0.8798828125 0.10546875 0.0390625 0.03515625