0 0.9775390625 0.6103515625 0.044921875 0.115234375
1 0.91796875 0.591796875 0.005859375 0.0107421875
1 0.9111328125 0.564453125 0.005859375 0.009765625
1 0.955078125 0.443359375 0.0126953125 0.0185546875
1 0.962890625 0.4248046875 0.0126953125 0.0126953125
1 0.935546875 0.337890625 0.009765625 0.0126953125
0 1 0.24761016796875 0.9690293046875 0.229091650390625 0.95127234375 0.23849424609375 0.923155984375 0.295929248046875 0.9251442734375 0.31140421484375 0.94465141015625 0.337526255859375 0.965007515625 0.361403142578125 0.985338501953125 0.394043638671875 0.989488892578125 0.3994716640625 1 0.391727484375 1 0.24761016796875
1 0.900390625 0.25 0.009765625 0.0126953125
1 0.8671875 0.248046875 0.009765625 0.0126953125
1 0.787109375 0.248046875 0.037109375 0.037109375
0 0.873149353515625 0.3859511640625 0.884601859375 0.34117396484375 0.89332159765625 0.315132298828125 0.888847697265625 0.28486555859375 0.880554953125 0.264351048828125 0.85724203515625 0.257787048828125 0.846820345703125 0.23331136328125 0.837344072265625 0.2159006875 0.826815884765625 0.2149643125 0.810548884765625 0.247098443359375 0.79694432421875 0.26117889453125 0.76566619140625 0.277374560546875 0.748309099609375 0.303722994140625 0.760041916015625 0.3650709453125 0.79744968359375 0.379522462890625 0.8424438984375 0.3985406484375 0.873149353515625 0.3859511640625
1 0.826171875 0.443359375 0.0205078125 0.0341796875
1 0.8603515625 0.419921875 0.052734375 0.0576171875
0 0.814453125 0.5927734375 0.123046875 0.146484375
1 0.689453125 0.490234375 0.0263671875 0.025390625
1 0.7890625 0.447265625 0.005859375 0.005859375
1 0.7548828125 0.4453125 0.005859375 0.0185546875
1 0.7451171875 0.35546875 0.015625 0.0126953125
1 0.7431640625 0.333984375 0.009765625 0.009765625
1 0.732421875 0.3125 0.009765625 0.0185546875
1 0.71531093359375 0.357648935546875 0.71739969140625 0.3410493828125 0.7152702421875 0.32796223828125 0.71205723046875 0.31665441015625 0.710611224609375 0.307061591796875 0.68899272265625 0.298644265625 0.681071716796875 0.298644265625 0.66850826953125 0.310839240234375 0.6596461171875 0.33358751953125 0.65197678515625 0.35051460546875 0.656583056640625 0.365660365234375 0.66892270703125 0.383497701171875 0.6846554609375 0.39451115625 0.702181591796875 0.3914528671875 0.71114923828125 0.3817806796875 0.71531093359375 0.357648935546875
1 0.6572265625 0.486328125 0.0078125 0.0126953125
0 0.611328125 0.5791015625 0.119140625 0.177734375
1 0.5869140625 0.451171875 0.0078125 0.0107421875
1 0.5810546875 0.4599609375 0.005859375 0.009765625
1 0.5673828125 0.458984375 0.0107421875 0.0126953125
1 0.501228923828125 0.565327755859375 0.5090553984375 0.564151716796875 0.51155845703125 0.536218302734375 0.52167590625 0.51980416015625 0.53737406640625 0.49947390625 0.55046805859375 0.47977276953125 0.557028619140625 0.45941840234375 0.55871212109375 0.44809203125 0.540456650390625 0.4432881328125 0.528910525390625 0.449019271484375 0.516562927734375 0.440233498046875 0.508684666015625 0.4271819765625 0.503247810546875 0.40847494140625 0.495463259765625 0.408125306640625 0.498722576171875 0.4397424765625 0.501528138671875 0.457948626953125 0.4887128125 0.4684080390625 0.46650998828125 0.47500175390625 0.47967385546875 0.48966882421875 0.49294047265625 0.50815775 0.494237623046875 0.540977263671875 0.501228923828125 0.565327755859375
1 0.4912109375 0.53515625 0.005859375 0.009765625
1 0.4892578125 0.5126953125 0.0029296875 0.005859375
1 0.4482421875 0.423828125 0.0185546875 0.015625
1 0.472018361328125 0.44555253125 0.453871396484375 0.440786994140625 0.442751900390625 0.43069584765625 0.432496349609375 0.418120001953125 0.42482852734375 0.418756794921875 0.41889434765625 0.44302727734375 0.41947140625 0.467930169921875 0.42740638671875 0.49389401953125 0.440050736328125 0.51903694140625 0.451967591796875 0.503238767578125 0.465392861328125 0.47638713671875 0.48357681640625 0.47047515234375 0.4990012421875 0.46016589453125 0.49958076953125 0.451370255859375 0.49769816796875 0.44446176953125 0.472018361328125 0.44555253125
1 0.4189453125 0.501953125 0.015625 0.0263671875
1 0.505859375 0.3828125 0.0126953125 0.015625
1 0.5558333984375 0.3801272265625 0.57049498828125 0.38394469921875 0.5883147890625 0.390697337890625 0.58911297265625 0.376855578125 0.582238400390625 0.37490026171875 0.5733285 0.35923032421875 0.569406630859375 0.33139445703125 0.556990806640625 0.30878884375 0.54349648828125 0.294146982421875 0.525194984375 0.29290627734375 0.51318934765625 0.30636771484375 0.509013474609375 0.347108236328125 0.51156667578125 0.367509732421875 0.52728538671875 0.38095144140625 0.534874296875 0.38037712109375 0.5558333984375 0.3801272265625
0 0.54656838671875 0.29351128515625 0.553901646484375 0.30727741796875 0.56614566796875 0.326423962890625 0.5722960390625 0.344175259765625 0.57710076171875 0.37086577734375 0.59080305078125 0.389915869140625 0.60052757421875 0.40027225390625 0.612090138671875 0.3916465 0.63221653515625 0.37494191015625 0.6529824609375 0.35148139453125 0.658676609375 0.33444799609375 0.672307384765625 0.305923822265625 0.66999503515625 0.285617677734375 0.65766469921875 0.2633529296875 0.63553421484375 0.23257422265625 0.609912603515625 0.2276026328125 0.593799322265625 0.23507865234375 0.572544291015625 0.258166517578125 0.551191439453125 0.28238658203125 0.54656838671875 0.29351128515625
1 0.4990234375 0.2275390625 0.005859375 0.009765625
1 0.4912109375 0.302734375 0.005859375 0.009765625
1 0.509765625 0.3095703125 0.0048828125 0.0078125
1 0.470598728515625 0.3139237421875 0.483942615234375 0.293501419921875 0.50583553515625 0.281155740234375 0.51663033203125 0.262204291015625 0.51783541796875 0.23099703515625 0.505911984375 0.229996361328125 0.487803654296875 0.229996361328125 0.471157703125 0.229996361328125 0.46018863671875 0.23013555859375 0.450915404296875 0.254124359375 0.458271681640625 0.27274151953125 0.476991595703125 0.27067550390625 0.484146478515625 0.27842333984375 0.4684310546875 0.296128603515625 0.470598728515625 0.3139237421875
0 0.3773961953125 0.32380006640625 0.388592138671875 0.350429205078125 0.41476615234375 0.3712406171875 0.4666464453125 0.35344219140625 0.47080834375 0.33472309765625 0.46825925390625 0.294794736328125 0.48032571875 0.279861330078125 0.4792932578125 0.27178249609375 0.46117917578125 0.26914654296875 0.45051261328125 0.259713015625 0.435302734375 0.219393369140625 0.421074349609375 0.206569822265625 0.391444556640625 0.226435361328125 0.379196423828125 0.24278702734375 0.36564867578125 0.300533546875 0.3773961953125 0.32380006640625
1 0.373046875 0.3251953125 0.005859375 0.0107421875
1 0.341796875 0.3271484375 0.0595703125 0.0966796875
1 0.3056640625 0.3466796875 0.005859375 0.0107421875
1 0.33984375 0.435546875 0.015625 0.017578125
1 0.392578125 0.44140625 0.0029296875 0.009765625
1 0.326171875 0.4345703125 0.0078125 0.015625
1 0.3583984375 0.5888671875 0.005859375 0.005859375
1 0.3681640625 0.578125 0.005859375 0.0078125
1 0.38671875 0.5771484375 0.005859375 0.0126953125
1 0.482421875 0.583984375 0.009765625 0.009765625
0 0.3790336640625 0.630447267578125 0.40589899609375 0.64723405859375 0.421574962890625 0.660133232421875 0.44044612890625 0.678451177734375 0.47462663671875 0.65593982421875 0.482388171875 0.618475333984375 0.477260396484375 0.583442935546875 0.467596703125 0.549905521484375 0.449373291015625 0.5125265234375 0.436081189453125 0.516168630859375 0.40316823828125 0.51596038671875 0.37953838671875 0.537437087890625 0.38264151953125 0.56251315234375 0.392562505859375 0.581729841796875 0.36255129296875 0.595828072265625 0.36219700390625 0.617691673828125 0.3790336640625 0.630447267578125
1 0.31640625 0.451171875 0.0029296875 0.009765625
1 0.287109375 0.4541015625 0.005859375 0.009765625
1 0.2685546875 0.451171875 0.005859375 0.0078125
1 0.25 0.4423828125 0.015625 0.0263671875
1 0.248046875 0.2734375 0.0078125 0.0078125
1 0.2509765625 0.248046875 0.005859375 0.005859375
1 0.228515625 0.2734375 0.0078125 0.009765625
1 0.2314453125 0.2978515625 0.005859375 0.0078125
0 0.2007477109375 0.36350812890625 0.21500733203125 0.372058255859375 0.22754810546875 0.358075109375 0.24684672265625 0.33697982421875 0.246795755859375 0.322414685546875 0.22802734375 0.3018476875 0.21859463671875 0.2749138515625 0.20484878125 0.258369283203125 0.184957484375 0.270910056640625 0.174281880859375 0.296326986328125 0.16782736328125 0.3233134296875 0.168508818359375 0.344359392578125 0.17718033203125 0.352342873046875 0.190445306640625 0.361708447265625 0.2007477109375 0.36350812890625
1 0.162109375 0.2744140625 0.0078125 0.009765625
1 0.1328125 0.3095703125 0.021484375 0.0205078125
1 0.1650390625 0.3408203125 0.005859375 0.009765625
1 0.1591796875 0.455078125 0.080078125 0.1357421875
1 0.220703125 0.44140625 0.005859375 0.009765625
1 0.294921875 0.462890625 0.005859375 0.009765625
1 0.380859375 0.4541015625 0.005859375 0.0078125
1 0.1806640625 0.55078125 0.005859375 0.005859375
1 0.193359375 0.5478515625 0.005859375 0.005859375
0 0.2556563359375 0.538011408203125 0.24019820703125 0.529390037109375 0.212345625 0.52086950390625 0.19823232421875 0.51655443359375 0.196860369140625 0.54832723828125 0.1857458046875 0.562767431640625 0.168197271484375 0.581059072265625 0.1611928203125 0.61039101953125 0.15993266015625 0.64892413671875 0.165973701171875 0.66277247265625 0.18664591796875 0.66632141796875 0.210967091796875 0.67052140234375 0.228567412109375 0.67724444921875 0.25056144140625 0.67054332421875 0.2666130703125 0.621837955078125 0.265298658203125 0.58086507421875 0.262463501953125 0.55316401953125 0.2556563359375 0.538011408203125
1 0.1181640625 0.595703125 0.009765625 0.009765625
1 0.099609375 0.568359375 0.0078125 0.013671875
1 0.1005859375 0.4580078125 0.005859375 0.005859375
1 0.06640625 0.451171875 0.0126953125 0.013671875
1 0.0517578125 0.4501953125 0.0048828125 0.0078125
1 0.0458984375 0.439453125 0.009765625 0.0107421875
1 0.0234375 0.4443359375 0.005859375 0.009765625
1 0.0537109375 0.37890625 0.0126953125 0.009765625
1 0.064453125 0.341796875 0.005859375 0.005859375
0 0 0.37120444921875 0.03445588671875 0.3740234375 0.04244512109375 0.36786594140625 0.0603775390625 0.337170533203125 0.06403060546875 0.316860005859375 0.0644753203125 0.27706755078125 0.053518583984375 0.2448508515625 0.02210582421875 0.2198208203125 0.00462962890625 0.211560044921875 0 0.23181467578125 0 0.37120444921875
0 0.0390625 0.576171875 0.078125 0.1044921875