1 0.623046875 0.9921875 0.0341796875 0.015625
1 0.466796875 0.982421875 0.095703125 0.0341796875
1 0.42578125 0.9462890625 0.0205078125 0.037109375
1 0.5615234375 0.80859375 0.0419921875 0.0341796875
1 0.6015625 0.74609375 0.0341796875 0.0361328125
1 0.625 0.7060546875 0.015625 0.0126953125
0 0.609297181640625 0.90690926171875 0.62424702734375 0.9207291015625 0.62787159765625 0.94408604296875 0.625688306640625 0.9656550859375 0.66759829296875 0.96057334375 0.7307953671875 0.946838173828125 0.75 0.928240740234375 0.741217513671875 0.88528185546875 0.71007930859375 0.84769570703125 0.67997904296875 0.8316892890625 0.64248605859375 0.82627955859375 0.596586525390625 0.84179933984375 0.578426408203125 0.87526140234375 0.578286115234375 0.891308099609375 0.609297181640625 0.90690926171875
1 0.485452396484375 0.88417458984375 0.47532179296875 0.919906255859375 0.4806791875 0.94602026171875 0.517706361328125 0.95559106640625 0.56842951953125 0.95308143359375 0.56984558984375 0.95430953515625 0.569526646484375 0.936043376953125 0.56318611328125 0.90979044921875 0.573904189453125 0.872007017578125 0.541343337890625 0.85244288671875 0.49354 0.853301076171875 0.485452396484375 0.88417458984375
1 0.603009259765625 0.953137330078125 0.63233791796875 0.944810244140625 0.64593855078125 0.922431509765625 0.6403509921875 0.91668639453125 0.615986251953125 0.899207734375 0.584787763671875 0.898572310546875 0.56472603515625 0.91549199609375 0.565538193359375 0.94115717578125 0.582159486328125 0.947095466796875 0.603009259765625 0.953137330078125
0 0.304646947265625 0.964587279296875 0.333190849609375 0.9625716796875 0.362687201171875 0.9493650703125 0.413019080078125 0.93434343359375 0.43796800390625 0.8743991015625 0.4316515859375 0.84394153125 0.389070830078125 0.828219533203125 0.31685123828125 0.832391294921875 0.280927767578125 0.86789197265625 0.275036607421875 0.931553490234375 0.304646947265625 0.964587279296875
1 0.375 0.7734375 0.0126953125 0.0078125
0 0.304921927734375 0.683697232421875 0.313780650390625 0.70391669921875 0.30959040625 0.740312740234375 0.33370573828125 0.745013705078125 0.37769391796875 0.7411958671875 0.413202482421875 0.73338437109375 0.459533607421875 0.7052469140625 0.42464259765625 0.63684333203125 0.3934743125 0.60974573046875 0.35146605078125 0.59795665234375 0.333101583984375 0.62978133984375 0.318445109375 0.65648811328125 0.292524005859375 0.67674374609375 0.304921927734375 0.683697232421875
1 0.2841796875 0.73828125 0.009765625 0.0078125
1 0.161359203125 0.593213494140625 0.171782568359375 0.637244205078125 0.1940666796875 0.67211009765625 0.23940784765625 0.70739494921875 0.30040884375 0.7153069140625 0.317641353515625 0.70064742578125 0.294715578125 0.67426014453125 0.28313882421875 0.631103515625 0.30990387109375 0.625108505859375 0.301161693359375 0.5845781484375 0.25006028125 0.5689762578125 0.177954068359375 0.571898912109375 0.161359203125 0.593213494140625
1 0.3232421875 0.62109375 0.025390625 0.021484375
1 0.3671875 0.5888671875 0.009765625 0.0048828125
1 0.3837890625 0.603515625 0.009765625 0.005859375
1 0.3994140625 0.607421875 0.0078125 0.005859375
1 0.505859375 0.6484375 0.0341796875 0.0341796875
1 0.5185546875 0.7744140625 0.0107421875 0.0107421875
1 0.5068359375 0.740234375 0.0341796875 0.0595703125
1 0.5380859375 0.60546875 0.078125 0.052734375
0 0.55693107421875 0.671511666015625 0.564667947265625 0.686526724609375 0.61101027734375 0.693513916015625 0.627207404296875 0.7015853515625 0.634092662109375 0.71701717578125 0.648891255859375 0.73804615234375 0.6983211015625 0.734010021484375 0.74579124609375 0.703914142578125 0.737462515625 0.65527919140625 0.733318427734375 0.63409896484375 0.71250153515625 0.61477404296875 0.66724208203125 0.60576714453125 0.6269421640625 0.609475287109375 0.592432572265625 0.62624454296875 0.568505146484375 0.646412037109375 0.55693107421875 0.671511666015625
1 0.7099609375 0.5107421875 0.017578125 0.0126953125
1 0.646484375 0.544921875 0.1220703125 0.068359375
1 0.5947265625 0.4990234375 0.033203125 0.0185546875
1 0.5341796875 0.537109375 0.005859375 0.005859375
1 0.484375 0.5458984375 0.0654296875 0.037109375
1 0.501953125 0.5185546875 0.015625 0.015625
1 0.501953125 0.501953125 0.0126953125 0.0126953125
1 0.515625 0.5009765625 0.009765625 0.009765625
1 0.544921875 0.501953125 0.0185546875 0.005859375
1 0.5537109375 0.4970703125 0.0078125 0.005859375
1 0.529296875 0.4462890625 0.009765625 0.005859375
0 0.280021177734375 0.455660939453125 0.295931146484375 0.4879392890625 0.34296287890625 0.51886048046875 0.39927688671875 0.524215955078125 0.4186974375 0.520297375 0.438216802734375 0.50435918359375 0.46340356640625 0.45677066796875 0.476711560546875 0.4450757578125 0.46304955078125 0.407715666015625 0.445405662109375 0.38590987890625 0.42562890234375 0.37304112109375 0.3874289765625 0.383484091796875 0.346702705078125 0.408864853515625 0.3142240546875 0.42405746875 0.287867828125 0.441131693359375 0.280021177734375 0.455660939453125
1 0.337890625 0.41015625 0.009765625 0.005859375
1 0.353515625 0.396484375 0.009765625 0.005859375
1 0.3466796875 0.3876953125 0.009765625 0.0029296875
1 0.330078125 0.3564453125 0.0107421875 0.0107421875
1 0.6061789765625 0.42387580078125 0.639190296875 0.40319865234375 0.649831650390625 0.390361953125 0.641395509765625 0.361647892578125 0.62070904296875 0.34805575390625 0.551112251953125 0.347749138671875 0.51322688671875 0.372388435546875 0.504454263671875 0.406209720703125 0.524816306640625 0.419564294921875 0.58112044921875 0.42918606640625 0.6061789765625 0.42387580078125
0 0.62385683984375 0.506228462890625 0.648239119140625 0.510294185546875 0.66225953125 0.493099123046875 0.69990486328125 0.487908873046875 0.73905723828125 0.458754208984375 0.703636845703125 0.435264099609375 0.652313060546875 0.41510893359375 0.620105130859375 0.41398605078125 0.59126968359375 0.42549025390625 0.56659257421875 0.427403921875 0.57723612109375 0.453719322265625 0.60270566015625 0.48425251953125 0.62385683984375 0.506228462890625
1 0.5185546875 0.2900390625 0.033203125 0.041015625
1 0.419921875 0.3505859375 0.009765625 0.005859375
1 0.41015625 0.302734375 0.0126953125 0.009765625
1 0.453125 0.2275390625 0.0185546875 0.013671875
0 0.40528987890625 0.16611180078125 0.352726484375 0.17985848046875 0.31486084765625 0.19917107421875 0.3246505859375 0.22610216796875 0.35638283984375 0.255961306640625 0.39769877734375 0.272044171875 0.420078607421875 0.26849961328125 0.463243546875 0.26283669921875 0.463486865234375 0.26234101953125 0.447574705078125 0.234924111328125 0.44185123828125 0.22012277734375 0.466671927734375 0.20771352734375 0.4614898984375 0.19005895703125 0.43728079296875 0.158166134765625 0.40528987890625 0.16611180078125
1 0.423828125 0.150390625 0.015625 0.015625
1 0.345703125 0.169921875 0.009765625 0.005859375
1 0.34375 0.1572265625 0.0126953125 0.013671875
1 0.328125 0.1572265625 0.0185546875 0.015625
1 0.330078125 0.130859375 0.009765625 0.0078125
0 0.60355837109375 0.273126775390625 0.6322601015625 0.2899116484375 0.66895079296875 0.2899116484375 0.68840641796875 0.31745926171875 0.712642921875 0.29774141015625 0.741518921875 0.25788894921875 0.746703142578125 0.25417094140625 0.75 0.228745791015625 0.73384780859375 0.212004484375 0.69562267578125 0.20274029296875 0.6324102578125 0.19996843359375 0.6169058203125 0.211372349609375 0.6257211875 0.230014994140625 0.6287823984375 0.2460559375 0.60056949609375 0.244410248046875 0.60355837109375 0.273126775390625
1 0.615234375 0.2353515625 0.025390625 0.0205078125
1 0.6083984375 0.291015625 0.021484375 0.021484375
1 0.56015449609375 0.2090780859375 0.5907863359375 0.2099535390625 0.59925097265625 0.17756175 0.620482166015625 0.1341080078125 0.624407048828125 0.107407078125 0.5742450546875 0.11136429296875 0.520814701171875 0.11866220703125 0.466631375 0.123218677734375 0.45519211328125 0.131738939453125 0.47000605078125 0.149486400390625 0.49596770703125 0.170894326171875 0.535097064453125 0.19612630078125 0.56015449609375 0.2090780859375
0 0.392578125 0.0400390625 0.154296875 0.080078125
0 0.63231051953125 0 0.5981330234375 0.043279474609375 0.604207220703125 0.0668156171875 0.6358364453125 0.099615951171875 0.66093552734375 0.09704384375 0.69307550390625 0.090917310546875 0.7156361796875 0.081925208984375 0.7292105078125 0.06889122265625 0.74757119921875 0.04448455859375 0.74732667578125 0.02027772265625 0.708435263671875 0 0.63231051953125 0
1 0.6806640625 0.1123046875 0.0654296875 0.037109375
1 0 0.341417099609375 0.08493200390625 0.345883970703125 0.179402970703125 0.21323423046875 0.24460841015625 0.08360279296875 0.245061728515625 0.08148148046875 0.22998167578125 0.030577255859375 0.17407407421875 0.015118634765625 0.073328994140625 0.046547669921875 0 0.11576605859375 0 0.341417099609375
1 0.9443359375 0.7646484375 0.111328125 0.1123046875