0 0.591796875 0.931640625 0.119140625 0.109375
1 0.4931640625 0.9853515625 0.029296875 0.0283203125
1 0.5029296875 0.912109375 0.021484375 0.0283203125
0 0.314453125 0.9326171875 0.197265625 0.134765625
1 0.384765625 0.74609375 0.017578125 0.015625
1 0.326171875 0.658203125 0.0126953125 0.015625
1 0.2978515625 0.6376953125 0.0126953125 0.009765625
0 0.2733189453125 0.83377941796875 0.3434506015625 0.82787181640625 0.37974014453125 0.809002158203125 0.383019466796875 0.778231396484375 0.364806375 0.726318359375 0.37139917578125 0.676311728515625 0.371334876953125 0.676777404296875 0.315721048828125 0.6776725859375 0.27561567578125 0.641619646484375 0.2244707265625 0.66419361328125 0.194237478515625 0.74987039453125 0.216210134765625 0.810237931640625 0.2733189453125 0.83377941796875
1 0.451171875 0.7822265625 0.0126953125 0.021484375
1 0.45592930078125 0.77331723828125 0.45857325390625 0.803550888671875 0.459623361328125 0.81377133984375 0.4694974921875 0.81716127734375 0.49420573046875 0.793861220703125 0.51101827734375 0.773896845703125 0.51172839453125 0.77476851953125 0.509019337890625 0.749929470703125 0.498718412109375 0.73574037890625 0.481840759765625 0.73064145703125 0.45156852734375 0.72841344921875 0.42676022265625 0.731500470703125 0.4368730703125 0.749887876953125 0.449170525390625 0.76855649609375 0.45592930078125 0.77331723828125
0 0.503965326171875 0.74979926171875 0.5133752890625 0.779906322265625 0.535536025390625 0.800206162109375 0.5676191171875 0.80998354296875 0.591027681640625 0.805625181640625 0.63701171875 0.781686740234375 0.636794705078125 0.746355974609375 0.63328390234375 0.735218642578125 0.646913580078125 0.71712962890625 0.603272087890625 0.69243977734375 0.551576966796875 0.68190104296875 0.53220244921875 0.68143355859375 0.501728876953125 0.7001256875 0.489283130859375 0.71721553125 0.487161216796875 0.72594039453125 0.488776765625 0.731410048828125 0.503965326171875 0.74979926171875
1 0.595703125 0.630859375 0.015625 0.015625
1 0.591796875 0.6513671875 0.0107421875 0.009765625
1 0.458984375 0.611328125 0.025390625 0.021484375
1 0.477918837890625 0.702494755859375 0.505009404296875 0.689283130859375 0.53264130078125 0.62342936328125 0.531790123046875 0.62407407421875 0.50716628125 0.620189525390625 0.46367308203125 0.62800473828125 0.41729841796875 0.64114312109375 0.38445939453125 0.65630425390625 0.371539833984375 0.671952763671875 0.379071421875 0.6859935625 0.432787181640625 0.69545355859375 0.477918837890625 0.702494755859375
1 0.46295090625 0.59412163671875 0.4857759453125 0.59341633984375 0.51965783984375 0.5574878828125 0.519135802734375 0.557407408203125 0.513252314453125 0.521226669921875 0.479815296875 0.50477611328125 0.437356529296875 0.49343442578125 0.402665654296875 0.49619683203125 0.387981046875 0.50387821875 0.39918740234375 0.53739782421875 0.42824315234375 0.569877568359375 0.46295090625 0.59412163671875
1 0.568359375 0.568359375 0.013671875 0.0107421875
1 0.560546875 0.5478515625 0.0126953125 0.009765625
1 0.4697265625 0.47265625 0.0546875 0.0341796875
1 0.46484375 0.423828125 0.0107421875 0.009765625
1 0.4462890625 0.4296875 0.0126953125 0.0126953125
1 0.455078125 0.39453125 0.005859375 0.0078125
1 0.466796875 0.38671875 0.015625 0.0107421875
1 0.5654296875 0.416015625 0.0439453125 0.044921875
0 0.65718316015625 0.550152814453125 0.659089265625 0.532302517578125 0.66684389453125 0.511014359375 0.66559365234375 0.4807653359375 0.64488208984375 0.459736689453125 0.623627990234375 0.434820783203125 0.607221740234375 0.4319652421875 0.578620515625 0.436327220703125 0.55515528515625 0.43554235546875 0.52015335546875 0.446861435546875 0.515740740234375 0.472685185546875 0.533215181640625 0.50156701953125 0.545886380859375 0.536847150390625 0.553995466796875 0.54281412890625 0.56705849609375 0.552734375 0.587487943359375 0.55673014453125 0.6327787421875 0.5607593671875 0.65718316015625 0.550152814453125
1 0.6025390625 0.369140625 0.015625 0.0107421875
1 0.5810546875 0.333984375 0.013671875 0.0107421875
1 0.595703125 0.310546875 0.0185546875 0.0126953125
1 0.4286096640625 0.334384947265625 0.44500265234375 0.34640570703125 0.433185041015625 0.37312825390625 0.42671802734375 0.40109049609375 0.43912880859375 0.4049144609375 0.45789689453125 0.38577926171875 0.48892987890625 0.376938658203125 0.5432508671875 0.36644332421875 0.573879966796875 0.363013599609375 0.57561728515625 0.358796296875 0.5482687109375 0.339410626953125 0.51548755859375 0.32777596875 0.4965928828125 0.318649630859375 0.46649426171875 0.2903564453125 0.4448652109375 0.28235225 0.40744237109375 0.295040328125 0.402692177734375 0.30848795703125 0.4286096640625 0.334384947265625
1 0.424681712890625 0.22705620703125 0.395041232421875 0.241874638671875 0.397799720703125 0.25337456640625 0.42253809765625 0.264255099609375 0.4548791953125 0.26310130859375 0.46537905078125 0.285423900390625 0.494872443359375 0.293076353515625 0.52445384765625 0.284963650390625 0.520597029296875 0.25687753125 0.54156539453125 0.242724609375 0.52253809765625 0.20293782421875 0.50148172265625 0.185777451171875 0.48202522265625 0.20076858984375 0.45473451953125 0.217626048828125 0.424681712890625 0.22705620703125
1 0.453125 0.267578125 0.009765625 0.0107421875
1 0.451171875 0.208984375 0.0283203125 0.017578125
0 0.521556712890625 0.261454716796875 0.56526210546875 0.28208188671875 0.61793619921875 0.3026963984375 0.663128134765625 0.268597185546875 0.65508776953125 0.252027271484375 0.647212576171875 0.22146809765625 0.651672212890625 0.20328052734375 0.61224681640625 0.187293837890625 0.5791956015625 0.18549985546875 0.54376687890625 0.212842701171875 0.5329439140625 0.235962818359375 0.521556712890625 0.261454716796875
1 0.5869140625 0.1845703125 0.0185546875 0.005859375
1 0.6044921875 0.166015625 0.015625 0.013671875
1 0.572265625 0.15234375 0.052734375 0.037109375
1 0.6142578125 0.1396484375 0.021484375 0.021484375
1 0.6376953125 0.130859375 0.0107421875 0.009765625
1 0.6396484375 0.08984375 0.015625 0.015625
0 0.5712890625 0.0478515625 0.1201171875 0.095703125
1 0.458984375 0.005859375 0.015625 0.009765625
0 0.431640625 0.048828125 0.0625 0.0732421875
1 0.458984375 0.091796875 0.005859375 0.009765625
1 0.453125 0.115234375 0.0029296875 0.009765625
1 0.462890625 0.1455078125 0.021484375 0.0185546875
1 0.443359375 0.1787109375 0.0078125 0.005859375
1 0.3505859375 0.177734375 0.015625 0.013671875
1 0.3515625 0.2470703125 0.0126953125 0.009765625
0 0.280312017578125 0.183531357421875 0.241583478515625 0.2011194296875 0.22858916796875 0.21785572265625 0.231564669921875 0.268105287109375 0.26350791015625 0.29257631640625 0.307672646484375 0.2971851484375 0.35804759765625 0.287148255859375 0.35833333203125 0.286342591796875 0.35546875 0.261042390625 0.349005353515625 0.250059677734375 0.34590446484375 0.243208369140625 0.358083767578125 0.24105631640625 0.34322916796875 0.22003219140625 0.35206404296875 0.19410445703125 0.34068648828125 0.182100875 0.280312017578125 0.183531357421875
0 0.282789591796875 0.41576605859375 0.221705005859375 0.445756474609375 0.1958719140625 0.48737973828125 0.200830681640625 0.51835756640625 0.24717037890625 0.55069173046875 0.304664591796875 0.56550835546875 0.33312234765625 0.56548032421875 0.389814814453125 0.548611111328125 0.376191166015625 0.520960830078125 0.37076340625 0.5018726484375 0.381160783203125 0.481728333984375 0.37982253125 0.461921296875 0.362478298828125 0.44287290234375 0.334149546875 0.422178818359375 0.314175830078125 0.41437174609375 0.282789591796875 0.41576605859375
1 0.388671875 0.4931640625 0.0263671875 0.015625
0 0.2822265625 0.0390625 0.1640625 0.078125
1 0.2861328125 0.0869140625 0.0126953125 0.0107421875
1 0.501953125 0.603515625 0.009765625 0.005859375
1 0.9658203125 0.50390625 0.0439453125 0.060546875
1 0.9345703125 0.25390625 0.0283203125 0.021484375
1 0.9462890625 0.1337890625 0.0107421875 0.009765625
1 0.73828125 0.0986328125 0.056640625 0.044921875