0 0.0478515625 0.3251953125 0.09375 0.111328125
1 0.15234375 0.3271484375 0.009765625 0.0078125
1 0.1611328125 0.34375 0.005859375 0.0107421875
1 0.0712890625 0.4765625 0.0263671875 0.0107421875
1 0.119140625 0.451171875 0.0107421875 0.013671875
1 0.111328125 0.4755859375 0.0078125 0.0107421875
1 0.0439453125 0.4375 0.009765625 0.0107421875
0 0.2490234375 0.3115234375 0.1376953125 0.1640625
1 0.326171875 0.3525390625 0.005859375 0.0107421875
1 0.3349609375 0.330078125 0.0107421875 0.009765625
1 0.3427734375 0.33984375 0.0078125 0.0107421875
1 0.341796875 0.306640625 0.0078125 0.0126953125
1 0.3525390625 0.3173828125 0.0078125 0.0107421875
1 0.3330078125 0.2197265625 0.0078125 0.0107421875
1 0.3642578125 0.34765625 0.005859375 0.005859375
1 0.408203125 0.404296875 0.017578125 0.033203125
1 0.3955078125 0.3623046875 0.076171875 0.0986328125
1 0.521484375 0.5078125 0.052734375 0.091796875
0 0.662109375 0.3369140625 0.1513671875 0.181640625
0 0.8876953125 0.3388671875 0.125 0.138671875
0 0.8974609375 0.62109375 0.1201171875 0.1767578125
1 0.9755859375 0.615234375 0.037109375 0.0283203125
1 0.9755859375 0.638671875 0.009765625 0.0107421875
1 0.9970703125 0.62109375 0.005859375 0.01171875
1 0.916015625 0.5791015625 0.0126953125 0.0126953125
1 0.8447265625 0.548828125 0.0078125 0.009765625
1 0.888671875 0.525390625 0.005859375 0.009765625
1 0.9033203125 0.52734375 0.005859375 0.005859375
1 0.9140625 0.5390625 0.009765625 0.0078125
1 0.8369140625 0.6064453125 0.009765625 0.0126953125
1 0.8232421875 0.62109375 0.013671875 0.013671875
1 0.787109375 0.603515625 0.0078125 0.0126953125
1 0.7705078125 0.6533203125 0.013671875 0.0185546875
1 0.751953125 0.630859375 0.025390625 0.029296875
1 0.73828125 0.611328125 0.0126953125 0.013671875
1 0.751953125 0.591796875 0.0126953125 0.013671875
1 0.71484375 0.681640625 0.0078125 0.0078125
1 0.5947265625 0.6064453125 0.025390625 0.0283203125
1 0.591796875 0.634765625 0.0126953125 0.0185546875
1 0.6279296875 0.6181640625 0.0107421875 0.015625
0 0.66796875 0.6416015625 0.1328125 0.1826171875
1 0.5927734375 0.5400390625 0.009765625 0.0126953125
1 0.5830078125 0.5576171875 0.0126953125 0.015625
1 0.564453125 0.556640625 0.0048828125 0.005859375
1 0.5458984375 0.576171875 0.005859375 0.0107421875
1 0.5224609375 0.587890625 0.013671875 0.015625
1 0.552734375 0.654296875 0.0107421875 0.0234375
1 0.5732421875 0.666015625 0.0078125 0.0126953125
1 0.5625 0.7021484375 0.009765625 0.013671875
1 0.572265625 0.7060546875 0.009765625 0.0126953125
1 0.595703125 0.48828125 0.009765625 0.0126953125
1 0.5908203125 0.5126953125 0.005859375 0.0078125
1 0.615234375 0.509765625 0.005859375 0.0078125
1 0.67578125 0.509765625 0.0048828125 0.009765625
1 0.6865234375 0.513671875 0.0048828125 0.0078125
1 0.7490234375 0.5263671875 0.0078125 0.0107421875
1 0.7685546875 0.533203125 0.0283203125 0.0234375
1 0.7685546875 0.474609375 0.0126953125 0.015625
1 0.7861328125 0.515625 0.0048828125 0.0078125
1 0.8251953125 0.4951171875 0.005859375 0.0078125
1 0.912109375 0.48828125 0.0107421875 0.013671875
1 0.9365234375 0.49609375 0.0078125 0.0078125
1 0.400390625 0.6064453125 0.0107421875 0.0126953125
1 0.3798828125 0.603515625 0.0107421875 0.0107421875
1 0.416015625 0.6748046875 0.005859375 0.0078125
0 0.4541015625 0.6181640625 0.1279296875 0.181640625
1 0.3935546875 0.525390625 0.005859375 0.009765625
1 0.396484375 0.5166015625 0.0029296875 0.009765625
1 0.408203125 0.5166015625 0.0078125 0.0107421875
1 0.4189453125 0.515625 0.0078125 0.013671875
1 0.4228515625 0.501953125 0.0078125 0.005859375
1 0.3095703125 0.6201171875 0.0283203125 0.0498046875
0 0.2265625 0.6376953125 0.1357421875 0.1767578125
1 0.2978515625 0.6689453125 0.015625 0.0234375
1 0.1630859375 0.62109375 0.0107421875 0.0126953125
1 0.1796875 0.587890625 0.0078125 0.015625
1 0.181640625 0.572265625 0.0078125 0.009765625
1 0.1953125 0.564453125 0.005859375 0.0107421875
1 0.228515625 0.5732421875 0.005859375 0.015625
1 0.12109375 0.638671875 0.0078125 0.017578125
1 0.115234375 0.611328125 0.015625 0.017578125
1 0.13671875 0.595703125 0.0126953125 0.0126953125
0 0.0380859375 0.642578125 0.076171875 0.1748046875
0 0.462890625 0.3095703125 0.103515625 0.1279296875