0 0.0615234375 0.673828125 0.1220703125 0.115234375
1 0.083984375 0.5751953125 0.0390625 0.037109375
0 0.2666015625 0.6875 0.126953125 0.1376953125
0 0.4951171875 0.6748046875 0.1123046875 0.146484375
0 0.705078125 0.6591796875 0.1328125 0.15625
0 0.9248046875 0.658203125 0.150390625 0.1435546875
0 0.919921875 0.33203125 0.134765625 0.123046875
0 0.7216796875 0.353515625 0.115234375 0.130859375
1 0.72265625 0.515625 0.056640625 0.0546875
1 0.6435546875 0.541015625 0.0654296875 0.0654296875
1 0.5390625 0.50390625 0.052734375 0.0888671875
1 0.4453125 0.541015625 0.015625 0.017578125
0 0.498046875 0.353515625 0.134765625 0.1669921875
1 0.232421875 0.50390625 0.0673828125 0.083984375
0 0.2890625 0.361328125 0.119140625 0.162109375
0 0.0634765625 0.4111328125 0.126953125 0.1533203125
1 0.5703125 0.5595703125 0.009765625 0.0126953125
1 0.4658203125 0.5673828125 0.009765625 0.0126953125
1 0.913398541015625 0.535753900390625 0.880231583984375 0.52651186328125 0.8779258125 0.4883001953125 0.87056283984375 0.47560660546875 0.83739330078125 0.510563064453125 0.832452361328125 0.55439987109375 0.84797789453125 0.57724833203125 0.8708793203125 0.59243413671875 0.883741267578125 0.592375578125 0.89376266015625 0.5764870625 0.913067853515625 0.5583198984375 0.913398541015625 0.535753900390625
1 0.8876953125 0.5166015625 0.0126953125 0.0185546875