1 0.900390625 0.3828125 0.0126953125 0.021484375
0 0.802734375 0.3173828125 0.1904296875 0.216796875
0 0.55859375 0.31640625 0.1826171875 0.2451171875
0 0.3544921875 0.376953125 0.1435546875 0.1748046875
0 0.1162109375 0.373046875 0.166015625 0.216796875
0 0.0849609375 0.6767578125 0.169921875 0.2158203125
1 0.17578125 0.546875 0.0185546875 0.0234375
1 0.1943359375 0.560546875 0.015625 0.015625
1 0.1982421875 0.53515625 0.009765625 0.013671875
1 0.2158203125 0.501953125 0.021484375 0.025390625
1 0.24609375 0.5244140625 0.015625 0.017578125
1 0.251953125 0.5380859375 0.0126953125 0.0107421875
1 0.2744140625 0.5400390625 0.009765625 0.0185546875
1 0.263671875 0.5341796875 0.009765625 0.0126953125
1 0.392578125 0.541015625 0.015625 0.015625
1 0.521484375 0.5234375 0.015625 0.0283203125
1 0.5791015625 0.5341796875 0.009765625 0.0126953125
1 0.6103515625 0.5126953125 0.0107421875 0.0107421875
1 0.6474609375 0.505859375 0.005859375 0.009765625
1 0.6650390625 0.5205078125 0.009765625 0.0107421875
1 0.7451171875 0.4873046875 0.0185546875 0.0185546875
1 0.7724609375 0.505859375 0.0185546875 0.025390625
1 0.7705078125 0.4814453125 0.0126953125 0.015625
1 0.7822265625 0.5244140625 0.009765625 0.0126953125
1 0.8876953125 0.5078125 0.0185546875 0.0263671875
1 0.8740234375 0.533203125 0.009765625 0.015625
1 0.8828125 0.474609375 0.009765625 0.0126953125
1 0.96484375 0.5107421875 0.068359375 0.09375
0 0.8232421875 0.662109375 0.1875 0.2216796875
0 0.5791015625 0.6611328125 0.1533203125 0.193359375
0 0.3115234375 0.646484375 0.1689453125 0.2001953125
1 0.4521484375 0.6875 0.0126953125 0.029296875
1 0.181640625 0.689453125 0.0107421875 0.0126953125