1 0.1064453125 0.5751953125 0.01953125 0.013671875
0 0.1650390625 0.4580078125 0.173828125 0.205078125
1 0.1640625 0.5908203125 0.01171875 0.013671875
1 0.2685546875 0.4951171875 0.015625 0.01953125
1 0.296875 0.4326171875 0.009765625 0.015625
0 0.37326371484375 0.332339916015625 0.32335886328125 0.33629430078125 0.3236455546875 0.337151998046875 0.306202626953125 0.349628712890625 0.304850509765625 0.38633121484375 0.318088900390625 0.422377767578125 0.34967817578125 0.4516043828125 0.38035588671875 0.46324704296875 0.436684033203125 0.443305279296875 0.43454025390625 0.417690837890625 0.42301283203125 0.36762609765625 0.403810423828125 0.345081060546875 0.37326371484375 0.332339916015625
1 0.4658203125 0.4638671875 0.015625 0.017578125
1 0.4375 0.40234375 0.01171875 0.013671875
1 0.5087890625 0.3427734375 0.013671875 0.015625
1 0.568359375 0.318359375 0.013671875 0.021484375
1 0.5625 0.484375 0.064453125 0.052734375
1 0.591796875 0.47265625 0.013671875 0.01953125
1 0.3984375 0.583984375 0.03125 0.037109375
1 0.4521484375 0.5615234375 0.041015625 0.029296875
1 0.498046875 0.5244140625 0.083984375 0.103515625
0 0.5455798515625 0.34286808203125 0.53224405859375 0.35695789453125 0.5321810625 0.358123171875 0.55708740625 0.401091517578125 0.57729190625 0.4165255625 0.627832873046875 0.40233857421875 0.6466347421875 0.38247875390625 0.655223349609375 0.326366162109375 0.6358131796875 0.296641615234375 0.5979230234375 0.271820056640625 0.58382162109375 0.291678052734375 0.57510355859375 0.32052605859375 0.565300037109375 0.33155941015625 0.5455798515625 0.34286808203125
1 0.6875 0.4365234375 0.029296875 0.029296875
1 0.6787109375 0.4111328125 0.015625 0.015625
1 0.8095703125 0.4140625 0.021484375 0.021484375
1 0.822265625 0.4638671875 0.013671875 0.01171875
1 0.811345478515625 0.4261652265625 0.79396985546875 0.428040220703125 0.7883621171875 0.431258255859375 0.787917203125 0.442327978515625 0.802165095703125 0.470782013671875 0.802032255859375 0.471568837890625 0.8056105390625 0.470926953125 0.814731451171875 0.452198171875 0.817189146484375 0.43018619140625 0.811345478515625 0.4261652265625
0 0.7900390625 0.28515625 0.146484375 0.154296875
1 0.7080078125 0.2763671875 0.015625 0.015625
1 0.7177734375 0.2578125 0.013671875 0.017578125
1 0.865234375 0.27734375 0.01171875 0.013671875
0 0.904296875 0.568359375 0.150390625 0.171875
1 0.6298828125 0.62890625 0.0234375 0.029296875
1 0.607421875 0.6083984375 0.015625 0.021484375
1 0.5888671875 0.626953125 0.05078125 0.068359375
0 0.701171875 0.6357421875 0.1328125 0.173828125
1 0.546875 0.65625 0.01171875 0.017578125
0 0.42345630859375 0.6807379453125 0.417093185546875 0.7117234375 0.415634619140625 0.730606041015625 0.44390117578125 0.766842197265625 0.480868603515625 0.783357640625 0.5152348671875 0.761864732421875 0.52369966796875 0.709015265625 0.519282923828125 0.668866169921875 0.47897437890625 0.62597160546875 0.451433271484375 0.617738826171875 0.43921934765625 0.643100990234375 0.42345630859375 0.6807379453125
1 0.3720703125 0.7353515625 0.01171875 0.017578125
0 0.2548828125 0.765625 0.173828125 0.21875
1 0.16796875 0.83203125 0.015625 0.015625
1 0.07421875 0.7353515625 0.015625 0.015625