0 0.638671875 0.0283203125 0.1298828125 0.056640625
0 0.6357421875 0.1982421875 0.1689453125 0.130859375
0 0.65234375 0.40625 0.208984375 0.171875
1 0.5341796875 0.490234375 0.0439453125 0.0283203125
0 0.6357421875 0.6494140625 0.1689453125 0.1591796875
1 0.59765625 0.7431640625 0.0341796875 0.0234375
1 0.638671875 0.7734375 0.021484375 0.0126953125
0 0.6708984375 0.8876953125 0.1533203125 0.150390625
1 0.5830078125 0.94921875 0.021484375 0.015625
1 0.490234375 0.908203125 0.140625 0.091796875
1 0.4365234375 0.8232421875 0.021484375 0.0205078125
1 0.4970703125 0.794921875 0.013671875 0.009765625
1 0.494140625 0.74609375 0.009765625 0.009765625
1 0.5 0.7568359375 0.0126953125 0.0078125
0 0.353515625 0.87109375 0.1435546875 0.138671875
1 0.326171875 0.9384765625 0.017578125 0.015625
1 0.2529296875 0.9501953125 0.015625 0.0126953125
1 0.267578125 0.8466796875 0.0185546875 0.017578125
1 0.328125 0.796875 0.021484375 0.0185546875
1 0.341796875 0.7900390625 0.0126953125 0.009765625
1 0.322265625 0.7490234375 0.015625 0.0107421875
1 0.3916015625 0.7783203125 0.0126953125 0.0126953125
1 0.4453125 0.763671875 0.013671875 0.0126953125
1 0.458984375 0.7412109375 0.009765625 0.005859375
1 0.443359375 0.6943359375 0.0078125 0.005859375
1 0.462890625 0.6845703125 0.0185546875 0.0126953125
1 0.4052734375 0.6943359375 0.009765625 0.005859375
1 0.4921875 0.677734375 0.015625 0.0126953125
1 0.490234375 0.6220703125 0.0185546875 0.0205078125
0 0.3544921875 0.619140625 0.1845703125 0.1220703125
1 0.2861328125 0.521484375 0.0126953125 0.015625
1 0.306640625 0.4814453125 0.0908203125 0.0439453125
0 0.31640625 0.404296875 0.158203125 0.1201171875
1 0.458984375 0.478515625 0.0234375 0.015625
1 0.4521484375 0.4462890625 0.0126953125 0.009765625
1 0.443359375 0.408203125 0.0126953125 0.009765625
1 0.455078125 0.353515625 0.015625 0.015625
1 0.466796875 0.302734375 0.009765625 0.0126953125
1 0.298828125 0.2763671875 0.0107421875 0.0078125
0 0.314453125 0.1845703125 0.15625 0.1533203125
1 0.3212890625 0.123046875 0.0126953125 0.0107421875
1 0.453125 0.1884765625 0.0390625 0.03125
1 0.4599609375 0.224609375 0.0205078125 0.021484375
1 0.466796875 0.1552734375 0.009765625 0.015625
1 0.4501953125 0.14453125 0.0107421875 0.009765625
1 0.4619140625 0.1220703125 0.017578125 0.0341796875
1 0.4931640625 0.1103515625 0.015625 0.013671875
1 0.46484375 0.0869140625 0.009765625 0.0126953125
1 0.337890625 0.06640625 0.0205078125 0.021484375
1 0.326171875 0.0888671875 0.0107421875 0.009765625
1 0.291015625 0.064453125 0.0185546875 0.015625
1 0.3798828125 0.056640625 0.0126953125 0.015625
1 0.462890625 0.0302734375 0.0126953125 0.0107421875
1 0.2001953125 0.8173828125 0.0126953125 0.009765625