0 0.1201171875 0.25 0.1328125 0.169921875
1 0.197265625 0.20703125 0.015625 0.013671875
1 0.203125 0.2626953125 0.013671875 0.015625
1 0.234375 0.1845703125 0.0078125 0.009765625
1 0.193359375 0.35546875 0.01171875 0.01171875
1 0.0234375 0.38671875 0.03515625 0.03125
1 0.0703125 0.3798828125 0.017578125 0.013671875
1 0.0869140625 0.3828125 0.013671875 0.01953125
1 0.10546875 0.40234375 0.013671875 0.013671875
1 0.15625 0.3857421875 0.009765625 0.01171875
1 0.0244140625 0.447265625 0.02734375 0.02734375
1 0.0341796875 0.4892578125 0.046875 0.05859375
1 0.0595703125 0.4794921875 0.005859375 0.009765625
1 0.064453125 0.4951171875 0.009765625 0.01171875
1 0.0087890625 0.5390625 0.017578125 0.02734375
0 0.119140625 0.537109375 0.126953125 0.171875
1 0.234375 0.5380859375 0.013671875 0.015625
1 0.23828125 0.517578125 0.01171875 0.015625
1 0.24609375 0.490234375 0.01171875 0.01953125
1 0.265625 0.5732421875 0.0078125 0.013671875
1 0.294921875 0.5458984375 0.01953125 0.01953125
1 0.2763671875 0.41015625 0.041015625 0.044921875
1 0.30078125 0.4482421875 0.044921875 0.0546875
1 0.3076171875 0.3984375 0.029296875 0.015625
1 0.34765625 0.388671875 0.052734375 0.0703125
1 0.380859375 0.4208984375 0.015625 0.021484375
1 0.4013671875 0.4296875 0.0078125 0.01171875
1 0.40234375 0.40625 0.017578125 0.013671875
1 0.4248046875 0.4052734375 0.029296875 0.05078125
1 0.4443359375 0.37109375 0.01953125 0.0234375
1 0.4619140625 0.4013671875 0.029296875 0.037109375
1 0.4443359375 0.431640625 0.01953125 0.017578125
1 0.4677734375 0.4296875 0.025390625 0.021484375
1 0.4921875 0.412109375 0.013671875 0.01171875
1 0.5068359375 0.412109375 0.0078125 0.009765625
1 0.5263671875 0.4326171875 0.013671875 0.015625
1 0.5478515625 0.4228515625 0.025390625 0.025390625
1 0.5556640625 0.3984375 0.013671875 0.01171875
1 0.56640625 0.41796875 0.015625 0.01171875
1 0.5791015625 0.3916015625 0.0078125 0.01171875
1 0.5771484375 0.4375 0.01171875 0.013671875
1 0.5869140625 0.419921875 0.013671875 0.01171875
1 0.58984375 0.443359375 0.021484375 0.03515625
1 0.6162109375 0.431640625 0.033203125 0.03125
1 0.640625 0.396484375 0.02734375 0.02734375
1 0.6357421875 0.4248046875 0.0078125 0.01171875
1 0.685546875 0.423828125 0.0390625 0.03515625
1 0.6591796875 0.3486328125 0.013671875 0.015625
1 0.7744140625 0.4345703125 0.103515625 0.12109375
1 0.7548828125 0.4501953125 0.025390625 0.033203125
1 0.830078125 0.4541015625 0.01171875 0.01171875
1 0.357421875 0.49609375 0.029296875 0.041015625
1 0.3916015625 0.5576171875 0.015625 0.017578125
1 0.4345703125 0.509765625 0.134765625 0.142578125
1 0.515625 0.470703125 0.046875 0.052734375
0 0.55078125 0.5615234375 0.125 0.158203125
0 0.744140625 0.5693359375 0.123046875 0.16796875
1 0.79296875 0.5693359375 0.01171875 0.013671875
1 0.876953125 0.44140625 0.078125 0.08984375
0 0.9306640625 0.5751953125 0.138671875 0.154296875
1 0.951171875 0.4658203125 0.009765625 0.013671875
1 0.97265625 0.46875 0.03515625 0.029296875
1 0.984375 0.4306640625 0.017578125 0.015625
1 0.9970703125 0.431640625 0.005859375 0.015625
0 0.931640625 0.2919921875 0.13671875 0.185546875
0 0.7626953125 0.2900390625 0.15234375 0.185546875
1 0.6494140625 0.248046875 0.013671875 0.021484375
0 0.55078125 0.2763671875 0.134765625 0.1875
1 0.2919921875 0.314453125 0.0078125 0.013671875
0 0.296068587890625 0.54302425 0.305760498046875 0.55616139453125 0.30939139453125 0.577043681640625 0.329488884765625 0.598815568359375 0.3551827109375 0.59765627734375 0.369605375 0.57201468359375 0.371819328125 0.54904942578125 0.371524556640625 0.526464685546875 0.366238796875 0.510657515625 0.3523543515625 0.51445143359375 0.3483158046875 0.509574427734375 0.3459468515625 0.499444056640625 0.34658436328125 0.484407611328125 0.341730326171875 0.470884626953125 0.341502173828125 0.471133552734375 0.324212013671875 0.490490453125 0.300502453125 0.50350061328125 0.28514068359375 0.530009158203125 0.296068587890625 0.54302425
0 0.35353016015625 0.3234193984375 0.38883368359375 0.28998326171875 0.384462884765625 0.1782065625 0.325799626953125 0.149544134765625 0.273363859375 0.176810990234375 0.246861185546875 0.2433752734375 0.252000671875 0.28567630078125 0.279041708984375 0.2964260625 0.290918533203125 0.305247279296875 0.29981459375 0.31826129296875 0.35353016015625 0.3234193984375