0 0.51953125 0.9072265625 0.21484375 0.185546875
0 0.62890625 0.6708984375 0.22265625 0.171875
1 0.73046875 0.77734375 0.025390625 0.01953125
1 0.7158203125 0.59375 0.021484375 0.01953125
1 0.6865234375 0.5615234375 0.0234375 0.017578125
1 0.7607421875 0.4755859375 0.03125 0.029296875
0 0.654296875 0.421875 0.189453125 0.15625
1 0.74609375 0.34375 0.017578125 0.015625
1 0.8037109375 0.3232421875 0.017578125 0.013671875
0 0.732421875 0.1982421875 0.203125 0.181640625
0 0.4130859375 0.1142578125 0.267578125 0.228515625
0 0.3642578125 0.333984375 0.21484375 0.21484375
1 0.369140625 0.4423828125 0.021484375 0.017578125
0 0.3251953125 0.595703125 0.28125 0.224609375
0 0.2314453125 0.8134765625 0.216796875 0.17578125