1 0.0400390625 0.271484375 0.009765625 0.013671875
1 0.013671875 0.39453125 0.013671875 0.013671875
1 0.0498046875 0.3662109375 0.01171875 0.021484375
0 0.0603765703125 0.430506646484375 0.099906173828125 0.437597958984375 0.118992302734375 0.430955412109375 0.135984724609375 0.410993794921875 0.16142982421875 0.373570388671875 0.164207248046875 0.352674115234375 0.159377431640625 0.319590759765625 0.149514119140625 0.308446048828125 0.14733070703125 0.30528621484375 0.13198349609375 0.2903896953125 0.10863241796875 0.27578473828125 0.062756685546875 0.249674982421875 0.0615919375 0.256610046875 0.04254152734375 0.3070907421875 0.035999392578125 0.343249349609375 0.028608634765625 0.38985759375 0.040798716796875 0.4226793984375 0.0603765703125 0.430506646484375
1 0.048828125 0.4970703125 0.013671875 0.017578125
1 0.0869140625 0.4931640625 0.013671875 0.013671875
0 0.1083984375 0.64453125 0.126953125 0.1796875
1 0.15234375 0.474609375 0.087890625 0.10546875
1 0.158203125 0.4931640625 0.013671875 0.0234375
1 0.2421875 0.3818359375 0.01953125 0.03125
1 0.2333984375 0.4208984375 0.048828125 0.056640625
1 0.1865234375 0.3994140625 0.068359375 0.095703125
1 0.1953125 0.3212890625 0.009765625 0.015625
1 0.2763671875 0.447265625 0.0078125 0.013671875
1 0.2236328125 0.2724609375 0.013671875 0.01953125
1 0.369140625 0.4287109375 0.025390625 0.04296875
0 0.24504415234375 0.360017888671875 0.25741821484375 0.3875177109375 0.27372708984375 0.426260697265625 0.295106080078125 0.44430782421875 0.321534041015625 0.441248162109375 0.348670998046875 0.426104587890625 0.3712855859375 0.397563888671875 0.38367974609375 0.361966966796875 0.39320278125 0.322430486328125 0.390846455078125 0.3098172578125 0.385781349609375 0.3068198828125 0.368912271484375 0.2978620703125 0.344826474609375 0.2850501015625 0.321496318359375 0.28001543359375 0.3049896875 0.279040166015625 0.27167269140625 0.28115212890625 0.243509568359375 0.294924611328125 0.24070581640625 0.329770431640625 0.24504415234375 0.360017888671875
1 0.2529296875 0.5771484375 0.02734375 0.03125
0 0.3203125 0.650390625 0.12890625 0.1640625
1 0.3310546875 0.490234375 0.017578125 0.0234375
1 0.3154296875 0.4912109375 0.013671875 0.015625
1 0.34765625 0.5 0.0078125 0.013671875
1 0.3662109375 0.4755859375 0.01953125 0.013671875
1 0.3857421875 0.4755859375 0.013671875 0.009765625
1 0.3916015625 0.4892578125 0.0078125 0.013671875
1 0.404296875 0.484375 0.013671875 0.013671875
1 0.43359375 0.359375 0.01171875 0.013671875
1 0.41015625 0.3251953125 0.009765625 0.015625
1 0.455078125 0.34375 0.01171875 0.009765625
1 0.4599609375 0.365234375 0.015625 0.015625
1 0.4287109375 0.46875 0.087890625 0.130859375
1 0.4912109375 0.4580078125 0.080078125 0.095703125
1 0.5341796875 0.51953125 0.072265625 0.09375
1 0.5869140625 0.556640625 0.052734375 0.111328125
0 0.52734375 0.623046875 0.119140625 0.126953125
0 0.53125 0.3193359375 0.126953125 0.18359375
1 0.626953125 0.3984375 0.076171875 0.115234375
1 0.66796875 0.4580078125 0.048828125 0.08203125
1 0.6455078125 0.5244140625 0.033203125 0.033203125
0 0.7353515625 0.6220703125 0.15625 0.166015625
1 0.7890625 0.5009765625 0.06640625 0.083984375
1 0.73046875 0.470703125 0.0859375 0.150390625
0 0.724609375 0.306640625 0.14453125 0.185546875
1 0.828125 0.3251953125 0.0625 0.1015625
1 0.8232421875 0.458984375 0.015625 0.017578125
1 0.8408203125 0.455078125 0.009765625 0.015625
1 0.8515625 0.4140625 0.01953125 0.01953125
1 0.8994140625 0.44921875 0.013671875 0.01953125
1 0.93359375 0.41796875 0.01171875 0.015625
1 0.9833984375 0.46484375 0.033203125 0.068359375
0 0.9423828125 0.587890625 0.115234375 0.140625
0 0.935546875 0.31640625 0.12109375 0.142578125
1 0.6181640625 0.462890625 0.01171875 0.015625
1 0.56640625 0.431640625 0.0078125 0.01171875