0 0.0595703125 0.4140625 0.0908203125 0.125
1 0.1298828125 0.408203125 0.015625 0.025390625
0 0.244140625 0.412109375 0.109375 0.119140625
1 0.40234375 0.4365234375 0.03125 0.0341796875
0 0.466796875 0.4140625 0.1123046875 0.142578125
1 0.3955078125 0.3837890625 0.009765625 0.0126953125
0 0.67578125 0.373046875 0.1220703125 0.1767578125
1 0.5888671875 0.3837890625 0.0498046875 0.0908203125
1 0.6083984375 0.419921875 0.0126953125 0.015625
0 0.876953125 0.400390625 0.150390625 0.1591796875
1 0.9853515625 0.3818359375 0.0283203125 0.0341796875
1 0.9921875 0.33984375 0.015625 0.0185546875
1 0.982421875 0.544921875 0.0205078125 0.0595703125
1 0.9169921875 0.5546875 0.0341796875 0.0498046875
1 0.888671875 0.6494140625 0.0341796875 0.025390625
1 0.826171875 0.7119140625 0.021484375 0.0283203125
1 0.8408203125 0.5693359375 0.0341796875 0.068359375
1 0.8203125 0.5166015625 0.009765625 0.0185546875
1 0.7607421875 0.5546875 0.015625 0.025390625
1 0.76953125 0.5302734375 0.0126953125 0.0126953125
1 0.787109375 0.51953125 0.009765625 0.013671875
1 0.74609375 0.5458984375 0.0126953125 0.0126953125
1 0.7265625 0.509765625 0.025390625 0.0185546875
1 0.7099609375 0.5595703125 0.0126953125 0.013671875
0 0.91292446875 0.72325562109375 0.920908771484375 0.670807154296875 0.874586640625 0.641672177734375 0.8356481484375 0.60008818359375 0.824986048828125 0.60503127734375 0.820331876953125 0.66905554296875 0.845124421875 0.7171086171875 0.890900142578125 0.739578166015625 0.91292446875 0.72325562109375
1 0.71875 0.6357421875 0.0126953125 0.015625
1 0.630859375 0.52734375 0.017578125 0.0341796875
1 0.69921875 0.5244140625 0.0341796875 0.03125
1 0.65625 0.525390625 0.013671875 0.0126953125
1 0.5556640625 0.5283203125 0.044921875 0.03125
1 0.5888671875 0.5322265625 0.017578125 0.025390625
1 0.5146484375 0.529296875 0.0185546875 0.015625
1 0.49609375 0.546875 0.0107421875 0.0126953125
1 0.505859375 0.55859375 0.009765625 0.015625
1 0.5185546875 0.5537109375 0.013671875 0.005859375
1 0.478515625 0.537109375 0.0185546875 0.0185546875
1 0.4580078125 0.5234375 0.021484375 0.025390625
1 0.447265625 0.541015625 0.0126953125 0.015625
1 0.423828125 0.541015625 0.0419921875 0.068359375
1 0.3857421875 0.5830078125 0.044921875 0.041015625
1 0.3916015625 0.537109375 0.0263671875 0.033203125
1 0.357421875 0.5341796875 0.0185546875 0.025390625
1 0.3427734375 0.5498046875 0.013671875 0.03125
1 0.328125 0.529296875 0.0283203125 0.0341796875
0 0.458984375 0.662109375 0.0908203125 0.1748046875
0 0.2470703125 0.689453125 0.1015625 0.15625
1 0.3017578125 0.71484375 0.0107421875 0.0126953125
1 0.21484375 0.5390625 0.0361328125 0.0546875
1 0.1904296875 0.533203125 0.0185546875 0.025390625
1 0.1748046875 0.533203125 0.013671875 0.025390625
1 0.158203125 0.5419921875 0.015625 0.0126953125
1 0.244140625 0.5615234375 0.015625 0.021484375
1 0.2568359375 0.5283203125 0.0341796875 0.037109375
1 0.279296875 0.5302734375 0.0126953125 0.015625
1 0.2890625 0.5380859375 0.009765625 0.0185546875
1 0.09375 0.5361328125 0.0390625 0.041015625
1 0.0517578125 0.5341796875 0.0126953125 0.0283203125
1 0.015625 0.537109375 0.03125 0.0234375
1 0.015625 0.56640625 0.03125 0.03125
0 0.052734375 0.681640625 0.10546875 0.15625
1 0.1015625 0.62109375 0.0126953125 0.025390625
1 0.150390625 0.0625 0.03125 0.0341796875
0 0.59288840234375 0.64585572265625 0.590611048828125 0.699440931640625 0.640436404296875 0.7464244375 0.67796172265625 0.748129546875 0.7290529921875 0.727396109375 0.72721741796875 0.69026606640625 0.70973746484375 0.643757923828125 0.695715525390625 0.6038273671875 0.64895032421875 0.60149360546875 0.614275896484375 0.62300726171875 0.59288840234375 0.64585572265625