0 0.1083984375 0.677734375 0.1171875 0.1357421875
1 0.041015625 0.7041015625 0.0107421875 0.009765625
1 0.1767578125 0.642578125 0.0078125 0.0185546875
1 0.216796875 0.6796875 0.0126953125 0.015625
1 0.1962890625 0.626953125 0.0048828125 0.0107421875
0 0.2978515625 0.697265625 0.0908203125 0.130859375
1 0.3486328125 0.7265625 0.005859375 0.013671875
1 0.3642578125 0.646484375 0.0078125 0.009765625
1 0.0537109375 0.541015625 0.0595703125 0.0361328125
1 0.025390625 0.564453125 0.009765625 0.0126953125
1 0.005859375 0.5166015625 0.01171875 0.033203125
1 0.111328125 0.474609375 0.041015625 0.060546875
0 0.038013599609375 0.40689070703125 0.04379288671875 0.43603773828125 0.0797926484375 0.493990783203125 0.079897279296875 0.492924658203125 0.0936221171875 0.471522955078125 0.10430230078125 0.448490203125 0.137217365234375 0.449954185546875 0.16714073828125 0.440999779296875 0.15963955078125 0.4193621171875 0.1289359609375 0.3843488203125 0.1018931875 0.350988962890625 0.0693850234375 0.334487294921875 0.04359008203125 0.360776978515625 0.038013599609375 0.40689070703125
1 0.013671875 0.39453125 0.0126953125 0.0107421875
1 0.009765625 0.369140625 0.009765625 0.0126953125
1 0.208984375 0.3876953125 0.083984375 0.138671875
1 0.2783203125 0.470703125 0.0439453125 0.0341796875
1 0.232421875 0.4892578125 0.056640625 0.0830078125
0 0.306640625 0.400390625 0.107421875 0.119140625
1 0.333984375 0.32421875 0.0234375 0.0341796875
1 0.349609375 0.3486328125 0.0078125 0.0107421875
1 0.36328125 0.509765625 0.017578125 0.0107421875
1 0.5751953125 0.6474609375 0.0283203125 0.0595703125
1 0.595703125 0.662109375 0.0107421875 0.0185546875
0 0.47054423828125 0.71613722265625 0.4930323046875 0.757180404296875 0.521370701171875 0.774650021484375 0.587528935546875 0.74731316015625 0.606140458984375 0.696507798828125 0.587230541015625 0.68038848828125 0.5573317109375 0.66373353515625 0.537037037109375 0.6221340390625 0.49890847265625 0.640860958984375 0.47054423828125 0.71613722265625
1 0.515625 0.5439453125 0.0107421875 0.0205078125
1 0.55859375 0.544921875 0.0185546875 0.0205078125
1 0.501953125 0.505859375 0.013671875 0.013671875
1 0.6513671875 0.5732421875 0.0625 0.041015625
1 0.466796875 0.421875 0.009765625 0.0107421875
0 0.509765625 0.412109375 0.078125 0.1357421875
1 0.578125 0.455078125 0.0263671875 0.033203125
1 0.4814453125 0.333984375 0.0126953125 0.015625
1 0.50390625 0.330078125 0.0107421875 0.0234375
1 0.5087890625 0.306640625 0.0126953125 0.021484375
1 0.4013671875 0.4091796875 0.005859375 0.0078125
1 0.5986328125 0.3642578125 0.0048828125 0.0126953125
1 0.607421875 0.3681640625 0.0078125 0.0126953125
1 0.607421875 0.349609375 0.0126953125 0.013671875
1 0.6279296875 0.333984375 0.015625 0.021484375
1 0.6328125 0.36328125 0.017578125 0.029296875
1 0.6484375 0.4033203125 0.0107421875 0.0126953125
1 0.72265625 0.32421875 0.025390625 0.029296875
1 0.7685546875 0.376953125 0.0126953125 0.025390625
1 0.783203125 0.40625 0.0126953125 0.015625
1 0.732421875 0.390625 0.009765625 0.013671875
0 0.73689003515625 0.4545373125 0.725169994140625 0.38468812109375 0.748674666015625 0.3677472578125 0.71216337109375 0.3358134921875 0.67541568359375 0.3461647109375 0.646697513671875 0.363544767578125 0.6468408984375 0.36465394921875 0.664685123046875 0.42685426171875 0.719632263671875 0.462646052734375 0.73689003515625 0.4545373125
1 0.8154296875 0.3779296875 0.0107421875 0.025390625
1 0.8076171875 0.5244140625 0.1142578125 0.1328125
1 0.884765625 0.5673828125 0.0439453125 0.0546875
1 0.896484375 0.537109375 0.0107421875 0.0126953125
1 0.9375 0.5419921875 0.03125 0.0283203125
1 0.787109375 0.6435546875 0.0126953125 0.015625
1 0.8359375 0.6015625 0.0078125 0.0185546875
1 0.83984375 0.634765625 0.009765625 0.009765625
0 0.9306640625 0.701171875 0.138671875 0.140625
1 0.8203125 0.666015625 0.0078125 0.0107421875
0 0.727513228515625 0.623456791015625 0.7046389296875 0.634131806640625 0.671459056640625 0.666053515625 0.6773739765625 0.70524863671875 0.68492166796875 0.741531291015625 0.72897161328125 0.767085537109375 0.750180845703125 0.76384238671875 0.79630533984375 0.72097525390625 0.798249421875 0.696301119140625 0.78465892578125 0.6662670859375 0.756010509765625 0.631806658203125 0.727513228515625 0.623456791015625
1 0.6416015625 0.509765625 0.0078125 0.009765625
1 0.5126953125 0.173828125 0.1611328125 0.171875
1 0.1162109375 0.0546875 0.232421875 0.109375
0 0.890559443359375 0.35610321484375 0.8590856484375 0.381558642578125 0.873838072265625 0.427859458984375 0.88601571484375 0.446215216796875 0.910261365234375 0.450106396484375 0.9486434375 0.44790159765625 0.97254661328125 0.43502242578125 0.979077375 0.429812583984375 0.96980003125 0.403945734375 0.95765064453125 0.381801275390625 0.94955896484375 0.343860013671875 0.93644883984375 0.32819432421875 0.92537321875 0.344268421875 0.890559443359375 0.35610321484375
1 0.921875 0.3349609375 0.015625 0.0185546875
1 0.9601768203125 0.388917521484375 0.97794709375 0.413104021484375 0.994444669921875 0.417207693359375 1 0.39937337109375 0.995498091796875 0.365769375 0.966506392578125 0.343065802734375 0.963656955078125 0.341414087890625 0.960640236328125 0.360491716796875 0.9601768203125 0.388917521484375
1 0.9921875 0.3408203125 0.015625 0.0185546875