0 0.62109375 0.9404296875 0.1748046875 0.119140625
1 0.47265625 0.8427734375 0.1435546875 0.099609375
1 0.7109375 0.7548828125 0.0205078125 0.0205078125
1 0.5927734375 0.673828125 0.03125 0.0185546875
1 0.654296875 0.6943359375 0.015625 0.009765625
1 0.4853515625 0.67578125 0.1064453125 0.115234375
0 0.51236496875 0.759145326171875 0.5634428046875 0.787431279296875 0.606992669921875 0.799924044921875 0.65801263671875 0.79947916796875 0.6800371328125 0.76779333203125 0.69886429296875 0.74100296484375 0.662316744140625 0.709563078125 0.64887152734375 0.66943359375 0.626065779296875 0.66246744921875 0.61063126953125 0.685282841796875 0.55442708203125 0.685302734375 0.535824169921875 0.698413990234375 0.51236496875 0.733906611328125 0.51236496875 0.759145326171875
1 0.4677734375 0.509765625 0.056640625 0.0439453125
1 0.4462890625 0.552734375 0.0185546875 0.0126953125
1 0.4443359375 0.591796875 0.021484375 0.025390625
1 0.365234375 0.603515625 0.146484375 0.083984375
0 0.294921875 0.5244140625 0.15625 0.09375
1 0.306640625 0.478515625 0.0185546875 0.0185546875
1 0.3095703125 0.455078125 0.015625 0.013671875
1 0.443359375 0.466796875 0.015625 0.013671875
1 0.55859375 0.4345703125 0.0498046875 0.037109375
1 0.4619140625 0.4130859375 0.046875 0.041015625
1 0.384765625 0.7060546875 0.021484375 0.0185546875
0 0.2685546875 0.7626953125 0.171875 0.1279296875
1 0.3076171875 0.693359375 0.0185546875 0.013671875
1 0.2861328125 0.884765625 0.1845703125 0.0966796875
0 0.2919921875 0.9658203125 0.134765625 0.068359375
0 0.51894199609375 0.548973931640625 0.523710275390625 0.564319751953125 0.5504451796875 0.568756103515625 0.59388262109375 0.56392415234375 0.65370912890625 0.55867173828125 0.652583369140625 0.53963555078125 0.63518759765625 0.502655029296875 0.6071928046875 0.472268564453125 0.590191876953125 0.457463017578125 0.557704595703125 0.4728551796875 0.52074441796875 0.522719771484375 0.51894199609375 0.548973931640625
1 0.713348765625 0.53616898046875 0.7064811796875 0.476070828125 0.65229251171875 0.4405449765625 0.60264003515625 0.433408384765625 0.585721994140625 0.442638255859375 0.605741525390625 0.48763925 0.638567888671875 0.51776123046875 0.66993242578125 0.539525916015625 0.713348765625 0.53616898046875
1 0.669921875 0.384765625 0.017578125 0.009765625
0 0.580078125 0.322265625 0.142578125 0.1123046875
1 0.4501953125 0.25390625 0.0390625 0.0341796875
1 0.4306640625 0.2705078125 0.017578125 0.015625
1 0.7021484375 0.2099609375 0.1923828125 0.1591796875
1 0.619140625 0.064453125 0.0185546875 0.0185546875
0 0.5572675546875 0.16968496875 0.5956621328125 0.157557509765625 0.618506462890625 0.14243344921875 0.65432822265625 0.09605215625 0.6244478203125 0.076242404296875 0.606102912109375 0.052461298828125 0.5782865546875 0.040793185546875 0.540545427734375 0.05156069140625 0.496038291015625 0.080345775390625 0.495722416015625 0.13299515234375 0.525641396484375 0.164284939453125 0.5572675546875 0.16968496875
1 0.6748046875 0.1240234375 0.0126953125 0.0107421875
1 0.6572265625 0.119140625 0.0126953125 0.009765625
1 0.5048828125 0.01953125 0.0625 0.0390625
1 0.455078125 0.140625 0.013671875 0.0126953125
1 0.443359375 0.185546875 0.021484375 0.015625
1 0.439453125 0.083984375 0.0419921875 0.021484375
1 0.439453125 0.037109375 0.0595703125 0.029296875
0 0.2880859375 0.080078125 0.1328125 0.1123046875
0 0.30078125 0.2919921875 0.1357421875 0.099609375
1 0.251953125 0.185546875 0.015625 0.005859375
1 0.396484375 0.0654296875 0.0126953125 0.009765625
1 0.419921875 0.119140625 0.0126953125 0.009765625
1 0.501953125 0.255859375 0.0263671875 0.009765625
1 0.3740234375 0.3720703125 0.015625 0.0126953125
1 0.423828125 0.005859375 0.015625 0.0107421875
1 0.451171875 0.990234375 0.0205078125 0.015625
1 0.458984375 0.9775390625 0.0126953125 0.009765625
1 0.466796875 0.8994140625 0.013671875 0.017578125