0 0.6044921875 0.958984375 0.146484375 0.08203125
1 0.458984375 0.98046875 0.017578125 0.01953125
1 0.4892578125 0.955078125 0.07421875 0.048828125
1 0.4140625 0.923828125 0.01953125 0.015625
1 0.421875 0.9033203125 0.013671875 0.0078125
0 0.298828125 0.947265625 0.099609375 0.078125
1 0.4306640625 0.767578125 0.01171875 0.013671875
1 0.4189453125 0.7685546875 0.013671875 0.01171875
0 0.37720822265625 0.792174857421875 0.37952958984375 0.76844815234375 0.364980798828125 0.745817369140625 0.37771874609375 0.746435888671875 0.38708115625 0.7407109921875 0.396227015625 0.7317023203125 0.4032861328125 0.710124283203125 0.373712662109375 0.69429115625 0.3186648203125 0.675309794921875 0.2832626875 0.669001685546875 0.265491158203125 0.676469341796875 0.24553038671875 0.705137875 0.23050038671875 0.733183095703125 0.22521869921875 0.754458998046875 0.231947236328125 0.787006564453125 0.252786158203125 0.80228331640625 0.292140787109375 0.812674986328125 0.3773938125 0.809940029296875 0.37720822265625 0.792174857421875
1 0.376953125 0.7509765625 0.02734375 0.015625
1 0.294921875 0.6611328125 0.013671875 0.01171875
1 0.4208984375 0.7216796875 0.015625 0.01171875
1 0.4150390625 0.70703125 0.015625 0.01171875
1 0.4853515625 0.728515625 0.013671875 0.01171875
1 0.4736328125 0.7099609375 0.013671875 0.01171875
1 0.4716796875 0.8408203125 0.01953125 0.01171875
0 0.6240234375 0.8095703125 0.1484375 0.15234375
1 0.4091796875 0.6826171875 0.078125 0.052734375
1 0.4404296875 0.62890625 0.01953125 0.015625
1 0.436896953125 0.711817298828125 0.483268583984375 0.7016852265625 0.514591458984375 0.69394065234375 0.511169130859375 0.672074205078125 0.476521400390625 0.662932900390625 0.447227037109375 0.6647313203125 0.438759216796875 0.68179609765625 0.4307040078125 0.69889515234375 0.4311926640625 0.709663013671875 0.436896953125 0.711817298828125
1 0.418339798828125 0.649084470703125 0.430273892578125 0.6644638046875 0.459732064453125 0.665643580078125 0.491990927734375 0.670998005859375 0.511525521484375 0.673758333984375 0.52113284375 0.6702280078125 0.535917443359375 0.655192099609375 0.532918400390625 0.63992248046875 0.50839126171875 0.623289271484375 0.462339630859375 0.633106447265625 0.425141154296875 0.637686689453125 0.418339798828125 0.649084470703125
1 0.44436128515625 0.612655927734375 0.45281231640625 0.6333133203125 0.481310892578125 0.627770193359375 0.520791677734375 0.61798167578125 0.5270326953125 0.613529919921875 0.506686751953125 0.593473060546875 0.470160447265625 0.586621490234375 0.451455302734375 0.59542351953125 0.44436128515625 0.612655927734375
1 0.43359375 0.587890625 0.01953125 0.013671875
1 0.400390625 0.6484375 0.013671875 0.01171875
0 0.38654574609375 0.513471599609375 0.383561888671875 0.494238431640625 0.371207021484375 0.48443881640625 0.31664176171875 0.484638865234375 0.296437640625 0.4929519921875 0.266694775390625 0.517766779296875 0.252836072265625 0.530989794921875 0.247541603515625 0.5624090625 0.270379888671875 0.602223259765625 0.287695 0.633405427734375 0.30165361328125 0.6495663046875 0.31530566796875 0.64988186328125 0.341720935546875 0.62730250390625 0.36305506640625 0.6214124765625 0.39793942578125 0.616178861328125 0.406321111328125 0.606956521484375 0.416875130859375 0.569107357421875 0.38862165625 0.544342126953125 0.38654574609375 0.513471599609375
1 0.3017578125 0.4853515625 0.005859375 0.0078125
1 0.3173828125 0.46875 0.013671875 0.0078125
1 0.3115234375 0.455078125 0.01171875 0.01171875
1 0.3623046875 0.46484375 0.009765625 0.0078125
1 0.41852030859375 0.465244966796875 0.400303240234375 0.464610234375 0.38412921875 0.4686433203125 0.387447328125 0.496166193359375 0.40872151953125 0.522244591796875 0.419513919921875 0.554983904296875 0.447956919921875 0.572819697265625 0.48305996875 0.5818068125 0.49450330859375 0.575096439453125 0.50107549609375 0.557766755859375 0.500414669921875 0.536090541015625 0.503433068359375 0.504540142578125 0.502693123046875 0.503903716796875 0.484092638671875 0.494024498046875 0.46546829296875 0.48335984375 0.4435638203125 0.474030443359375 0.41852030859375 0.465244966796875
1 0.4580078125 0.4384765625 0.0390625 0.046875
1 0.5205078125 0.43359375 0.03515625 0.03515625
1 0.55578626953125 0.415390376953125 0.5305336796875 0.394189447265625 0.52029700390625 0.413691876953125 0.530059869140625 0.436170185546875 0.51076353515625 0.459055294921875 0.493130736328125 0.474135455078125 0.490464041015625 0.48826809765625 0.5073714140625 0.51160340234375 0.502019365234375 0.53648347265625 0.502763828125 0.547560072265625 0.533406193359375 0.547264109375 0.5624994140625 0.5266694609375 0.61188664453125 0.5246906796875 0.614498833984375 0.497492080078125 0.617880580078125 0.475953853515625 0.584626080078125 0.450276076171875 0.55578626953125 0.415390376953125
1 0.609375 0.4931640625 0.01953125 0.017578125
1 0.61328125 0.44140625 0.013671875 0.013671875
0 0.63582685546875 0.6293763125 0.673251498046875 0.60695800390625 0.701619998046875 0.56902440625 0.674073935546875 0.543359666015625 0.63064025390625 0.508840330078125 0.61507416015625 0.502693599609375 0.60982790234375 0.52276094921875 0.59238253125 0.525139009765625 0.560047611328125 0.53018395703125 0.553183677734375 0.546047443359375 0.541396701171875 0.567984224609375 0.534542849609375 0.60112973046875 0.5353144140625 0.601093638671875 0.54968550390625 0.61040811328125 0.584090263671875 0.621925193359375 0.63582685546875 0.6293763125
0 0.6455078125 0.369140625 0.193359375 0.134765625
1 0.47265625 0.373046875 0.017578125 0.01171875
1 0.4990234375 0.37109375 0.015625 0.01171875
1 0.466796875 0.3427734375 0.05078125 0.037109375
1 0.42578125 0.3076171875 0.052734375 0.029296875
0 0.30228939453125 0.26208741796875 0.274335953125 0.29867355859375 0.26930251171875 0.358956208984375 0.286455205078125 0.38016248046875 0.32249063671875 0.40184715625 0.358711353515625 0.398098611328125 0.397336376953125 0.382406287109375 0.444113150390625 0.3600253515625 0.4446318203125 0.360319291015625 0.4257161171875 0.33881659375 0.402256490234375 0.308848439453125 0.40791881640625 0.288051994140625 0.374308755859375 0.264193646484375 0.3406578984375 0.252898248046875 0.30228939453125 0.26208741796875
1 0.49609375 0.25390625 0.015625 0.01171875
1 0.4921875 0.30859375 0.0078125 0.005859375
1 0.4833984375 0.302734375 0.0078125 0.005859375
1 0.3818359375 0.22265625 0.013671875 0.009765625
1 0.3037109375 0.2099609375 0.01171875 0.01171875
1 0.404296875 0.197265625 0.037109375 0.037109375
1 0.404296875 0.0361328125 0.013671875 0.01171875
1 0.369140625 0.009765625 0.009765625 0.009765625
1 0.3564453125 0.0078125 0.009765625 0.009765625
1 0.32421875 0.009765625 0.013671875 0.009765625
0 0.375643009765625 0.02568871484375 0.335604552734375 0.019047875 0.297224234375 0.0121762109375 0.278813314453125 0.01415476953125 0.2506930625 0.071679544921875 0.251745388671875 0.10448416015625 0.27208846484375 0.137550435546875 0.2889703828125 0.16020519921875 0.31309992578125 0.175764166015625 0.333886869140625 0.18064223046875 0.369860009765625 0.1762888046875 0.398837806640625 0.17054348828125 0.41231873046875 0.1513800234375 0.4261038125 0.125029439453125 0.427694796875 0.11264760546875 0.42050519140625 0.086947396484375 0.412048435546875 0.06713900390625 0.392595126953125 0.045535353515625 0.375643009765625 0.02568871484375
1 0.447265625 0.0078125 0.05078125 0.015625
1 0.509765625 0.0859375 0.041015625 0.0234375
1 0.473269091796875 0.117496248046875 0.508153826171875 0.124228826171875 0.529015919921875 0.114743283203125 0.5438623046875 0.094417109375 0.533808818359375 0.08899323046875 0.516623146484375 0.095513244140625 0.489557607421875 0.09286856640625 0.467676951171875 0.070022796875 0.443543462890625 0.072186857421875 0.440183037109375 0.088831759765625 0.4466161875 0.107901134765625 0.473269091796875 0.117496248046875
0 0.63671875 0.146484375 0.16796875 0.15625
1 0.638671875 0.03125 0.013671875 0.015625