0 0.05078125 0.373046875 0.1015625 0.171875
1 0.0751953125 0.49609375 0.021484375 0.017578125
1 0.060546875 0.533203125 0.03125 0.044921875
1 0.1123046875 0.4990234375 0.0078125 0.015625
1 0.123046875 0.51171875 0.013671875 0.015625
1 0.12890625 0.529296875 0.021484375 0.017578125
1 0.138671875 0.513671875 0.009765625 0.013671875
1 0.171875 0.5078125 0.04296875 0.052734375
1 0.1962890625 0.564453125 0.013671875 0.025390625
0 0.07421875 0.7197265625 0.134765625 0.17578125
0 0.2919921875 0.703125 0.134765625 0.16796875
1 0.3076171875 0.517578125 0.02734375 0.021484375
0 0.2578125 0.396484375 0.123046875 0.14453125
1 0.390625 0.4833984375 0.009765625 0.017578125
0 0.4755859375 0.4013671875 0.138671875 0.154296875
1 0.4287109375 0.5595703125 0.0390625 0.052734375
0 0.525390625 0.716796875 0.13671875 0.181640625
0 0.7314453125 0.677734375 0.130859375 0.158203125
0 0.9423828125 0.6796875 0.115234375 0.18359375
0 0.923828125 0.3837890625 0.150390625 0.205078125
0 0.6953125 0.3759765625 0.15234375 0.166015625
1 0.60546875 0.298828125 0.009765625 0.01171875
1 0.9677734375 0.4853515625 0.013671875 0.013671875
1 0.1845703125 0.2568359375 0.009765625 0.013671875
1 0.8701171875 0.25390625 0.0078125 0.013671875
1 0.2099609375 0.306640625 0.005859375 0.01171875
1 0.6845703125 0.5068359375 0.009765625 0.009765625
1 0.8505859375 0.494140625 0.0078125 0.01171875