1 0.052734375 0.4326171875 0.07421875 0.107421875
1 0.046875 0.365234375 0.013671875 0.017578125
1 0.1005859375 0.47265625 0.021484375 0.025390625
1 0.12890625 0.46875 0.01953125 0.015625
1 0.2626953125 0.451171875 0.01953125 0.029296875
0 0.1513671875 0.62109375 0.1484375 0.166015625
1 0.0576171875 0.583984375 0.013671875 0.013671875
1 0.228515625 0.595703125 0.013671875 0.015625
1 0.2490234375 0.615234375 0.013671875 0.013671875
1 0.3203125 0.6201171875 0.005859375 0.009765625
0 0.370172619140625 0.774983912109375 0.4424183515625 0.73324532421875 0.4638455859375 0.695366974609375 0.457307541015625 0.627523009765625 0.413261796875 0.572488373046875 0.350098859375 0.552447755859375 0.326081443359375 0.63230271875 0.343961333984375 0.665942966796875 0.333333541015625 0.709450013671875 0.334755126953125 0.762322642578125 0.370172619140625 0.774983912109375
1 0.466796875 0.6396484375 0.009765625 0.015625
1 0.451171875 0.5732421875 0.013671875 0.013671875
1 0.396484375 0.4931640625 0.009765625 0.03125
1 0.42578125 0.451171875 0.009765625 0.009765625
1 0.4697265625 0.4677734375 0.0078125 0.013671875
0 0.33453477734375 0.400197439453125 0.38073416015625 0.431767197265625 0.415308232421875 0.41675936328125 0.4407435625 0.364179333984375 0.429790326171875 0.325684490234375 0.39831541015625 0.2815411640625 0.398598099609375 0.28078690234375 0.36776246875 0.28873746484375 0.33018216796875 0.310192041015625 0.321782466796875 0.361737443359375 0.33453477734375 0.400197439453125
1 0.30852877734375 0.321939126953125 0.3087465625 0.3214633359375 0.35140172265625 0.30349283984375 0.384572015625 0.28081984765625 0.396134919921875 0.225677576171875 0.379519642578125 0.210455630859375 0.3058486640625 0.231678876953125 0.282397779296875 0.249176353515625 0.296094390625 0.30110089453125 0.30852877734375 0.321939126953125
1 0.2724609375 0.322265625 0.013671875 0.013671875
0 0.1669921875 0.3271484375 0.173828125 0.146484375
1 0.49609375 0.32421875 0.03515625 0.037109375
0 0.6044921875 0.30859375 0.146484375 0.18359375
1 0.6943359375 0.32421875 0.005859375 0.009765625
1 0.6337890625 0.453125 0.005859375 0.01171875
1 0.603515625 0.4765625 0.0078125 0.009765625
1 0.712890625 0.451171875 0.005859375 0.013671875
1 0.7578125 0.3603515625 0.0078125 0.009765625
0 0.8505859375 0.3359375 0.15625 0.1484375
1 0.9384765625 0.458984375 0.021484375 0.01953125
1 0.89453125 0.4931640625 0.07421875 0.06640625
1 0.7610101953125 0.413453705078125 0.7672394140625 0.44073423046875 0.814073107421875 0.488733361328125 0.795071296875 0.540922033203125 0.8286031953125 0.5431841796875 0.864981525390625 0.506900091796875 0.8654467421875 0.47174931640625 0.9117498203125 0.472251986328125 0.92216790234375 0.44907522265625 0.906676517578125 0.43858457421875 0.829148810546875 0.425671296875 0.76420886328125 0.40234053515625 0.7610101953125 0.413453705078125
1 0.763671875 0.4677734375 0.005859375 0.013671875
0 0.8857421875 0.642578125 0.177734375 0.19140625
1 0.9921875 0.546875 0.015625 0.03515625
1 0.681640625 0.7177734375 0.05078125 0.056640625
0 0.63774820703125 0.755331955078125 0.654176037109375 0.755226078125 0.660832373046875 0.700763748046875 0.681718318359375 0.6849440625 0.7016388671875 0.6756939765625 0.6817714921875 0.63566141796875 0.671236107421875 0.60785659375 0.652981224609375 0.59995501171875 0.58963896875 0.5729720234375 0.56722165234375 0.571966294921875 0.544685314453125 0.6516283125 0.54038073828125 0.71884502734375 0.5619588203125 0.745194439453125 0.63774820703125 0.755331955078125
1 0.6767578125 0.6220703125 0.009765625 0.015625
1 0.5283203125 0.5087890625 0.009765625 0.01171875
1 0.48828125 0.6318359375 0.005859375 0.015625
1 0.5634765625 0.45703125 0.0078125 0.01953125
1 0.4384765625 0.4599609375 0.0078125 0.009765625