0 0.07421875 0.314453125 0.107421875 0.1455078125
1 0.013671875 0.4462890625 0.02734375 0.080078125
1 0.078125 0.4248046875 0.060546875 0.0439453125
1 0.1123046875 0.4462890625 0.0751953125 0.029296875
1 0.1884765625 0.486328125 0.076171875 0.158203125
1 0.2138671875 0.544921875 0.0390625 0.0498046875
1 0.2412109375 0.5126953125 0.068359375 0.068359375
0 0.29296875 0.599609375 0.0986328125 0.140625
0 0.0888671875 0.60546875 0.103515625 0.126953125
1 0.0390625 0.5390625 0.0498046875 0.052734375
1 0.3974609375 0.5888671875 0.0625 0.078125
1 0.427734375 0.544921875 0.041015625 0.041015625
1 0.4404296875 0.6103515625 0.017578125 0.0234375
1 0.345703125 0.6474609375 0.009765625 0.0126953125
1 0.353515625 0.6337890625 0.005859375 0.0126953125
1 0.380859375 0.666015625 0.009765625 0.0126953125
1 0.3994140625 0.634765625 0.0078125 0.0205078125
1 0.447265625 0.642578125 0.0078125 0.009765625
1 0.3212890625 0.447265625 0.015625 0.0341796875
1 0.431640625 0.494140625 0.0498046875 0.048828125
1 0.458984375 0.4404296875 0.0263671875 0.0234375
1 0.3984375 0.435546875 0.0751953125 0.0810546875
1 0.220703125 0.3203125 0.03125 0.029296875
1 0.2392578125 0.341796875 0.03125 0.0908203125
0 0.306640625 0.302734375 0.115234375 0.1923828125
1 0.3974609375 0.3330078125 0.0126953125 0.015625
1 0.4921875 0.455078125 0.0234375 0.0361328125
1 0.498046875 0.421875 0.048828125 0.041015625
1 0.5302734375 0.4111328125 0.0185546875 0.0205078125
1 0.5390625 0.439453125 0.0107421875 0.0126953125
1 0.521484375 0.4609375 0.0126953125 0.017578125
1 0.5458984375 0.4599609375 0.0126953125 0.015625
1 0.54296875 0.359375 0.029296875 0.0419921875
0 0.4853515625 0.3271484375 0.099609375 0.1357421875
0 0.51171875 0.626953125 0.1220703125 0.173828125
1 0.6435546875 0.595703125 0.009765625 0.0205078125
0 0.7294921875 0.634765625 0.1015625 0.1455078125
1 0.7119140625 0.59765625 0.0126953125 0.017578125
1 0.6240234375 0.431640625 0.0390625 0.0654296875
1 0.7451171875 0.4765625 0.0283203125 0.03125
1 0.7958984375 0.505859375 0.046875 0.0673828125
1 0.845703125 0.462890625 0.0517578125 0.046875
0 0.7470703125 0.349609375 0.158203125 0.177734375
1 0.943359375 0.5146484375 0.0908203125 0.123046875
0 0.931640625 0.6513671875 0.1357421875 0.15625
0 0.9404296875 0.373046875 0.119140625 0.154296875
1 0.759765625 0.013671875 0.0654296875 0.0263671875
1 0.673828125 0.486328125 0.0966796875 0.142578125