1 0.099609375 0.484375 0.017578125 0.0107421875
0 0.1826171875 0.3837890625 0.1376953125 0.177734375
1 0.15234375 0.5126953125 0.009765625 0.0126953125
1 0.275390625 0.443359375 0.0126953125 0.017578125
1 0.3173828125 0.388671875 0.0078125 0.013671875
0 0.41422726953125 0.308127572265625 0.36471193359375 0.30075445703125 0.364798337890625 0.3016546640625 0.3449958203125 0.309887794921875 0.335422091796875 0.345345455078125 0.34021247265625 0.383446126953125 0.36441755859375 0.41902970703125 0.391689974609375 0.43727494921875 0.45106035546875 0.4305153671875 0.454733515625 0.405075177734375 0.45476365625 0.35370048828125 0.441124935546875 0.32741367578125 0.41422726953125 0.308127572265625
1 0.474609375 0.45703125 0.0126953125 0.015625
1 0.4609375 0.390625 0.009765625 0.0126953125
1 0.5439453125 0.3486328125 0.0107421875 0.0126953125
1 0.607421875 0.3388671875 0.009765625 0.0205078125
1 0.564453125 0.4990234375 0.0576171875 0.041015625
1 0.595703125 0.494140625 0.0107421875 0.017578125
1 0.3818359375 0.55859375 0.025390625 0.03125
1 0.439453125 0.548828125 0.037109375 0.0205078125
1 0.4921875 0.5234375 0.064453125 0.0908203125
0 0.5635951171875 0.367877388671875 0.56327160546875 0.36899862890625 0.577873826171875 0.416468408203125 0.59408858203125 0.43605190234375 0.64652556640625 0.43359776953125 0.66931303125 0.418476455078125 0.690304099609375 0.36573404296875 0.67807798046875 0.33240499609375 0.64674258203125 0.299696181640625 0.62853551953125 0.315873091796875 0.61355151171875 0.342020587890625 0.6015172890625 0.35056584375 0.5797586328125 0.35714859765625 0.5635951171875 0.367877388671875
1 0.697265625 0.48046875 0.025390625 0.0234375
1 0.6943359375 0.4541015625 0.013671875 0.0126953125
1 0.8212890625 0.486328125 0.017578125 0.0185546875
1 0.822265625 0.537109375 0.0126953125 0.009765625
1 0.8043177734375 0.540419505859375 0.8174179765625 0.524222501953125 0.824764298828125 0.503327546875 0.819974923828125 0.498095099609375 0.80262285546875 0.496013375 0.796434943359375 0.49788746484375 0.79351128515625 0.50857338671875 0.800993240234375 0.539503224609375 0.80068680859375 0.540240001953125 0.8043177734375 0.540419505859375
0 0.8310546875 0.35546875 0.1201171875 0.1298828125
1 0.7529296875 0.3291015625 0.0126953125 0.013671875
1 0.7666015625 0.3125 0.0107421875 0.015625
1 0.90625 0.365234375 0.009765625 0.0126953125
0 0.87890625 0.6572265625 0.119140625 0.1484375
1 0.59765625 0.6552734375 0.0185546875 0.0263671875
1 0.580078125 0.6298828125 0.0126953125 0.0185546875
1 0.5576171875 0.6435546875 0.037109375 0.0625
0 0.6650390625 0.677734375 0.099609375 0.15625
1 0.5107421875 0.6630859375 0.0078125 0.015625
0 0.40858643359375 0.6257606484375 0.384760927734375 0.65888705859375 0.371590671875 0.68764700390625 0.365921826171875 0.705717541015625 0.38531255078125 0.74738355859375 0.41761733984375 0.77179157421875 0.455937650390625 0.758580255859375 0.47607404296875 0.708989482421875 0.480802080078125 0.66887585546875 0.451175818359375 0.6180132265625 0.426192560546875 0.60379605078125 0.40858643359375 0.6257606484375
1 0.322265625 0.7001953125 0.0078125 0.015625
0 0.201171875 0.703125 0.1328125 0.193359375
1 0.1015625 0.7490234375 0.0126953125 0.0126953125
1 0.0322265625 0.6337890625 0.013671875 0.013671875