0 0.9736328125 0.603515625 0.052734375 0.14453125
1 0.9931640625 0.5166015625 0.0078125 0.009765625
1 0.9970703125 0.4814453125 0.00390625 0.009765625
1 0.986328125 0.486328125 0.009765625 0.0078125
1 0.9638671875 0.525390625 0.01171875 0.01171875
1 0.9521484375 0.4951171875 0.029296875 0.03515625
1 0.896484375 0.48828125 0.07421875 0.111328125
1 0.849609375 0.443359375 0.029296875 0.0390625
1 0.86328125 0.5224609375 0.01953125 0.015625
0 0.849609375 0.6357421875 0.154296875 0.185546875
1 0.822265625 0.521484375 0.015625 0.01953125
1 0.8251953125 0.4970703125 0.01171875 0.017578125
1 0.81640625 0.5302734375 0.005859375 0.0078125
1 0.7900390625 0.521484375 0.01171875 0.0234375
1 0.796875 0.4892578125 0.015625 0.01953125
1 0.783203125 0.560546875 0.01171875 0.013671875
1 0.74609375 0.54296875 0.03515625 0.021484375
1 0.7216796875 0.529296875 0.013671875 0.017578125
0 0.796875 0.37890625 0.12109375 0.13671875
0 0.95703125 0.3359375 0.06640625 0.126953125
1 0.96484375 0.4287109375 0.046875 0.0703125
1 0.67578125 0.5380859375 0.01171875 0.013671875
1 0.642578125 0.521484375 0.025390625 0.033203125
1 0.60763500390625 0.53566848046875 0.6113250625 0.568689466796875 0.6292267109375 0.596424001953125 0.6288685546875 0.59555156640625 0.653433716796875 0.57859478515625 0.659497056640625 0.568026185546875 0.636482951171875 0.543105814453125 0.618911091796875 0.5188898203125 0.6089743984375 0.518225775390625 0.60763500390625 0.53566848046875
1 0.6588105625 0.72265777734375 0.662691134765625 0.738120693359375 0.691758228515625 0.7409207109375 0.712400421875 0.736004033203125 0.711716298828125 0.715164376953125 0.69079675 0.7016721171875 0.6746463828125 0.69762353515625 0.666506140625 0.697963052734375 0.66108263671875 0.708928169921875 0.6588105625 0.72265777734375
0 0.656933005859375 0.7382648984375 0.66671305859375 0.7124841953125 0.695193625 0.69472005078125 0.72134941796875 0.66496356640625 0.717695380859375 0.63256574609375 0.676228353515625 0.599848103515625 0.6429871640625 0.588939025390625 0.618706322265625 0.6034463671875 0.609110671875 0.62490038671875 0.60592464453125 0.676141068359375 0.614529361328125 0.720318130859375 0.640505078125 0.749482572265625 0.656933005859375 0.7382648984375
1 0.58203125 0.546875 0.052734375 0.07421875
1 0.556640625 0.5556640625 0.0390625 0.0859375
1 0.505859375 0.6015625 0.0625 0.052734375
1 0.5078125 0.5400390625 0.080078125 0.091796875
1 0.4482421875 0.5966796875 0.0703125 0.078125
1 0.419921875 0.53515625 0.0390625 0.05078125
1 0.4013671875 0.5712890625 0.015625 0.0234375
1 0.421875 0.59765625 0.015625 0.021484375
0 0.458984375 0.708984375 0.107421875 0.16796875
1 0.3955078125 0.6728515625 0.013671875 0.017578125
1 0.3037109375 0.591796875 0.041015625 0.0625
1 0.3232421875 0.646484375 0.025390625 0.041015625
1 0.291015625 0.6591796875 0.0703125 0.08203125
1 0.2646484375 0.6201171875 0.017578125 0.025390625
1 0.248046875 0.634765625 0.037109375 0.0234375
1 0.224609375 0.609375 0.0078125 0.015625
1 0.2451171875 0.7978515625 0.013671875 0.013671875
0 0.312943388671875 0.705903546875 0.2796043515625 0.687445728515625 0.24618508984375 0.67034606640625 0.20236901171875 0.67582587890625 0.172983146484375 0.71014938671875 0.18180364453125 0.775292443359375 0.21301529296875 0.791659025390625 0.24237889453125 0.791449353515625 0.25977165234375 0.80949108984375 0.27632881640625 0.799202302734375 0.31704630859375 0.758437044921875 0.312943388671875 0.705903546875
1 0.169921875 0.7998046875 0.0078125 0.009765625
0 0.0751953125 0.7626953125 0.103515625 0.11328125
1 0.0751953125 0.693359375 0.0703125 0.0546875
1 0.083984375 0.6318359375 0.05078125 0.05859375
1 0.068359375 0.654296875 0.021484375 0.029296875
1 0.1943359375 0.58984375 0.0546875 0.0703125
1 0.119750791015625 0.64657377734375 0.14165725390625 0.657427759765625 0.186686150390625 0.65337542578125 0.1949246328125 0.64935954296875 0.1932360859375 0.6353023984375 0.17207110546875 0.5940239453125 0.1407288515625 0.542784892578125 0.117382357421875 0.549807060546875 0.10964508203125 0.59612428125 0.119750791015625 0.64657377734375
1 0.1796875 0.6640625 0.013671875 0.013671875
0 0.0556640625 0.4990234375 0.111328125 0.177734375
0 0.2275390625 0.462890625 0.126953125 0.1484375
0 0.4384765625 0.431640625 0.12109375 0.162109375
1 0.6630859375 0.435546875 0.015625 0.01953125
0 0.670951888671875 0.399422119140625 0.660221275390625 0.3708988671875 0.6388475078125 0.33849706640625 0.61475201953125 0.30955929296875 0.570132890625 0.31436030859375 0.547546203125 0.368378541015625 0.5523850859375 0.410986763671875 0.573902478515625 0.456075203125 0.5945928125 0.47333954296875 0.629331017578125 0.456630435546875 0.6456903515625 0.45308990625 0.6663133984375 0.413466578125 0.670951888671875 0.399422119140625
1 0.7783203125 0.521484375 0.005859375 0.0078125