1 0.9169921875 0.490234375 0.017578125 0.0234375
0 0.83984375 0.40234375 0.240234375 0.2578125
0 0.6044921875 0.337890625 0.240234375 0.283203125
0 0.3916015625 0.34375 0.18359375 0.205078125
0 0.162109375 0.2783203125 0.216796875 0.251953125
0 0.08203125 0.5634765625 0.1640625 0.251953125
1 0.1748046875 0.4609375 0.0234375 0.02734375
1 0.189453125 0.4794921875 0.01953125 0.01953125
1 0.19921875 0.4560546875 0.013671875 0.015625
1 0.224609375 0.4287109375 0.02734375 0.029296875
1 0.248046875 0.4580078125 0.01953125 0.021484375
1 0.2509765625 0.47265625 0.015625 0.013671875
1 0.271484375 0.48046875 0.013671875 0.01953125
1 0.2626953125 0.4716796875 0.013671875 0.015625
1 0.3857421875 0.51171875 0.01953125 0.01953125
1 0.5146484375 0.5283203125 0.021484375 0.03125
1 0.5673828125 0.5537109375 0.013671875 0.015625
1 0.603515625 0.541015625 0.013671875 0.013671875
1 0.640625 0.5439453125 0.0078125 0.01171875
1 0.654296875 0.5625 0.01171875 0.013671875
1 0.740234375 0.55078125 0.0234375 0.0234375
1 0.76171875 0.576171875 0.025390625 0.029296875
1 0.765625 0.5517578125 0.015625 0.017578125
1 0.7666015625 0.5966796875 0.013671875 0.015625
1 0.8720703125 0.607421875 0.025390625 0.029296875
1 0.8525390625 0.62890625 0.013671875 0.017578125
1 0.8759765625 0.57421875 0.013671875 0.015625
1 0.9462890625 0.630859375 0.08984375 0.107421875
0 0.7705078125 0.740234375 0.23828125 0.26171875
0 0.53515625 0.67578125 0.197265625 0.2265625
0 0.2802734375 0.5927734375 0.21484375 0.236328125
1 0.4052734375 0.6689453125 0.01953125 0.03125
1 0.1435546875 0.6005859375 0.013671875 0.015625