0 0.1220703125 0.705078125 0.126953125 0.14453125
1 0.056640625 0.7353515625 0.01171875 0.009765625
1 0.1875 0.6650390625 0.009765625 0.01953125
1 0.23046875 0.69921875 0.013671875 0.015625
1 0.2060546875 0.6474609375 0.005859375 0.01171875
0 0.3125 0.7109375 0.099609375 0.13671875
1 0.365234375 0.736328125 0.005859375 0.013671875
1 0.375 0.6552734375 0.0078125 0.009765625
1 0.0576171875 0.572265625 0.0625 0.041015625
1 0.03125 0.59765625 0.009765625 0.013671875
1 0.0078125 0.55078125 0.013671875 0.033203125
1 0.1103515625 0.501953125 0.044921875 0.0625
0 0.034990166015625 0.392953666015625 0.032644 0.43934405859375 0.04044240234375 0.468016947265625 0.0803970703125 0.523317603515625 0.080427078125 0.52224677734375 0.09262557421875 0.4999398125 0.10167305859375 0.476218154296875 0.13461006640625 0.47538253125 0.163835919921875 0.46436258984375 0.15484363671875 0.443300892578125 0.121772435546875 0.41051466015625 0.092468470703125 0.379122474609375 0.058888396484375 0.364928658203125 0.034990166015625 0.392953666015625
1 0.0078125 0.4287109375 0.013671875 0.01171875
1 0.0029296875 0.4033203125 0.005859375 0.013671875
1 0.2021484375 0.408203125 0.09375 0.14453125
1 0.2763671875 0.486328125 0.046875 0.037109375
1 0.232421875 0.5078125 0.0625 0.0859375
0 0.2998046875 0.4140625 0.115234375 0.126953125
1 0.322265625 0.3359375 0.025390625 0.03515625
1 0.33984375 0.359375 0.0078125 0.01171875
1 0.3642578125 0.51953125 0.017578125 0.01171875
1 0.5849609375 0.6416015625 0.033203125 0.060546875
1 0.6064453125 0.6552734375 0.01171875 0.01953125
0 0.6045674140625 0.7406050078125 0.61958959765625 0.688625130859375 0.59960131640625 0.67386417578125 0.56861352734375 0.6593354296875 0.54546645703125 0.619252953125 0.508737095703125 0.640593970703125 0.4856929609375 0.717665453125 0.510989275390625 0.757039966796875 0.540477259765625 0.7724902421875 0.6045674140625 0.7406050078125
1 0.5185546875 0.54296875 0.01171875 0.021484375
1 0.5615234375 0.541015625 0.01953125 0.021484375
1 0.501953125 0.505859375 0.013671875 0.013671875
1 0.65625 0.5625 0.064453125 0.044921875
1 0.4619140625 0.4248046875 0.009765625 0.01171875
0 0.50390625 0.412109375 0.087890625 0.140625
1 0.5751953125 0.4501953125 0.029296875 0.03515625
1 0.4697265625 0.3359375 0.013671875 0.015625
1 0.4921875 0.330078125 0.01171875 0.0234375
1 0.4951171875 0.306640625 0.013671875 0.021484375
1 0.3955078125 0.416015625 0.005859375 0.0078125
1 0.5888671875 0.357421875 0.005859375 0.013671875
1 0.59765625 0.361328125 0.0078125 0.013671875
1 0.5966796875 0.3427734375 0.013671875 0.013671875
1 0.6162109375 0.3251953125 0.017578125 0.0234375
1 0.623046875 0.3544921875 0.01953125 0.03125
1 0.6416015625 0.3935546875 0.01171875 0.013671875
1 0.7099609375 0.3095703125 0.02734375 0.03125
1 0.759765625 0.3583984375 0.013671875 0.025390625
1 0.7763671875 0.38671875 0.013671875 0.015625
1 0.724609375 0.375 0.009765625 0.013671875
0 0.70019348046875 0.321413673828125 0.664257373046875 0.33430306640625 0.636821529296875 0.353644064453125 0.6370419375 0.35474054296875 0.6591815703125 0.415544587890625 0.7164915703125 0.4474162734375 0.733141666015625 0.438123443359375 0.7165777421875 0.369261951171875 0.738843421875 0.350722751953125 0.70019348046875 0.321413673828125
1 0.8056640625 0.3564453125 0.01171875 0.025390625
1 0.80859375 0.5029296875 0.123046875 0.140625
1 0.888671875 0.5400390625 0.046875 0.05859375
1 0.8984375 0.509765625 0.01171875 0.013671875
1 0.939453125 0.51171875 0.033203125 0.03125
1 0.796875 0.623046875 0.013671875 0.015625
1 0.841796875 0.578125 0.009765625 0.01953125
1 0.8486328125 0.6103515625 0.009765625 0.009765625
0 0.9345703125 0.6708984375 0.130859375 0.150390625
1 0.8310546875 0.6435546875 0.0078125 0.01171875
0 0.713497001953125 0.619530177734375 0.68262469921875 0.653688638671875 0.69125932421875 0.692375677734375 0.701319580078125 0.72804344921875 0.747044794921875 0.750462677734375 0.7679761328125 0.745747947265625 0.810998009765625 0.69976775390625 0.81121617578125 0.675018111328125 0.795563716796875 0.646005265625 0.764581248046875 0.613627193359375 0.735570927734375 0.60728553515625 0.713497001953125 0.619530177734375
1 0.6416015625 0.5 0.0078125 0.009765625
1 0.490234375 0.173828125 0.171875 0.18359375
1 0.1025390625 0.08203125 0.205078125 0.125
0 0.91347374609375 0.314975240234375 0.879570328125 0.32920969140625 0.8499488828125 0.356798611328125 0.86789515234375 0.401957564453125 0.8813235625 0.419419138671875 0.905781587890625 0.421609548828125 0.94391636328125 0.41673272265625 0.96686290625 0.4022175234375 0.97301433984375 0.39656480859375 0.96195521484375 0.371408125 0.948290705078125 0.35016510546875 0.937572087890625 0.31288071484375 0.923401115234375 0.298167703125 0.91347374609375 0.314975240234375
1 0.9091796875 0.3056640625 0.017578125 0.01953125
1 0.98492762890625 0.331532154296875 0.954422830078125 0.31090624609375 0.951465115234375 0.3094573203125 0.949786533203125 0.3286989140625 0.951307130859375 0.35708780078125 0.97072128125 0.379975791015625 0.987464927734375 0.382918654296875 0.991762666015625 0.364740255859375 0.98492762890625 0.331532154296875
1 0.9794921875 0.306640625 0.017578125 0.01953125