0 0.037109375 0.5703125 0.0732421875 0.1328125
1 0.0498046875 0.4658203125 0.037109375 0.041015625
1 0.0224609375 0.4267578125 0.044921875 0.0185546875
1 0.09375 0.4296875 0.005859375 0.005859375
1 0.1142578125 0.42578125 0.0185546875 0.013671875
1 0.134765625 0.419921875 0.0234375 0.025390625
1 0.119140625 0.5986328125 0.015625 0.013671875
1 0.111328125 0.5634765625 0.0205078125 0.013671875
1 0.158203125 0.4375 0.037109375 0.052734375
1 0.2060546875 0.451171875 0.005859375 0.009765625
1 0.2158203125 0.4208984375 0.015625 0.0185546875
1 0.244140625 0.4150390625 0.0283203125 0.03125
1 0.244140625 0.46484375 0.021484375 0.046875
1 0.2646484375 0.4189453125 0.009765625 0.0126953125
1 0.287109375 0.4130859375 0.025390625 0.0283203125
1 0.3349609375 0.4423828125 0.021484375 0.015625
0 0.2001953125 0.57421875 0.107421875 0.1123046875
1 0.1630859375 0.498046875 0.080078125 0.0625
1 0.126953125 0.5302734375 0.0107421875 0.0126953125
0 0.029296875 0.328125 0.05859375 0.12890625
1 0.1123046875 0.3291015625 0.0341796875 0.0751953125
0 0.1943359375 0.287109375 0.130859375 0.166015625
0 0.369140625 0.29296875 0.125 0.1455078125
1 0.6064453125 0.353515625 0.041015625 0.0654296875
1 0.4814453125 0.474609375 0.0341796875 0.046875
1 0.400390625 0.57421875 0.013671875 0.0361328125
1 0.3125 0.53515625 0.009765625 0.0126953125
1 0.322265625 0.513671875 0.009765625 0.0107421875
1 0.505859375 0.5546875 0.0234375 0.013671875
1 0.630859375 0.52734375 0.015625 0.0185546875
1 0.6455078125 0.5302734375 0.009765625 0.025390625
1 0.6484375 0.498046875 0.0107421875 0.017578125
1 0.5380859375 0.4990234375 0.0341796875 0.037109375
1 0.51953125 0.5419921875 0.0078125 0.009765625
1 0.4580078125 0.529296875 0.005859375 0.009765625
1 0.447265625 0.4931640625 0.0283203125 0.021484375
1 0.455078125 0.45703125 0.0341796875 0.0498046875
1 0.515625 0.388671875 0.046875 0.068359375
1 0.3818359375 0.439453125 0.0595703125 0.083984375
1 0.419921875 0.439453125 0.037109375 0.0908203125
1 0.349609375 0.4130859375 0.021484375 0.0390625
1 0.318359375 0.419921875 0.025390625 0.0107421875
1 0.310546875 0.4052734375 0.0126953125 0.021484375
1 0.564453125 0.41015625 0.0126953125 0.015625
1 0.6025390625 0.408203125 0.046875 0.017578125
1 0.701171875 0.4013671875 0.046875 0.025390625
1 0.66796875 0.431640625 0.009765625 0.015625
1 0.681640625 0.431640625 0.013671875 0.013671875
1 0.638671875 0.4091796875 0.0185546875 0.015625
1 0.66015625 0.408203125 0.009765625 0.013671875
1 0.71875 0.443359375 0.0126953125 0.0185546875
1 0.8173828125 0.3916015625 0.0439453125 0.0390625
1 0.86328125 0.3291015625 0.0341796875 0.033203125
0 0.755859375 0.2880859375 0.103515625 0.166015625
1 0.880859375 0.3056640625 0.009765625 0.009765625
0 0.9375 0.28125 0.109375 0.171875
1 0.9755859375 0.533203125 0.009765625 0.015625
1 0.9853515625 0.517578125 0.029296875 0.02734375
1 0.9853515625 0.416015625 0.029296875 0.03515625
1 0.9326171875 0.4208984375 0.056640625 0.0908203125
1 0.8251953125 0.548828125 0.0126953125 0.0078125
1 0.8447265625 0.5146484375 0.037109375 0.046875
1 0.7763671875 0.5595703125 0.015625 0.017578125
0 0.73046875 0.5185546875 0.083984375 0.138671875
1 0.783203125 0.509765625 0.021484375 0.0205078125
0 0.9130859375 0.521484375 0.099609375 0.1171875
1 0.876953125 0.544921875 0.009765625 0.0107421875
1 0.8544921875 0.560546875 0.013671875 0.0126953125
1 0.8115234375 0.548828125 0.009765625 0.009765625
1 0.8076171875 0.5107421875 0.009765625 0.009765625
0 0.556640625 0.2734375 0.09375 0.150390625
1 0.4560546875 0.4111328125 0.0205078125 0.021484375
1 0.498046875 0.5126953125 0.005859375 0.0126953125
1 0.853515625 0.408203125 0.0341796875 0.037109375
1 0.876953125 0.400390625 0.009765625 0.0185546875
1 0.80078125 0.4365234375 0.015625 0.0107421875
1 0.7900390625 0.400390625 0.017578125 0.0185546875
1 0.1005859375 0.4501953125 0.0107421875 0.0126953125
0 0.3642578125 0.5576171875 0.0810546875 0.1376953125
0 0.564453125 0.5693359375 0.0966796875 0.1201171875
1 0.068359375 0.4208984375 0.0107421875 0.0126953125
1 0.115234375 0.447265625 0.0107421875 0.009765625
1 0.50390625 0.4384765625 0.0078125 0.013671875
1 0.685546875 0.3798828125 0.0078125 0.0107421875
1 0.658203125 0.5283203125 0.005859375 0.0107421875
1 0.673828125 0.4990234375 0.005859375 0.009765625
1 0.7578125 0.408203125 0.005859375 0.009765625
1 0.9736328125 0.49609375 0.005859375 0.009765625
1 0.98046875 0.4873046875 0.005859375 0.005859375
1 0.8505859375 0.2841796875 0.009765625 0.005859375
1 0.6982421875 0.2607421875 0.009765625 0.0107421875