0 0.8896484375 0.4287109375 0.1201171875 0.1669921875
1 0.9150390625 0.5537109375 0.025390625 0.021484375
1 0.892578125 0.5517578125 0.017578125 0.0263671875
1 0.830078125 0.537109375 0.013671875 0.015625
1 0.7275390625 0.544921875 0.009765625 0.013671875
1 0.84375 0.7705078125 0.0107421875 0.015625
1 0.7958984375 0.724609375 0.0126953125 0.015625
1 0.791015625 0.697265625 0.0078125 0.0126953125
0 0.86328125 0.6923828125 0.119140625 0.142578125
1 0.7177734375 0.7587890625 0.005859375 0.009765625
0 0.683871044921875 0.78704306640625 0.707353755859375 0.779427486328125 0.71819390234375 0.75354255078125 0.7323600859375 0.70696694921875 0.73154326953125 0.678443689453125 0.70559202734375 0.66294126171875 0.676022376953125 0.648365162109375 0.66071234765625 0.646974666015625 0.6497667109375 0.64871278515625 0.630768953125 0.69306600390625 0.628633474609375 0.7457541640625 0.643168884765625 0.7823069375 0.683871044921875 0.78704306640625
0 0.470703125 0.7109375 0.119140625 0.1435546875
1 0.462890625 0.7763671875 0.0126953125 0.013671875
0 0.2529296875 0.701171875 0.1435546875 0.1904296875
0 0.0654296875 0.6953125 0.130859375 0.240234375
0 0.068359375 0.4296875 0.13671875 0.1640625
0 0.2626953125 0.4072265625 0.142578125 0.140625
1 0.216796875 0.5126953125 0.0126953125 0.0185546875
0 0.4658203125 0.44140625 0.1220703125 0.1689453125
0 0.6787109375 0.4287109375 0.1015625 0.146484375
1 0.955078125 0.5517578125 0.009765625 0.0126953125