1 0.009765625 0.310546875 0.01953125 0.0234375
1 0.033203125 0.2958984375 0.0126953125 0.0126953125
1 0.013671875 0.3759765625 0.02734375 0.037109375
1 0.009765625 0.4228515625 0.01953125 0.056640625
1 0.033203125 0.412109375 0.013671875 0.0283203125
1 0.048828125 0.41015625 0.0107421875 0.015625
0 0.103908962890625 0.251600478515625 0.078319408203125 0.251155900390625 0.04171866015625 0.26217086328125 0.04202157421875 0.28489553125 0.03887600390625 0.322496201171875 0.05077898828125 0.351758416015625 0.06205466796875 0.417295103515625 0.074295609375 0.42978545703125 0.10675387890625 0.419727466796875 0.13773148046875 0.381715373046875 0.153644703125 0.3378152734375 0.150533041015625 0.28133439453125 0.1242189765625 0.25925323046875 0.103908962890625 0.251600478515625
1 0.1552734375 0.3974609375 0.013671875 0.013671875
1 0.15625 0.4169921875 0.0078125 0.0078125
1 0.099609375 0.5 0.0107421875 0.021484375
0 0.16589468359375 0.4758918671875 0.131076388671875 0.45563271484375 0.10775078515625 0.51911229296875 0.07068323046875 0.569898064453125 0.07598198828125 0.59770748828125 0.101493552734375 0.631130642578125 0.125056513671875 0.63855733984375 0.170010037109375 0.647076642578125 0.19410423046875 0.644350404296875 0.2105645078125 0.58769923046875 0.199409767578125 0.548276548828125 0.18895580078125 0.508196794921875 0.16589468359375 0.4758918671875
1 0.201171875 0.54296875 0.0107421875 0.015625
1 0 0.678103599609375 0.001701072265625 0.692866572265625 0.065827546875 0.70038519921875 0.096129240234375 0.69329005078125 0.113252994140625 0.65776909765625 0.114435267578125 0.63926112890625 0.099067970703125 0.62323826953125 0.07531851171875 0.58449375390625 0.06892225390625 0.55480354296875 0.0609831640625 0.552021544921875 0.04008992578125 0.55333417578125 0.013427734375 0.564281322265625 0 0.584453064453125 0 0.678103599609375
1 0.303554958984375 0.47434865625 0.344547978515625 0.4640796796875 0.370507134765625 0.453259126953125 0.353537099609375 0.4226390703125 0.308303267578125 0.383052119140625 0.27341489453125 0.39932966796875 0.24600784765625 0.41803807421875 0.2375205703125 0.44052613671875 0.2305874296875 0.4675910859375 0.234398736328125 0.47975290625 0.234375 0.47916666796875 0.303554958984375 0.47434865625
1 0.279296875 0.3916015625 0.015625 0.021484375
1 0.2646484375 0.55078125 0.0107421875 0.013671875
0 0.33984375 0.580078125 0.1357421875 0.197265625
1 0.41796875 0.5615234375 0.0205078125 0.0283203125
1 0.4306640625 0.544921875 0.0078125 0.009765625
1 0.4169921875 0.521484375 0.025390625 0.0498046875
1 0.251953125 0.345703125 0.0517578125 0.064453125
1 0.2236328125 0.33203125 0.0078125 0.0126953125
1 0.1904296875 0.177734375 0.013671875 0.033203125
0 0.309395119140625 0.20069263671875 0.294251619140625 0.199780876953125 0.269695140625 0.25446385546875 0.23958333203125 0.280092591796875 0.237534134765625 0.27983639453125 0.25404753515625 0.306919427734375 0.28035481640625 0.34842634765625 0.29166553515625 0.35073362890625 0.325633861328125 0.38904411328125 0.3503870078125 0.3563066640625 0.352470115234375 0.3328857421875 0.370504873046875 0.291380330078125 0.36960630078125 0.249187705078125 0.341830783203125 0.22293957421875 0.309395119140625 0.20069263671875
1 0.384426541015625 0.442569685546875 0.39266402734375 0.410854009765625 0.400173611328125 0.40162037109375 0.38667127734375 0.378627447265625 0.354341861328125 0.399518048828125 0.355569345703125 0.44255612109375 0.3737408671875 0.4427490234375 0.384426541015625 0.442569685546875
1 0.45804548828125 0.50298594921875 0.475599501953125 0.46373456640625 0.490008318359375 0.42320521484375 0.5119779609375 0.40931230859375 0.53222204296875 0.378397875 0.53153332421875 0.34851023828125 0.5123291015625 0.312502009765625 0.497373228515625 0.298382041015625 0.47524383984375 0.30206323828125 0.45022093359375 0.30373705859375 0.425305025390625 0.327903966796875 0.391710068359375 0.319812162109375 0.36419753125 0.306069958984375 0.3654800234375 0.308133599609375 0.35313434375 0.32231183984375 0.339626736328125 0.3610689140625 0.3513801484375 0.388354392578125 0.39876754296875 0.36897585546875 0.3983305 0.4025929140625 0.38617470703125 0.440518099609375 0.396451220703125 0.45486512890625 0.441846306640625 0.448358732421875 0.441897544921875 0.50476225 0.45804548828125 0.50298594921875
1 0.4208984375 0.318359375 0.009765625 0.0126953125
1 0.4169921875 0.296875 0.0078125 0.0107421875
1 0.4384765625 0.294921875 0.021484375 0.0234375
0 0.56246021484375 0.2364523046875 0.545249205078125 0.223975212890625 0.522548646484375 0.21421441015625 0.483912037109375 0.22697000390625 0.476698134765625 0.24685450390625 0.474818251953125 0.280439814453125 0.49534233984375 0.298611111328125 0.511817310546875 0.314502556640625 0.533203125 0.348021556640625 0.5452392578125 0.346240837890625 0.56898600390625 0.3184003671875 0.57408763671875 0.295775462890625 0.58718080859375 0.27485894140625 0.579371021484375 0.25957633984375 0.56246021484375 0.2364523046875
1 0.659013912109375 0.238467453125 0.65926608984375 0.190859697265625 0.637831951171875 0.174981513671875 0.619671103515625 0.18987509765625 0.60136457421875 0.19136472265625 0.599347150390625 0.16524133984375 0.59883274609375 0.135588134765625 0.583934140625 0.124717345703125 0.565028814453125 0.1147735546875 0.541800291015625 0.13404224609375 0.5383752890625 0.18190586328125 0.543570560546875 0.22272055078125 0.566225404296875 0.244730044921875 0.59056009765625 0.275461623046875 0.57894784375 0.29091917578125 0.59826208203125 0.29857762109375 0.611386396484375 0.325681583984375 0.653995466796875 0.32542840234375 0.662813666015625 0.29018909765625 0.659013912109375 0.238467453125
1 0.5888671875 0.298828125 0.0107421875 0.013671875
1 0.506513431640625 0.479376982421875 0.51717926171875 0.484196833984375 0.5323320546875 0.4628933046875 0.550219626953125 0.42663725 0.567270287109375 0.391767671875 0.52582967578125 0.39671210546875 0.52660128125 0.394536607421875 0.51146355859375 0.422965427734375 0.501557275390625 0.460160537109375 0.506513431640625 0.479376982421875
1 0.55907098046875 0.42127084375 0.57387313671875 0.451406302734375 0.587903685546875 0.460222158203125 0.609871318359375 0.444141697265625 0.62527830078125 0.40375969921875 0.6055893125 0.387308169921875 0.58378444140625 0.382548599609375 0.567294400390625 0.353691111328125 0.568936068359375 0.357356234375 0.557819130859375 0.38060887109375 0.55907098046875 0.42127084375
1 0.634765625 0.47265625 0.0283203125 0.029296875
0 0.58594654296875 0.591602634765625 0.608420541015625 0.52235376953125 0.60391951171875 0.500612193359375 0.585974673828125 0.502050916015625 0.57751716015625 0.498037498046875 0.55529232421875 0.47009494921875 0.537351505859375 0.47519209765625 0.512134693359375 0.483174724609375 0.487863296875 0.46875669921875 0.47136923828125 0.480918853515625 0.48141919140625 0.529412080078125 0.48141919140625 0.57931455859375 0.500150705078125 0.5915021640625 0.527685345703125 0.600233625 0.555839884765625 0.605624142578125 0.57585640234375 0.60296103515625 0.58594654296875 0.591602634765625
1 0.559693888671875 0.76036576171875 0.585576814453125 0.778477044921875 0.602826404296875 0.772489068359375 0.6207843046875 0.74722972265625 0.62957939453125 0.671817396484375 0.631843974609375 0.618339548828125 0.62862794921875 0.55661919140625 0.622565626953125 0.557735072265625 0.60777050390625 0.577007779296875 0.582725494140625 0.60803005078125 0.5665800625 0.61325713671875 0.54566032421875 0.60650157421875 0.53052662109375 0.59641176953125 0.51718629296875 0.607021337890625 0.516125337890625 0.64649107421875 0.5285594296875 0.689112869140625 0.5454051328125 0.721216189453125 0.559693888671875 0.76036576171875
1 0.662109375 0.5732421875 0.0107421875 0.0126953125
0 0.7202901953125 0.478254404296875 0.68685197265625 0.487983861328125 0.668424880859375 0.497973197265625 0.6658950625 0.503772291015625 0.677568599609375 0.543165669921875 0.6788063828125 0.56843841015625 0.661873271484375 0.592363521484375 0.6626579375 0.607487515625 0.7190092109375 0.60636895703125 0.73535256640625 0.623831876953125 0.75767485546875 0.633053626953125 0.773963958984375 0.60790144921875 0.78709530859375 0.55283082421875 0.79056853515625 0.494092400390625 0.766449853515625 0.460575810546875 0.7202901953125 0.478254404296875
1 0.65234375 0.369140625 0.0126953125 0.025390625
1 0.6484375 0.3955078125 0.005859375 0.0078125
1 0.692256220703125 0.35732542578125 0.683860998046875 0.341376244140625 0.660788203125 0.340895330078125 0.66313215234375 0.362565908203125 0.65300986328125 0.40270276171875 0.633424357421875 0.4292119453125 0.630577056640625 0.459694359375 0.63899538671875 0.45900044921875 0.665141541015625 0.458976337890625 0.689923322265625 0.488338853515625 0.706673580078125 0.4824245546875 0.703437458984375 0.437112857421875 0.7046953359375 0.3935118203125 0.692256220703125 0.35732542578125
1 0.71651656640625 0.440713681640625 0.73431873828125 0.45772248046875 0.753191912109375 0.461694369140625 0.774237236328125 0.44846455859375 0.776574154296875 0.426191166015625 0.75472306640625 0.39056337890625 0.740480525390625 0.37811991015625 0.717194734375 0.38665846875 0.7105547109375 0.395439494140625 0.70501884765625 0.40613077734375 0.7052469140625 0.40672153515625 0.71651656640625 0.440713681640625
1 0.78251691796875 0.395742240234375 0.8262170859375 0.379492990234375 0.814345623046875 0.31758508984375 0.80050294921875 0.307219328125 0.773842392578125 0.31511086328125 0.757093138671875 0.3447091484375 0.75720164453125 0.3436213984375 0.752118900390625 0.3831273046875 0.764432427734375 0.395203724609375 0.78251691796875 0.395742240234375
0 0.668640890625 0.309167095703125 0.68601606640625 0.34144054296875 0.71459056640625 0.37123038671875 0.75 0.38271605078125 0.755951806640625 0.382993345703125 0.755907599609375 0.355683083984375 0.771446197265625 0.32246120703125 0.80641557421875 0.31694074609375 0.8149615 0.294556166015625 0.7947530859375 0.247911576171875 0.76643679296875 0.20832127734375 0.74275213671875 0.20847265234375 0.694811158203125 0.2295497890625 0.67091853125 0.26552855078125 0.668640890625 0.309167095703125
1 0.798828125 0.2109375 0.0107421875 0.017578125
1 0.814453125 0.2119140625 0.0126953125 0.015625
1 0.8232421875 0.2197265625 0.009765625 0.0126953125
1 0.810546875 0.248046875 0.013671875 0.017578125
1 0.8271484375 0.23046875 0.0107421875 0.0107421875
0 1 0.2172724296875 0.97881100390625 0.20499641015625 0.978905447265625 0.203612611328125 0.91349283984375 0.213801546875 0.8841186015625 0.23232274609375 0.869267216796875 0.28729691796875 0.8802424921875 0.322824234375 0.91264889453125 0.33462737890625 0.93981180078125 0.35947948828125 0.967611681640625 0.347065490234375 0.99818652734375 0.34989738671875 1 0.28891246484375 1 0.2408961328125 1 0.2172724296875
1 0.88671875 0.3583984375 0.0751953125 0.0546875
1 0.9150390625 0.392578125 0.076171875 0.046875
0 1 0.4857668359375 0.988248095703125 0.4755859375 0.95427637890625 0.468700435546875 0.92894503125 0.47729123828125 0.87242597265625 0.48706891796875 0.856995884765625 0.500342935546875 0.85900627734375 0.555578328125 0.88449134375 0.59311905078125 0.92810812109375 0.62309108203125 0.96354869921875 0.631005390625 1 0.56350067578125 1 0.4857668359375
1 0.85005144140625 0.500342935546875 0.85974070703125 0.497434681640625 0.881534529296875 0.48549623828125 0.906979408203125 0.47477414453125 0.9402910390625 0.470672314453125 0.978981802734375 0.4427578984375 0.966806921875 0.407833396484375 0.951046287109375 0.4085179296875 0.925087005859375 0.417458365234375 0.87395210546875 0.4426520703125 0.84041642578125 0.490348240234375 0.85005144140625 0.500342935546875
1 0.8251953125 0.533203125 0.0107421875 0.0126953125
1 0.8349609375 0.5341796875 0.009765625 0.0107421875
1 0.8349609375 0.5126953125 0.013671875 0.015625
1 0.8447265625 0.5498046875 0.009765625 0.0126953125
1 0.970703125 0.3779296875 0.0517578125 0.0830078125