0 0.1337890625 0.3154296875 0.150390625 0.19140625
1 0.1865234375 0.4609375 0.033203125 0.068359375
0 0.1103515625 0.6162109375 0.1640625 0.18359375
0 0.3466796875 0.6474609375 0.181640625 0.23046875
1 0.421875 0.48046875 0.123046875 0.125
0 0.5810546875 0.640625 0.15625 0.18359375
1 0.6572265625 0.666015625 0.01171875 0.015625
0 0.8232421875 0.6689453125 0.185546875 0.208984375
0 0.970703125 0.6640625 0.04296875 0.09375
0 0.873046875 0.34765625 0.138671875 0.201171875
1 0.71875 0.365234375 0.017578125 0.025390625
1 0.732421875 0.349609375 0.013671875 0.01953125
1 0.74609375 0.478515625 0.013671875 0.013671875
1 0.7578125 0.474609375 0.01171875 0.01953125
1 0.7666015625 0.5029296875 0.0078125 0.013671875
1 0.7275390625 0.50390625 0.013671875 0.015625
1 0.77734375 0.48046875 0.01171875 0.013671875
1 0.9423828125 0.3984375 0.009765625 0.013671875
1 0.94140625 0.3173828125 0.01171875 0.015625
0 0.6259765625 0.3408203125 0.12890625 0.146484375
1 0.6083984375 0.466796875 0.01953125 0.0234375
0 0.349609375 0.3251953125 0.177734375 0.185546875
1 0.0302734375 0.4267578125 0.056640625 0.0703125
1 0.509765625 0.4970703125 0.013671875 0.01171875
1 0.771665548828125 0.3974420859375 0.806598650390625 0.3842606328125 0.80840515234375 0.36329460546875 0.79516309765625 0.3387100703125 0.80825179296875 0.32619669140625 0.817066541015625 0.305568986328125 0.786826189453125 0.299112896484375 0.762683646484375 0.315405623046875 0.74553587109375 0.366609078125 0.75036663671875 0.396891380859375 0.771665548828125 0.3974420859375