0 0.345703125 0.0517578125 0.109375 0.09375
1 0.3759765625 0.119140625 0.02734375 0.0234375
0 0.6328125 0.0556640625 0.1953125 0.111328125
0 0.658203125 0.2138671875 0.1328125 0.140625
1 0.533203125 0.193359375 0.09375 0.060546875
1 0.431640625 0.20703125 0.01953125 0.015625
0 0.30078125 0.23828125 0.220703125 0.177734375
0 0.3583984375 0.4482421875 0.2265625 0.15234375
0 0.6572265625 0.4345703125 0.193359375 0.166015625
1 0.5400390625 0.625 0.015625 0.01171875
1 0.41796875 0.587890625 0.01953125 0.01171875
1 0.384765625 0.7470703125 0.013671875 0.009765625
1 0.47265625 0.6279296875 0.02734375 0.021484375
0 0.40024163671875 0.744297025390625 0.42342105859375 0.7504210390625 0.470031224609375 0.718771384765625 0.488711015625 0.67451343359375 0.467041259765625 0.64170659375 0.450501458984375 0.6235948515625 0.403576978515625 0.59879728515625 0.359310322265625 0.601015337890625 0.292342474609375 0.631776087890625 0.263892810546875 0.679405064453125 0.2716995625 0.70388378125 0.30602041796875 0.746428005859375 0.3249974921875 0.759789615234375 0.3715461328125 0.743926578125 0.40024163671875 0.744297025390625
1 0.568359375 0.703125 0.078125 0.048828125
0 0.69140625 0.68359375 0.1875 0.140625
1 0.5625 0.7890625 0.01953125 0.0234375
1 0.5205078125 0.8251953125 0.08203125 0.048828125
1 0.478515625 0.8603515625 0.01171875 0.013671875
0 0.724609375 0.9140625 0.169921875 0.158203125
1 0.61328125 0.9794921875 0.013671875 0.015625
1 0.564453125 0.9892578125 0.029296875 0.017578125
1 0.5322265625 0.96875 0.02734375 0.029296875
1 0.4560546875 0.9736328125 0.021484375 0.017578125
0 0.43079021875 1 0.441838291015625 0.975632046875 0.476056021484375 0.9663347265625 0.485962185546875 0.960669126953125 0.498227416015625 0.92091588671875 0.476302193359375 0.875776412109375 0.420079611328125 0.854338728515625 0.354391982421875 0.8477611640625 0.3179306875 0.85692366796875 0.296125078125 0.889654744140625 0.29166664453125 0.94294528125 0.304209 0.98395295703125 0.33844773046875 1 0.43079021875 1