1 0.048828125 0.212890625 0.0107421875 0.0185546875
1 0.041015625 0.279296875 0.0185546875 0.025390625
1 0.0654296875 0.2861328125 0.0107421875 0.0185546875
1 0.09375 0.2373046875 0.009765625 0.017578125
1 0.1279296875 0.26953125 0.013671875 0.015625
1 0.0224609375 0.3994140625 0.044921875 0.1171875
0 0.0146484375 0.2734375 0.029296875 0.0751953125
0 0.0166015625 0.564453125 0.033203125 0.0859375
0 0.1767578125 0.5712890625 0.1435546875 0.1376953125
1 0.1884765625 0.390625 0.013671875 0.0185546875
1 0.12109375 0.3955078125 0.0078125 0.0078125
1 0.099609375 0.423828125 0.0107421875 0.013671875
1 0.240234375 0.447265625 0.015625 0.0263671875
1 0.263671875 0.36328125 0.0986328125 0.1328125
1 0.3291015625 0.3720703125 0.0078125 0.015625
1 0.3369140625 0.365234375 0.005859375 0.013671875
1 0.3447265625 0.3583984375 0.0107421875 0.0234375
1 0.3271484375 0.421875 0.0078125 0.009765625
1 0.3037109375 0.4189453125 0.013671875 0.0107421875
1 0.130859375 0.255859375 0.005859375 0.009765625
0 0.215939369140625 0.201169865234375 0.19548882421875 0.19477800390625 0.1839132421875 0.1942706328125 0.17023609375 0.179140947265625 0.15325776953125 0.160281837890625 0.11405059375 0.169610419921875 0.113811728515625 0.170781892578125 0.1169584296875 0.19753086328125 0.121158552734375 0.22662177734375 0.131748529296875 0.25232184765625 0.1382890859375 0.284410767578125 0.147549099609375 0.301511662109375 0.182499638671875 0.309170443359375 0.208927861328125 0.307918595703125 0.22023594140625 0.303433642578125 0.22947108984375 0.271207080078125 0.233921380859375 0.239006638671875 0.234614619140625 0.2209623359375 0.215939369140625 0.201169865234375
1 0.228515625 0.1826171875 0.009765625 0.0126953125
1 0.2392578125 0.2333984375 0.0107421875 0.0107421875
1 0.244140625 0.2470703125 0.013671875 0.013671875
1 0.263671875 0.25390625 0.017578125 0.0263671875
1 0.27734375 0.244140625 0.0107421875 0.015625
1 0.25 0.2001953125 0.013671875 0.013671875
1 0.228515625 0.169921875 0.005859375 0.009765625
1 0.3046875 0.232421875 0.009765625 0.0126953125
1 0.294921875 0.158203125 0.015625 0.0234375
1 0.287109375 0.1337890625 0.0126953125 0.015625
1 0.2861328125 0.2958984375 0.005859375 0.0107421875
1 0.427734375 0.3955078125 0.0078125 0.0126953125
1 0.435546875 0.3955078125 0.0078125 0.0126953125
1 0.4052734375 0.4228515625 0.005859375 0.009765625
1 0.357421875 0.5458984375 0.0078125 0.0078125
0 0.412109375 0.5205078125 0.1044921875 0.1328125
1 0.4794921875 0.4208984375 0.0078125 0.0107421875
1 0.4404296875 0.373046875 0.0048828125 0.009765625
1 0.4697265625 0.384765625 0.0078125 0.0078125
1 0.4326171875 0.4248046875 0.0078125 0.009765625
1 0.5283203125 0.419921875 0.0107421875 0.015625
1 0.509765625 0.4140625 0.0048828125 0.0078125
1 0.5498046875 0.390625 0.0126953125 0.0185546875
1 0.4365234375 0.197265625 0.0078125 0.0126953125
1 0.4501953125 0.2255859375 0.0029296875 0.005859375
1 0.443359375 0.2421875 0.0126953125 0.0107421875
1 0.458984375 0.224609375 0.005859375 0.013671875
1 0.4658203125 0.25 0.009765625 0.013671875
1 0.4794921875 0.2412109375 0.009765625 0.017578125
1 0.4873046875 0.19140625 0.0107421875 0.017578125
0 0.378962763671875 0.294500908203125 0.405254599609375 0.299482181640625 0.44096694921875 0.302039126953125 0.448774173828125 0.296661 0.445674943359375 0.2699341328125 0.438937716796875 0.24604954296875 0.44525146484375 0.22933947265625 0.434789587890625 0.205508134765625 0.431278181640625 0.17833719140625 0.423611111328125 0.141203703125 0.4154519921875 0.145026564453125 0.407786427734375 0.1757159453125 0.396763931640625 0.162411787109375 0.37279519921875 0.14622114453125 0.370365095703125 0.15190670703125 0.355692544921875 0.1985948359375 0.33888979296875 0.233609423828125 0.3400328828125 0.266156482421875 0.34708884765625 0.29489575390625 0.358947 0.2946928046875 0.378962763671875 0.294500908203125
1 0.5068359375 0.2119140625 0.0107421875 0.0205078125
1 0.5068359375 0.177734375 0.0126953125 0.0205078125
1 0.5146484375 0.2412109375 0.009765625 0.0107421875
1 0.501953125 0.2431640625 0.0048828125 0.0126953125
1 0.5302734375 0.181640625 0.0126953125 0.017578125
1 0.529296875 0.1962890625 0.0107421875 0.013671875
1 0.53125 0.23046875 0.0048828125 0.0107421875
1 0.541015625 0.216796875 0.0078125 0.009765625
1 0.5439453125 0.2265625 0.0048828125 0.009765625
1 0.5546875 0.21484375 0.009765625 0.0107421875
1 0.552734375 0.232421875 0.013671875 0.017578125
1 0.560546875 0.255859375 0.0126953125 0.025390625
1 0.572265625 0.201171875 0.0048828125 0.0126953125
1 0.568359375 0.1787109375 0.0078125 0.013671875
1 0.587890625 0.154296875 0.013671875 0.021484375
1 0.6435546875 0.2890625 0.017578125 0.0185546875
1 0.6630859375 0.255859375 0.0048828125 0.0078125
1 0.681640625 0.18359375 0.005859375 0.0107421875
0 0.66394269140625 0.295135875 0.67089241015625 0.29413017578125 0.669749318359375 0.267037599609375 0.6643586328125 0.251767255859375 0.66858136328125 0.216450255859375 0.67593270703125 0.1764483671875 0.669055326171875 0.16149851953125 0.64488465234375 0.16587295703125 0.602758337890625 0.15809160546875 0.58361364453125 0.1683615859375 0.583064326171875 0.205658837890625 0.5674212421875 0.22610536328125 0.56624801171875 0.243619189453125 0.57747697265625 0.28422087890625 0.60595627734375 0.296528380859375 0.62964469921875 0.29035252734375 0.64733283984375 0.279717841796875 0.66394269140625 0.295135875
1 0.6806640625 0.248046875 0.005859375 0.013671875
1 0.685546875 0.2392578125 0.009765625 0.0126953125
1 0.689453125 0.251953125 0.0126953125 0.015625
1 0.66898148046875 0.29269547265625 0.675302763671875 0.32075456640625 0.68505256640625 0.33166755078125 0.692503375 0.324027857421875 0.698230130859375 0.3026992109375 0.69875834765625 0.27588493359375 0.706487962890625 0.25214602734375 0.707822447265625 0.23817475390625 0.7008825234375 0.244207939453125 0.691532841796875 0.25961090234375 0.67785041796875 0.26883298828125 0.669436607421875 0.2914185078125 0.66898148046875 0.29269547265625
1 0.7080078125 0.263671875 0.0078125 0.0185546875
1 0.71484375 0.2490234375 0.0126953125 0.0078125
1 0.7275390625 0.24609375 0.0126953125 0.013671875
1 0.7353515625 0.232421875 0.0078125 0.0107421875
1 0.74609375 0.373046875 0.033203125 0.0361328125
1 0.681640625 0.361328125 0.0126953125 0.0205078125
1 0.65234375 0.37109375 0.005859375 0.009765625
1 0.6484375 0.35546875 0.0078125 0.0126953125
1 0.7138671875 0.388671875 0.0078125 0.009765625
1 0.70703125 0.3935546875 0.009765625 0.0078125
1 0.72265625 0.43359375 0.005859375 0.009765625
0 0.60546875 0.537109375 0.1376953125 0.1689453125
1 0.6826171875 0.5498046875 0.0078125 0.0126953125
1 0.6533203125 0.638671875 0.0078125 0.0107421875
1 0.765625 0.4228515625 0.0107421875 0.0107421875
1 0.728515625 0.30078125 0.009765625 0.013671875
1 0.767578125 0.2412109375 0.046875 0.068359375
0 0.89359085546875 0.26283034375 0.898960142578125 0.23792679296875 0.89920608984375 0.20168426953125 0.88671423046875 0.179507861328125 0.87943069921875 0.15588710546875 0.871160662109375 0.151927806640625 0.85416305078125 0.144096017578125 0.80648148046875 0.14012345703125 0.80691731640625 0.140520109375 0.77105396484375 0.17811897265625 0.7804126875 0.193839216796875 0.7865234375 0.23951340625 0.78856608203125 0.280082947265625 0.80033637109375 0.31445915234375 0.816506619140625 0.317068142578125 0.849850802734375 0.311154513671875 0.880528427734375 0.28993537890625 0.893702076171875 0.2810281640625 0.89359085546875 0.26283034375
1 0.912109375 0.1767578125 0.009765625 0.013671875
1 0.9306640625 0.244140625 0.029296875 0.0283203125
1 0.939453125 0.19921875 0.0126953125 0.0205078125
1 0.982421875 0.2080078125 0.0185546875 0.0234375
1 0.9716796875 0.244140625 0.056640625 0.046875
1 0.97265625 0.2763671875 0.0205078125 0.015625
1 0.927734375 0.28125 0.009765625 0.009765625
1 0.8974609375 0.25390625 0.0078125 0.009765625
1 0.9931640625 0.361328125 0.013671875 0.02734375
1 0.96875 0.3369140625 0.0078125 0.0107421875
1 0.9033203125 0.357421875 0.021484375 0.041015625
1 0.861328125 0.37109375 0.103515625 0.1123046875
1 0.9658203125 0.4072265625 0.009765625 0.009765625
0 0.978515625 0.55859375 0.0419921875 0.111328125
1 0.796875 0.474609375 0.0361328125 0.044921875
0 0.88459653515625 0.504961177734375 0.85349573046875 0.48196132421875 0.827479384765625 0.466848716796875 0.80565592578125 0.49976851953125 0.77933666015625 0.52705319140625 0.76671187890625 0.553204572265625 0.7692907265625 0.58887683203125 0.79286928515625 0.60767144140625 0.82427571484375 0.62206066796875 0.85811089453125 0.642169416015625 0.87610405859375 0.64278669921875 0.898025173828125 0.59502555859375 0.91424153515625 0.56103515625 0.913353587890625 0.534059123046875 0.88459653515625 0.504961177734375
1 0.986328125 0.3388671875 0.009765625 0.005859375
1 0.0830078125 0.896484375 0.064453125 0.091796875
1 0.0068359375 0.88671875 0.013671875 0.0361328125
1 0.2255859375 0.892578125 0.0283203125 0.0283203125
1 0.255859375 0.9072265625 0.0625 0.0576171875
1 0.478515625 0.892578125 0.0419921875 0.0595703125
1 0.630859375 0.8837890625 0.0517578125 0.0576171875
1 0.705078125 0.8994140625 0.013671875 0.017578125
1 0.71875 0.876953125 0.0234375 0.041015625
1 0.8193359375 0.880859375 0.107421875 0.109375
1 0.7744140625 0.9658203125 0.115234375 0.068359375
1 0.947265625 0.958984375 0.080078125 0.0810546875
1 0.9189453125 0.884765625 0.009765625 0.0126953125
1 0.935546875 0.904296875 0.017578125 0.013671875
1 0.9560546875 0.8955078125 0.017578125 0.0185546875
1 0.0556640625 0.255859375 0.0205078125 0.009765625
1 0.0810546875 0.306640625 0.0078125 0.0126953125