0 0.861328125 0.64453125 0.15234375 0.158203125
1 0.75 0.7177734375 0.015625 0.013671875
1 0.7255859375 0.6064453125 0.015625 0.029296875
1 0.7353515625 0.5234375 0.060546875 0.05078125
1 0.984375 0.478515625 0.03125 0.0703125
1 0.9560546875 0.4208984375 0.0234375 0.021484375
1 0.9501953125 0.439453125 0.015625 0.009765625
1 0.93359375 0.4384765625 0.015625 0.01953125
1 0.931640625 0.466796875 0.025390625 0.01953125
1 0.8642578125 0.46484375 0.01171875 0.021484375
1 0.8330078125 0.46875 0.015625 0.01953125
1 0.78515625 0.3876953125 0.0234375 0.0234375
1 0.796349697265625 0.41498557421875 0.797755796875 0.451436974609375 0.83201124609375 0.45638580078125 0.85580196875 0.447662455078125 0.857987314453125 0.43394281640625 0.829648173828125 0.4116746796875 0.825025705078125 0.40085629296875 0.8301516328125 0.372321609375 0.82038229296875 0.362673775390625 0.80138700390625 0.396463728515625 0.796349697265625 0.41498557421875
1 0.790889494140625 0.403615896484375 0.769657119140625 0.418428900390625 0.767421533203125 0.436835794921875 0.769931390625 0.462261021484375 0.780463416015625 0.491575833984375 0.808754982421875 0.49938459765625 0.811062572265625 0.49287456640625 0.8012442578125 0.4719956796875 0.79795947265625 0.44842778515625 0.798008619140625 0.404001365234375 0.790889494140625 0.403615896484375
1 0.8115234375 0.466796875 0.021484375 0.0234375
1 0.76171875 0.451171875 0.02734375 0.06640625
1 0.7412109375 0.470703125 0.013671875 0.015625
1 0.69140625 0.3916015625 0.021484375 0.025390625
0 0.626953125 0.341796875 0.1015625 0.13671875
1 0.5986328125 0.427734375 0.025390625 0.01953125
1 0.642578125 0.4443359375 0.037109375 0.041015625
1 0.66796875 0.4677734375 0.01171875 0.013671875
1 0.555120283203125 0.419470435546875 0.5550389921875 0.436950708984375 0.567869255859375 0.46072688671875 0.58647933203125 0.480129203125 0.597962669921875 0.485992919921875 0.607349791015625 0.475904103515625 0.609748873046875 0.457255384765625 0.60865666796875 0.442819998046875 0.5907661484375 0.437558119140625 0.57833909375 0.426943515625 0.5682497109375 0.4181834296875 0.555120283203125 0.419470435546875
1 0.5908203125 0.49609375 0.0078125 0.01171875
1 0.51171875 0.470703125 0.013671875 0.013671875
1 0.5068359375 0.4462890625 0.005859375 0.013671875
1 0.5322265625 0.470703125 0.005859375 0.005859375
1 0.4775390625 0.46484375 0.013671875 0.01953125
1 0.4951171875 0.4677734375 0.025390625 0.02734375
1 0.458984375 0.470703125 0.005859375 0.013671875
1 0.439453125 0.4736328125 0.013671875 0.015625
1 0.3411983984375 0.45399991015625 0.342405380859375 0.465402306640625 0.342841185546875 0.467384296875 0.3669636328125 0.501521935546875 0.400656458984375 0.48166816796875 0.38218722265625 0.46011375 0.353706712890625 0.453538220703125 0.3411983984375 0.45399991015625
1 0.419603693359375 0.513462583984375 0.424243828125 0.47770915625 0.410487736328125 0.459203208984375 0.3859657578125 0.46048737109375 0.3742096171875 0.49608109375 0.359914845703125 0.521463111328125 0.364288826171875 0.538569646484375 0.39888903125 0.53202979296875 0.419603693359375 0.513462583984375
1 0.350394552734375 0.403674140625 0.309042794921875 0.4046513515625 0.27735363671875 0.422956296875 0.2823673828125 0.430226453125 0.304383978515625 0.42972595703125 0.315861421875 0.450747984375 0.317580091796875 0.48449399609375 0.3356369765625 0.50145377734375 0.348333650390625 0.493084125 0.3391899921875 0.4732699296875 0.33896215234375 0.449807623046875 0.352194525390625 0.420741197265625 0.3538382890625 0.4083232890625 0.350394552734375 0.403674140625
1 0.268975921875 0.540046986328125 0.283050150390625 0.56057644140625 0.282709681640625 0.5610416875 0.29540030078125 0.554491830078125 0.313426802734375 0.540084470703125 0.329026966796875 0.496652712890625 0.31791469140625 0.4737070625 0.319112716796875 0.440839712890625 0.303044732421875 0.4272313671875 0.278443546875 0.43424563671875 0.269275271484375 0.455270677734375 0.254674955078125 0.48575644140625 0.257987896484375 0.50933590234375 0.268975921875 0.540046986328125
1 0.2685546875 0.431640625 0.015625 0.021484375
1 0.2666015625 0.4541015625 0.005859375 0.0078125
1 0.244140625 0.455078125 0.013671875 0.015625
1 0.2802734375 0.3310546875 0.01171875 0.01953125
1 0.244140625 0.2939453125 0.021484375 0.029296875
1 0.205078125 0.2529296875 0.013671875 0.01953125
0 0.4130859375 0.3359375 0.12890625 0.15234375
1 0.2158203125 0.478515625 0.025390625 0.009765625
0 0.093551705078125 0.35719406640625 0.099006591796875 0.3726396328125 0.127244830078125 0.36872659765625 0.136795826171875 0.41173578515625 0.149407890625 0.43148944140625 0.152648033203125 0.386229021484375 0.182286609375 0.382328814453125 0.2031802734375 0.370907873046875 0.201359423828125 0.366256705078125 0.178542021484375 0.346972771484375 0.164602505859375 0.351117453125 0.15926151953125 0.34163211328125 0.169836462890625 0.317779541015625 0.174944287109375 0.299070388671875 0.165542236328125 0.2885685078125 0.138866912109375 0.316409447265625 0.12143309765625 0.331094759765625 0.093551705078125 0.35719406640625
1 0.238299126953125 0.343683599609375 0.232514869140625 0.345683177734375 0.19914724609375 0.375501177734375 0.17761625 0.37683288671875 0.160253103515625 0.38016475390625 0.155505244140625 0.411489232421875 0.198823748046875 0.43223500390625 0.233047408203125 0.396822419921875 0.242975271484375 0.357282513671875 0.238299126953125 0.343683599609375
1 0.1845703125 0.4404296875 0.0078125 0.015625
1 0.1220703125 0.4560546875 0.009765625 0.005859375
1 0.0908203125 0.4541015625 0.009765625 0.01171875
1 0.0947265625 0.478515625 0.015625 0.015625
1 0.064453125 0.48046875 0.01171875 0.009765625
1 0.041015625 0.478515625 0.01953125 0.013671875
1 0.1328125 0.5712890625 0.03125 0.07421875
1 0.1142578125 0.6943359375 0.009765625 0.015625
1 0.1376953125 0.7158203125 0.013671875 0.017578125
0 0.2138671875 0.666015625 0.140625 0.193359375
1 0.291580041015625 0.64673001953125 0.31996055859375 0.6787576953125 0.35389817578125 0.6981270546875 0.3708945234375 0.640763478515625 0.384269912109375 0.61211878515625 0.370619375 0.59429063671875 0.3447250703125 0.583272021484375 0.319518919921875 0.585160072265625 0.285440552734375 0.622820611328125 0.291580041015625 0.64673001953125
0 0.353127017578125 0.56431462890625 0.345087607421875 0.58228130859375 0.3566198671875 0.60017931640625 0.384555806640625 0.61135303125 0.374112451171875 0.632758787109375 0.369278412109375 0.663008306640625 0.37016111328125 0.6631332109375 0.398985287109375 0.67672717578125 0.417781685546875 0.66860512109375 0.431524625 0.671191232421875 0.442519291015625 0.672185404296875 0.446390314453125 0.631651736328125 0.44490822265625 0.598459556640625 0.451337404296875 0.58070185546875 0.4425200234375 0.562482412109375 0.403136119140625 0.56381551953125 0.353127017578125 0.56431462890625
1 0.4775390625 0.634765625 0.037109375 0.05078125
1 0.453125 0.6044921875 0.009765625 0.013671875
1 0.619140625 0.474609375 0.009765625 0.013671875
1 0.632098884765625 0.597976927734375 0.66240202734375 0.5941470625 0.66253037109375 0.56907489453125 0.655900642578125 0.5528839609375 0.65021152734375 0.52978938671875 0.647930318359375 0.5085063515625 0.644481955078125 0.4853364921875 0.633310076171875 0.466167091796875 0.62353186328125 0.467258212890625 0.61701709375 0.4818748828125 0.604418705078125 0.513400796875 0.5901205 0.547798087890625 0.56489316796875 0.600291513671875 0.580689439453125 0.615752697265625 0.5933580625 0.612947099609375 0.60377761328125 0.59847127734375 0.632098884765625 0.597976927734375
0 0.71371536328125 0.722739986328125 0.727210611328125 0.696025904296875 0.73183149609375 0.642637310546875 0.720484267578125 0.622782650390625 0.6988179609375 0.598299314453125 0.675806041015625 0.556515505859375 0.6756793515625 0.55573393359375 0.65308175390625 0.577632908203125 0.63665591015625 0.594165583984375 0.609042388671875 0.596461126953125 0.5971856953125 0.608193279296875 0.58955407421875 0.6709529765625 0.597203388671875 0.717336234375 0.627147732421875 0.727905859375 0.682353474609375 0.7407982734375 0.71371536328125 0.722739986328125
0 0.82129041796875 0.41541260546875 0.886322693359375 0.39747699609375 0.91417905078125 0.35162794921875 0.905241384765625 0.283386607421875 0.86899694921875 0.244148078125 0.797663595703125 0.2724310546875 0.78920022265625 0.319736537109375 0.811535818359375 0.355362681640625 0.826393296875 0.375500587890625 0.82129041796875 0.41541260546875
1 0.8603515625 0.94140625 0.056640625 0.05078125
1 0.9697265625 0.607421875 0.009765625 0.013671875
1 0.451171875 0.5107421875 0.0078125 0.01171875
1 0.8798828125 0.4677734375 0.005859375 0.009765625