0 0.9267578125 0.697265625 0.103515625 0.12890625
0 0.7353515625 0.6630859375 0.16015625 0.18359375
1 0.6171875 0.8408203125 0.13671875 0.140625
1 0.873046875 0.4931640625 0.04296875 0.04296875
1 0.840043712890625 0.45565762890625 0.805045990234375 0.496479806640625 0.800178099609375 0.5498521640625 0.8058964375 0.60459803125 0.82772769921875 0.617912599609375 0.8708380859375 0.605393595703125 0.888497326171875 0.582765623046875 0.8815275078125 0.535511216796875 0.8538958359375 0.49028358984375 0.840512498046875 0.45576805859375 0.840043712890625 0.45565762890625
0 1 0.44887108203125 0.97170590234375 0.437968970703125 0.9185393046875 0.446822076171875 0.915752564453125 0.47026171875 0.9390687578125 0.495334765625 0.958318966796875 0.504379904296875 0.985852728515625 0.508925865234375 1 0.49008388671875 1 0.44887108203125
1 1 0.503730611328125 0.964047751953125 0.509404685546875 0.942787484375 0.534040517578125 0.952716197265625 0.59741568359375 0.99336988671875 0.583744345703125 1 0.552552115234375 1 0.503730611328125
1 0.929112416015625 0.4777821171875 0.889095158203125 0.445533859375 0.867824228515625 0.452361443359375 0.861544484375 0.466754203125 0.863833998046875 0.466197794921875 0.885403765625 0.492474232421875 0.895500009765625 0.5150007578125 0.875571580078125 0.555627205078125 0.899244533203125 0.5765591640625 0.930922880859375 0.583656212890625 0.9474748671875 0.5297106171875 0.963758404296875 0.50762375390625 0.929112416015625 0.4777821171875
1 0.896484375 0.435546875 0.009765625 0.015625
1 0.8994140625 0.41015625 0.015625 0.017578125
1 0.9931640625 0.4111328125 0.013671875 0.029296875
1 0.875 0.4033203125 0.009765625 0.013671875
1 0.7265625 0.478515625 0.0234375 0.029296875
1 0.7802734375 0.564453125 0.0234375 0.029296875
0 0.813103619140625 0.467068642578125 0.837768416015625 0.436646974609375 0.85344772265625 0.396608751953125 0.84960725390625 0.354077736328125 0.850184685546875 0.352769154296875 0.81346885546875 0.36351664453125 0.790616478515625 0.347960537109375 0.780618462890625 0.363635205078125 0.777596046875 0.395598796875 0.759600958984375 0.399975017578125 0.7481826015625 0.44256594921875 0.744822177734375 0.46318124609375 0.813103619140625 0.467068642578125
1 0.759010916015625 0.403109740234375 0.776081380859375 0.384763046875 0.78824591796875 0.35239925390625 0.81516831640625 0.3625559453125 0.83995971484375 0.349304658203125 0.85714714453125 0.29151601953125 0.814187775390625 0.272484125 0.744530373046875 0.247312099609375 0.7033428125 0.2568410078125 0.68097490234375 0.32343217578125 0.670444734375 0.388319533203125 0.7035100703125 0.41687765625 0.73515533203125 0.421819923828125 0.759010916015625 0.403109740234375
1 0.66015625 0.396484375 0.033203125 0.046875
1 0.66015625 0.3486328125 0.0078125 0.013671875
1 0.6396484375 0.3603515625 0.017578125 0.017578125
1 0.634765625 0.30859375 0.03125 0.03515625
1 0.626953125 0.3994140625 0.021484375 0.021484375
1 0.6494140625 0.5078125 0.048828125 0.07421875
1 0.6923828125 0.5068359375 0.01171875 0.0078125
1 0.6201171875 0.4873046875 0.046875 0.078125
1 0.621749767578125 0.435277314453125 0.600398115234375 0.424678076171875 0.56821196875 0.45977753515625 0.572158056640625 0.482545216796875 0.593252814453125 0.48785948828125 0.617452451171875 0.461523509765625 0.621749767578125 0.435277314453125
1 0.5576171875 0.46484375 0.02734375 0.03515625
1 0.537109375 0.4658203125 0.013671875 0.017578125
1 0.490234375 0.4443359375 0.0390625 0.046875
1 0.5302734375 0.365234375 0.013671875 0.03125
1 0.5517578125 0.322265625 0.013671875 0.017578125
1 0.5615234375 0.298828125 0.0078125 0.013671875
0 0.63526019921875 0.341005796875 0.59701087890625 0.32676828125 0.567508623046875 0.343709705078125 0.54643128125 0.356373048828125 0.55626045703125 0.396128021484375 0.573715859375 0.439939857421875 0.58538037890625 0.444237263671875 0.60980071484375 0.40079856640625 0.635970693359375 0.346741888671875 0.6356501875 0.342541580078125 0.63526019921875 0.341005796875
1 0.4697265625 0.544921875 0.140625 0.171875
1 0.4638671875 0.65234375 0.01953125 0.0234375
0 0.5458984375 0.630859375 0.115234375 0.140625
1 0.6240234375 0.6484375 0.0078125 0.01171875
0 0.3388671875 0.5615234375 0.140625 0.181640625
1 0.3603515625 0.43359375 0.072265625 0.068359375
1 0.373046875 0.3916015625 0.04296875 0.033203125
1 0.32421875 0.3779296875 0.044921875 0.07421875
1 0.4072265625 0.4541015625 0.009765625 0.0078125
1 0.4169921875 0.4677734375 0.0078125 0.013671875
1 0.4716796875 0.3359375 0.017578125 0.017578125
1 0.5107421875 0.35546875 0.00390625 0.0078125
1 0.505859375 0.3662109375 0.0078125 0.01171875
0 0.361697162109375 0.296863224609375 0.3757378828125 0.318174404296875 0.39378780078125 0.36365794140625 0.4137158828125 0.380865017578125 0.44472060546875 0.345520251953125 0.49651230859375 0.2892939140625 0.48488180859375 0.250103599609375 0.428857099609375 0.20286671875 0.37781328515625 0.260614009765625 0.361697162109375 0.296863224609375
1 0.365047966796875 0.3031759375 0.3493678359375 0.284576134765625 0.313473716796875 0.319906197265625 0.30756617578125 0.343409705078125 0.331570943359375 0.356382017578125 0.356244458984375 0.3558627421875 0.380820833984375 0.32391084375 0.365047966796875 0.3031759375
1 0.35546875 0.2490234375 0.0078125 0.01171875
1 0.30859375 0.2529296875 0.0234375 0.029296875
1 0.3037109375 0.2841796875 0.01171875 0.013671875
1 0.29296875 0.3046875 0.0234375 0.029296875
1 0.2841796875 0.259765625 0.0234375 0.029296875
1 0.279296875 0.2802734375 0.0078125 0.01171875
1 0.2109375 0.2236328125 0.017578125 0.0234375
1 0.203125 0.2109375 0.013671875 0.015625
1 0.1728515625 0.2568359375 0.0703125 0.09765625
1 0.158203125 0.1953125 0.013671875 0.013671875
0 0.23046875 0.27734375 0.076171875 0.130859375
1 0.1279296875 0.37109375 0.064453125 0.072265625
1 0.1650390625 0.3984375 0.01171875 0.017578125
1 0.12890625 0.2138671875 0.02734375 0.029296875
1 0.1064453125 0.1591796875 0.03515625 0.037109375
1 0.0986328125 0.1943359375 0.044921875 0.05078125
0 0.079732001953125 0.49264424609375 0.0631423125 0.535057322265625 0.08544101953125 0.58681487890625 0.14108874609375 0.61870628125 0.16388226953125 0.609368966796875 0.1684517734375 0.584359265625 0.177948810546875 0.55636337109375 0.208667912109375 0.542302880859375 0.2121482265625 0.53728039453125 0.212445765625 0.520816451171875 0.194579927734375 0.47981082421875 0.1571609765625 0.4605468359375 0.11727396875 0.443472974609375 0.079732001953125 0.49264424609375
1 0.6328125 0.2431640625 0.025390625 0.025390625
1 0.58203125 0.25390625 0.009765625 0.01171875
1 0.6318359375 0.2646484375 0.0078125 0.01171875
1 0.3271484375 0.0947265625 0.02734375 0.041015625