0 0.947265625 0.32421875 0.091796875 0.12109375
1 0.916015625 0.421875 0.115234375 0.078125
1 0.8779296875 0.3349609375 0.013671875 0.021484375
1 0.90625 0.4658203125 0.017578125 0.01953125
1 0.908203125 0.4921875 0.013671875 0.009765625
1 0.990234375 0.515625 0.01953125 0.02734375
1 0.97265625 0.5205078125 0.013671875 0.021484375
0 0.9609375 0.63671875 0.078125 0.140625
1 0.7958984375 0.5615234375 0.0234375 0.017578125
1 0.796875 0.51171875 0.083984375 0.0859375
0 0.7861328125 0.63671875 0.126953125 0.1484375
1 0.7099609375 0.59375 0.017578125 0.01953125
1 0.6650390625 0.6552734375 0.0078125 0.01171875
1 0.68359375 0.525390625 0.05078125 0.056640625
1 0.6748046875 0.46875 0.05078125 0.060546875
1 0.6376953125 0.48046875 0.01171875 0.015625
1 0.7109375 0.375 0.017578125 0.0234375
0 0.761520603515625 0.307513625 0.714225416015625 0.340529369140625 0.682476310546875 0.362963794921875 0.695193455078125 0.369721361328125 0.71809676171875 0.368948544921875 0.751643501953125 0.41522031640625 0.804570138671875 0.415146783203125 0.789143841796875 0.322407134765625 0.761520603515625 0.307513625
1 0.658203125 0.3837890625 0.005859375 0.013671875
1 0.6220703125 0.3896484375 0.013671875 0.015625
1 0.5888671875 0.54296875 0.01171875 0.005859375
0 0.59245481640625 0.35654102734375 0.560922751953125 0.2902300234375 0.559424275390625 0.290837228515625 0.51399341796875 0.306293203125 0.50487127734375 0.329391623046875 0.48126934765625 0.369024142578125 0.489080443359375 0.400822904296875 0.518872107421875 0.4235603828125 0.556197349609375 0.41544441796875 0.58897284765625 0.39844760546875 0.59245481640625 0.35654102734375
1 0.5009765625 0.5751953125 0.044921875 0.0546875
1 0.5087890625 0.5107421875 0.103515625 0.0625
1 0.466796875 0.576171875 0.033203125 0.044921875
1 0.4248046875 0.57421875 0.064453125 0.0859375
1 0.6240234375 0.6416015625 0.01171875 0.0078125
0 0.496054353515625 0.673142091796875 0.539616369140625 0.741660947265625 0.57007328515625 0.7494311640625 0.60957167578125 0.720912669921875 0.62572602734375 0.69338255078125 0.616102361328125 0.642903357421875 0.6211544140625 0.6006728984375 0.547831119140625 0.581960123046875 0.4946257109375 0.631656591796875 0.496054353515625 0.673142091796875
1 0.4130859375 0.7236328125 0.009765625 0.013671875
1 0.392578125 0.724609375 0.0078125 0.013671875
1 0.37109375 0.7646484375 0.017578125 0.017578125
0 0.41709175390625 0.677002763671875 0.376774060546875 0.6075664296875 0.3369969921875 0.61317425390625 0.300651041015625 0.5973143671875 0.299605849609375 0.597107755859375 0.272685181640625 0.669148111328125 0.276819453125 0.71997490625 0.304002625 0.761777935546875 0.326215587890625 0.767595244140625 0.369591220703125 0.7528769140625 0.390335185546875 0.735797732421875 0.41200183203125 0.69871078515625 0.41709175390625 0.677002763671875
1 0.353515625 0.5673828125 0.08984375 0.091796875
1 0.236328125 0.6826171875 0.017578125 0.02734375
1 0.2451171875 0.703125 0.0078125 0.01171875
1 0.1669921875 0.669921875 0.029296875 0.01953125
1 0.1142578125 0.6103515625 0.033203125 0.044921875
0 0.1983643828125 0.72153832421875 0.18960521875 0.694792099609375 0.155872146484375 0.6765585234375 0.134496755859375 0.655627234375 0.133605701171875 0.655124962890625 0.096549001953125 0.679506857421875 0.0617311484375 0.73264653515625 0.06359148828125 0.76399123828125 0.093528900390625 0.803053302734375 0.111181048828125 0.81749763671875 0.1751806171875 0.81703828125 0.20363193359375 0.791923517578125 0.1983643828125 0.72153832421875
1 0.029296875 0.6943359375 0.0390625 0.078125
1 0.0625 0.611328125 0.01953125 0.017578125
1 0.0712890625 0.5712890625 0.009765625 0.013671875
1 0.0947265625 0.5302734375 0.01953125 0.02734375
0 0.123046875 0.4306640625 0.126953125 0.15234375
1 0.0625 0.4267578125 0.013671875 0.013671875
1 0.1982421875 0.4052734375 0.01171875 0.015625
0 0.326171875 0.396484375 0.111328125 0.166015625
1 0.2685546875 0.455078125 0.0078125 0.013671875
1 0.504815814453125 0.474946125 0.53698177734375 0.469380181640625 0.537639080078125 0.431688779296875 0.506317029296875 0.41830565625 0.490560138671875 0.392910302734375 0.488943826171875 0.36816635546875 0.512592330078125 0.323107521484375 0.5055555625 0.30615981640625 0.505784712890625 0.30777019140625 0.467627466796875 0.31396917578125 0.4212760859375 0.36133379296875 0.40402514453125 0.39751458203125 0.4181101171875 0.44494351953125 0.47844759375 0.46437098046875 0.504815814453125 0.474946125
1 0.228515625 0.5400390625 0.009765625 0.009765625
1 0.2998046875 0.546875 0.009765625 0.009765625