0 0.0712890625 0.33203125 0.142578125 0.1669921875
1 0.25390625 0.43359375 0.0625 0.0625
0 0.3056640625 0.298828125 0.15625 0.236328125
1 0.435546875 0.3662109375 0.0107421875 0.0185546875
0 0.537109375 0.3330078125 0.1328125 0.1533203125
1 0.533203125 0.4306640625 0.0419921875 0.0419921875
0 0.7587890625 0.3251953125 0.119140625 0.177734375
1 0.9404296875 0.2568359375 0.119140625 0.150390625
0 0.966796875 0.3681640625 0.0654296875 0.125
1 0.935546875 0.52734375 0.1279296875 0.1904296875
1 0.861328125 0.6416015625 0.0205078125 0.0185546875
1 0.931640625 0.671875 0.0205078125 0.025390625
1 0.9345703125 0.646484375 0.021484375 0.015625
0 0.9716796875 0.6767578125 0.056640625 0.1220703125
1 0.7490234375 0.6376953125 0.0126953125 0.015625
0 0.537109375 0.646484375 0.1875 0.2294921875
1 0.611328125 0.4921875 0.017578125 0.0126953125
1 0.390625 0.513671875 0.0107421875 0.0126953125
1 0.353515625 0.513671875 0.0439453125 0.0595703125
1 0.3441065234375 0.63397851953125 0.344907408203125 0.63315696484375 0.356786333984375 0.64591944921875 0.369494564453125 0.650669642578125 0.384229548828125 0.63983444921875 0.385663390625 0.6240647734375 0.3842360078125 0.61261470703125 0.37899796484375 0.60391520703125 0.371195798828125 0.59867931640625 0.36410021875 0.59680886328125 0.357687974609375 0.59792665625 0.35555658984375 0.6067122734375 0.34970883984375 0.619373138671875 0.3441065234375 0.63397851953125
0 0.34074022265625 0.77393525390625 0.375559328125 0.72485566796875 0.376918248046875 0.692927068359375 0.370217943359375 0.657614087890625 0.356033244140625 0.63166542578125 0.351381654296875 0.60239438671875 0.34439845703125 0.56092062109375 0.320347376953125 0.56643380859375 0.295634919921875 0.57081714453125 0.256432912109375 0.57145957421875 0.2418116015625 0.580439814453125 0.228745556640625 0.60325038671875 0.222662708984375 0.6235687421875 0.220486111328125 0.66649098828125 0.216583736328125 0.70229828125 0.236226076171875 0.732669890625 0.267054966796875 0.76416618359375 0.30568473046875 0.78500812890625 0.34074022265625 0.77393525390625
1 0.046875 0.583984375 0.009765625 0.0126953125
0 0.0791015625 0.65625 0.158203125 0.1484375
1 0.1357421875 0.494140625 0.0078125 0.013671875
1 0.134765625 0.5166015625 0.009765625 0.0107421875
0 0.7991626875 0.596841587890625 0.76190476171875 0.58068783203125 0.759143001953125 0.58190896484375 0.75647683203125 0.61434565234375 0.752205015625 0.648756130859375 0.72835415625 0.64648954296875 0.717062974609375 0.663413181640625 0.723680607421875 0.707918251953125 0.75603376171875 0.72199659765625 0.81202334375 0.696215001953125 0.82295800390625 0.66853023046875 0.814831607421875 0.616744861328125 0.7991626875 0.596841587890625