0 0.029296875 0.365234375 0.0576171875 0.1298828125
1 0.0732421875 0.318359375 0.0185546875 0.0390625
1 0.091796875 0.3642578125 0.013671875 0.0185546875
1 0.0693359375 0.34765625 0.005859375 0.0126953125
1 0.115234375 0.3583984375 0.009765625 0.009765625
0 0.1962890625 0.3681640625 0.1298828125 0.162109375
1 0.23828125 0.4580078125 0.0234375 0.017578125
0 0.404296875 0.3388671875 0.1328125 0.1689453125
1 0.3583984375 0.486328125 0.154296875 0.1591796875
1 0.388671875 0.443359375 0.013671875 0.017578125
1 0.47265625 0.392578125 0.009765625 0.0107421875
0 0.6240234375 0.3662109375 0.1435546875 0.203125
1 0.6748046875 0.349609375 0.0283203125 0.0234375
0 0.8291015625 0.369140625 0.130859375 0.115234375
1 0.736328125 0.486328125 0.009765625 0.009765625
1 0.7421875 0.47265625 0.0078125 0.0107421875
1 0.865234375 0.4814453125 0.029296875 0.0439453125
1 0.84375 0.4892578125 0.0078125 0.0107421875
0 0.9736328125 0.630859375 0.052734375 0.1171875
0 0.818359375 0.6513671875 0.146484375 0.1826171875
0 0.625 0.6337890625 0.1142578125 0.1826171875
1 0.548828125 0.6201171875 0.009765625 0.0126953125
0 0.4189453125 0.6533203125 0.1435546875 0.1767578125
0 0.2236328125 0.646484375 0.1484375 0.1845703125
0 0.0380859375 0.607421875 0.076171875 0.111328125
1 0.01171875 0.517578125 0.0078125 0.009765625
1 0.083984375 0.4931640625 0.0732421875 0.087890625
1 0.068359375 0.4990234375 0.0107421875 0.015625
1 0.177734375 0.498046875 0.005859375 0.0126953125
1 0.01953125 0.5068359375 0.0126953125 0.015625
1 0.529296875 0.5029296875 0.0048828125 0.0107421875
1 0.4931640625 0.501953125 0.0078125 0.0107421875