1 0.0791015625 0.4345703125 0.0126953125 0.0126953125
1 0.162109375 0.349609375 0.009765625 0.015625
0 0.080078125 0.3544921875 0.142578125 0.146484375
1 0.0107421875 0.478515625 0.021484375 0.091796875
1 0.0634765625 0.521484375 0.021484375 0.0234375
1 0.0458984375 0.5771484375 0.0751953125 0.0751953125
1 0.08984375 0.5458984375 0.015625 0.0234375
1 0.134765625 0.509765625 0.107421875 0.134765625
1 0.130859375 0.5595703125 0.0234375 0.0263671875
1 0.015625 0.6953125 0.03125 0.1015625
0 0.103515625 0.6689453125 0.140625 0.1435546875
0 0.3232421875 0.66015625 0.150390625 0.15625
1 0.3115234375 0.51171875 0.119140625 0.1220703125
1 0.3974609375 0.4814453125 0.025390625 0.0390625
1 0.396484375 0.431640625 0.015625 0.021484375
0 0.3017578125 0.3408203125 0.111328125 0.1123046875
0 0.525390625 0.3056640625 0.123046875 0.1435546875
1 0.5615234375 0.4775390625 0.029296875 0.0341796875
1 0.609375 0.5869140625 0.021484375 0.0283203125
1 0.423828125 0.6513671875 0.025390625 0.0283203125
1 0.5068359375 0.681640625 0.0185546875 0.0234375
0 0.49351851953125 0.5 0.448081236328125 0.56295573046875 0.439624927734375 0.61853057421875 0.492554615234375 0.6838903359375 0.5079137734375 0.674112654296875 0.531910083984375 0.7078462578125 0.566154875 0.71333188671875 0.59981734765625 0.65788242578125 0.599155455078125 0.6059534140625 0.576893447265625 0.57336275 0.5283239296875 0.511185861328125 0.49351851953125 0.5
1 0.66015625 0.619140625 0.017578125 0.0234375
0 0.77734375 0.61328125 0.126953125 0.1376953125
1 0.841796875 0.486328125 0.021484375 0.0263671875
1 0.9296875 0.6455078125 0.009765625 0.015625
0 0.96875 0.560546875 0.0625 0.158203125
1 0.6455078125 0.509765625 0.0185546875 0.0205078125
1 0.7099609375 0.462890625 0.1455078125 0.166015625
0 0.7197265625 0.294921875 0.140625 0.1513671875
0 0.9404296875 0.2705078125 0.119140625 0.173828125
1 0.970703125 0.3974609375 0.013671875 0.013671875