0 0.283203125 0.9365234375 0.19921875 0.099609375
1 0.3916015625 0.9130859375 0.015625 0.01171875
0 0.314453125 0.7822265625 0.189453125 0.13671875
1 0.2626953125 0.6796875 0.013671875 0.013671875
1 0.4404296875 0.6884765625 0.03125 0.017578125
1 0.4130859375 0.8515625 0.013671875 0.01171875
1 0.4384765625 0.9033203125 0.021484375 0.0234375
1 0.4453125 0.8251953125 0.013671875 0.01171875
1 0.4755859375 0.6328125 0.025390625 0.033203125
0 0.3603515625 0.5693359375 0.1875 0.146484375
0 0.41015625 0.357421875 0.201171875 0.166015625
0 0.4140625 0.1328125 0.197265625 0.138671875
0 0.6943359375 0.060546875 0.17578125 0.095703125
0 0.6767578125 0.203125 0.1953125 0.181640625
0 0.66796875 0.423828125 0.208984375 0.166015625
0 0.599609375 0.6064453125 0.15234375 0.119140625
1 0.634765625 0.7109375 0.01953125 0.015625
0 0.591796875 0.80078125 0.197265625 0.146484375
0 0.53515625 0.955078125 0.14453125 0.08984375
1 0.033203125 0.3408203125 0.02734375 0.0234375
1 0.0283203125 0.431640625 0.01953125 0.015625
1 0.0625 0.19140625 0.0234375 0.025390625
1 0.0634765625 0.2490234375 0.01953125 0.01953125
1 0.072265625 0.1396484375 0.029296875 0.025390625
1 0.0068359375 0.5703125 0.013671875 0.015625
1 0.00390625 0.552734375 0.0078125 0.01171875
1 0.005859375 0.5185546875 0.01171875 0.013671875
0 0.4482421875 0.0146484375 0.115234375 0.029296875