0 0.9462890625 0.6474609375 0.107421875 0.166015625
1 0.923828125 0.5263671875 0.021484375 0.015625
1 0.9404296875 0.490234375 0.0283203125 0.0439453125
1 0.88671875 0.521484375 0.005859375 0.015625
1 0.876953125 0.5078125 0.0126953125 0.015625
1 0.8720703125 0.490234375 0.0205078125 0.015625
1 0.861328125 0.5048828125 0.009765625 0.0126953125
1 0.828125 0.509765625 0.041015625 0.0498046875
1 0.806640625 0.451171875 0.0126953125 0.025390625
0 0.9365234375 0.302734375 0.125 0.1689453125
0 0.71875 0.3076171875 0.125 0.162109375
1 0.693359375 0.4921875 0.025390625 0.0205078125
0 0.736328125 0.6162109375 0.115234375 0.1376953125
1 0.6083984375 0.5224609375 0.009765625 0.015625
0 0.51953125 0.599609375 0.130859375 0.1484375
1 0.57421875 0.4443359375 0.037109375 0.0517578125
0 0.486328125 0.2822265625 0.1279296875 0.1748046875
0 0.2783203125 0.310546875 0.123046875 0.1513671875
0 0.060546875 0.296875 0.1201171875 0.1767578125
0 0.0703125 0.59375 0.140625 0.1982421875
0 0.298828125 0.61328125 0.1435546875 0.158203125
1 0.3837890625 0.6953125 0.009765625 0.0107421875
1 0.0322265625 0.490234375 0.0126953125 0.013671875
1 0.802734375 0.759765625 0.009765625 0.0126953125
1 0.1171875 0.7265625 0.005859375 0.0126953125
1 0.779296875 0.7080078125 0.005859375 0.009765625
1 0.31640625 0.4833984375 0.009765625 0.009765625
1 0.1494140625 0.4873046875 0.005859375 0.0107421875