0 0.1055164375 0.22401976171875 0.0803688203125 0.22133949609375 0.04942319921875 0.25395024609375 0.030207392578125 0.277027265625 0.0151303203125 0.302945380859375 0.040576208984375 0.3433925 0.062352833984375 0.3787126484375 0.095474353515625 0.40051616796875 0.15025631640625 0.383276623046875 0.166601615234375 0.352573955078125 0.15876465234375 0.310709888671875 0.1743789296875 0.27597005078125 0.1366998515625 0.269296841796875 0.120410072265625 0.263076873046875 0.1055164375 0.22401976171875
1 0.044887724609375 0.4036892421875 0.032357419921875 0.41763434375 0.00808332421875 0.4467712265625 0.000269021484375 0.480224349609375 0.007560908203125 0.48583206640625 0.031578814453125 0.48633269140625 0.061577216796875 0.4719147421875 0.077134484375 0.4536528984375 0.0898060078125 0.45091681640625 0.0888185390625 0.43229835546875 0.058624005859375 0.412164732421875 0.0453717578125 0.40341884375 0.044887724609375 0.4036892421875
1 0.1494140625 0.46484375 0.041015625 0.060546875
0 0.0751953125 0.5986328125 0.150390625 0.158203125
0 0.306640625 0.6201171875 0.15625 0.1640625
1 0.2763671875 0.443359375 0.037109375 0.060546875
1 0.30078125 0.4384765625 0.013671875 0.015625
1 0.33715166015625 0.45070490234375 0.317299755859375 0.422339736328125 0.30790002734375 0.440927615234375 0.2992467890625 0.462472224609375 0.31092230078125 0.46926128515625 0.33534876953125 0.462675830078125 0.33715166015625 0.45070490234375
1 0.302734375 0.3896484375 0.03125 0.041015625
1 0.230140193359375 0.324705751953125 0.215194509765625 0.324444873046875 0.184964798828125 0.3232947109375 0.1821379375 0.3719739140625 0.18712446484375 0.402795705078125 0.2056438828125 0.429977015625 0.22203290625 0.4376999609375 0.232430060546875 0.4379372109375 0.261372568359375 0.4080437734375 0.281909478515625 0.386479 0.2823594375 0.3771508203125 0.262581818359375 0.369528498046875 0.245403728515625 0.343024755859375 0.230140193359375 0.324705751953125
1 0.1884765625 0.291015625 0.013671875 0.037109375
1 0.2373046875 0.287109375 0.01171875 0.015625
1 0.263671875 0.3017578125 0.0078125 0.013671875
1 0.1650390625 0.30859375 0.01953125 0.013671875
1 0.3359375 0.2998046875 0.013671875 0.013671875
1 0.37109375 0.2568359375 0.01171875 0.013671875
0 0.30972529296875 0.376446794921875 0.33302301953125 0.395733525390625 0.355684255859375 0.39125456640625 0.365906875 0.36159658203125 0.366740322265625 0.32149060546875 0.35857994140625 0.315252765625 0.331444515625 0.306511736328125 0.320651068359375 0.273669830078125 0.30908444140625 0.251057833984375 0.2732298828125 0.246523640625 0.270419091796875 0.270449220703125 0.26731912890625 0.30984037890625 0.253634412109375 0.3212074921875 0.25294380859375 0.3394650625 0.26282030859375 0.366810529296875 0.274619712890625 0.3754391171875 0.30972529296875 0.376446794921875
1 0.419666861328125 0.339761619140625 0.37444651953125 0.324604994140625 0.3739784609375 0.3253203125 0.3782703984375 0.359537919921875 0.383168001953125 0.397397111328125 0.3864657109375 0.421349431640625 0.392394513671875 0.43205958203125 0.426016255859375 0.441655408203125 0.453829130859375 0.447140498046875 0.476259525390625 0.447532021484375 0.486551326171875 0.427316791015625 0.463483529296875 0.366749931640625 0.443918365234375 0.34773333984375 0.419666861328125 0.339761619140625
1 0.43359375 0.46484375 0.013671875 0.017578125
1 0.4052734375 0.5078125 0.025390625 0.017578125
1 0.510450205078125 0.473365052734375 0.492104498046875 0.449055111328125 0.481128537109375 0.4411116328125 0.47288166015625 0.455113416015625 0.457067669921875 0.4998701015625 0.457073259765625 0.528304857421875 0.474276908203125 0.5459613671875 0.50010601171875 0.556423505859375 0.522159099609375 0.555310216796875 0.534354689453125 0.55283412109375 0.531865748046875 0.5304077109375 0.5159691484375 0.51578101953125 0.511669236328125 0.496333015625 0.510450205078125 0.473365052734375
1 0.5205078125 0.4794921875 0.0234375 0.087890625
1 0.5361328125 0.5234375 0.013671875 0.0234375
1 0.5693359375 0.501953125 0.01171875 0.01171875
1 0.599609375 0.53125 0.015625 0.017578125
0 0.5185546875 0.6572265625 0.150390625 0.18359375
0 0.530386572265625 0.2853087578125 0.4986638203125 0.294698498046875 0.491876689453125 0.345466986328125 0.504626138671875 0.378614345703125 0.52345458203125 0.40531872265625 0.54260500390625 0.41979420703125 0.556961904296875 0.42380092578125 0.5914845390625 0.41248251953125 0.60693316015625 0.37207848046875 0.5881603125 0.33661933984375 0.576271263671875 0.31207844140625 0.55527479296875 0.293782962890625 0.530386572265625 0.2853087578125
1 0.4550746875 0.324230767578125 0.4391801796875 0.318421646484375 0.4151034765625 0.33819278125 0.42016659765625 0.34034008984375 0.419446697265625 0.34000496875 0.47564115625 0.361073240234375 0.494019373046875 0.39349437109375 0.520721287109375 0.425840732421875 0.5359825078125 0.4541363203125 0.5494385546875 0.482034130859375 0.567788173828125 0.448933716796875 0.52640201171875 0.391180724609375 0.503797001953125 0.367051166015625 0.478686390625 0.3421739765625 0.4550746875 0.324230767578125
1 0.63671875 0.5068359375 0.013671875 0.013671875
1 0.6484375 0.6142578125 0.0234375 0.021484375
0 0.688395337890625 0.56154144140625 0.660779458984375 0.5807142109375 0.661583322265625 0.601626546875 0.65610668359375 0.623363765625 0.63688892578125 0.626993947265625 0.6458064296875 0.65695135546875 0.67757162890625 0.694997662109375 0.71211946875 0.725367783203125 0.752530544921875 0.7361387109375 0.76410022265625 0.7208187890625 0.776702443359375 0.692197142578125 0.79425425 0.629871900390625 0.80812969140625 0.57875837890625 0.79835375 0.5749250703125 0.779483916015625 0.583686044921875 0.75620369140625 0.586517306640625 0.736347734375 0.5585138125 0.72419468359375 0.534007494140625 0.723260203125 0.53301296484375 0.7113984453125 0.553279169921875 0.688395337890625 0.56154144140625
1 0.69660789453125 0.441998474609375 0.680985341796875 0.498195669921875 0.66781426953125 0.549692275390625 0.666760271484375 0.56772042578125 0.689966041015625 0.56488033203125 0.717538259765625 0.5502165546875 0.722149822265625 0.5395698046875 0.7491660859375 0.52275599609375 0.735419666015625 0.491740603515625 0.723882826171875 0.450454048828125 0.709324162109375 0.4262720078125 0.69660789453125 0.441998474609375
1 0.648106947265625 0.53072444921875 0.646454529296875 0.54586176171875 0.6509399921875 0.5551328984375 0.670510462890625 0.54651528515625 0.681637638671875 0.532972248046875 0.680799935546875 0.503377443359375 0.678851345703125 0.474883580078125 0.667981134765625 0.497582818359375 0.648106947265625 0.53072444921875
0 0.79115420703125 0.283211904296875 0.76249230078125 0.3117310859375 0.75008305859375 0.346783103515625 0.7330601328125 0.366244775390625 0.723197904296875 0.3923533984375 0.72103833203125 0.437322798828125 0.75602800390625 0.47061719921875 0.779921513671875 0.46153544140625 0.8028202109375 0.412884037109375 0.814015490234375 0.378924703125 0.818380947265625 0.366704591796875 0.824363580078125 0.32912575 0.79115420703125 0.283211904296875
1 0.813455716796875 0.562152296875 0.8318307421875 0.57739953125 0.855826283203125 0.56609934765625 0.87613497265625 0.5120805625 0.87839743359375 0.487446037109375 0.84983540625 0.479415654296875 0.83138264453125 0.461756935546875 0.7976905703125 0.466617619140625 0.76857506640625 0.4813584609375 0.764619125 0.5078098359375 0.79392756640625 0.536611376953125 0.813455716796875 0.562152296875
1 0.865535556640625 0.372272564453125 0.8197276875 0.3373453671875 0.82413014453125 0.3752049609375 0.83680937890625 0.405769140625 0.8295738828125 0.410725359375 0.80876162109375 0.414388 0.80797957421875 0.437042189453125 0.830333333984375 0.4791928125 0.854400076171875 0.48531490234375 0.908007591796875 0.48400177734375 0.93419391015625 0.444920142578125 0.911237845703125 0.413636978515625 0.865535556640625 0.372272564453125
0 1 0.327192958984375 0.977108431640625 0.303007576171875 0.9768567734375 0.303954271484375 0.9282193828125 0.3122891015625 0.90335753515625 0.332678078125 0.916001599609375 0.3913567578125 0.938172892578125 0.43275658984375 0.959821322265625 0.47781749609375 0.995304087890625 0.483315884765625 1 0.455328541015625 1 0.327192958984375
1 0.955078125 0.513671875 0.013671875 0.0234375
1 0.990234375 0.5234375 0.015625 0.029296875
1 0.9111328125 0.5625 0.013671875 0.013671875
1 0.9375 0.5673828125 0.013671875 0.01171875
1 0.9140625 0.6376953125 0.03125 0.029296875
1 0.8974609375 0.7197265625 0.060546875 0.091796875
0 0.9973761015625 0.654686498046875 0.97727305078125 0.63216063671875 0.95245293359375 0.62904596484375 0.92823568359375 0.63446091015625 0.919777212890625 0.666348794921875 0.9218726171875 0.69228027734375 0.92025683203125 0.731353681640625 0.93083811328125 0.7599006875 0.963759064453125 0.764763509765625 0.995731205078125 0.748922482421875 0.996700705078125 0.69337991015625 0.997311189453125 0.658405310546875 0.9973761015625 0.654686498046875
1 0.8369140625 0.6416015625 0.0078125 0.01171875
1 0.853515625 0.6611328125 0.009765625 0.01171875
1 0.611328125 0.4912109375 0.005859375 0.009765625
1 0.64453125 0.3837890625 0.009765625 0.015625
1 0.185546875 0.4453125 0.0078125 0.013671875
1 0.1171875 0.4462890625 0.013671875 0.013671875