0 0.0361328125 0.283203125 0.072265625 0.095703125
1 0.0556640625 0.3564453125 0.0654296875 0.0498046875
1 0.0185546875 0.3779296875 0.037109375 0.0283203125
1 0.091796875 0.3779296875 0.0107421875 0.0205078125
1 0.013671875 0.4248046875 0.02734375 0.052734375
1 0.005859375 0.517578125 0.0107421875 0.025390625
0 0 0.600297791015625 0.00416305078125 0.617626349609375 0.031010380859375 0.62313126953125 0.060008861328125 0.61223837890625 0.07307490625 0.5877363046875 0.08409107421875 0.56109302734375 0.09120912890625 0.522503134765625 0.084091978515625 0.51272304296875 0.06128110546875 0.508709490234375 0.035772931640625 0.51371166015625 0 0.54790581640625 0 0.559160396484375 0 0.600297791015625
1 0.115234375 0.490234375 0.046875 0.0498046875
1 0.1484375 0.53515625 0.0966796875 0.091796875
1 0.1171875 0.4306640625 0.0126953125 0.0126953125
1 0.1259765625 0.4521484375 0.013671875 0.0205078125
1 0.15234375 0.408203125 0.0185546875 0.0185546875
1 0.1455078125 0.2744140625 0.0126953125 0.015625
0 0.208984375 0.2939453125 0.119140625 0.1591796875
1 0.275390625 0.296875 0.015625 0.015625
1 0.296875 0.251953125 0.009765625 0.0107421875
1 0.205078125 0.43359375 0.076171875 0.134765625
1 0.294921875 0.4169921875 0.072265625 0.083984375
1 0.2763671875 0.509765625 0.0546875 0.0986328125
0 0.25119809765625 0.499061712890625 0.247280091796875 0.481162888671875 0.23125451953125 0.50281123046875 0.20985062109375 0.513225486328125 0.1967809609375 0.52545301171875 0.194312427734375 0.555120017578125 0.196605541015625 0.589892876953125 0.21145200390625 0.609066052734375 0.237489150390625 0.609330087890625 0.264132125 0.59931851171875 0.28233687890625 0.584982333984375 0.270166015625 0.55858018359375 0.255060041015625 0.52903494921875 0.25119809765625 0.499061712890625
1 0.3056640625 0.494140625 0.013671875 0.0205078125
1 0.3779296875 0.4208984375 0.0107421875 0.021484375
1 0.330078125 0.34765625 0.0283203125 0.0419921875
1 0.361328125 0.2744140625 0.0078125 0.013671875
0 0.45742730078125 0.299300732421875 0.445225693359375 0.282210888671875 0.420005064453125 0.258247732421875 0.400462962890625 0.254316166015625 0.369907408203125 0.255555556640625 0.368515806640625 0.26552975390625 0.3522632734375 0.29120491015625 0.34911205078125 0.3178747109375 0.35899251171875 0.363730951171875 0.367038302734375 0.396086515625 0.37916214453125 0.396987123046875 0.41193305078125 0.38540581640625 0.432689525390625 0.37146387890625 0.452663845703125 0.34401523828125 0.461477322265625 0.3133150078125 0.45742730078125 0.299300732421875
1 0.380859375 0.212890625 0.009765625 0.0107421875
1 0.4453125 0.462890625 0.0673828125 0.076171875
0 0.404296875 0.5595703125 0.0859375 0.1591796875
1 0.4697265625 0.580078125 0.0234375 0.0390625
1 0.5 0.599609375 0.0439453125 0.0830078125
1 0.517578125 0.44140625 0.0263671875 0.044921875
1 0.4912109375 0.4296875 0.0078125 0.0126953125
1 0.4482421875 0.416015625 0.0078125 0.0107421875
1 0.544921875 0.421875 0.0048828125 0.0107421875
1 0.541015625 0.4345703125 0.0048828125 0.0107421875
1 0.5615234375 0.458984375 0.033203125 0.0439453125
0 0.587890625 0.564453125 0.1064453125 0.1357421875
1 0.6982421875 0.44140625 0.0390625 0.044921875
1 0.7060546875 0.544921875 0.0205078125 0.021484375
1 0.7918665 0.513559751953125 0.79670771875 0.48218677734375 0.806068251953125 0.43965446484375 0.79012767578125 0.43023726953125 0.770555736328125 0.4299467109375 0.7447229453125 0.437702546875 0.724432146484375 0.446368634765625 0.708301685546875 0.463201677734375 0.6946885859375 0.478012876953125 0.702145724609375 0.5032793203125 0.732512296875 0.53173948828125 0.7569996015625 0.541155478515625 0.77439778515625 0.534794560546875 0.7918665 0.513559751953125
0 0.8478551796875 0.59961901953125 0.843362087890625 0.569092400390625 0.82645670703125 0.531194541015625 0.815179216796875 0.51216724609375 0.7831018515625 0.510185185546875 0.782809787109375 0.51019241796875 0.75987865234375 0.531083623046875 0.742333080078125 0.54642409375 0.7361328125 0.57432966796875 0.7314416953125 0.61791449609375 0.73381166796875 0.6440200625 0.77333441796875 0.67245852734375 0.8082971640625 0.6784589609375 0.83077708984375 0.649105419921875 0.846547669921875 0.6293233984375 0.8478551796875 0.59961901953125
1 0.841796875 0.5458984375 0.017578125 0.0205078125
1 0.826171875 0.4609375 0.0439453125 0.0751953125
1 0.802734375 0.482421875 0.0107421875 0.0107421875
1 0.8056640625 0.3974609375 0.0078125 0.0107421875
1 0.8798828125 0.537109375 0.033203125 0.03125
0 0.9501953125 0.5791015625 0.099609375 0.146484375
1 0.9638671875 0.4697265625 0.033203125 0.0546875
1 0.751953125 0.326171875 0.0185546875 0.03125
0 0.839115849609375 0.23252555859375 0.83018030078125 0.225273677734375 0.806606263671875 0.2323881171875 0.780588107421875 0.234678818359375 0.74583333203125 0.245987654296875 0.7456506796875 0.246475935546875 0.74164496484375 0.271528982421875 0.750464771484375 0.302985146484375 0.765740740234375 0.33454258203125 0.7819788046875 0.34315441796875 0.813414169921875 0.36146194921875 0.8513916015625 0.350468990234375 0.863864474609375 0.326472078125 0.86847240234375 0.281903453125 0.85719310546875 0.25910976171875 0.839115849609375 0.23252555859375
1 0.8466796875 0.390625 0.0673828125 0.0576171875
1 0.8818359375 0.470703125 0.0595703125 0.0966796875
1 0.9375 0.412109375 0.0576171875 0.0703125
1 0.900390625 0.345703125 0.083984375 0.142578125
0 0.9697265625 0.3193359375 0.060546875 0.169921875
1 0.849609375 0.2314453125 0.0107421875 0.017578125
0 0.6083984375 0.2958984375 0.115234375 0.1455078125
1 0.51171875 0.291015625 0.017578125 0.017578125
1 0.66796875 0.216796875 0.0185546875 0.021484375
1 0.6904296875 0.349609375 0.0078125 0.0107421875
1 0.47265625 0.4208984375 0.0048828125 0.009765625