0 0.5830078125 0.1787109375 0.185546875 0.130859375
1 0.4599609375 0.2626953125 0.1064453125 0.0625
1 0.2919921875 0.0751953125 0.015625 0.013671875
1 0.29296875 0.109375 0.0107421875 0.009765625
1 0.1767578125 0.1767578125 0.03125 0.0263671875
0 0.3125 0.177734375 0.1611328125 0.1220703125
1 0.244140625 0.267578125 0.015625 0.009765625
1 0.2802734375 0.302734375 0.0185546875 0.0126953125
1 0.287109375 0.3154296875 0.015625 0.0126953125
1 0.294921875 0.330078125 0.013671875 0.009765625
1 0.3154296875 0.2958984375 0.0126953125 0.009765625
1 0.2998046875 0.341796875 0.013671875 0.009765625
1 0.337890625 0.3798828125 0.029296875 0.021484375
0 0.2684082890625 0.38463451171875 0.270481978515625 0.4072659609375 0.284097876953125 0.42842804296875 0.30815972265625 0.43684573046875 0.335771294921875 0.43482349609375 0.357629416015625 0.422418181640625 0.364437796875 0.4049485625 0.362297798828125 0.39637716015625 0.351146556640625 0.38671551953125 0.33382419921875 0.381170685546875 0.31238976953125 0.36276455078125 0.28622151171875 0.373267119140625 0.2684082890625 0.38463451171875
1 0.44140625 0.560546875 0.0107421875 0.0078125
1 0.322265625 0.5439453125 0.021484375 0.021484375
1 0.298828125 0.5693359375 0.015625 0.009765625
1 0.2939453125 0.5810546875 0.0126953125 0.009765625
0 0.5888671875 0.4111328125 0.181640625 0.1142578125
1 0.5791015625 0.3369140625 0.0126953125 0.0078125
1 0.611328125 0.482421875 0.025390625 0.015625
1 0.568359375 0.5205078125 0.0107421875 0.009765625
1 0.46484375 0.548828125 0.1435546875 0.0888671875
0 0.587890625 0.625 0.107421875 0.046875
1 0.474609375 0.646484375 0.115234375 0.103515625
0 0.400263486328125 0.681842841796875 0.409007611328125 0.65568116015625 0.4270767578125 0.61119084765625 0.42318366015625 0.60730679296875 0.3995039375 0.57986193359375 0.35970380859375 0.562968552734375 0.33315577734375 0.56682876953125 0.30924479296875 0.58020389453125 0.27492700390625 0.59641499609375 0.258796734375 0.60995205859375 0.255039544921875 0.63957856640625 0.277268123046875 0.66903408984375 0.30143229296875 0.693559126953125 0.332640642578125 0.69684721484375 0.374030013671875 0.69135775 0.400263486328125 0.681842841796875
1 0.43359375 0.794921875 0.0810546875 0.056640625
0 0.3095703125 0.8408203125 0.162109375 0.1279296875
1 0.302734375 0.9130859375 0.021484375 0.017578125
1 0.466796875 0.748046875 0.0126953125 0.009765625
1 0.4765625 0.7216796875 0.015625 0.009765625
1 0.490234375 0.787109375 0.0126953125 0.005859375
1 0.46875 0.849609375 0.009765625 0.009765625
1 0.462890625 0.830078125 0.009765625 0.0126953125
1 0.466796875 0.869140625 0.015625 0.0078125
1 0.4677734375 0.8828125 0.0126953125 0.005859375
1 0.46484375 0.958984375 0.0185546875 0.0126953125
1 0.4833984375 0.9619140625 0.0185546875 0.009765625
1 0.4736328125 0.9775390625 0.009765625 0.009765625
1 0.4736328125 0.9482421875 0.0126953125 0.005859375
1 0.560546875 0.9306640625 0.021484375 0.0126953125
0 0.5830078125 0.9755859375 0.041015625 0.048828125
0 0.619140625 0.8125 0.078125 0.0732421875
0 0.2958984375 0.9677734375 0.1484375 0.064453125
1 0.353515625 0.9296875 0.0126953125 0.009765625
1 0.4384765625 0.9619140625 0.009765625 0.009765625
1 0.4326171875 0.037109375 0.021484375 0.0126953125