0 0.1015625 0.380859375 0.162109375 0.181640625
0 0.365234375 0.333984375 0.1279296875 0.197265625
1 0.287109375 0.208984375 0.015625 0.021484375
1 0.4609375 0.267578125 0.015625 0.0185546875
1 0.4853515625 0.3037109375 0.013671875 0.0205078125
1 0.5869140625 0.2529296875 0.0234375 0.0263671875
0 0.61328125 0.369140625 0.1201171875 0.1669921875
1 0.7109375 0.298828125 0.013671875 0.015625
1 0.7451171875 0.248046875 0.0107421875 0.017578125
0 0.8486328125 0.34765625 0.1435546875 0.173828125
0 0.8564453125 0.677734375 0.185546875 0.2294921875
0 0.6279296875 0.671875 0.1767578125 0.177734375
1 0.5244140625 0.640625 0.0126953125 0.0185546875
0 0.365234375 0.646484375 0.1689453125 0.2470703125
0 0.130859375 0.6845703125 0.1328125 0.1904296875