1 0.791015625 0.33984375 0.015625 0.025390625
1 0.974609375 0.48828125 0.025390625 0.0283203125
1 0.978515625 0.5126953125 0.0185546875 0.015625
1 0.8994140625 0.498046875 0.015625 0.021484375
1 0.86328125 0.4873046875 0.0126953125 0.015625
1 0.8193359375 0.5 0.025390625 0.037109375
1 0.7783203125 0.501953125 0.0341796875 0.048828125
1 0.74609375 0.4404296875 0.0283203125 0.0498046875
1 0.7587890625 0.51171875 0.0107421875 0.017578125
1 0.7451171875 0.515625 0.0126953125 0.015625
1 0.97295464453125 0.334824298828125 0.99033233203125 0.290668001953125 0.9884334609375 0.237023373046875 0.963850609375 0.1960298515625 0.93407449609375 0.175045814453125 0.925540123046875 0.1738683125 0.88613251171875 0.20814043359375 0.85716869140625 0.242707931640625 0.84551474609375 0.2649679296875 0.85005998046875 0.293728298828125 0.872789169921875 0.31640223046875 0.908536181640625 0.34710366796875 0.93798376171875 0.34953502734375 0.97295464453125 0.334824298828125
0 0.84824399609375 0.43359977734375 0.88101912109375 0.42714160546875 0.922437126953125 0.422863619140625 0.93402175 0.398499791015625 0.94483024609375 0.35133744921875 0.91962348046875 0.351136509765625 0.89264744921875 0.33781627734375 0.872600791015625 0.31011485546875 0.84278248046875 0.33205737109375 0.815135814453125 0.378032166015625 0.812744140625 0.409147537109375 0.84824399609375 0.43359977734375
0 0.6865234375 0.3857421875 0.099609375 0.0966796875
1 0.654296875 0.45703125 0.03125 0.0595703125
1 0.6337890625 0.4873046875 0.017578125 0.0390625
1 0.595703125 0.458984375 0.0439453125 0.068359375
1 0.701171875 0.298828125 0.0126953125 0.013671875
1 0.6962890625 0.318359375 0.013671875 0.0185546875
1 0.5732421875 0.361328125 0.0546875 0.078125
0 0.494140625 0.388671875 0.0966796875 0.123046875
1 0.4990234375 0.490234375 0.0517578125 0.087890625
1 0.4599609375 0.505859375 0.0263671875 0.056640625
1 0.451171875 0.4609375 0.0107421875 0.015625
1 0.443359375 0.345703125 0.0126953125 0.0283203125
1 0.4931640625 0.564453125 0.0810546875 0.0595703125
0 0.4951171875 0.64453125 0.0810546875 0.125
1 0.357421875 0.5146484375 0.115234375 0.1435546875
1 0.419921875 0.3447265625 0.009765625 0.009765625
1 0.46484375 0.3046875 0.009765625 0.009765625
1 0.28125 0.3203125 0.0126953125 0.017578125
0 0.342363521484375 0.337464634765625 0.32109616015625 0.298480501953125 0.31415322265625 0.30202305078125 0.31597222265625 0.300411521484375 0.27933304296875 0.3302569609375 0.258242005859375 0.339114341796875 0.24256124609375 0.390683271484375 0.26285807421875 0.42033580859375 0.294307001953125 0.453920716796875 0.327434775390625 0.42911482421875 0.349853515625 0.384186921875 0.342363521484375 0.337464634765625
1 0.224609375 0.5322265625 0.015625 0.0107421875
1 0.2275390625 0.46484375 0.009765625 0.015625
1 0.1591796875 0.3623046875 0.015625 0.0185546875
0 0.1051025390625 0.32283830078125 0.10378086328125 0.323559669921875 0.07698115625 0.35644933203125 0.065289533203125 0.417707529296875 0.086680470703125 0.455926087890625 0.131519458984375 0.46471112890625 0.169727466796875 0.41868007421875 0.16845703125 0.372687193359375 0.14066569140625 0.34388462890625 0.1051025390625 0.32283830078125
1 0.0458984375 0.494140625 0.0390625 0.0419921875
1 0.0087890625 0.435546875 0.015625 0.041015625
0 0.12926191015625 0.51570939453125 0.1282356171875 0.50391227734375 0.10666533984375 0.48389274609375 0.07058678125 0.49080705078125 0.026257173828125 0.5350176015625 0.06871654296875 0.56247588671875 0.1138448828125 0.538114068359375 0.12926191015625 0.51570939453125
1 0.1884765625 0.486328125 0.0126953125 0.015625
1 0.166015625 0.48828125 0.0126953125 0.0126953125
0 0.1044921875 0.6650390625 0.125 0.142578125
0 0.29296875 0.654296875 0.1064453125 0.1455078125
1 0.365234375 0.630859375 0.0107421875 0.0185546875
1 0.5849609375 0.64453125 0.009765625 0.0107421875
1 0.6328125 0.6416015625 0.0107421875 0.015625
1 0.662109375 0.57421875 0.009765625 0.0185546875
1 0.7431640625 0.5927734375 0.0654296875 0.046875
0 0.6334062734375 0.6658267421875 0.63715277734375 0.689505369140625 0.687884294921875 0.72697643359375 0.71965874609375 0.73541787109375 0.74107982421875 0.70663741015625 0.752124927734375 0.680601771484375 0.770061728515625 0.638374486328125 0.77086347265625 0.638231818359375 0.7516185625 0.61784858984375 0.721539533203125 0.6019020859375 0.69847728515625 0.581356095703125 0.681533625 0.57976265234375 0.65132800390625 0.621652359375 0.6334062734375 0.6658267421875
1 0.8330078125 0.603515625 0.046875 0.064453125
0 0.9013671875 0.6357421875 0.115234375 0.1376953125
1 0.8037109375 0.541015625 0.0078125 0.009765625
1 0.701171875 0.951171875 0.0595703125 0.052734375
1 0.513671875 0.9658203125 0.015625 0.015625
1 0.462890625 0.931640625 0.0126953125 0.017578125
1 0.712890625 0.5224609375 0.0126953125 0.0107421875
1 0.814453125 0.669921875 0.041015625 0.03125
1 0.4169921875 0.494140625 0.0078125 0.0126953125
1 0.2998046875 0.513671875 0.009765625 0.009765625
1 0.537109375 0.318359375 0.0078125 0.0107421875