1 0.029296875 0.603515625 0.05859375 0.19921875
1 0.0078125 0.49609375 0.009765625 0.009765625
1 0.0263671875 0.4921875 0.009765625 0.01171875
1 0.0263671875 0.4716796875 0.005859375 0.009765625
1 0.0361328125 0.4697265625 0.005859375 0.01171875
0 0.163248533203125 0.566816439453125 0.152401265625 0.540270154296875 0.1279452109375 0.533996333984375 0.10274798828125 0.532275890625 0.07731589453125 0.547411958984375 0.0678887109375 0.5692059296875 0.05791937890625 0.586075943359375 0.05299733203125 0.61418923828125 0.053955287109375 0.640140283203125 0.065215951171875 0.66292338671875 0.074635173828125 0.67164619921875 0.107617515625 0.64627716796875 0.142956326171875 0.626588171875 0.159063111328125 0.620158388671875 0.16700809765625 0.608354001953125 0.163248533203125 0.566816439453125
1 0.150390625 0.6357421875 0.01953125 0.017578125
1 0.166015625 0.65625 0.01953125 0.025390625
1 0.1787109375 0.669921875 0.009765625 0.013671875
1 0.1630859375 0.6884765625 0.005859375 0.009765625
1 0.1845703125 0.6435546875 0.009765625 0.01171875
1 0.234375 0.6552734375 0.01953125 0.02734375
1 0.2490234375 0.671875 0.01953125 0.021484375
1 0.2529296875 0.6533203125 0.013671875 0.015625
0 0.326171875 0.6337890625 0.119140625 0.171875
1 0.4052734375 0.65234375 0.013671875 0.021484375
1 0.3974609375 0.6328125 0.01953125 0.025390625
1 0.4541015625 0.587890625 0.033203125 0.037109375
1 0.435546875 0.6435546875 0.013671875 0.0234375
1 0.451171875 0.6318359375 0.017578125 0.044921875
1 0.46484375 0.6328125 0.013671875 0.021484375
1 0.4833984375 0.6376953125 0.01171875 0.021484375
1 0.5830078125 0.6787109375 0.005859375 0.01171875
1 0.5966796875 0.703125 0.013671875 0.01953125
1 0.59375 0.6826171875 0.005859375 0.015625
1 0.607421875 0.65625 0.005859375 0.013671875
0 0.589316212890625 0.693722431640625 0.6000695859375 0.667701525390625 0.607525697265625 0.63546534765625 0.605216337890625 0.608758341796875 0.578142419921875 0.59872546484375 0.540463720703125 0.59464408984375 0.511763265625 0.598046076171875 0.5030881328125 0.632723494140625 0.501102033203125 0.672693796875 0.509703693359375 0.70753416796875 0.51652538671875 0.7260613515625 0.538504513671875 0.730184666015625 0.566105384765625 0.719817859375 0.589316212890625 0.693722431640625
1 0.1162109375 0.443359375 0.0546875 0.072265625
1 0.0517578125 0.4423828125 0.015625 0.021484375
1 0.0361328125 0.3896484375 0.02734375 0.033203125
1 0.087890625 0.3486328125 0.0234375 0.02734375
0 0.1064453125 0.2802734375 0.12890625 0.12109375
1 0.2568359375 0.3125 0.017578125 0.03515625
1 0.1982421875 0.814453125 0.021484375 0.01953125
1 0.3173828125 0.9365234375 0.01171875 0.029296875
1 0.318359375 0.98046875 0.068359375 0.025390625
1 0.423828125 0.986328125 0.033203125 0.0234375
1 0.2861328125 0.4892578125 0.013671875 0.013671875
1 0.302734375 0.4931640625 0.009765625 0.015625
1 0.4306640625 0.5029296875 0.009765625 0.009765625
1 0.4423828125 0.513671875 0.0078125 0.01171875
1 0.640625 0.68359375 0.0234375 0.0234375
1 0.6611328125 0.658203125 0.013671875 0.013671875
1 0.6875 0.6396484375 0.0234375 0.04296875
1 0.5908203125 0.5068359375 0.013671875 0.013671875
1 0.572265625 0.5068359375 0.005859375 0.009765625
1 0.5869140625 0.5263671875 0.015625 0.029296875
1 0.6015625 0.537109375 0.005859375 0.015625
1 0.7138671875 0.5234375 0.046875 0.07421875
1 0.7314453125 0.533203125 0.01171875 0.013671875
1 0.7392578125 0.5166015625 0.013671875 0.015625
1 0.654296875 0.5 0.0859375 0.1171875
1 0.6748046875 0.4814453125 0.091796875 0.15234375
1 0.62890625 0.3935546875 0.046875 0.1015625
1 0.6552734375 0.333984375 0.033203125 0.029296875
1 0.740234375 0.3564453125 0.013671875 0.01171875
1 0.677734375 0.34765625 0.005859375 0.015625
1 0.6953125 0.3671875 0.0078125 0.009765625
1 0.712890625 0.3359375 0.005859375 0.015625
1 0.435546875 0.30859375 0.009765625 0.015625
1 0.41015625 0.314453125 0.0078125 0.01171875
1 0.3701171875 0.4560546875 0.01953125 0.029296875
1 0.1591796875 0.212890625 0.013671875 0.013671875
0 0.341796875 0.3369140625 0.12890625 0.16015625
1 0.4052734375 0.2392578125 0.025390625 0.037109375
0 0.59872263671875 0.332436681640625 0.59090377734375 0.287238064453125 0.569957798828125 0.268195515625 0.539160818359375 0.25739405859375 0.52157593359375 0.26781795703125 0.496811830078125 0.29364032421875 0.4801536015625 0.338408798828125 0.486661287109375 0.353187498046875 0.518054140625 0.37317896484375 0.5387287421875 0.41186947265625 0.537659021484375 0.40889177734375 0.573836400390625 0.43149122265625 0.59537147265625 0.432619828125 0.596605109375 0.379406890625 0.59872263671875 0.332436681640625
1 0.4970703125 0.2490234375 0.076171875 0.087890625
0 0.818359375 0.3427734375 0.12890625 0.15625
1 0.9697265625 0.3701171875 0.04296875 0.033203125
1 0.912109375 0.55859375 0.17578125 0.23046875
1 0.8974609375 0.6787109375 0.013671875 0.029296875
1 0.916015625 0.69140625 0.013671875 0.017578125
0 0.9599609375 0.7197265625 0.0625 0.091796875
0 0.78515625 0.6669921875 0.13671875 0.189453125
1 0.70703125 0.6142578125 0.015625 0.015625
1 0.1796875 0.6171875 0.009765625 0.009765625