0 0.8134765625 0.6337890625 0.125 0.193359375
1 0.66015625 0.576171875 0.025390625 0.0341796875
0 0.587890625 0.654296875 0.1123046875 0.1376953125
1 0.912109375 0.4970703125 0.0078125 0.015625
1 0.8876953125 0.490234375 0.0126953125 0.013671875
1 0.708984375 0.6865234375 0.005859375 0.0126953125
1 0.740234375 0.693359375 0.0107421875 0.015625
1 0.6943359375 0.5546875 0.005859375 0.015625
1 0.541015625 0.50390625 0.005859375 0.015625
1 0.53125 0.4921875 0.009765625 0.0107421875
1 0.5185546875 0.4833984375 0.0126953125 0.021484375
1 0.466796875 0.5537109375 0.0126953125 0.0185546875
1 0.3974609375 0.537109375 0.005859375 0.015625
0 0.341796875 0.638671875 0.125 0.162109375
1 0.2890625 0.75390625 0.0126953125 0.013671875
0 0.1259765625 0.6259765625 0.1611328125 0.166015625
1 0.1533203125 0.7138671875 0.009765625 0.0126953125
1 0.150390625 0.5166015625 0.0185546875 0.0107421875
0 0.138671875 0.38671875 0.146484375 0.1669921875
0 0.3671875 0.349609375 0.119140625 0.140625
1 0.4638671875 0.34765625 0.0126953125 0.0107421875
1 0.521484375 0.3466796875 0.015625 0.0185546875
1 0.51171875 0.3291015625 0.009765625 0.0126953125
0 0.591796875 0.337890625 0.1142578125 0.1484375
0 0.8076171875 0.322265625 0.109375 0.1376953125
1 0.748046875 0.37109375 0.009765625 0.0126953125
1 0.9296875 0.38671875 0.009765625 0.0126953125
0 0.974609375 0.3515625 0.0498046875 0.078125
1 0.455078125 0.7353515625 0.005859375 0.0107421875
1 0.734375 0.755859375 0.009765625 0.0126953125
1 0.705078125 0.7421875 0.009765625 0.009765625