0 0.1025390625 0.435546875 0.1171875 0.12890625
1 0.0439453125 0.251953125 0.03515625 0.033203125
1 0.12890625 0.259765625 0.107421875 0.109375
1 0.1005859375 0.3525390625 0.01953125 0.01953125
1 0.0126953125 0.5205078125 0.009765625 0.01171875
1 0.171875 0.5478515625 0.01171875 0.01171875
1 0.1748046875 0.5146484375 0.021484375 0.021484375
1 0.2080078125 0.53125 0.013671875 0.01953125
1 0.20703125 0.4931640625 0.01953125 0.021484375
1 0.216796875 0.5078125 0.01953125 0.01953125
1 0.2431640625 0.53125 0.013671875 0.015625
1 0.3076171875 0.4931640625 0.02734375 0.03125
1 0.3173828125 0.515625 0.009765625 0.013671875
0 0.154296875 0.740234375 0.177734375 0.212890625
0 0.3857421875 0.70703125 0.166015625 0.21875
1 0.3544921875 0.4736328125 0.009765625 0.013671875
1 0.419921875 0.4853515625 0.0234375 0.017578125
1 0.458984375 0.48828125 0.013671875 0.013671875
1 0.458984375 0.513671875 0.0234375 0.021484375
1 0.470703125 0.4658203125 0.015625 0.015625
1 0.470703125 0.4833984375 0.009765625 0.01171875
1 0.4921875 0.50390625 0.01171875 0.01171875
1 0.5244140625 0.5009765625 0.015625 0.015625
0 0.306640625 0.3818359375 0.146484375 0.1640625
1 0.376953125 0.328125 0.01171875 0.015625
1 0.1708984375 0.0693359375 0.0390625 0.03515625
1 0.4541015625 0.216796875 0.009765625 0.013671875
1 0.3662109375 0.25390625 0.009765625 0.01171875
1 0.435546875 0.4873046875 0.013671875 0.01953125
1 0.587890625 0.5810546875 0.109375 0.072265625
0 0.5927734375 0.6728515625 0.12109375 0.146484375
1 0.6630859375 0.4619140625 0.037109375 0.052734375
0 0.546875 0.3408203125 0.1171875 0.1328125
1 0.6728515625 0.4208984375 0.01171875 0.01171875
1 0.6591796875 0.31640625 0.013671875 0.013671875
0 0.7666015625 0.322265625 0.15625 0.162109375
1 0.7001953125 0.236328125 0.009765625 0.009765625
1 0.767578125 0.2490234375 0.015625 0.017578125
1 0.81640625 0.212890625 0.01171875 0.01171875
1 0.8466796875 0.302734375 0.015625 0.017578125
1 0.859375 0.384765625 0.01953125 0.021484375
1 0.8505859375 0.408203125 0.01171875 0.01171875
0 0.96875 0.533203125 0.0625 0.171875
0 0.837890625 0.619140625 0.181640625 0.203125
0 0.935546875 0.2646484375 0.068359375 0.087890625
1 0.119140625 0.1064453125 0.03515625 0.0390625