1 0.9931640625 0.5947265625 0.013671875 0.029296875
1 0.9755859375 0.59375 0.015625 0.021484375
1 0.9599609375 0.6484375 0.013671875 0.017578125
1 0.9189453125 0.6259765625 0.015625 0.017578125
1 0.9755859375 0.47265625 0.048828125 0.125
0 0.9501953125 0.3125 0.0546875 0.091796875
0 0.7939453125 0.34765625 0.173828125 0.169921875
1 0.8291015625 0.525390625 0.017578125 0.021484375
1 0.892578125 0.5029296875 0.009765625 0.01171875
1 0.90625 0.4697265625 0.013671875 0.015625
1 0.7646484375 0.4833984375 0.021484375 0.029296875
1 0.763671875 0.5712890625 0.12890625 0.154296875
1 0.6982421875 0.5791015625 0.009765625 0.017578125
1 0.6923828125 0.587890625 0.009765625 0.015625
1 0.6865234375 0.5966796875 0.015625 0.02734375
1 0.6875 0.5302734375 0.009765625 0.01171875
1 0.7109375 0.52734375 0.015625 0.013671875
1 0.919921875 0.640625 0.0078125 0.01171875
0 0.821106447265625 0.61746025390625 0.820526826171875 0.650978955078125 0.82456226171875 0.683234013671875 0.82856285546875 0.70084289453125 0.8517244296875 0.715127443359375 0.873132474609375 0.716008517578125 0.8844449453125 0.713502619140625 0.901571908203125 0.7245768671875 0.922852806640625 0.738399052734375 0.958309615234375 0.719240771484375 0.958237140625 0.718047392578125 0.948274517578125 0.693024296875 0.936688228515625 0.666011703125 0.9198074296875 0.64392823046875 0.905184513671875 0.614625533203125 0.891813990234375 0.600504005859375 0.856072123046875 0.602152056640625 0.830868421875 0.610201376953125 0.821106447265625 0.61746025390625
1 0.8447265625 0.736328125 0.013671875 0.015625
1 0.8212890625 0.6904296875 0.013671875 0.013671875
1 0.8125 0.677734375 0.015625 0.015625
1 0.7919921875 0.6767578125 0.0234375 0.029296875
1 0.78125 0.689453125 0.013671875 0.017578125
1 0.8193359375 0.724609375 0.015625 0.017578125
1 0.84765625 0.7490234375 0.0078125 0.01171875
1 0.7578125 0.7080078125 0.013671875 0.015625
1 0.7861328125 0.77734375 0.021484375 0.025390625
1 0.80078125 0.798828125 0.015625 0.017578125
1 0.759765625 0.6416015625 0.0078125 0.01171875
1 0.5966796875 0.58203125 0.01171875 0.013671875
1 0.5888671875 0.583984375 0.009765625 0.013671875
1 0.611328125 0.5498046875 0.0078125 0.01171875
1 0.6259765625 0.4189453125 0.009765625 0.0078125
0 0.5791015625 0.45703125 0.13671875 0.15625
1 0.5400390625 0.5712890625 0.0078125 0.01171875
1 0.5908203125 0.607421875 0.0078125 0.009765625
1 0.55859375 0.603515625 0.0078125 0.01171875
1 0.5849609375 0.5556640625 0.0078125 0.01171875
1 0.4931640625 0.5849609375 0.013671875 0.017578125
1 0.5126953125 0.5859375 0.005859375 0.009765625
1 0.48046875 0.6181640625 0.017578125 0.021484375
1 0.6396484375 0.7763671875 0.01171875 0.013671875
1 0.619140625 0.751953125 0.00390625 0.005859375
1 0.62109375 0.734375 0.015625 0.013671875
1 0.611328125 0.755859375 0.009765625 0.015625
1 0.59765625 0.732421875 0.013671875 0.015625
1 0.5869140625 0.7451171875 0.013671875 0.017578125
1 0.591796875 0.794921875 0.015625 0.01953125
0 0.715310875 0.8026803203125 0.7173996953125 0.753785513671875 0.72456746484375 0.7156151484375 0.715039525390625 0.68447295703125 0.700785716796875 0.658539169921875 0.6893841484375 0.6618043203125 0.6701000703125 0.667170138671875 0.643414859375 0.66916342578125 0.608257591796875 0.675936642578125 0.602108353515625 0.683152171875 0.61201940234375 0.708166203125 0.6247088515625 0.72949322265625 0.622935123046875 0.747268029296875 0.639208525390625 0.7675796015625 0.649632640625 0.7929158984375 0.666649314453125 0.8267997109375 0.673540990234375 0.820995375 0.673002361328125 0.78936771484375 0.687092642578125 0.799365712890625 0.714435107421875 0.808801107421875 0.715310875 0.8026803203125
1 0.568359375 0.7802734375 0.015625 0.021484375
1 0.5771484375 0.8134765625 0.017578125 0.021484375
1 0.552734375 0.75390625 0.01171875 0.01171875
1 0.564453125 0.7490234375 0.0078125 0.013671875
1 0.552734375 0.8154296875 0.017578125 0.021484375
1 0.55078125 0.80078125 0.013671875 0.015625
1 0.5400390625 0.7685546875 0.0078125 0.01171875
1 0.533203125 0.7841796875 0.0078125 0.01171875
1 0.5283203125 0.775390625 0.0078125 0.01171875
1 0.5205078125 0.7900390625 0.01171875 0.013671875
1 0.5185546875 0.7724609375 0.017578125 0.021484375
1 0.5048828125 0.751953125 0.01953125 0.02734375
1 0.5078125 0.8076171875 0.009765625 0.013671875
1 0.517578125 0.828125 0.01171875 0.013671875
1 0.5048828125 0.8564453125 0.01953125 0.0234375
1 0.416015625 0.7412109375 0.021484375 0.0234375
1 0.4052734375 0.7783203125 0.0078125 0.0078125
1 0.40625 0.8525390625 0.0078125 0.01171875
0 0.45031642578125 0.723961994140625 0.429033595703125 0.73605842578125 0.414700623046875 0.750908771484375 0.3946662578125 0.740315041015625 0.388213638671875 0.74308519140625 0.39632985546875 0.768958755859375 0.40548911328125 0.7823135625 0.41055098046875 0.817520087890625 0.41380337890625 0.85806161328125 0.424315724609375 0.870722060546875 0.446530615234375 0.86024084765625 0.48923547265625 0.856853962890625 0.505069759765625 0.841978912109375 0.49594712109375 0.805810359375 0.505765228515625 0.7820118046875 0.5023655703125 0.76479109375 0.481010736328125 0.728479142578125 0.45031642578125 0.723961994140625
1 0.390625 0.7900390625 0.009765625 0.013671875
1 0.388671875 0.7998046875 0.013671875 0.015625
1 0.380859375 0.7890625 0.015625 0.017578125
1 0.36482058984375 0.7104917890625 0.3596009609375 0.719799576171875 0.359589599609375 0.74188366015625 0.36601942578125 0.7679209765625 0.364697271484375 0.7928515703125 0.367024291015625 0.806692173828125 0.372166240234375 0.799068380859375 0.3772107578125 0.781770384765625 0.38804011328125 0.76932126171875 0.39032166796875 0.745327671875 0.390430783203125 0.743976421875 0.377062666015625 0.71850948828125 0.36482058984375 0.7104917890625
1 0.3603515625 0.7822265625 0.01171875 0.01953125
1 0.357421875 0.7978515625 0.015625 0.013671875
1 0.345703125 0.8037109375 0.015625 0.015625
1 0.341796875 0.8193359375 0.0078125 0.01171875
1 0.294921875 0.6865234375 0.0390625 0.041015625
1 0.3603515625 0.6806640625 0.017578125 0.0234375
1 0.3857421875 0.6640625 0.0078125 0.01171875
1 0.3935546875 0.677734375 0.009765625 0.013671875
1 0.322265625 0.6630859375 0.009765625 0.01171875
1 0.3271484375 0.65625 0.01171875 0.01171875
1 0.3017578125 0.6220703125 0.0078125 0.01171875
0 0.388671875 0.4912109375 0.17578125 0.19921875
1 0.310546875 0.4990234375 0.013671875 0.015625
1 0.31640625 0.4052734375 0.0078125 0.01171875
1 0.263671875 0.6435546875 0.013671875 0.013671875
1 0.3310546875 0.751953125 0.013671875 0.015625
1 0.30859375 0.8193359375 0.0625 0.078125
0 0.241624330078125 0.758616546875 0.2109468828125 0.772958783203125 0.18680648828125 0.80139484765625 0.176387078125 0.813408146484375 0.181204451171875 0.83095710546875 0.182463630859375 0.85640176171875 0.1916063203125 0.8914730078125 0.20941220703125 0.909660642578125 0.22256105859375 0.930591423828125 0.23157404296875 0.932275369140625 0.2500194921875 0.935440990234375 0.297104525390625 0.926937291015625 0.29658087890625 0.92666695703125 0.321490916015625 0.881067125 0.308382384765625 0.868304751953125 0.29065850390625 0.825768451171875 0.278185291015625 0.787109958984375 0.25791884765625 0.75695146875 0.241624330078125 0.758616546875
1 0.185546875 0.9189453125 0.013671875 0.017578125
1 0.150390625 0.8583984375 0.03515625 0.03515625
1 0.1533203125 0.904296875 0.017578125 0.0234375
1 0.109375 0.9072265625 0.0234375 0.02734375
1 0.1103515625 0.869140625 0.06640625 0.060546875
1 0.1015625 0.837890625 0.021484375 0.01953125
1 0.1435546875 0.822265625 0.01171875 0.01171875
1 0.1796875 0.8408203125 0.009765625 0.01171875
1 0.0576171875 0.759765625 0.017578125 0.029296875
1 0.08984375 0.779296875 0.009765625 0.01171875
1 0.1474609375 0.7421875 0.03125 0.044921875
1 0.1845703125 0.7177734375 0.12890625 0.134765625
1 0.07421875 0.7099609375 0.01171875 0.01171875
0 0.0283203125 0.5673828125 0.056640625 0.119140625
1 0.2197265625 0.6015625 0.046875 0.052734375
0 0.1272242265625 0.59474877734375 0.16321809765625 0.608915451171875 0.192259388671875 0.61677958203125 0.204818958984375 0.57933316796875 0.223179625 0.546166271484375 0.228605751953125 0.517638443359375 0.216882115234375 0.483849140625 0.18924257421875 0.4717975234375 0.1551820859375 0.4660271796875 0.11729528515625 0.45536080859375 0.099755458984375 0.459421533203125 0.09094278125 0.511228853515625 0.084076341796875 0.5482581640625 0.0919159453125 0.574085193359375 0.1272242265625 0.59474877734375
1 0.072265625 0.78125 0.01171875 0.0078125
1 0.798828125 0.0302734375 0.0859375 0.060546875
1 0.875 0.0087890625 0.0234375 0.017578125
1 0.6630859375 0.0498046875 0.03515625 0.03515625
1 0.630859375 0.0439453125 0.076171875 0.072265625
1 0.4189453125 0.115234375 0.056640625 0.068359375
1 0.2744140625 0.1630859375 0.0625 0.068359375
1 0.1982421875 0.1669921875 0.017578125 0.021484375
1 0.19140625 0.1923828125 0.03125 0.044921875
1 0.0927734375 0.21484375 0.1328125 0.1328125
1 0.11328125 0.1201171875 0.12890625 0.09375
1 0.9912109375 0.6201171875 0.017578125 0.013671875
1 0.955078125 0.578125 0.01171875 0.013671875