1 0.8974609375 0.853515625 0.205078125 0.1953125
1 0.7919921875 0.8564453125 0.03125 0.037109375
1 0.7734375 0.90625 0.01171875 0.01171875
1 0.7646484375 0.865234375 0.009765625 0.013671875
1 0.7060546875 0.8916015625 0.138671875 0.173828125
1 0.501953125 0.916015625 0.328125 0.16796875
1 0.32421875 0.9609375 0.07421875 0.078125
1 0.2392578125 0.97265625 0.083984375 0.0546875
1 0.142578125 0.96484375 0.140625 0.0703125
1 0.1767578125 0.880859375 0.140625 0.15234375
1 0.12890625 0.8515625 0.1796875 0.22265625
0 0.951171875 0.52734375 0.09765625 0.16796875
1 0.8955078125 0.591796875 0.01171875 0.015625
1 0.84375 0.580078125 0.01171875 0.009765625
1 0.853515625 0.5517578125 0.009765625 0.0078125
1 0.845703125 0.544921875 0.0078125 0.009765625
0 0.7900390625 0.5859375 0.130859375 0.14453125
1 0.8701171875 0.654296875 0.0078125 0.009765625
1 0.775390625 0.6728515625 0.0078125 0.013671875
1 0.7626953125 0.6630859375 0.013671875 0.01171875
1 0.7607421875 0.6806640625 0.01171875 0.01171875
1 0.736328125 0.6572265625 0.00390625 0.009765625
1 0.7265625 0.66015625 0.005859375 0.013671875
1 0.712890625 0.6767578125 0.041015625 0.0390625
1 0.716796875 0.6142578125 0.009765625 0.013671875
1 0.7080078125 0.6123046875 0.01171875 0.013671875
1 0.69921875 0.6064453125 0.0078125 0.01171875
1 0.83203125 0.3681640625 0.150390625 0.14453125
1 0.9580078125 0.3583984375 0.017578125 0.017578125
1 0.953125 0.34375 0.01953125 0.015625
1 0.939453125 0.396484375 0.017578125 0.015625
1 0.9072265625 0.3984375 0.021484375 0.0234375
1 0.935546875 0.3466796875 0.017578125 0.017578125
0 0.9287109375 0.255859375 0.091796875 0.138671875
1 0.9189453125 0.185546875 0.01953125 0.021484375
1 0.8544921875 0.25 0.0078125 0.009765625
1 0.828125 0.2255859375 0.01171875 0.01171875
0 0.7509765625 0.275390625 0.1484375 0.16015625
1 0.67578125 0.205078125 0.01171875 0.01171875
1 0.6005859375 0.1865234375 0.015625 0.017578125
1 0.6201171875 0.201171875 0.009765625 0.013671875
1 0.626953125 0.2998046875 0.01171875 0.01171875
1 0.623046875 0.3271484375 0.0078125 0.013671875
1 0.607421875 0.3076171875 0.015625 0.017578125
1 0.6171875 0.2509765625 0.015625 0.015625
1 0.5078125 0.1962890625 0.013671875 0.013671875
1 0.552734375 0.3583984375 0.025390625 0.0390625
0 0.5166015625 0.3017578125 0.126953125 0.1171875
1 0.4375 0.22265625 0.138671875 0.1640625
1 0.443359375 0.2900390625 0.01171875 0.01171875
1 0.447265625 0.3251953125 0.0078125 0.01171875
1 0.4453125 0.3447265625 0.01171875 0.01171875
1 0.43359375 0.35546875 0.013671875 0.01171875
1 0.4228515625 0.3369140625 0.005859375 0.005859375
1 0.4150390625 0.3154296875 0.046875 0.046875
1 0.34765625 0.2802734375 0.015625 0.017578125
1 0.34375 0.244140625 0.01171875 0.01171875
1 0.365234375 0.228515625 0.015625 0.017578125
0 0.3544921875 0.384765625 0.12109375 0.142578125
1 0.3662109375 0.3203125 0.009765625 0.01171875
1 0.3046875 0.3466796875 0.015625 0.015625
1 0.2451171875 0.30859375 0.06640625 0.111328125
1 0.22265625 0.201171875 0.09375 0.1484375
1 0.2275390625 0.134765625 0.013671875 0.01953125
1 0.2255859375 0.078125 0.12109375 0.091796875
1 0.166015625 0.287109375 0.03125 0.037109375
1 0.2138671875 0.30859375 0.005859375 0.005859375
1 0.2041015625 0.2919921875 0.0078125 0.0078125
1 0.1904296875 0.3232421875 0.0078125 0.009765625
1 0.1611328125 0.30859375 0.01953125 0.021484375
1 0.1650390625 0.33203125 0.01171875 0.01171875
1 0.1796875 0.3427734375 0.01171875 0.01171875
1 0.2763671875 0.27734375 0.005859375 0.005859375
1 0.0751953125 0.2431640625 0.01953125 0.017578125
1 0.1259765625 0.298828125 0.0078125 0.009765625
1 0.134765625 0.3232421875 0.01171875 0.01171875
1 0.1845703125 0.263671875 0.009765625 0.0078125
1 0.095703125 0.310546875 0.025390625 0.0234375
1 0.0966796875 0.2880859375 0.015625 0.015625
1 0.11328125 0.296875 0.01171875 0.01171875
1 0.068359375 0.2763671875 0.01171875 0.01171875
1 0.0810546875 0.341796875 0.01171875 0.01171875
1 0.078125 0.353515625 0.01171875 0.01171875
1 0.0732421875 0.333984375 0.015625 0.015625
1 0.068359375 0.32421875 0.0078125 0.0078125
1 0.08984375 0.32421875 0.0078125 0.0078125
1 0.048828125 0.3525390625 0.015625 0.017578125
1 0.037109375 0.3818359375 0.021484375 0.025390625
1 0.0859375 0.384765625 0.0078125 0.0078125
1 0.0751953125 0.3828125 0.005859375 0.005859375
1 0.05078125 0.4150390625 0.01171875 0.015625
0 0.1337890625 0.4091796875 0.123046875 0.14453125
1 0.197265625 0.392578125 0.009765625 0.017578125
1 0.2265625 0.37890625 0.0078125 0.009765625
1 0.17578125 0.5185546875 0.015625 0.01953125
1 0.1552734375 0.5078125 0.01171875 0.01171875
1 0.0908203125 0.51171875 0.009765625 0.01171875
1 0.044921875 0.44921875 0.0078125 0.009765625
1 0.0322265625 0.4453125 0.0078125 0.009765625
1 0.10546875 0.525390625 0.009765625 0.0078125
1 0.1474609375 0.5791015625 0.064453125 0.080078125
1 0.0888671875 0.5859375 0.099609375 0.107421875
1 0.193359375 0.513671875 0.0078125 0.01171875
1 0.2509765625 0.5390625 0.080078125 0.046875
1 0.0263671875 0.59375 0.0234375 0.0234375
1 0.1298828125 0.693359375 0.0078125 0.0078125
1 0.0771484375 0.728515625 0.033203125 0.021484375
0 0.19140625 0.6923828125 0.1171875 0.123046875
1 0.3642578125 0.8154296875 0.015625 0.015625
1 0.3759765625 0.80859375 0.009765625 0.013671875
1 0.3984375 0.7880859375 0.01171875 0.01171875
1 0.38671875 0.7470703125 0.015625 0.015625
1 0.3662109375 0.79296875 0.009765625 0.01171875
1 0.3505859375 0.796875 0.021484375 0.01953125
1 0.330078125 0.80859375 0.015625 0.015625
1 0.2890625 0.8447265625 0.01953125 0.0234375
1 0.3046875 0.837890625 0.01171875 0.015625
1 0.314453125 0.82421875 0.01171875 0.01171875
1 0.3154296875 0.80859375 0.013671875 0.01171875
1 0.2998046875 0.80859375 0.021484375 0.025390625
1 0.2880859375 0.791015625 0.0078125 0.013671875
1 0.28125 0.798828125 0.01171875 0.013671875
1 0.2587890625 0.787109375 0.013671875 0.017578125
1 0.251953125 0.775390625 0.013671875 0.015625
1 0.2216796875 0.7998046875 0.013671875 0.013671875
0 0.4130859375 0.6630859375 0.111328125 0.15625
1 0.4501953125 0.6162109375 0.017578125 0.01171875
0 0.595703125 0.6220703125 0.123046875 0.16796875
1 0.5986328125 0.8037109375 0.0546875 0.060546875
1 0.58203125 0.7373046875 0.033203125 0.033203125
1 0.5361328125 0.7138671875 0.013671875 0.01953125
1 0.5390625 0.69921875 0.01171875 0.009765625
1 0.4990234375 0.638671875 0.013671875 0.017578125
1 0.6728515625 0.40625 0.12109375 0.18359375
1 0.6337890625 0.43359375 0.080078125 0.12109375
1 0.5810546875 0.4736328125 0.01953125 0.03125
1 0.560546875 0.443359375 0.017578125 0.015625
1 0.5654296875 0.421875 0.01171875 0.01171875
1 0.525390625 0.4716796875 0.017578125 0.015625
1 0.5087890625 0.4765625 0.01171875 0.017578125
1 0.48046875 0.51953125 0.111328125 0.103515625
1 0.7255859375 0.1484375 0.017578125 0.025390625
1 0.380859375 0.4990234375 0.0078125 0.01171875
1 0.341796875 0.5146484375 0.015625 0.017578125
1 0.513671875 0.634765625 0.01171875 0.013671875
1 0.5078125 0.6708984375 0.0078125 0.015625
1 0.4306640625 0.5986328125 0.009765625 0.01171875
1 0.119140625 0.7841796875 0.01171875 0.017578125
1 0.1162109375 0.763671875 0.0078125 0.01171875
1 0.140625 0.7529296875 0.0078125 0.01171875
1 0.16796875 0.7392578125 0.01171875 0.009765625
1 0.634765625 0.736328125 0.015625 0.015625
1 0.673828125 0.779296875 0.0078125 0.009765625
1 0.6865234375 0.669921875 0.0078125 0.013671875
1 0.712890625 0.5771484375 0.005859375 0.005859375
1 0.5478515625 0.6904296875 0.005859375 0.009765625
1 0.529296875 0.6552734375 0.005859375 0.009765625
1 0.5654296875 0.6884765625 0.005859375 0.005859375
1 0.5673828125 0.6787109375 0.009765625 0.009765625
1 0.6298828125 0.7548828125 0.0078125 0.0078125
1 0.4111328125 0.73046875 0.0078125 0.0078125