1 0.4521484375 0.0283203125 0.076171875 0.056640625
1 0.447265625 0.1201171875 0.033203125 0.015625
1 0.45703125 0.177734375 0.01171875 0.009765625
1 0.4345703125 0.228515625 0.126953125 0.099609375
0 0.5055328515625 0.136558142578125 0.531007685546875 0.1678107421875 0.562189185546875 0.189596130859375 0.58479266015625 0.19156373828125 0.615306490234375 0.169449611328125 0.6235793359375 0.150747583984375 0.633404640625 0.121756837890625 0.637751671875 0.08768129296875 0.608441666015625 0.05811951953125 0.57370184375 0.06025906640625 0.52754559375 0.07544005078125 0.50341101953125 0.11878801953125 0.5055328515625 0.136558142578125
1 0.626953125 0.1572265625 0.017578125 0.013671875
0 0.275390625 0.146484375 0.21484375 0.185546875
1 0.357421875 0.4404296875 0.013671875 0.01171875
1 0.412109375 0.392578125 0.080078125 0.068359375
0 0.37153993359375 0.417344490234375 0.39695323828125 0.384676654296875 0.41996151171875 0.356950306640625 0.4151939140625 0.32300366015625 0.415699091796875 0.32244057421875 0.39109575390625 0.314234259765625 0.3443371171875 0.296630185546875 0.285053673828125 0.298391794921875 0.250785859375 0.3135619296875 0.237642501953125 0.359170197265625 0.248709845703125 0.402313677734375 0.272689390625 0.439709693359375 0.31094694140625 0.44700158203125 0.34477771875 0.436903373046875 0.37153993359375 0.417344490234375
1 0.3173828125 0.4873046875 0.017578125 0.01171875
1 0.46484375 0.3095703125 0.0390625 0.0390625
1 0.4658203125 0.3408203125 0.013671875 0.01171875
1 0.46738751171875 0.449686779296875 0.461024908203125 0.4790574375 0.479635955078125 0.49682953125 0.512771806640625 0.508618013671875 0.556399390625 0.503500771484375 0.57261837109375 0.4857756953125 0.559308525390625 0.46247684375 0.53929962109375 0.429191927734375 0.52292971875 0.38628217578125 0.505826662109375 0.372393181640625 0.49640594140625 0.374517986328125 0.4823857578125 0.421541056640625 0.46738751171875 0.449686779296875
0 0.62109375 0.36328125 0.140625 0.123046875
0 0.6376953125 0.5693359375 0.158203125 0.134765625
1 0.4921875 0.53515625 0.017578125 0.01171875
0 0.3623046875 0.6220703125 0.181640625 0.1484375
1 0.5 0.6552734375 0.017578125 0.01171875
1 0.5419921875 0.67578125 0.013671875 0.01171875
1 0.509765625 0.74609375 0.017578125 0.015625
1 0.5166015625 0.77734375 0.009765625 0.0078125
1 0.5556640625 0.796875 0.017578125 0.01171875
1 0.5361328125 0.8095703125 0.01953125 0.013671875
1 0.5625 0.8720703125 0.017578125 0.015625
1 0.421875 0.763671875 0.01171875 0.009765625
0 0.3857421875 0.85546875 0.181640625 0.16015625
1 0.4296875 0.9423828125 0.013671875 0.01171875
1 0.5703125 0.927734375 0.0546875 0.09375
0 0.6650390625 0.775390625 0.125 0.1328125
1 0.69921875 0.0458984375 0.033203125 0.025390625