1 0.0341796875 0.548828125 0.068359375 0.0546875
0 0.163194443359375 0.615740740234375 0.163358712890625 0.615141943359375 0.13861912890625 0.64288154296875 0.08876772265625 0.658195087890625 0.08838644140625 0.692798755859375 0.08838644140625 0.73210640234375 0.107272677734375 0.748906892578125 0.1437686875 0.753456146484375 0.18712926953125 0.7205443828125 0.200166677734375 0.68473307421875 0.182587046875 0.639152119140625 0.163194443359375 0.615740740234375
0 0.3839879921875 0.517475646484375 0.38418089453125 0.48210640234375 0.374267578125 0.43421465234375 0.358660662109375 0.42115162109375 0.32935323828125 0.43094738671875 0.3051607109375 0.44278669921875 0.30748456640625 0.477880658203125 0.328632873046875 0.53363514453125 0.343082380859375 0.544073912109375 0.3839879921875 0.517475646484375
0 0.13901246484375 0.447645400390625 0.161114728515625 0.489637587890625 0.17885712109375 0.46240837109375 0.180864498046875 0.416025671875 0.1438304765625 0.3859712578125 0.10039605078125 0.40034441015625 0.10114505078125 0.40138326171875 0.11222180078125 0.44873046875 0.13901246484375 0.447645400390625
1 0.181797357421875 0.502748841796875 0.20384837890625 0.5170295625 0.2462459609375 0.48916337109375 0.303249783203125 0.47792285546875 0.302600248046875 0.424826791015625 0.33536633203125 0.43036064453125 0.3442699296875 0.3859813046875 0.33136815234375 0.2965555078125 0.28702347265625 0.2025764375 0.23050642578125 0.145556037109375 0.154938875 0.12513462890625 0.09970883984375 0.13395383203125 0.12245159375 0.221836419921875 0.11118495703125 0.26674623828125 0.072217400390625 0.26966788671875 0.053331162109375 0.281730244140625 0.03253851953125 0.311621896484375 0.01205933984375 0.370675796875 0 0.419242701171875 0.0280611015625 0.519501109375 0.071225767578125 0.552155671875 0.068814501953125 0.6120052890625 0.09750855859375 0.645246591796875 0.131944443359375 0.642489712890625 0.145584671875 0.63088549609375 0.152422115234375 0.60700994921875 0.13518759765625 0.58902191015625 0.127215349609375 0.52753866015625 0.11736382421875 0.471241640625 0.105470255859375 0.43727494921875 0.11478376953125 0.39115346875 0.15080807421875 0.38659416796875 0.18062638671875 0.4173317734375 0.18288544140625 0.460766701171875 0.181797357421875 0.502748841796875
1 0.240234375 0.564453125 0.0517578125 0.0830078125
1 0.252231927734375 0.48324572265625 0.24712305859375 0.48897248046875 0.260819046875 0.53341612109375 0.27459189453125 0.5735817734375 0.30482012109375 0.602760095703125 0.33312234765625 0.62415605859375 0.344149365234375 0.61655655078125 0.33377941796875 0.573652103515625 0.299893603515625 0.506608876953125 0.25337878515625 0.47918676171875 0.252231927734375 0.48324572265625
1 0.3056640625 0.611328125 0.021484375 0.025390625
1 0.361328125 0.6142578125 0.0234375 0.03125
1 0.37890625 0.6806640625 0.0205078125 0.021484375
1 0.4091796875 0.71484375 0.017578125 0.0126953125
0 0.294231650390625 0.728433240234375 0.32486979296875 0.764578109375 0.361781744140625 0.7619679140625 0.381404923828125 0.71615587890625 0.376815984375 0.692959505859375 0.364003123046875 0.675678771484375 0.358410494140625 0.62962962890625 0.312466845703125 0.66243288671875 0.290941779296875 0.678469810546875 0.294231650390625 0.728433240234375
1 0.4765625 0.6865234375 0.0126953125 0.0205078125
1 0.4462890625 0.599609375 0.0654296875 0.0546875
1 0.482421875 0.6201171875 0.0595703125 0.037109375
1 0.560546875 0.634765625 0.0263671875 0.013671875
1 0.595703125 0.6767578125 0.0107421875 0.015625
1 0.4697265625 0.54296875 0.068359375 0.072265625
1 0.580078125 0.55078125 0.052734375 0.078125
1 0.5986328125 0.8134765625 0.0654296875 0.0888671875
0 0.47762345703125 0.640946501953125 0.49029465625 0.675092029296875 0.485927251953125 0.710720486328125 0.489672248046875 0.741835857421875 0.54013852734375 0.745734068359375 0.573496876953125 0.736508970703125 0.584979021484375 0.69147055078125 0.567964529296875 0.64625128515625 0.5443582421875 0.64092841796875 0.507541232421875 0.634176875 0.48542239453125 0.63791031640625 0.47688801953125 0.64103692578125 0.47762345703125 0.640946501953125
1 0.576171875 0.609375 0.017578125 0.015625
1 0.4619140625 0.435546875 0.0205078125 0.0263671875
1 0.400390625 0.4541015625 0.013671875 0.017578125
1 0.501953125 0.384765625 0.0185546875 0.013671875
1 0.5791015625 0.4560546875 0.0107421875 0.017578125
1 0.6015625 0.4296875 0.009765625 0.0205078125
0 0.481158974609375 0.418039078125 0.480617947265625 0.45341837109375 0.4858549140625 0.497427984375 0.500027126953125 0.514598203125 0.55185576953125 0.52241673046875 0.573927890625 0.508049607421875 0.572848849609375 0.46544455859375 0.56842719140625 0.42330367578125 0.55598958203125 0.40875570703125 0.512523509765625 0.40750988671875 0.481158974609375 0.418039078125
1 0.65625 0.4453125 0.0283203125 0.0185546875
1 0.6494140625 0.5390625 0.0107421875 0.0185546875
1 0.658203125 0.5693359375 0.017578125 0.015625
1 0.6884765625 0.6435546875 0.0126953125 0.0126953125
0 0.68637876171875 0.7306877734375 0.72032937890625 0.75951043359375 0.738498263671875 0.77091973828125 0.784336419921875 0.74495241796875 0.802973994140625 0.71458855859375 0.77640335546875 0.662091291015625 0.742413556640625 0.630489646484375 0.72756317578125 0.60277416015625 0.71034975390625 0.6653384609375 0.673977322265625 0.69131984765625 0.68016975390625 0.698559669921875 0.68637876171875 0.7306877734375
1 0.7646484375 0.572265625 0.0205078125 0.029296875
1 0.787109375 0.6630859375 0.0126953125 0.03125
1 0.72265625 0.541015625 0.060546875 0.0654296875
1 0.7562723046875 0.64111730078125 0.75821487890625 0.61224038671875 0.742947048828125 0.577035912109375 0.7225040390625 0.57802051171875 0.72351676953125 0.59868907421875 0.7311996640625 0.60431937890625 0.7420669375 0.62878166796875 0.7562723046875 0.64111730078125
1 0.796875 0.498046875 0.03125 0.052734375
0 0.74053276953125 0.383975935546875 0.70342339453125 0.401417421875 0.683837890625 0.429028419921875 0.67652120703125 0.450096853515625 0.68045759765625 0.48777689453125 0.706303349609375 0.50410919921875 0.73953962890625 0.511740853515625 0.75635669921875 0.50353451171875 0.77637773828125 0.471768099609375 0.7967363515625 0.439933369140625 0.76321976171875 0.40801022265625 0.74053276953125 0.383975935546875
1 0.73828125 0.361328125 0.017578125 0.0205078125
1 0.7607421875 0.3671875 0.0263671875 0.0576171875
1 0.724609375 0.3056640625 0.0517578125 0.060546875
1 0.810546875 0.4560546875 0.0078125 0.0126953125
1 0.826171875 0.48046875 0.0107421875 0.017578125
1 0.84765625 0.419921875 0.017578125 0.03125
1 0.83203125 0.587890625 0.0263671875 0.080078125
1 0.853515625 0.6181640625 0.025390625 0.0283203125
0 0.935546875 0.697265625 0.107421875 0.1767578125
1 0.8251953125 0.703125 0.015625 0.015625
1 0.857421875 0.7509765625 0.0107421875 0.0126953125
0 0.8824161484375 0.468418451171875 0.913116078125 0.502389162109375 0.932694046875 0.477979119140625 0.95005214453125 0.44278469140625 0.960773232421875 0.406728234375 0.91433678125 0.39817226171875 0.88392017578125 0.40811873046875 0.84876543359375 0.4434779296875 0.84847457421875 0.44636541796875 0.8824161484375 0.468418451171875
1 0.85015191015625 0.586494099609375 0.864474826171875 0.595325361328125 0.88491331640625 0.552039126953125 0.88768476171875 0.50638382421875 0.863040123046875 0.459362138671875 0.828884548828125 0.49306962109375 0.81455258984375 0.518253279296875 0.831051673828125 0.54751800390625 0.85015191015625 0.586494099609375
1 1 0.2088457265625 0.99756462109375 0.16066864453125 0.950498228515625 0.17173233203125 0.90869743359375 0.215014548828125 0.86867645703125 0.274731544921875 0.84213897265625 0.35257523046875 0.866682640625 0.39322112890625 0.883556978515625 0.400866849609375 0.90160530078125 0.40052726171875 0.943829572265625 0.4020343046875 0.953417365234375 0.446216724609375 0.9192813828125 0.49088541796875 0.890514986328125 0.508427373046875 0.880886501953125 0.53896605078125 0.878032166015625 0.571576404296875 0.87962962890625 0.570473251953125 0.9013355390625 0.584571115234375 0.97537796484375 0.5813440390625 1 0.490594056640625 1 0.332021203125 1 0.2088457265625
1 0.041015625 0.2568359375 0.08203125 0.064453125