1 0.1162109375 0.38671875 0.0234375 0.0390625
0 0.197265625 0.337890625 0.150390625 0.177734375
0 0.37109375 0.3466796875 0.17578125 0.166015625
1 0.458984375 0.451171875 0.07421875 0.05078125
1 0.689453125 0.4248046875 0.041015625 0.0625
0 0.62109375 0.39453125 0.138671875 0.205078125
0 0.8291015625 0.4267578125 0.142578125 0.18359375
1 0.9306640625 0.5654296875 0.13671875 0.095703125
1 0.73828125 0.5205078125 0.013671875 0.013671875
1 0.7333984375 0.5712890625 0.013671875 0.015625
0 0.7919921875 0.6982421875 0.1484375 0.1875
0 0.955078125 0.7236328125 0.06640625 0.080078125
0 0.5751953125 0.6865234375 0.142578125 0.177734375
1 0.537109375 0.529296875 0.05859375 0.07421875
1 0.4638671875 0.513671875 0.013671875 0.0078125
1 0.4306640625 0.5126953125 0.015625 0.013671875
1 0.3916015625 0.5263671875 0.029296875 0.044921875
0 0.3583984375 0.66015625 0.1328125 0.171875
1 0.115234375 0.591796875 0.017578125 0.01953125
0 0.150390625 0.6279296875 0.1640625 0.169921875
1 0.12109375 0.4921875 0.009765625 0.013671875
1 0.1787109375 0.5048828125 0.0078125 0.0078125
1 0.2236328125 0.490234375 0.01171875 0.01171875
1 0.0390625 0.4794921875 0.078125 0.138671875