1 0.5390625 0.02734375 0.0625 0.0546875
1 0.6142578125 0.0517578125 0.12890625 0.09765625
1 0.572265625 0.09375 0.017578125 0.017578125
1 0.585788912109375 0.118350501953125 0.555356673828125 0.10096215234375 0.511059646484375 0.078601107421875 0.456926869140625 0.057761599609375 0.449987275390625 0.08458205078125 0.468173248046875 0.11813783203125 0.490244599609375 0.128623080078125 0.50724583203125 0.1483992265625 0.529669677734375 0.16697532421875 0.56150237109375 0.163785509765625 0.5928223046875 0.1354856171875 0.585788912109375 0.118350501953125
1 0.4306640625 0.0791015625 0.015625 0.015625
0 0.467954744140625 0.115106650390625 0.432249595703125 0.101164171875 0.383286955078125 0.108277015625 0.37155997265625 0.164448408203125 0.38847555078125 0.200023265625 0.411380546875 0.228223216796875 0.45180631640625 0.24062230078125 0.48835414453125 0.2425472578125 0.52223646484375 0.180403390625 0.5129025859375 0.15636146875 0.48781983203125 0.1311513515625 0.467954744140625 0.115106650390625
1 0.37109375 0.0751953125 0.015625 0.015625
1 0.421875 0.2587890625 0.021484375 0.021484375
0 0.7845673671875 0.170999642578125 0.771820744140625 0.1371001484375 0.743761 0.129585140625 0.7191258984375 0.14397665234375 0.666904658203125 0.13588222265625 0.662186056640625 0.140938861328125 0.66239615234375 0.14162483984375 0.667776544921875 0.189992751953125 0.667513908203125 0.2338783359375 0.680782828125 0.254469654296875 0.724146685546875 0.260287353515625 0.75859997265625 0.249298912109375 0.780254107421875 0.22321418359375 0.7845673671875 0.170999642578125
1 0.6064453125 0.216796875 0.01171875 0.01171875
1 0.5927734375 0.1767578125 0.0078125 0.0078125
1 0.5947265625 0.138671875 0.0234375 0.017578125
1 0.5849609375 0.212890625 0.013671875 0.01171875
1 0.576171875 0.24609375 0.017578125 0.017578125
1 0.5654296875 0.259765625 0.015625 0.009765625
1 0.56640625 0.2919921875 0.013671875 0.01171875
1 0.6533203125 0.3212890625 0.0234375 0.017578125
0 0.608672732421875 0.378441541015625 0.618234474609375 0.384000634765625 0.613965025390625 0.399491287109375 0.597122333984375 0.408209587890625 0.61160108984375 0.440251703125 0.62608700390625 0.46098152734375 0.687907150390625 0.465377896484375 0.758641373046875 0.458294884765625 0.777240650390625 0.440326689453125 0.76110871484375 0.3732672265625 0.733926474609375 0.343720173828125 0.682893302734375 0.3243680234375 0.655381169921875 0.32674405859375 0.60922259765625 0.32630411328125 0.587697021484375 0.338475833984375 0.571695287109375 0.3618228125 0.57235637109375 0.3618512421875 0.5826442109375 0.374403109375 0.608672732421875 0.378441541015625
1 0.505859375 0.30859375 0.04296875 0.041015625
0 0.405394341796875 0.451576822265625 0.4368544453125 0.431721564453125 0.448011791015625 0.419544728515625 0.45538990625 0.40429153515625 0.45121166796875 0.3843623125 0.446361158203125 0.364045736328125 0.43520462890625 0.3453048203125 0.416635322265625 0.32549876171875 0.360354033203125 0.3107676640625 0.333596515625 0.317248697265625 0.31749984765625 0.326053287109375 0.316014173828125 0.357004646484375 0.317181724609375 0.39329513671875 0.337120833984375 0.415574001953125 0.375215705078125 0.44881876953125 0.405394341796875 0.451576822265625
1 0.4765625 0.4091796875 0.05078125 0.060546875
1 0.546875 0.390625 0.017578125 0.013671875
1 0.541015625 0.4111328125 0.013671875 0.01171875
1 0.5244140625 0.4775390625 0.08203125 0.083984375
1 0.513671875 0.541015625 0.025390625 0.025390625
1 0.505859375 0.5849609375 0.017578125 0.017578125
1 0.53125 0.6103515625 0.0234375 0.01953125
1 0.4833984375 0.6259765625 0.013671875 0.013671875
0 0.6220703125 0.66015625 0.16015625 0.166015625
0 0.5966796875 0.8408203125 0.1640625 0.17578125
1 0.576171875 0.9482421875 0.033203125 0.03125
1 0.52734375 0.7353515625 0.05859375 0.05859375
1 0.5107421875 0.6826171875 0.015625 0.017578125
1 0.421911177734375 0.75686730078125 0.451073087890625 0.781450623046875 0.482765302734375 0.7966619375 0.50473276171875 0.79818719140625 0.499856919921875 0.767332943359375 0.494107865234375 0.749458958984375 0.474708494140625 0.72770773046875 0.452978373046875 0.726605775390625 0.434409056640625 0.744936373046875 0.41968948828125 0.75735851953125 0.421911177734375 0.75686730078125
1 0.4658203125 0.8017578125 0.01953125 0.01953125
1 0.451171875 0.8291015625 0.021484375 0.015625
1 0.4755859375 0.8564453125 0.01171875 0.01171875
1 0.443359375 0.869140625 0.013671875 0.01171875
1 0.4228515625 0.8720703125 0.02734375 0.021484375
1 0.4423828125 0.89453125 0.017578125 0.013671875
1 0.419921875 0.9150390625 0.013671875 0.0078125
1 0.4306640625 0.962890625 0.01953125 0.033203125
1 0.5029296875 0.98828125 0.033203125 0.0234375
1 0.3388671875 0.9345703125 0.015625 0.017578125
1 0.3369140625 0.7490234375 0.01953125 0.013671875
0 0.249903958984375 0.83840960546875 0.265389810546875 0.850210046875 0.30940776171875 0.85991866015625 0.339646833984375 0.859377033203125 0.374240087890625 0.853549802734375 0.403069892578125 0.82458144140625 0.41252743359375 0.801239849609375 0.409714248046875 0.783032611328125 0.385248609375 0.75822932421875 0.36371092578125 0.754456626953125 0.332168326171875 0.758147716796875 0.30806964453125 0.74627605078125 0.28205096484375 0.733411833984375 0.26813003515625 0.733842408203125 0.248997642578125 0.751761611328125 0.23688794140625 0.77986826953125 0.2293638046875 0.793044365234375 0.23872252734375 0.818742056640625 0.249903958984375 0.83840960546875
1 0.3974609375 0.5458984375 0.01953125 0.015625
0 0.3322532421875 0.641225740234375 0.35321073828125 0.64976080859375 0.397769033203125 0.6604143046875 0.416347314453125 0.6558400390625 0.429127158203125 0.6114708671875 0.432463013671875 0.57807325 0.431577994140625 0.552576212890625 0.4214395390625 0.54840966796875 0.39655919140625 0.5581098203125 0.3771592890625 0.55364143359375 0.351816525390625 0.545227169921875 0.342276931640625 0.570727931640625 0.328441177734375 0.5903402578125 0.31916866796875 0.60643722265625 0.316605619140625 0.62101787890625 0.3322532421875 0.641225740234375
0 0.451171875 0.0205078125 0.1328125 0.041015625