1 0.01953125 0.5302734375 0.0390625 0.064453125
0 0.245991763671875 0.463028818359375 0.244694009765625 0.41123867578125 0.233951349609375 0.384188087890625 0.213896021484375 0.357618423828125 0.192779474609375 0.34454845703125 0.151247505859375 0.348606130859375 0.139463494140625 0.3616770234375 0.134641443359375 0.403401224609375 0.1439709296875 0.4364630234375 0.178705046875 0.459291333984375 0.179552107421875 0.469736544921875 0.21159791015625 0.487590970703125 0.226361880859375 0.48825188671875 0.23716752734375 0.48249467578125 0.245991763671875 0.463028818359375
1 0.171875 0.466796875 0.017578125 0.0234375
1 0.2373046875 0.6181640625 0.0234375 0.0234375
0 0.228133884765625 0.621400517578125 0.21720494140625 0.59540053515625 0.161724453125 0.609676546875 0.14108953515625 0.62341391796875 0.157326263671875 0.68168603125 0.18031331640625 0.728048634765625 0.227965001953125 0.7351422109375 0.259597548828125 0.69884028125 0.278451609375 0.66017046484375 0.2765640703125 0.62206943359375 0.261150017578125 0.614026287109375 0.2405121953125 0.627139673828125 0.228133884765625 0.621400517578125
1 0.287109375 0.5478515625 0.07421875 0.07421875
1 0.208984375 0.5400390625 0.01953125 0.017578125
1 0.1875 0.5380859375 0.01171875 0.017578125
1 0.3173828125 0.505859375 0.015625 0.0234375
1 0.330405548828125 0.574885669921875 0.333658255859375 0.574482447265625 0.332781646484375 0.574259537109375 0.3617281953125 0.565030982421875 0.39193325 0.5677829765625 0.4018013984375 0.5604600078125 0.407964328125 0.516888107421875 0.39003388671875 0.4976134140625 0.370093796875 0.478407228515625 0.35792773828125 0.467959638671875 0.3465735625 0.4805526953125 0.33405179296875 0.52270680078125 0.328703134765625 0.552683271484375 0.330405548828125 0.574885669921875
1 0.328535125 0.4466242734375 0.34211226171875 0.461905224609375 0.357619740234375 0.47130925390625 0.369725296875 0.47863468359375 0.3735386953125 0.463490708984375 0.365094283203125 0.436550201171875 0.33756803125 0.441618853515625 0.329777765625 0.4445138359375 0.328535125 0.4466242734375
1 0.39371624609375 0.4224503828125 0.3860476953125 0.41526838671875 0.38963560546875 0.392774689453125 0.380862015625 0.38561929296875 0.364490568359375 0.41947378125 0.3672960390625 0.4424151328125 0.37117402734375 0.4573669140625 0.40241280078125 0.45342183984375 0.407269109375 0.43737298046875 0.39371624609375 0.4224503828125
1 0.294921875 0.373046875 0.01953125 0.025390625
1 0.345703125 0.3466796875 0.02734375 0.02734375
0 0.39268790234375 0.291381744140625 0.3600648046875 0.3121799921875 0.353385072265625 0.35505403515625 0.337124208984375 0.363539810546875 0.3483925390625 0.376844203125 0.38560848828125 0.38881858984375 0.395630396484375 0.41128838671875 0.4109059765625 0.419357951171875 0.4366262890625 0.405606796875 0.445983619140625 0.378378494140625 0.42977267578125 0.31668859375 0.412740646484375 0.289215734375 0.39268790234375 0.291381744140625
1 0.46484375 0.333984375 0.015625 0.017578125
1 0.517578125 0.494140625 0.01171875 0.013671875
1 0.5771484375 0.4609375 0.015625 0.01953125
1 0.587446263671875 0.3088935546875 0.571062158203125 0.29753083203125 0.544190734375 0.31448920703125 0.548093587890625 0.346863126953125 0.55942537109375 0.36920448828125 0.565932986328125 0.371717982421875 0.56929120703125 0.355043080078125 0.57664973828125 0.337799013671875 0.587125615234375 0.32800611328125 0.587446263671875 0.3088935546875
0 0.586959189453125 0.29185813671875 0.584379076171875 0.33014528515625 0.570496470703125 0.351506486328125 0.5720771171875 0.36991876171875 0.578736099609375 0.40311759375 0.601493626953125 0.42428103125 0.62636600390625 0.419347078125 0.649188857421875 0.40165846875 0.654675859375 0.350901021484375 0.644675759765625 0.31118341015625 0.62261341015625 0.277062193359375 0.586959189453125 0.29185813671875
1 0.677734375 0.4560546875 0.01171875 0.015625
1 0.687840978515625 0.55222560546875 0.690268787109375 0.5691848046875 0.704712626953125 0.560383921875 0.737271466796875 0.528705205078125 0.758690765625 0.47602516796875 0.734895392578125 0.47386463671875 0.7135816796875 0.48031251171875 0.68741303515625 0.466778568359375 0.670741125 0.47856756640625 0.665205767578125 0.508839861328125 0.682065296875 0.52533962890625 0.687840978515625 0.55222560546875
0 0.697665103515625 0.58040709765625 0.68583995703125 0.5494318203125 0.68151553125 0.534598439453125 0.636371861328125 0.556850228515625 0.60239285546875 0.56498417578125 0.58220685546875 0.59896604296875 0.57495758203125 0.609794279296875 0.583320744140625 0.65251084765625 0.599197556640625 0.68934326171875 0.6293674140625 0.713628748046875 0.6798356328125 0.707469884765625 0.70775744140625 0.68626271484375 0.71958544140625 0.62163923046875 0.697665103515625 0.58040709765625
1 0.7998046875 0.51953125 0.029296875 0.029296875
0 0.895778763671875 0.53527928515625 0.890913615234375 0.522826412109375 0.85096773046875 0.508440705078125 0.822499328125 0.520830123046875 0.800073400390625 0.533871306640625 0.789204259765625 0.57466958984375 0.788514455078125 0.6097465078125 0.809029298828125 0.6530719609375 0.83239290234375 0.67624602734375 0.869456830078125 0.6954736171875 0.90572715234375 0.683288677734375 0.947573419921875 0.656639078125 0.96186536328125 0.612907396484375 0.94411846875 0.547342625 0.895778763671875 0.53527928515625
1 0.833984375 0.4072265625 0.04296875 0.076171875
1 0.744140625 0.318359375 0.015625 0.021484375
1 0.76291873828125 0.206545033203125 0.730406994140625 0.203270201171875 0.719668216796875 0.234767740234375 0.72597156640625 0.27894083984375 0.75785158203125 0.30523136328125 0.77968021875 0.289313904296875 0.795254158203125 0.28390401953125 0.79224851171875 0.26370578515625 0.7851638203125 0.228415318359375 0.76291873828125 0.206545033203125
0 0.892540380859375 0.319504537109375 0.88283979296875 0.2843034296875 0.863889296875 0.24087812890625 0.84126219921875 0.228968349609375 0.804090365234375 0.258870853515625 0.795820853515625 0.28067805859375 0.775531552734375 0.292465845703125 0.76969350390625 0.32377727734375 0.78223203515625 0.366251408203125 0.79842391796875 0.390558619140625 0.822857837890625 0.379117109375 0.850059005859375 0.367493658203125 0.890963779296875 0.3441226953125 0.892540380859375 0.319504537109375
1 0.9287109375 0.3349609375 0.0390625 0.04296875
1 0.966796875 0.4638671875 0.064453125 0.052734375
1 0.9755859375 0.3525390625 0.021484375 0.03515625
1 0.9033203125 0.421875 0.015625 0.021484375
1 0.9287109375 0.419921875 0.017578125 0.021484375
1 0.9677734375 0.4208984375 0.025390625 0.025390625
0 0.4462890625 0.66796875 0.142578125 0.1640625