1 0.2373046875 0.9599609375 0.16015625 0.068359375
1 0.414075955078125 0.98855053515625 0.4438642109375 0.997503025390625 0.442572416015625 0.994825017578125 0.4442053203125 0.952440521484375 0.42608423828125 0.946781689453125 0.384785564453125 0.942828755859375 0.3905380703125 0.96309153125 0.414075955078125 0.98855053515625
1 0.390495751953125 0.94351824609375 0.399716482421875 0.918067705078125 0.3934044921875 0.900641466796875 0.35034264453125 0.895648296875 0.2987900546875 0.9023408671875 0.277050158203125 0.914925626953125 0.305697138671875 0.951723453125 0.335484943359375 0.98682847265625 0.381060923828125 0.99548179296875 0.39528882421875 0.9798555390625 0.390495751953125 0.94351824609375
1 0.3955078125 0.8515625 0.03515625 0.033203125
1 0.44921875 0.8408203125 0.0234375 0.01171875
0 0.552734375 0.8271484375 0.19140625 0.18359375
1 0.4794921875 0.6943359375 0.0625 0.0390625
1 0.4423828125 0.708984375 0.01953125 0.013671875
0 0.274862833984375 0.859645861328125 0.329990205078125 0.8260675546875 0.350123517578125 0.804216076171875 0.335822083984375 0.758210962890625 0.32534044921875 0.727589240234375 0.314701896484375 0.716200580078125 0.271554439453125 0.7201074140625 0.26609632421875 0.743175578125 0.22110600390625 0.752700046875 0.166216560546875 0.75562833984375 0.156979302734375 0.798594759765625 0.1772858203125 0.84599935546875 0.2233506875 0.861668189453125 0.274862833984375 0.859645861328125
1 0.241566599609375 0.63896946875 0.229162990234375 0.6706980859375 0.239780447265625 0.745103634765625 0.265251033203125 0.7256386484375 0.293113068359375 0.717607587890625 0.324844267578125 0.7367312578125 0.351031705078125 0.77014830078125 0.38444699609375 0.77052501953125 0.3776470703125 0.738801365234375 0.340802505859375 0.68813658984375 0.29346363671875 0.652237720703125 0.241566599609375 0.63896946875
1 0.5146484375 0.54296875 0.0390625 0.0546875
1 0.4697265625 0.6064453125 0.068359375 0.0625
0 0.536092359375 0.578596076171875 0.5018041953125 0.610469765625 0.505547333984375 0.611063423828125 0.5590979375 0.640889513671875 0.623861931640625 0.65027019921875 0.643675642578125 0.63515266015625 0.667898607421875 0.591420248046875 0.65921730859375 0.54511376953125 0.625814626953125 0.528772724609375 0.571058423828125 0.518155146484375 0.53538738671875 0.51328284375 0.53014816796875 0.525937146484375 0.535958634765625 0.547073544921875 0.536092359375 0.578596076171875
0 0.599609375 0.3427734375 0.177734375 0.12109375
1 0.5361047109375 0.4599804140625 0.535738373046875 0.439955490234375 0.511086455078125 0.404137107421875 0.49080865234375 0.40628958984375 0.479159365234375 0.416129373046875 0.464006923828125 0.421324453125 0.4532135078125 0.434810208984375 0.44870802734375 0.453629037109375 0.4415553203125 0.493326615234375 0.4643193671875 0.502542 0.529110212890625 0.47551394140625 0.5361047109375 0.4599804140625
1 0.419921875 0.3349609375 0.03515625 0.033203125
1 0.3544921875 0.4013671875 0.080078125 0.05859375
1 0.2978515625 0.400390625 0.01953125 0.013671875
1 0.492149052734375 0.4088999296875 0.493277369140625 0.37624375390625 0.482883302734375 0.341847646484375 0.44894619140625 0.315995333984375 0.4373757421875 0.31597732421875 0.435514744140625 0.335817400390625 0.42500816796875 0.349264921875 0.396910849609375 0.35499416015625 0.3780704296875 0.37154658203125 0.421877783203125 0.399064541015625 0.480035306640625 0.417818716796875 0.492149052734375 0.4088999296875
1 0.521484375 0.2265625 0.10546875 0.068359375
1 0.4794921875 0.171875 0.029296875 0.01953125
1 0.4873046875 0.1494140625 0.013671875 0.015625
0 0.59375 0.091796875 0.181640625 0.140625
1 0.75390625 0.0224609375 0.025390625 0.025390625
0 0.26953125 0.546875 0.240234375 0.158203125
0 0.18545451171875 0.301856943359375 0.214275826171875 0.378860041015625 0.234713142578125 0.392694484375 0.31149408203125 0.37548876171875 0.373753451171875 0.357388392578125 0.378562306640625 0.34387309765625 0.361469525390625 0.296503826171875 0.347451951171875 0.265227818359375 0.3109625859375 0.252698171875 0.26482520703125 0.253154431640625 0.230514240234375 0.27059615234375 0.186712396484375 0.303375654296875 0.18545451171875 0.301856943359375
1 0.3212890625 0.1865234375 0.01953125 0.013671875
0 0.298828125 0.099609375 0.205078125 0.1484375
1 0.30859375 0.015625 0.11328125 0.03125