0 0.4287109375 0.9716796875 0.107421875 0.056640625
0 0.3525390625 0.8359375 0.162109375 0.134765625
0 0.2783203125 0.666015625 0.205078125 0.17578125
1 0.1376953125 0.5185546875 0.033203125 0.02734375
1 0.005859375 0.42578125 0.01171875 0.0390625
1 0.2373046875 0.2666015625 0.07421875 0.060546875
1 0.169921875 0.306640625 0.01953125 0.013671875
1 0.1572265625 0.2978515625 0.0234375 0.01953125
1 0.1708984375 0.26953125 0.0234375 0.03125
1 0.1982421875 0.2783203125 0.015625 0.015625
1 0.177734375 0.240234375 0.015625 0.015625
1 0.291015625 0.1904296875 0.04296875 0.04296875
1 0.375 0.2099609375 0.12890625 0.048828125
1 0.42578125 0.2255859375 0.03515625 0.033203125
1 0.3251953125 0.2490234375 0.021484375 0.017578125
1 0.4326171875 0.16796875 0.068359375 0.048828125
1 0.537109375 0.1259765625 0.185546875 0.146484375
1 0.6669921875 0.142578125 0.03125 0.021484375
1 0.6513671875 0.1240234375 0.03125 0.025390625
1 0.6650390625 0.2548828125 0.03125 0.021484375
1 0.6572265625 0.3525390625 0.021484375 0.017578125
1 0.5634765625 0.3095703125 0.025390625 0.025390625
1 0.5263671875 0.3193359375 0.021484375 0.015625
1 0.51171875 0.3056640625 0.033203125 0.025390625
1 0.50390625 0.2861328125 0.01953125 0.013671875
1 0.5322265625 0.2626953125 0.013671875 0.01171875
1 0.5078125 0.3271484375 0.009765625 0.0078125
1 0.5205078125 0.3291015625 0.01171875 0.009765625
1 0.5556640625 0.328125 0.013671875 0.009765625
1 0.4677734375 0.3017578125 0.009765625 0.0078125
1 0.5185546875 0.2783203125 0.009765625 0.0078125
0 0.5791015625 0.5751953125 0.1875 0.154296875
1 0.5361328125 0.671875 0.02734375 0.0234375
0 0.646484375 0.7607421875 0.1484375 0.14453125
1 0.775390625 0.8564453125 0.013671875 0.01171875
1 0.4345703125 0.9208984375 0.01171875 0.01171875
1 0.40625 0.53125 0.02734375 0.017578125
1 0.2841796875 0.4296875 0.041015625 0.046875
1 0.279296875 0.38671875 0.017578125 0.015625
1 0.2626953125 0.4091796875 0.013671875 0.013671875
1 0.1640625 0.3203125 0.01171875 0.0078125