1 0.302734375 0.8720703125 0.025390625 0.0205078125
0 0.283203125 0.763671875 0.166015625 0.119140625
0 0.2802734375 0.623046875 0.193359375 0.1484375
1 0.4306640625 0.9091796875 0.0283203125 0.0205078125
1 0.431640625 0.884765625 0.037109375 0.0283203125
1 0.439453125 0.8427734375 0.025390625 0.0185546875
1 0.4150390625 0.7822265625 0.056640625 0.0283203125
1 0.44140625 0.734375 0.017578125 0.009765625
1 0.3935546875 0.619140625 0.021484375 0.021484375
1 0.3994140625 0.642578125 0.0126953125 0.009765625
1 0.392578125 0.52734375 0.0126953125 0.0126953125
0 0.2646484375 0.3818359375 0.15625 0.1279296875
0 0.2861328125 0.16796875 0.1591796875 0.125
1 0.447265625 0.017578125 0.0419921875 0.0341796875
1 0.6259765625 0.0126953125 0.0234375 0.0185546875
0 0.5869140625 0.1611328125 0.166015625 0.1298828125
0 0.5966796875 0.3916015625 0.140625 0.099609375
1 0.4482421875 0.470703125 0.0341796875 0.0234375
1 0.41796875 0.4248046875 0.056640625 0.046875
1 0.4296875 0.365234375 0.03125 0.041015625
1 0.4541015625 0.33203125 0.0341796875 0.0283203125
0 0.583984375 0.6083984375 0.1123046875 0.0966796875
1 0.587890625 0.5458984375 0.0185546875 0.0185546875
1 0.5693359375 0.716796875 0.021484375 0.015625
0 0.5908203125 0.8251953125 0.140625 0.115234375
1 0.603515625 0.8017578125 0.0126953125 0.0126953125