0 0.8779296875 0.4111328125 0.130859375 0.1640625
1 0.9345703125 0.552734375 0.10546875 0.17578125
1 0.8486328125 0.548828125 0.033203125 0.0390625
1 0.8623046875 0.56640625 0.013671875 0.01171875
1 0.796875 0.525390625 0.015625 0.015625
1 0.931640625 0.7060546875 0.015625 0.0234375
0 0.82421875 0.7294921875 0.130859375 0.12890625
1 0.708984375 0.6142578125 0.09375 0.12109375
1 0.736328125 0.55078125 0.015625 0.015625
1 0.6787109375 0.54296875 0.01171875 0.009765625
1 0.650390625 0.5087890625 0.01953125 0.021484375
1 0.6787109375 0.451171875 0.052734375 0.044921875
1 0.5625 0.546875 0.021484375 0.02734375
0 0.547499525390625 0.736098947265625 0.578792607421875 0.752142375 0.6261179296875 0.755193021484375 0.66338837890625 0.74372781640625 0.684802400390625 0.720355599609375 0.69358086328125 0.699454953125 0.683177228515625 0.6587024296875 0.65801378515625 0.627879828125 0.637682693359375 0.613457515625 0.60853290234375 0.56682200390625 0.594371912109375 0.557356294921875 0.56313913671875 0.586579302734375 0.543655404296875 0.61375880078125 0.542127943359375 0.654574681640625 0.5440191328125 0.71703376953125 0.547499525390625 0.736098947265625
1 0.4638671875 0.583984375 0.0546875 0.072265625
1 0.4794921875 0.6455078125 0.015625 0.01953125
1 0.4765625 0.533203125 0.015625 0.01953125
1 0.529296875 0.498046875 0.015625 0.01953125
1 0.5146484375 0.5224609375 0.01953125 0.01171875
1 0.478515625 0.4638671875 0.0234375 0.03125
1 0.458984375 0.4736328125 0.017578125 0.0234375
1 0.4423828125 0.5244140625 0.0078125 0.013671875
1 0.4306640625 0.5224609375 0.01171875 0.013671875
1 0.4248046875 0.5126953125 0.01171875 0.017578125
1 0.41796875 0.544921875 0.01171875 0.01953125
1 0.6328125 0.3095703125 0.021484375 0.03125
1 0.7607421875 0.388671875 0.0234375 0.02734375
0 0.68370697265625 0.409426201171875 0.70523002734375 0.357017775390625 0.69791121484375 0.317960548828125 0.668575484375 0.310095169921875 0.63602736328125 0.323816705078125 0.601544177734375 0.34442144921875 0.57207087109375 0.374318970703125 0.57205009765625 0.4068358359375 0.592722447265625 0.44154726953125 0.617147349609375 0.44349935546875 0.661162697265625 0.437094 0.68370697265625 0.409426201171875
0 0.4296875 0.33984375 0.125 0.140625
1 0.3974609375 0.4716796875 0.013671875 0.01953125
1 0.3759765625 0.4736328125 0.021484375 0.017578125
1 0.271484375 0.447265625 0.03125 0.046875
1 0.2412109375 0.451171875 0.021484375 0.02734375
1 0.324418287109375 0.446087625 0.30840616015625 0.45394112109375 0.29465494921875 0.469781845703125 0.27445883203125 0.49135205078125 0.254094828125 0.51039854296875 0.24401729296875 0.532903498046875 0.273775541015625 0.55079290625 0.33207182421875 0.567472162109375 0.355969037109375 0.567281244140625 0.39012874609375 0.5220638203125 0.379520107421875 0.490681404296875 0.36579708984375 0.477872447265625 0.396044279296875 0.43618558984375 0.39896217578125 0.394121650390625 0.398379603515625 0.39328303125 0.364147845703125 0.412762740234375 0.343690501953125 0.438120962890625 0.324418287109375 0.446087625
1 0.298828125 0.4580078125 0.013671875 0.01953125
1 0.2822265625 0.494140625 0.01171875 0.01171875
1 0.220703125 0.6630859375 0.033203125 0.0390625
0 0.388671875 0.6611328125 0.138671875 0.15625
1 0.314453125 0.6240234375 0.01171875 0.013671875
0 0.0630282890625 0.65676972265625 0.058776041015625 0.685871642578125 0.08346316796875 0.731988671875 0.115520083984375 0.761772169921875 0.144810443359375 0.76831379296875 0.189826181640625 0.736781763671875 0.20875962890625 0.70176391015625 0.209753953125 0.68539538671875 0.206876595703125 0.66903793359375 0.212751908203125 0.6375494765625 0.2168822890625 0.589572525390625 0.193781228515625 0.570575201171875 0.14163075 0.55573601171875 0.1153249765625 0.591736310546875 0.097211638671875 0.61702634765625 0.07381597265625 0.6425800859375 0.0630282890625 0.65676972265625
1 0.095703125 0.53515625 0.017578125 0.02734375
1 0.0859375 0.4375 0.015625 0.017578125
1 0.0732421875 0.470703125 0.03515625 0.03515625
1 0.1064453125 0.451171875 0.041015625 0.083984375
1 0.1328125 0.4443359375 0.01171875 0.013671875
0 0.2255859375 0.32421875 0.16015625 0.189453125
1 0.046875 0.2265625 0.021484375 0.017578125
1 0.1796875 0.482421875 0.017578125 0.01171875
1 0.16015625 0.478515625 0.009765625 0.01171875
1 0.3076171875 0.671875 0.01171875 0.01953125