0 0.7509765625 0.93359375 0.1484375 0.103515625
1 0.6396484375 0.951171875 0.0546875 0.0625
1 0.5869140625 0.9609375 0.03125 0.025390625
1 0.599609375 0.9404296875 0.02734375 0.017578125
1 0.5322265625 0.9873046875 0.048828125 0.025390625
1 0.583984375 0.9013671875 0.06640625 0.076171875
1 0.6015625 0.783203125 0.01953125 0.013671875
1 0.51332535546875 0.818761041015625 0.56406912109375 0.81204455859375 0.577509451171875 0.796252462890625 0.57962081640625 0.738908634765625 0.564683767578125 0.7334234296875 0.54341690234375 0.76287357421875 0.5209077109375 0.783617556640625 0.51408089453125 0.81777299609375 0.51332535546875 0.818761041015625
1 0.51459605859375 0.847217103515625 0.549522359375 0.87155 0.580779654296875 0.868865912109375 0.616484125 0.835259736328125 0.629544232421875 0.793245658203125 0.614387771484375 0.78952109375 0.5553018125 0.813487171875 0.523760287109375 0.84746565234375 0.51459605859375 0.847217103515625
0 0.4818202265625 1 0.492928927734375 0.9919657734375 0.525037751953125 0.95328645703125 0.469143052734375 0.920236943359375 0.452156771484375 0.935278580078125 0.440723140625 0.965766775390625 0.41260930078125 1 0.4818202265625 1
1 0.38372478125 0.95237299609375 0.3950617578125 0.967990357421875 0.437112078125 0.9632248125 0.45266728125 0.9306994140625 0.426910546875 0.909521763671875 0.38377829296875 0.950573705078125 0.38372478125 0.95237299609375
1 0.43574566015625 0.901423826171875 0.453703861328125 0.91413046875 0.484633322265625 0.931729259765625 0.526989416015625 0.94182159375 0.55496880078125 0.9257403828125 0.546389609375 0.884395427734375 0.5281820625 0.851369521484375 0.513325849609375 0.79716732421875 0.4535378359375 0.8019040625 0.4335048125 0.8312683046875 0.4248414140625 0.865675193359375 0.432278599609375 0.89961874609375 0.43574566015625 0.901423826171875
1 0.373046875 0.865234375 0.115234375 0.12109375
1 0.5078125 0.767578125 0.056640625 0.048828125
1 0.5732421875 0.681640625 0.041015625 0.060546875
1 0.77734375 0.7978515625 0.033203125 0.025390625
0 0.778649830078125 0.70019782421875 0.74638651171875 0.694742470703125 0.68221476953125 0.70440890625 0.68937846484375 0.747755298828125 0.648809779296875 0.764159921875 0.676853837890625 0.79751041015625 0.71217437109375 0.811231767578125 0.750300646484375 0.80825144140625 0.775861890625 0.76368099609375 0.796154625 0.735981015625 0.778649830078125 0.70019782421875
1 0.65311283203125 0.655706169921875 0.60153704296875 0.675737177734375 0.59349793359375 0.703604732421875 0.650879630859375 0.757109001953125 0.684609828125 0.75247489453125 0.689351515625 0.738752189453125 0.68875512109375 0.698874291015625 0.733998892578125 0.649923646484375 0.706856970703125 0.64342505078125 0.65311283203125 0.655706169921875
1 0.72954203515625 0.549360267578125 0.723430220703125 0.578033017578125 0.69898799609375 0.58802544921875 0.658922841796875 0.595818828125 0.638870650390625 0.57765480859375 0.620473998046875 0.58787947265625 0.61919030859375 0.621701666015625 0.659196271484375 0.64259740234375 0.73995725 0.649297326171875 0.773804384765625 0.6219895546875 0.800452623046875 0.56004310546875 0.766359798828125 0.540691763671875 0.72954203515625 0.549360267578125
0 0.63610444921875 0.567952552734375 0.665969521484375 0.59579490625 0.701136083984375 0.584180865234375 0.73080910546875 0.56536459765625 0.75047301953125 0.53223595703125 0.743691599609375 0.47980137890625 0.684268880859375 0.475651103515625 0.62134772265625 0.491786205078125 0.61487222265625 0.53165724609375 0.63610444921875 0.567952552734375
1 0.58203125 0.4873046875 0.07421875 0.0703125
1 0.6025390625 0.41015625 0.048828125 0.03515625
1 0.6533203125 0.41796875 0.013671875 0.013671875
1 0.48397083984375 0.471202609375 0.52383383984375 0.473330984375 0.551232599609375 0.46347797265625 0.58023836328125 0.440473443359375 0.58211681640625 0.407204765625 0.544417859375 0.384893498046875 0.48788241796875 0.39862733203125 0.46239898828125 0.462840912109375 0.48397083984375 0.471202609375
1 0.583081580078125 0.625807349609375 0.6129805 0.610600736328125 0.631787880859375 0.567681861328125 0.61224128125 0.536543083984375 0.538504009765625 0.5090639375 0.526654498046875 0.51940433984375 0.510649001953125 0.581820087890625 0.51313446875 0.634950794921875 0.583081580078125 0.625807349609375
0 0.359847693359375 0.516522640625 0.355377755859375 0.530406998046875 0.361874611328125 0.5856572265625 0.366959255859375 0.586030296875 0.4220716640625 0.6130629140625 0.461073873046875 0.58088762890625 0.509038287109375 0.5577182109375 0.495746615234375 0.53722776171875 0.46416932421875 0.51676940625 0.424592884765625 0.515505484375 0.359847693359375 0.516522640625
1 0.30078125 0.5390625 0.09375 0.076171875
1 0.287344474609375 0.61507820703125 0.194460056640625 0.600450337890625 0.15602980078125 0.611813087890625 0.116615474609375 0.643684697265625 0.111997396484375 0.676111626953125 0.11325144921875 0.702144349609375 0.18228401171875 0.71080658203125 0.2054639921875 0.77863353515625 0.32023369140625 0.794178650390625 0.3364836953125 0.801825962890625 0.389861630859375 0.807808255859375 0.456187923828125 0.80215716796875 0.462801373046875 0.78508734375 0.452204556640625 0.768602578125 0.463718251953125 0.740827822265625 0.52563433203125 0.72731437109375 0.529303875 0.6806861640625 0.56773573828125 0.63606333984375 0.55989328125 0.61187388671875 0.513369876953125 0.6341042109375 0.510235802734375 0.61456508203125 0.4967116953125 0.58035141796875 0.4781417890625 0.57837907421875 0.446449720703125 0.585460650390625 0.41366857421875 0.607878728515625 0.394052759765625 0.58786506640625 0.35982914453125 0.559094384765625 0.33727548828125 0.565003009765625 0.322263837890625 0.6111517890625 0.287344474609375 0.61507820703125
1 0.3828125 0.5087890625 0.01953125 0.01171875
1 0.3857421875 0.5 0.013671875 0.01171875
1 0.416015625 0.501953125 0.01953125 0.01171875
1 0.4619140625 0.5009765625 0.009765625 0.0078125
1 0.384765625 0.455078125 0.025390625 0.01171875
1 0.3544921875 0.4208984375 0.021484375 0.013671875
1 0.376953125 0.4267578125 0.017578125 0.013671875
1 0.392578125 0.4287109375 0.015625 0.01171875
1 0.4169921875 0.4345703125 0.013671875 0.01171875
1 0.4130859375 0.4228515625 0.025390625 0.01171875
1 0.40234375 0.396484375 0.015625 0.01171875
1 0.3486328125 0.3662109375 0.009765625 0.009765625
1 0.333984375 0.359375 0.01953125 0.01171875
1 0.3193359375 0.34375 0.021484375 0.017578125
1 0.5390625 0.3251953125 0.041015625 0.05078125
1 0.5693359375 0.29296875 0.048828125 0.056640625
0 0.6572265625 0.3369140625 0.12890625 0.109375
1 0.6416015625 0.259765625 0.09375 0.0546875
1 0.494140625 0.28515625 0.0234375 0.01953125
1 0.53515625 0.236328125 0.068359375 0.064453125
1 0.5126953125 0.3447265625 0.013671875 0.01171875
0 0.430766958984375 0.410494119140625 0.468611310546875 0.367673216796875 0.448163716796875 0.3105058359375 0.402655376953125 0.308194494140625 0.3694603515625 0.327047890625 0.3324896328125 0.328336087890625 0.35151277734375 0.36250303515625 0.34969872265625 0.384571806640625 0.3818537421875 0.410270087890625 0.4000080390625 0.390003064453125 0.430766958984375 0.410494119140625
1 0.3828125 0.302734375 0.03515625 0.02734375
1 0.3662109375 0.3251953125 0.015625 0.01171875
1 0.3525390625 0.310546875 0.017578125 0.01171875
1 0.3125 0.30859375 0.029296875 0.01953125
1 0.333984375 0.2958984375 0.013671875 0.01171875
1 0.28515625 0.30859375 0.0234375 0.017578125
1 0.357421875 0.2578125 0.033203125 0.0546875
1 0.4150390625 0.255859375 0.1015625 0.0703125
1 0.40625 0.2197265625 0.083984375 0.029296875
1 0.24609375 0.1962890625 0.033203125 0.037109375
0 0.431499060546875 0.121885546875 0.377279884765625 0.108935861328125 0.31618645703125 0.128473044921875 0.309196509765625 0.166771400390625 0.305661994140625 0.19425263671875 0.341611947265625 0.21757921875 0.37982973046875 0.20479573828125 0.421630658203125 0.18633050390625 0.4355791328125 0.146506603515625 0.431499060546875 0.121885546875
1 0.466796875 0.13671875 0.041015625 0.033203125
1 0.559402865234375 0.12760416796875 0.5472646640625 0.116800169921875 0.509470181640625 0.118790625 0.47846178515625 0.15281582421875 0.480580234375 0.160509134765625 0.504880794921875 0.184073005859375 0.537734078125 0.1699097890625 0.559402865234375 0.12760416796875
1 0.5263671875 0.06640625 0.060546875 0.044921875
1 0.498046875 0.0419921875 0.015625 0.01171875
1 0.6962890625 0.1875 0.03125 0.02734375
0 0.67875091796875 0.06185252734375 0.630539779296875 0.061827705078125 0.568897537109375 0.089063337890625 0.57187598828125 0.123640755859375 0.582445041015625 0.154510765625 0.603198869140625 0.189982474609375 0.660652060546875 0.192607703125 0.68656930859375 0.1772826328125 0.723072337890625 0.12802305078125 0.7273649296875 0.078299607421875 0.67875091796875 0.06185252734375
1 0.3779296875 0.07421875 0.029296875 0.02734375
1 0.462890625 0.0087890625 0.05859375 0.017578125
1 0.322265625 0.0986328125 0.02734375 0.021484375
1 0.3115234375 0.0693359375 0.029296875 0.01953125
1 0.3173828125 0.0517578125 0.01953125 0.013671875
1 0.3173828125 0.025390625 0.02734375 0.0234375
1 0.3310546875 0.037109375 0.013671875 0.01171875
1 0.353515625 0.0537109375 0.03125 0.03125
1 0.3203125 0.234375 0.013671875 0.009765625