0 0.189453125 0.341796875 0.162109375 0.185546875
1 0.2734375 0.513671875 0.130859375 0.142578125
1 0.119140625 0.509765625 0.009765625 0.013671875
1 0.1318359375 0.5068359375 0.013671875 0.0078125
0 0.1494140625 0.6796875 0.154296875 0.2109375
0 0.390625 0.6611328125 0.134765625 0.181640625
1 0.4609375 0.5634765625 0.0390625 0.029296875
1 0.5244140625 0.5048828125 0.005859375 0.017578125
1 0.5732421875 0.4990234375 0.01953125 0.03125
1 0.5693359375 0.53125 0.017578125 0.015625
0 0.4150390625 0.3408203125 0.150390625 0.17578125
0 0.6376953125 0.3662109375 0.16015625 0.240234375
1 0.66015625 0.5107421875 0.021484375 0.015625
1 0.6015625 0.5107421875 0.017578125 0.013671875
0 0.6708984375 0.6953125 0.138671875 0.189453125
0 0.8974609375 0.705078125 0.169921875 0.21875
1 0.8310546875 0.5263671875 0.029296875 0.037109375
1 0.8564453125 0.5439453125 0.017578125 0.015625
1 0.939453125 0.513671875 0.021484375 0.029296875
0 0.87890625 0.3759765625 0.1640625 0.2265625