0 0.583984375 0.14453125 0.169921875 0.1484375
1 0.49609375 0.33203125 0.048828125 0.021484375
0 0.62109375 0.349609375 0.197265625 0.150390625
0 0.552734375 0.626953125 0.1611328125 0.1328125
1 0.4248046875 0.6162109375 0.025390625 0.021484375
0 0.58203125 0.8740234375 0.1982421875 0.1591796875
1 0.4775390625 0.7666015625 0.015625 0.009765625
1 0.3330078125 0.029296875 0.0283203125 0.0185546875
1 0.22120195703125 0.161062736328125 0.2005148046875 0.156960947265625 0.19791666796875 0.16087962890625 0.199367947265625 0.184273048828125 0.20333146484375 0.193938078125 0.22211371484375 0.197813810546875 0.234988365234375 0.193511962890625 0.23302318359375 0.180392794921875 0.22120195703125 0.161062736328125
1 0.236328125 0.2607421875 0.0283203125 0.0283203125
1 0.2568359375 0.279296875 0.021484375 0.013671875
1 0.326171875 0.265625 0.0126953125 0.0126953125
0 0.20247395703125 0.12227024609375 0.21806144921875 0.154432509765625 0.2179167734375 0.17480569140625 0.208993751953125 0.2079826953125 0.2096313984375 0.20808216015625 0.228117765625 0.22647107421875 0.24123773046875 0.234961740234375 0.29261509765625 0.23729866015625 0.33614513671875 0.23335825 0.35184113671875 0.22235785546875 0.35717405078125 0.1997321484375 0.369793005859375 0.1591545703125 0.35378354296875 0.122610837890625 0.33277472265625 0.097485451171875 0.30755020703125 0.090790171875 0.27466188671875 0.090374228515625 0.24495777734375 0.087059744140625 0.21758589453125 0.1018217109375 0.20247395703125 0.12227024609375
1 0.314453125 0.3759765625 0.0185546875 0.0126953125
1 0.296875 0.4775390625 0.0205078125 0.017578125
1 0.2822265625 0.482421875 0.0126953125 0.0126953125
1 0.267578125 0.5048828125 0.0498046875 0.0341796875
0 0.303978587890625 0.4684253828125 0.334062740234375 0.45496780859375 0.362962962890625 0.421990740234375 0.362534962890625 0.421969943359375 0.35016276171875 0.4089879921875 0.316151861328125 0.38684986328125 0.285679494140625 0.366932509765625 0.262586806640625 0.359262876953125 0.237487943359375 0.364699978515625 0.2182388125 0.38496907421875 0.2125036171875 0.40934244921875 0.215637056640625 0.4392614296875 0.23405068359375 0.47367983203125 0.26317394921875 0.487399630859375 0.278045427734375 0.485498046875 0.303978587890625 0.4684253828125
1 0.4091796875 0.4404296875 0.0205078125 0.021484375
1 0.28515625 0.5947265625 0.025390625 0.0205078125
1 0.31640625 0.69921875 0.021484375 0.015625
0 0.321725501953125 0.69186107421875 0.3623456796875 0.677314814453125 0.362185330078125 0.676932328125 0.3610013984375 0.664501953125 0.332271169921875 0.64271194921875 0.30123215625 0.6233154296875 0.2605131171875 0.6066370078125 0.23723114453125 0.60836859765625 0.19549093359375 0.637891529296875 0.18556737109375 0.667657697265625 0.20683834765625 0.69730902734375 0.236328125 0.7141565390625 0.273843798828125 0.71890552734375 0.29899450390625 0.7066026484375 0.321725501953125 0.69186107421875
1 0.318359375 0.791015625 0.0185546875 0.0126953125
1 0.287109375 0.8037109375 0.0234375 0.013671875
1 0.2734375 0.82421875 0.021484375 0.009765625
1 0.33984375 0.849609375 0.0126953125 0.0126953125
1 0.2158203125 0.8720703125 0.0361328125 0.0341796875
0 0.296761669921875 1 0.349728732421875 0.986186162109375 0.39131823828125 0.957326931640625 0.364664111328125 0.91005859375 0.3303301015625 0.874050564453125 0.29363908203125 0.86075846484375 0.25300684765625 0.860955583984375 0.238390962890625 0.8740758828125 0.21826051171875 0.90628616796875 0.20957513671875 0.945863173828125 0.22360026171875 0.96842448046875 0.25185305859375 1 0.296761669921875 1
1 0.4443359375 0.31640625 0.0126953125 0.0107421875