0 0.330078125 0.9306640625 0.162109375 0.125
1 0.458984375 0.951171875 0.02734375 0.04296875
0 0.6220703125 0.9580078125 0.134765625 0.083984375
1 0.71484375 0.9296875 0.03515625 0.025390625
1 0.447265625 0.7744140625 0.017578125 0.013671875
1 0.470703125 0.86328125 0.005859375 0.009765625
1 0.48046875 0.83203125 0.01171875 0.021484375
1 0.5205078125 0.841796875 0.013671875 0.013671875
1 0.50390625 0.794921875 0.013671875 0.009765625
1 0.48046875 0.78515625 0.017578125 0.01953125
1 0.469646650390625 0.7820632109375 0.463662302734375 0.7675214609375 0.458238638671875 0.772992248046875 0.448840169921875 0.794721259765625 0.44706212109375 0.829583029296875 0.4475197265625 0.86184020703125 0.45124240234375 0.868673953125 0.460173400390625 0.866190396484375 0.46082991796875 0.866266896484375 0.472187080078125 0.842830349609375 0.479999822265625 0.830220923828125 0.506012041015625 0.835138951171875 0.5219947578125 0.835508857421875 0.52661031640625 0.825441689453125 0.5272769765625 0.8056209453125 0.515149623046875 0.800179482421875 0.479697998046875 0.796515107421875 0.469646650390625 0.7820632109375
1 0.478515625 0.7255859375 0.013671875 0.015625
1 0.484375 0.701171875 0.01953125 0.02734375
1 0.51171875 0.6962890625 0.017578125 0.017578125
0 0.3408203125 0.74609375 0.1640625 0.134765625
0 0.638671875 0.771484375 0.166015625 0.12890625
1 0.5361328125 0.6455078125 0.068359375 0.037109375
1 0.625 0.6142578125 0.048828125 0.033203125
1 0.541015625 0.611328125 0.01953125 0.01953125
1 0.49609375 0.6171875 0.01953125 0.01171875
1 0.51953125 0.5634765625 0.021484375 0.02734375
1 0.5234375 0.541015625 0.013671875 0.017578125
1 0.5498046875 0.5361328125 0.01953125 0.015625
1 0.4990234375 0.544921875 0.013671875 0.015625
1 0.5234375 0.5244140625 0.021484375 0.017578125
1 0.5234375 0.51171875 0.013671875 0.013671875
1 0.498046875 0.501953125 0.017578125 0.01953125
1 0.498046875 0.484375 0.015625 0.017578125
0 0.6533203125 0.537109375 0.1328125 0.095703125
1 0.658203125 0.4755859375 0.01953125 0.01171875
1 0.5546875 0.4365234375 0.013671875 0.015625
1 0.5341796875 0.3974609375 0.01171875 0.009765625
1 0.5634765625 0.4072265625 0.01953125 0.021484375
1 0.5654296875 0.3896484375 0.009765625 0.005859375
1 0.5341796875 0.3779296875 0.01953125 0.0234375
1 0.521484375 0.3671875 0.009765625 0.009765625
1 0.5087890625 0.35546875 0.013671875 0.013671875
1 0.5400390625 0.3603515625 0.01171875 0.013671875
1 0.544921875 0.3154296875 0.01171875 0.017578125
1 0.5439453125 0.29296875 0.013671875 0.013671875
1 0.515625 0.287109375 0.02734375 0.015625
1 0.52734375 0.259765625 0.0234375 0.02734375
0 0.640625 0.30078125 0.150390625 0.103515625
1 0.5478515625 0.21484375 0.015625 0.017578125
1 0.52734375 0.2294921875 0.015625 0.013671875
1 0.5078125 0.232421875 0.013671875 0.009765625
1 0.51953125 0.208984375 0.013671875 0.01171875
1 0.52734375 0.1865234375 0.013671875 0.017578125
1 0.5537109375 0.181640625 0.013671875 0.015625
1 0.5556640625 0.142578125 0.013671875 0.015625
1 0.5283203125 0.15625 0.015625 0.009765625
1 0.533203125 0.0908203125 0.017578125 0.017578125
1 0.498046875 0.0927734375 0.0234375 0.015625
0 0.404296875 0.0966796875 0.173828125 0.171875
1 0.5986328125 0.02734375 0.046875 0.041015625
0 0.69140625 0.08984375 0.138671875 0.12109375
0 0.3759765625 0.298828125 0.146484375 0.107421875
0 0.3779296875 0.5224609375 0.171875 0.134765625