0 0.921875 0.455078125 0.15625 0.1953125
1 0.810546875 0.3818359375 0.0390625 0.0390625
1 0.841796875 0.5849609375 0.0078125 0.009765625
1 0.96484375 0.62109375 0.0234375 0.021484375
1 0.82421875 0.58984375 0.0078125 0.005859375
1 0.833984375 0.6162109375 0.013671875 0.01953125
1 0.9423828125 0.7939453125 0.01953125 0.0234375
0 0.8466265703125 0.778703818359375 0.86346813671875 0.80773426953125 0.877879876953125 0.820063181640625 0.913639630859375 0.79398613671875 0.947165587890625 0.782224353515625 0.95957922265625 0.772981951171875 0.968253361328125 0.723788462890625 0.971938810546875 0.702887240234375 0.959324982421875 0.685556064453125 0.95818267578125 0.661884595703125 0.949064958984375 0.635986611328125 0.897021626953125 0.643407486328125 0.862896466796875 0.6469163515625 0.8509833203125 0.650482404296875 0.848405216796875 0.67674819921875 0.866354568359375 0.69782978515625 0.860351779296875 0.70860352734375 0.841807685546875 0.7178683046875 0.834542697265625 0.736900353515625 0.8466265703125 0.778703818359375
1 0.8370340859375 0.7283231875 0.861788025390625 0.71315076953125 0.86541214453125 0.694745345703125 0.853193197265625 0.6731699140625 0.840727056640625 0.66271435546875 0.802751015625 0.676938740234375 0.784964505859375 0.69584937890625 0.777390072265625 0.76796004296875 0.791696064453125 0.806078638671875 0.818546203125 0.807859583984375 0.84300556640625 0.78468537109375 0.8370460546875 0.748433298828125 0.8370340859375 0.7283231875
1 0.705078125 0.8173828125 0.025390625 0.02734375
1 0.624420150390625 0.77731944921875 0.647893181640625 0.796384822265625 0.650675298828125 0.830713146484375 0.65827949609375 0.848206173828125 0.667451892578125 0.83796836328125 0.6738542421875 0.81187801171875 0.679284265625 0.781915974609375 0.6962981328125 0.7735903046875 0.696798103515625 0.773592767578125 0.693562025390625 0.759797400390625 0.679537486328125 0.7482667109375 0.65817562109375 0.739398052734375 0.63047573046875 0.75398980859375 0.624420150390625 0.77731944921875
0 0.70602482421875 0.8003240859375 0.725971783203125 0.762319931640625 0.754581443359375 0.721316646484375 0.771963005859375 0.695498802734375 0.759718458984375 0.673456705078125 0.749652150390625 0.6678896875 0.729927255859375 0.67044252734375 0.7166013828125 0.667219021484375 0.70722481640625 0.650541296875 0.70759333984375 0.612658162109375 0.688890982421875 0.609164552734375 0.652662658203125 0.632672255859375 0.6318699296875 0.641860369140625 0.61370290625 0.69151016796875 0.6252597890625 0.731121154296875 0.64627686328125 0.744242904296875 0.66858028125 0.745714892578125 0.690417689453125 0.763960849609375 0.696680693359375 0.787133490234375 0.7072777734375 0.80276699609375 0.70602482421875 0.8003240859375
1 0.6416015625 0.404296875 0.02734375 0.048828125
1 0.611328125 0.421875 0.01171875 0.015625
1 0.58203125 0.548828125 0.021484375 0.025390625
1 0.697873205078125 0.56811755859375 0.69993957421875 0.5307204921875 0.691567455078125 0.478717166015625 0.648530609375 0.48064241796875 0.60712958203125 0.475366875 0.559793396484375 0.485526015625 0.5518451015625 0.525688708984375 0.579120607421875 0.53480129296875 0.596651671875 0.544377857421875 0.583146001953125 0.559943677734375 0.547325869140625 0.56949825390625 0.5250055234375 0.59596789453125 0.533062470703125 0.6030368515625 0.5562073515625 0.60149410546875 0.59261446484375 0.583448923828125 0.62952585546875 0.579877380859375 0.665543623046875 0.5818164609375 0.69234026953125 0.584558177734375 0.697873205078125 0.56811755859375
1 0.793296126953125 0.4852999296875 0.7910264296875 0.458545076171875 0.776863966796875 0.4538304609375 0.7592973046875 0.46648884375 0.75030976953125 0.48819510546875 0.766923931640625 0.49835677734375 0.78284453125 0.499245025390625 0.793296126953125 0.4852999296875
1 0.76963380859375 0.45214853125 0.784006419921875 0.41953971484375 0.7595593359375 0.411003904296875 0.753166853515625 0.4313038515625 0.748733048828125 0.44441401953125 0.734661091796875 0.4595723984375 0.75234650390625 0.4646220390625 0.76963380859375 0.45214853125
0 0.653700330078125 0.419832818359375 0.667154052734375 0.463331599609375 0.69499407421875 0.4742285703125 0.709516462890625 0.46866801171875 0.728047986328125 0.453746599609375 0.752323958984375 0.4367285390625 0.760962060546875 0.410859490234375 0.781865119140625 0.3645690703125 0.780928005859375 0.362951587890625 0.771916212890625 0.34682175390625 0.746904623046875 0.336579603515625 0.706824013671875 0.361685115234375 0.660974064453125 0.3869715546875 0.653700330078125 0.419832818359375
1 0.5546875 0.4462890625 0.01953125 0.0234375
0 0.464402232421875 0.361059302734375 0.459592861328125 0.391576091796875 0.467418669921875 0.43145960546875 0.485253720703125 0.469143037109375 0.518236884765625 0.475710232421875 0.5361890078125 0.467335763671875 0.544849615234375 0.42487775390625 0.577308248046875 0.403156875 0.57830071875 0.386189572265625 0.57012283984375 0.34433876953125 0.55062362890625 0.32333128125 0.5281306015625 0.32050674609375 0.4934683984375 0.33802253515625 0.464402232421875 0.361059302734375
1 0.453125 0.5263671875 0.01171875 0.015625
1 0.49609375 0.533203125 0.01171875 0.017578125
1 0.4306640625 0.412109375 0.01171875 0.017578125
1 0.4091796875 0.3916015625 0.0078125 0.0078125
1 0.3994140625 0.421875 0.015625 0.015625
1 0.3447265625 0.5302734375 0.01171875 0.015625
1 0.3212890625 0.494140625 0.017578125 0.015625
0 0.400877583984375 0.587988060546875 0.3938990546875 0.608929921875 0.398092900390625 0.66826572265625 0.405727083984375 0.69233204296875 0.426496810546875 0.730503861328125 0.44823792578125 0.733374853515625 0.4827475703125 0.716340224609375 0.512934818359375 0.703250609375 0.513164365234375 0.663226576171875 0.510235537109375 0.60223616796875 0.485609986328125 0.581154181640625 0.464798125 0.582229916015625 0.44271637890625 0.589954267578125 0.400877583984375 0.587988060546875
1 0.43385633203125 0.585389572265625 0.4593418828125 0.589891015625 0.48476819921875 0.57196633203125 0.49387575 0.539425359375 0.492107990234375 0.519763146484375 0.463348115234375 0.535731955078125 0.43445187890625 0.53637076171875 0.423907603515625 0.5468058671875 0.43385633203125 0.585389572265625
1 0.3603515625 0.6630859375 0.01171875 0.01171875
1 0.328125 0.71875 0.009765625 0.01171875
1 0.318359375 0.6865234375 0.0078125 0.009765625
1 0.2890625 0.5654296875 0.013671875 0.0078125
0 0.169539921875 0.696306861328125 0.227971970703125 0.720985546875 0.26245767578125 0.71021169921875 0.30041809375 0.674537552734375 0.334762666015625 0.624982708984375 0.325616912109375 0.598521224609375 0.29987014453125 0.57356578515625 0.275368669921875 0.56236380078125 0.23227140234375 0.54367917578125 0.205790458984375 0.5450376796875 0.18122141015625 0.561537322265625 0.168474173828125 0.56746444921875 0.15696743359375 0.6029826796875 0.15378405859375 0.6742608046875 0.169539921875 0.696306861328125
1 0.208984375 0.5087890625 0.015625 0.015625
1 0.1982421875 0.4921875 0.01953125 0.021484375
1 0.12890625 0.6171875 0.029296875 0.029296875
1 0.2490234375 0.41015625 0.046875 0.04296875
1 0.2607421875 0.361328125 0.015625 0.0234375
1 0.26953125 0.333984375 0.015625 0.01953125
1 0.3935546875 0.37109375 0.0078125 0.009765625
0 0.307654884765625 0.439416013671875 0.33645253515625 0.422471419921875 0.3579342734375 0.401642994140625 0.39037022265625 0.397573064453125 0.393093533203125 0.373562505859375 0.3722557421875 0.281999130859375 0.344743919921875 0.25961399609375 0.29953946484375 0.29034578125 0.275848015625 0.321655751953125 0.2773140625 0.379394986328125 0.288334310546875 0.43687694921875 0.307654884765625 0.439416013671875
1 0.416015625 0.2900390625 0.015625 0.015625
1 0.267578125 0.287109375 0.01171875 0.01171875
1 0.2099609375 0.3154296875 0.015625 0.015625
1 0.1826171875 0.4638671875 0.04296875 0.078125
1 0.169921875 0.384765625 0.056640625 0.04296875
1 0.1640625 0.3505859375 0.01953125 0.02734375
0 0.111328125 0.3134765625 0.12109375 0.1953125
1 0.0615234375 0.4921875 0.046875 0.04296875
1 0.0830078125 0.4658203125 0.017578125 0.021484375
1 0.12515312890625 0.408340896484375 0.0872977265625 0.410581435546875 0.06394285546875 0.431332076171875 0.031771857421875 0.45681768359375 0.039146048828125 0.47251032421875 0.058024765625 0.4691976953125 0.082773509765625 0.462789859375 0.090649486328125 0.4642459375 0.082513966796875 0.500425943359375 0.08877451953125 0.512098025390625 0.102652291015625 0.496576390625 0.130473833984375 0.46834825390625 0.14731562109375 0.4458324765625 0.17259966796875 0.42327959375 0.17479050390625 0.41549568359375 0.152144111328125 0.40781298828125 0.12515312890625 0.408340896484375
0 0.0654296875 0.6044921875 0.130859375 0.212890625