0 0.091796875 0.4736328125 0.18359375 0.212890625
0 0.3310546875 0.3681640625 0.169921875 0.220703125
1 0.2275390625 0.2646484375 0.01953125 0.025390625
1 0.4091796875 0.2822265625 0.01953125 0.021484375
1 0.44140625 0.3125 0.017578125 0.0234375
1 0.529296875 0.2392578125 0.029296875 0.03125
0 0.5810546875 0.3466796875 0.154296875 0.189453125
1 0.66015625 0.2568359375 0.017578125 0.017578125
1 0.6826171875 0.19921875 0.013671875 0.01953125
0 0.8056640625 0.2734375 0.1796875 0.201171875
0 0.8857421875 0.591796875 0.228515625 0.265625
0 0.6630859375 0.638671875 0.212890625 0.212890625
1 0.5556640625 0.6318359375 0.015625 0.021484375
0 0.4013671875 0.6728515625 0.220703125 0.279296875
0 0.181640625 0.7626953125 0.171875 0.21484375