1 0.05078125 0.4892578125 0.0390625 0.0546875
0 0.083984375 0.3486328125 0.1669921875 0.2216796875
0 0.1103515625 0.6533203125 0.1591796875 0.1611328125
1 0.0185546875 0.607421875 0.013671875 0.013671875
1 0.240234375 0.6005859375 0.0126953125 0.0126953125
0 0.3193359375 0.62890625 0.138671875 0.1435546875
1 0.3369140625 0.525390625 0.041015625 0.046875
1 0.359375 0.5107421875 0.0078125 0.0126953125
1 0.423828125 0.4990234375 0.021484375 0.0283203125
1 0.427734375 0.603515625 0.0185546875 0.0390625
1 0.447265625 0.583984375 0.013671875 0.0185546875
0 0.32421875 0.3427734375 0.0908203125 0.109375
1 0.418694390625 0.3397382578125 0.409946017578125 0.271838529296875 0.384514703125 0.212788146484375 0.3533935546875 0.18053445703125 0.327256943359375 0.165509259765625 0.3261334453125 0.166323060546875 0.287007650390625 0.21857518359375 0.275327330078125 0.269930615234375 0.29678909765625 0.29311644140625 0.32551405078125 0.29766318359375 0.365441216796875 0.307633763671875 0.37044609765625 0.34569558984375 0.382537841796875 0.390698845703125 0.404676650390625 0.393161349609375 0.413009078125 0.37181562109375 0.418694390625 0.3397382578125
1 0.2216796875 0.3828125 0.0107421875 0.013671875
0 0.5556640625 0.3212890625 0.142578125 0.1767578125
1 0.60546875 0.427734375 0.013671875 0.017578125
1 0.64453125 0.4208984375 0.025390625 0.021484375
1 0.638671875 0.482421875 0.0126953125 0.017578125
1 0.6796875 0.4716796875 0.044921875 0.0654296875
1 0.5341796875 0.501953125 0.0078125 0.0107421875
0 0.548828125 0.640625 0.158203125 0.212890625
1 0.7763671875 0.517578125 0.1123046875 0.095703125
1 0.7939453125 0.423828125 0.0185546875 0.0234375
0 0.806640625 0.6484375 0.134765625 0.1611328125
0 0.7783203125 0.330078125 0.119140625 0.1484375
1 0.9111328125 0.4130859375 0.03125 0.0283203125
1 0.8955078125 0.4501953125 0.015625 0.0205078125
1 0.951171875 0.55078125 0.0205078125 0.025390625
1 0.9833984375 0.5400390625 0.0205078125 0.0234375
1 0.95703125 0.580078125 0.0205078125 0.0234375
0 0.97265625 0.658203125 0.0546875 0.1328125
0 0.9755859375 0.3369140625 0.048828125 0.0810546875