1 0.06640625 0.5 0.05859375 0.09765625
1 0.142578125 0.5126953125 0.025390625 0.021484375
1 0.1328125 0.5810546875 0.048828125 0.04296875
1 0.14453125 0.54296875 0.013671875 0.021484375
1 0.1875 0.6494140625 0.04296875 0.07421875
1 0.1416015625 0.6689453125 0.0703125 0.1328125
1 0.154296875 0.7578125 0.01953125 0.0234375
1 0.212890625 0.57421875 0.03515625 0.044921875
0 0.2685546875 0.650390625 0.091796875 0.1640625
1 0.298839423828125 0.5194729296875 0.266599361328125 0.4902023671875 0.232417435546875 0.45900344140625 0.200586099609375 0.428768662109375 0.200704220703125 0.42827633984375 0.194882810546875 0.44239933984375 0.192786849609375 0.4616759140625 0.19525224609375 0.485192173828125 0.208355451171875 0.528252828125 0.230425951171875 0.568317466796875 0.280895943359375 0.5488281640625 0.298839423828125 0.5194729296875
0 0.080078125 0.3828125 0.12890625 0.130859375
1 0.2265625 0.4052734375 0.009765625 0.009765625
1 0.3466796875 0.3642578125 0.021484375 0.029296875
1 0.328125 0.390625 0.009765625 0.009765625
0 0.30457141015625 0.343872138671875 0.25487098046875 0.32681451953125 0.237445515625 0.34399335546875 0.226166662109375 0.37447244921875 0.228178271484375 0.41132113671875 0.230764931640625 0.457940275390625 0.232958205078125 0.457267125 0.26808673046875 0.46958207421875 0.295151703125 0.46287988671875 0.320679880859375 0.434036205078125 0.333924328125 0.4062562734375 0.3232362734375 0.38815128125 0.317670462890625 0.3614377421875 0.30457141015625 0.343872138671875
1 0.333984375 0.2578125 0.140625 0.185546875
1 0.345703125 0.4384765625 0.021484375 0.0234375
1 0.373046875 0.4326171875 0.01953125 0.021484375
0 0.4501953125 0.3828125 0.109375 0.1328125
1 0.5673828125 0.4697265625 0.015625 0.017578125
1 0.6064453125 0.45703125 0.056640625 0.119140625
0 0.6787109375 0.3984375 0.09375 0.123046875
1 0.560546875 0.548828125 0.021484375 0.046875
1 0.5107421875 0.6357421875 0.009765625 0.013671875
1 0.51953125 0.6337890625 0.005859375 0.01171875
1 0.5029296875 0.68359375 0.009765625 0.01953125
1 0.3486328125 0.6884765625 0.013671875 0.015625
1 0.3203125 0.625 0.0078125 0.013671875
1 0.3564453125 0.6201171875 0.005859375 0.009765625
1 0.3232421875 0.6650390625 0.005859375 0.01171875
1 0.3896484375 0.6240234375 0.005859375 0.009765625
0 0.468007400390625 0.5652978984375 0.443419716796875 0.573937796875 0.4058808359375 0.60541621875 0.39496203515625 0.62666638671875 0.384792755859375 0.681886765625 0.391858765625 0.708659982421875 0.423314587890625 0.7373809375 0.45319626953125 0.73602546875 0.47331123828125 0.72618475 0.4927479296875 0.695217005859375 0.50647778515625 0.665360826171875 0.507239865234375 0.636438552734375 0.497058123046875 0.604064193359375 0.468007400390625 0.5652978984375
1 0.59375 0.6123046875 0.009765625 0.015625
1 0.65234375 0.7392578125 0.0078125 0.013671875
1 0.6298828125 0.771484375 0.013671875 0.021484375
0 0.605983103515625 0.72860773046875 0.640616134765625 0.733790333984375 0.6790341796875 0.7354751484375 0.702721318359375 0.709864412109375 0.713993884765625 0.6867112109375 0.713687837890625 0.616741724609375 0.7033724921875 0.595015072265625 0.6646374765625 0.591686154296875 0.62555209375 0.59847059765625 0.59311 0.638572486328125 0.5883980703125 0.673930521484375 0.605983103515625 0.72860773046875
1 0.7470703125 0.5986328125 0.044921875 0.05078125
1 0.794921875 0.5615234375 0.0234375 0.05078125
1 0.7578125 0.6416015625 0.005859375 0.009765625
1 0.76953125 0.6357421875 0.005859375 0.009765625
1 0.787109375 0.6328125 0.005859375 0.0078125
1 0.787109375 0.6591796875 0.017578125 0.021484375
1 0.7919921875 0.470703125 0.015625 0.029296875
1 0.8203125 0.49609375 0.017578125 0.037109375
0 0.86328125 0.6884765625 0.1015625 0.1484375
1 0.80859375 0.3603515625 0.01953125 0.025390625
0 0.87890625 0.4013671875 0.12109375 0.119140625
1 0.98046875 0.42578125 0.021484375 0.03125
1 0.9697265625 0.525390625 0.0078125 0.0078125
1 0.89297698828125 0.515748984375 0.886411728515625 0.492698421875 0.871968392578125 0.46936430859375 0.84426245703125 0.456313412109375 0.82678843359375 0.456701076171875 0.826441396484375 0.4746255078125 0.826286705078125 0.511235412109375 0.8153047421875 0.533628662109375 0.814962798828125 0.533818302734375 0.814231181640625 0.5398105 0.819839109375 0.54361694140625 0.8460641328125 0.553891384765625 0.86369527734375 0.543350810546875 0.89297698828125 0.515748984375
1 0.925657166015625 0.499598767578125 0.904630369140625 0.50675871484375 0.878825583984375 0.525486130859375 0.860286087890625 0.540400021484375 0.849227798828125 0.55455889453125 0.841913541015625 0.58149912109375 0.844354326171875 0.598711208984375 0.85109953125 0.604544517578125 0.850852041015625 0.6045616328125 0.89084642578125 0.60954306640625 0.921679505859375 0.611422396484375 0.935961974609375 0.5957308046875 0.933399880859375 0.549776634765625 0.932305017578125 0.5220049921875 0.925657166015625 0.499598767578125
1 0.95703125 0.6259765625 0.013671875 0.021484375
1 0.98828125 0.6669921875 0.013671875 0.015625
1 0.9775390625 0.7744140625 0.01953125 0.025390625
1 0.4921875 0.1923828125 0.009765625 0.01171875
1 0.4560546875 0.056640625 0.044921875 0.0546875
1 0.7177734375 0.0498046875 0.01953125 0.033203125
0 0.02953365625 0.6363533046875 0.016363314453125 0.674041169921875 0.033632056640625 0.713753845703125 0.082759943359375 0.710625291015625 0.090089380859375 0.67478889453125 0.12025336328125 0.653938005859375 0.101516798828125 0.597507765625 0.078642044921875 0.5817171015625 0.0293774375 0.613698455078125 0.02953365625 0.6363533046875
1 0 0.960369171875 0.08883434765625 0.8793625859375 0.13993444921875 0.7798070234375 0.13347675 0.739685318359375 0.0795771484375 0.714405091796875 0.0316706171875 0.703277240234375 0.0134749140625 0.671798322265625 0.02841735546875 0.629177298828125 0.003916056640625 0.58655509765625 0.003372318359375 0.584417341796875 0 0.580826173828125 0 0.960369171875