0 0.8798828125 0.75 0.1328125 0.169921875
1 0.802734375 0.79296875 0.015625 0.013671875
1 0.796875 0.7373046875 0.013671875 0.015625
1 0.765625 0.8154296875 0.0078125 0.009765625
1 0.806640625 0.64453125 0.009765625 0.01171875
1 0.9765625 0.61328125 0.03515625 0.03125
1 0.9296875 0.6201171875 0.015625 0.013671875
1 0.9130859375 0.6171875 0.013671875 0.01953125
1 0.89453125 0.59765625 0.013671875 0.013671875
1 0.84375 0.6142578125 0.009765625 0.009765625
1 0.9755859375 0.552734375 0.02734375 0.02734375
1 0.9658203125 0.5107421875 0.046875 0.05859375
1 0.9404296875 0.5205078125 0.005859375 0.009765625
1 0.935546875 0.5048828125 0.009765625 0.009765625
1 0.990234375 0.458984375 0.01953125 0.02734375
0 0.880859375 0.462890625 0.126953125 0.173828125
1 0.765625 0.4619140625 0.013671875 0.015625
1 0.76171875 0.482421875 0.01171875 0.015625
1 0.75390625 0.509765625 0.01171875 0.01953125
1 0.734375 0.4267578125 0.005859375 0.013671875
1 0.705078125 0.4541015625 0.01953125 0.017578125
1 0.7236328125 0.58984375 0.0390625 0.04296875
1 0.69921875 0.5517578125 0.044921875 0.052734375
1 0.6923828125 0.6015625 0.029296875 0.013671875
1 0.65234375 0.611328125 0.05078125 0.0703125
1 0.619140625 0.5791015625 0.015625 0.021484375
1 0.5986328125 0.5703125 0.009765625 0.01171875
1 0.59765625 0.59375 0.015625 0.013671875
1 0.5751953125 0.5947265625 0.029296875 0.05078125
1 0.5556640625 0.62890625 0.01953125 0.0234375
1 0.5380859375 0.5986328125 0.029296875 0.037109375
1 0.5556640625 0.568359375 0.01953125 0.017578125
1 0.5322265625 0.5703125 0.025390625 0.01953125
1 0.5078125 0.587890625 0.013671875 0.009765625
1 0.4931640625 0.587890625 0.009765625 0.009765625
1 0.4736328125 0.5673828125 0.013671875 0.015625
1 0.4521484375 0.5771484375 0.02734375 0.025390625
1 0.4443359375 0.6015625 0.013671875 0.01171875
1 0.43359375 0.58203125 0.015625 0.01171875
1 0.4208984375 0.6083984375 0.0078125 0.01171875
1 0.4228515625 0.5625 0.009765625 0.013671875
1 0.4130859375 0.580078125 0.013671875 0.01171875
1 0.41015625 0.556640625 0.021484375 0.03515625
1 0.3837890625 0.568359375 0.033203125 0.03125
1 0.359375 0.603515625 0.02734375 0.02734375
1 0.3642578125 0.5751953125 0.0078125 0.009765625
1 0.314453125 0.576171875 0.037109375 0.03515625
1 0.3408203125 0.6513671875 0.013671875 0.015625
1 0.2255859375 0.5654296875 0.1015625 0.12109375
1 0.2451171875 0.5498046875 0.02734375 0.033203125
1 0.169921875 0.5458984375 0.01171875 0.009765625
1 0.642578125 0.50390625 0.029296875 0.0390625
1 0.6083984375 0.4423828125 0.015625 0.017578125
1 0.5654296875 0.490234375 0.134765625 0.142578125
1 0.484375 0.529296875 0.046875 0.052734375
0 0.44921875 0.4384765625 0.125 0.158203125
0 0.255859375 0.4306640625 0.123046875 0.16796875
1 0.20703125 0.4306640625 0.01171875 0.013671875
1 0.123046875 0.55859375 0.078125 0.08984375
0 0.068359375 0.4248046875 0.13671875 0.154296875
1 0.048828125 0.5341796875 0.009765625 0.013671875
1 0.02734375 0.53125 0.03515625 0.02734375
1 0.015625 0.5693359375 0.015625 0.015625
1 0.001953125 0.568359375 0.00390625 0.015625
0 0.0673828125 0.7060546875 0.134765625 0.185546875
0 0.2373046875 0.7099609375 0.15234375 0.185546875
1 0.3505859375 0.751953125 0.013671875 0.01953125
0 0.44921875 0.7236328125 0.134765625 0.1875
1 0.7080078125 0.685546875 0.005859375 0.013671875
0 0.69060860546875 0.422956318359375 0.670511115234375 0.401184431640625 0.6448172890625 0.40234372265625 0.630394625 0.42798531640625 0.628180671875 0.45095057421875 0.628475443359375 0.473535314453125 0.633761203125 0.489342484375 0.6476456484375 0.48554856640625 0.6516841953125 0.490425572265625 0.6540531484375 0.500555943359375 0.65341563671875 0.515592388671875 0.658269673828125 0.529115373046875 0.658497826171875 0.528866447265625 0.675787986328125 0.509509546875 0.699497546875 0.49649938671875 0.71485931640625 0.469990841796875 0.703931412109375 0.45697575 0.694239501953125 0.44383860546875 0.69060860546875 0.422956318359375
0 0.615537115234375 0.8217934375 0.674200373046875 0.850455865234375 0.726636140625 0.823189009765625 0.753138814453125 0.7566247265625 0.747999328125 0.71432369921875 0.720958291015625 0.7035739375 0.709081466796875 0.694752720703125 0.70018540625 0.68173870703125 0.64646983984375 0.6765806015625 0.61116631640625 0.71001673828125 0.615537115234375 0.8217934375