1 0.583984375 0.0185546875 0.021484375 0.0185546875
1 0.5751953125 0.0908203125 0.0126953125 0.009765625
1 0.56640625 0.1171875 0.021484375 0.009765625
0 0.6630859375 0.083984375 0.1513671875 0.1669921875
1 0.7724609375 0.087890625 0.009765625 0.0078125
1 0.7900390625 0.1416015625 0.0185546875 0.017578125
0 0.677734375 0.3154296875 0.2216796875 0.162109375
1 0.556640625 0.330078125 0.0078125 0.009765625
1 0.5869140625 0.359375 0.009765625 0.005859375
0 0.689453125 0.568359375 0.1875 0.140625
0 0.677734375 0.7958984375 0.177734375 0.15625
0 0.6650390625 0.9765625 0.107421875 0.046875
1 0.5625 0.9560546875 0.0048828125 0.005859375
1 0.537109375 0.9736328125 0.021484375 0.0185546875
0 0.3828125 0.955078125 0.154296875 0.0888671875
0 0.3671875 0.794921875 0.203125 0.166015625
1 0.525390625 0.767578125 0.025390625 0.0263671875
0 0.3818359375 0.546875 0.171875 0.138671875
1 0.2451171875 0.5107421875 0.0234375 0.0185546875
0 0.384765625 0.3232421875 0.1376953125 0.109375
1 0.392578125 0.3662109375 0.009765625 0.005859375
0 0.3857421875 0.09375 0.173828125 0.1279296875
1 0.53125 0.1728515625 0.0185546875 0.0126953125
1 0.2177734375 0.0419921875 0.021484375 0.0283203125
1 0.0146484375 0.02734375 0.029296875 0.0234375
1 0.51171875 0.326171875 0.0185546875 0.0126953125