0 0.056640625 0.3916015625 0.11328125 0.162109375
1 0.015625 0.5302734375 0.03125 0.083984375
1 0.0712890625 0.4990234375 0.06640625 0.0546875
1 0.1083984375 0.5146484375 0.080078125 0.041015625
1 0.1904296875 0.541015625 0.1015625 0.169921875
1 0.2255859375 0.59375 0.046875 0.056640625
1 0.2470703125 0.5576171875 0.080078125 0.080078125
0 0.3134765625 0.6337890625 0.12109375 0.15625
0 0.11328125 0.6748046875 0.123046875 0.142578125
1 0.052734375 0.6181640625 0.05859375 0.060546875
1 0.4140625 0.60546875 0.07421875 0.087890625
1 0.4365234375 0.556640625 0.046875 0.046875
1 0.4609375 0.619140625 0.021484375 0.025390625
1 0.3740234375 0.671875 0.01171875 0.013671875
1 0.37890625 0.6572265625 0.0078125 0.013671875
1 0.4111328125 0.6845703125 0.01171875 0.013671875
1 0.4248046875 0.650390625 0.01171875 0.021484375
1 0.47265625 0.6494140625 0.009765625 0.01171875
1 0.314453125 0.4794921875 0.021484375 0.037109375
1 0.431640625 0.505859375 0.056640625 0.056640625
1 0.44921875 0.4482421875 0.029296875 0.02734375
1 0.388671875 0.4541015625 0.087890625 0.09375
1 0.193359375 0.37109375 0.03515625 0.03515625
1 0.2158203125 0.3896484375 0.046875 0.095703125
0 0.275390625 0.3388671875 0.146484375 0.208984375
1 0.3701171875 0.353515625 0.015625 0.017578125
1 0.484375 0.45703125 0.029296875 0.0390625
1 0.484375 0.423828125 0.0546875 0.048828125
1 0.5146484375 0.4072265625 0.021484375 0.0234375
1 0.5283203125 0.43359375 0.013671875 0.013671875
1 0.5146484375 0.4580078125 0.015625 0.01953125
1 0.5380859375 0.4521484375 0.015625 0.017578125
1 0.517578125 0.3544921875 0.037109375 0.046875
0 0.455078125 0.33203125 0.12109375 0.150390625
0 0.533203125 0.623046875 0.150390625 0.193359375
1 0.658203125 0.5693359375 0.013671875 0.021484375
0 0.7490234375 0.5927734375 0.125 0.16015625
1 0.7255859375 0.5595703125 0.015625 0.01953125
1 0.6103515625 0.4111328125 0.05078125 0.0703125
1 0.7373046875 0.4345703125 0.033203125 0.03515625
1 0.7919921875 0.4541015625 0.05859375 0.07421875
1 0.833984375 0.4033203125 0.05859375 0.0546875
0 0.716796875 0.30859375 0.1875 0.203125
1 0.939453125 0.4375 0.111328125 0.13671875
0 0.935546875 0.5732421875 0.12890625 0.177734375
0 0.912109375 0.298828125 0.14453125 0.171875
1 0.6689453125 0.4560546875 0.119140625 0.15625