0 0.37705839453125 0 0.370263369140625 0.00328243359375 0.331134875 0.02541958203125 0.327651765625 0.050468623046875 0.3619456171875 0.074368625 0.36403997265625 0.0916792734375 0.361399564453125 0.129853517578125 0.398884916015625 0.12310737890625 0.4376095078125 0.140839384765625 0.4713544609375 0.1324072578125 0.501334873046875 0.08342317578125 0.48819183203125 0.046010759765625 0.4591890859375 0.016336275390625 0.443509259765625 0 0.37705839453125 0
1 0.600060009765625 0.04218650390625 0.605384712890625 0.018760919921875 0.60170763671875 0.01032900390625 0.567357763671875 0.009818146484375 0.533213935546875 0.02632234765625 0.51665170703125 0.035106822265625 0.5162722421875 0.0355110625 0.52155233203125 0.050485484375 0.53378318359375 0.084653875 0.551609705078125 0.0901162265625 0.557330033203125 0.078483017578125 0.57881306640625 0.06780580859375 0.600060009765625 0.04218650390625
1 0.55078125 0.150390625 0.06640625 0.05078125
0 0.7001953125 0.111328125 0.185546875 0.18359375
0 0.6630859375 0.3408203125 0.19140625 0.185546875
1 0.4990234375 0.26953125 0.06640625 0.046875
1 0.4892578125 0.2919921875 0.017578125 0.017578125
1 0.50361725390625 0.331210080078125 0.515916392578125 0.30910234765625 0.512153556640625 0.2961312265625 0.489155505859375 0.299315314453125 0.468845767578125 0.303939015625 0.491565755859375 0.330063388671875 0.50361725390625 0.331210080078125
1 0.44140625 0.2822265625 0.046875 0.0390625
1 0.442611931640625 0.260924484375 0.468504466796875 0.24621459765625 0.504511767578125 0.22536368359375 0.506796865234375 0.215217974609375 0.5032681875 0.197447423828125 0.48137453125 0.172902357421875 0.45267462890625 0.160607486328125 0.404757525390625 0.1515738125 0.398560294921875 0.1811838203125 0.395197736328125 0.195748666015625 0.409280005859375 0.214990576171875 0.430840716796875 0.238070240234375 0.433451984375 0.25910438671875 0.442611931640625 0.260924484375
1 0.373046875 0.146484375 0.0390625 0.021484375
1 0.357421875 0.193359375 0.017578125 0.013671875
1 0.3642578125 0.22265625 0.013671875 0.01171875
1 0.3955078125 0.12890625 0.017578125 0.021484375
1 0.345703125 0.2919921875 0.015625 0.015625
1 0.294921875 0.31640625 0.015625 0.013671875
0 0.35495315625 0.3180863203125 0.35903153125 0.327513373046875 0.398147818359375 0.336407197265625 0.429397908203125 0.333663150390625 0.43922607421875 0.31275860546875 0.426148470703125 0.2854870390625 0.43366353515625 0.251180466796875 0.428145787109375 0.237644109375 0.404001939453125 0.221445515625 0.386119625 0.217698701171875 0.371779529296875 0.22822696875 0.3328085078125 0.221705265625 0.308913626953125 0.218644443359375 0.304639134765625 0.254530888671875 0.323781236328125 0.271224275390625 0.353036427734375 0.289642287109375 0.35495315625 0.3180863203125
1 0.45483388671875 0.46427156640625 0.459880396484375 0.442412732421875 0.461286779296875 0.4140990546875 0.460109826171875 0.37915458203125 0.45115212109375 0.37081087109375 0.42870907421875 0.36181652734375 0.393159298828125 0.347905435546875 0.360996416015625 0.335462998046875 0.360189111328125 0.3357441015625 0.36395573046875 0.38328792578125 0.3658236875 0.40874758984375 0.379542162109375 0.432332115234375 0.432729322265625 0.4693671484375 0.45483388671875 0.46427156640625
1 0.4814453125 0.4267578125 0.01953125 0.017578125
1 0.53125 0.41015625 0.021484375 0.02734375
1 0.5429535703125 0.546115939453125 0.548306494140625 0.5348816328125 0.55472183984375 0.513752943359375 0.55081909765625 0.4861600546875 0.537849 0.465195931640625 0.510260232421875 0.458311517578125 0.463007259765625 0.46282814453125 0.4474262890625 0.46744271484375 0.452478486328125 0.48001434375 0.471628091796875 0.503696212890625 0.493618896484375 0.510435486328125 0.51144896875 0.5193125703125 0.52179544921875 0.538275490234375 0.5429535703125 0.546115939453125
1 0.4755859375 0.515625 0.08984375 0.041015625
1 0.513671875 0.5400390625 0.025390625 0.01953125
1 0.4853515625 0.5673828125 0.01171875 0.01171875
1 0.505859375 0.6044921875 0.021484375 0.01953125
0 0.6484375 0.556640625 0.208984375 0.18359375
0 0.411869578125 0.521935916015625 0.402456984375 0.49985240625 0.381100853515625 0.475122875 0.352022482421875 0.45473306640625 0.301120080078125 0.44903658203125 0.284334828125 0.477545447265625 0.28653630859375 0.503744478515625 0.299208826171875 0.52854333984375 0.320144533203125 0.54601621484375 0.35000882421875 0.572809771484375 0.392950048828125 0.567594662109375 0.41228403125 0.53683566796875 0.411869578125 0.521935916015625
1 0.3520183125 0.44113792578125 0.370081736328125 0.47152098046875 0.388025896484375 0.499291994140625 0.43405116015625 0.5534205234375 0.470607525390625 0.5436236796875 0.4467937109375 0.523818244140625 0.423030646484375 0.502165025390625 0.398104888671875 0.468430978515625 0.371092896484375 0.44275529296875 0.36424511328125 0.383133173828125 0.364396119140625 0.38391276171875 0.363537474609375 0.378480556640625 0.3385289453125 0.3970590078125 0.340320283203125 0.413886736328125 0.3520183125 0.44113792578125
1 0.4736328125 0.634765625 0.015625 0.015625
1 0.57421875 0.671875 0.025390625 0.02734375
0 0.47875972265625 0.72576230078125 0.49959801171875 0.74348296875 0.52196608984375 0.76952377734375 0.51358693359375 0.791427537109375 0.500521169921875 0.8076173828125 0.501875599609375 0.818030298828125 0.554827603515625 0.816932498046875 0.619547685546875 0.814979896484375 0.650367900390625 0.809676216796875 0.66803171484375 0.802156431640625 0.667357052734375 0.760340013671875 0.64624693359375 0.7194711953125 0.6170154609375 0.679445326171875 0.590105255859375 0.663545357421875 0.581933708984375 0.68131404296875 0.559517259765625 0.68136929296875 0.53942058203125 0.67553015625 0.51413644140625 0.6976874140625 0.500554638671875 0.71800840625 0.47802080859375 0.72461498046875 0.47875972265625 0.72576230078125
1 0.45446494921875 0.675172796875 0.39615761328125 0.6767359609375 0.377821947265625 0.68526992578125 0.3977636171875 0.705246298828125 0.435032771484375 0.72642856640625 0.461801314453125 0.7472699609375 0.484651505859375 0.725123826171875 0.496097640625 0.723224927734375 0.5169961640625 0.7000192109375 0.52536587890625 0.67818983203125 0.507618255859375 0.674851119140625 0.45446494921875 0.675172796875
1 0.45953765625 0.676246482421875 0.488050708984375 0.68421893359375 0.5038833671875 0.676698638671875 0.516979525390625 0.65979428515625 0.5090689140625 0.65319916796875 0.49398148828125 0.651140455078125 0.4570163046875 0.662406609375 0.43236158984375 0.667462484375 0.45953765625 0.676246482421875
0 0.38571056640625 0.699309560546875 0.341554501953125 0.690525904296875 0.313835529296875 0.693778931640625 0.290833732421875 0.705588001953125 0.25382084375 0.70914878515625 0.219214859375 0.73005989453125 0.25573079296875 0.773390373046875 0.293640712890625 0.77667659375 0.306553935546875 0.775397123046875 0.3422129140625 0.7727498984375 0.394958859375 0.76230123046875 0.409551212890625 0.74131453515625 0.38571056640625 0.699309560546875
1 0.4948233125 0.84069859375 0.484474306640625 0.819180744140625 0.46441634765625 0.79405375390625 0.443560689453125 0.758648177734375 0.416938005859375 0.756087443359375 0.3955913515625 0.780771958984375 0.382724201171875 0.812287330078125 0.39539425390625 0.83446399609375 0.3962763203125 0.864120333984375 0.420726431640625 0.867884708984375 0.47805374609375 0.8612476015625 0.4948233125 0.84069859375
1 0.342234845703125 0.7788786640625 0.333646060546875 0.798186638671875 0.32708663671875 0.80400819140625 0.300497728515625 0.78431144140625 0.26482777734375 0.770880693359375 0.287635560546875 0.823777525390625 0.316714890625 0.878129216796875 0.341515236328125 0.907971470703125 0.3857710234375 0.892017701171875 0.40001397265625 0.840320232421875 0.3998960078125 0.815487306640625 0.364405302734375 0.783600392578125 0.342234845703125 0.7788786640625
0 0.36723556640625 0.94079623046875 0.328750390625 0.9088896328125 0.29394403125 0.87736139453125 0.240067234375 0.850897255859375 0.2142692734375 0.870088060546875 0.194415572265625 0.915264333984375 0.1934361171875 0.915279490234375 0.2137433671875 0.94706450390625 0.32993908984375 0.9738903984375 0.3639865703125 0.9765551875 0.36723556640625 0.94079623046875
1 0.4033203125 0.9443359375 0.025390625 0.017578125
1 0.404296875 0.9814453125 0.03125 0.021484375
1 0.4619140625 0.9140625 0.015625 0.015625
1 0.458984375 0.9404296875 0.013671875 0.015625
1 0.5341796875 0.9345703125 0.03515625 0.037109375
1 0.6171875 0.939453125 0.1015625 0.078125
0 0.646081001953125 1 0.647951353515625 0.980916046875 0.62281216015625 0.9637429296875 0.5845085078125 0.955858005859375 0.559854224609375 0.947551451171875 0.5268672578125 0.948044291015625 0.5157544765625 0.97023219140625 0.512772099609375 0.995068552734375 0.51613016796875 1 0.646081001953125 1
1 0.5556640625 0.8603515625 0.01171875 0.009765625
1 0.5712890625 0.8818359375 0.01171875 0.01171875
1 0.46484375 0.6064453125 0.01171875 0.0078125
1 0.3515625 0.6123046875 0.017578125 0.013671875
1 0.5234375 0.181640625 0.013671875 0.009765625
1 0.541015625 0.115234375 0.015625 0.015625