1 0.06640625 0.5078125 0.056640625 0.0966796875
1 0.142578125 0.5185546875 0.025390625 0.0205078125
1 0.134765625 0.587890625 0.048828125 0.0419921875
1 0.1455078125 0.548828125 0.0126953125 0.0205078125
1 0.1904296875 0.6552734375 0.041015625 0.0732421875
1 0.14453125 0.6748046875 0.068359375 0.130859375
1 0.1591796875 0.763671875 0.0185546875 0.0234375
1 0.2138671875 0.5791015625 0.0341796875 0.0439453125
0 0.271484375 0.654296875 0.0888671875 0.162109375
1 0.281781482421875 0.55264462109375 0.29920991015625 0.52298069921875 0.26646391796875 0.49427726171875 0.231742701171875 0.46367964453125 0.19938854296875 0.43400500390625 0.1994980546875 0.4335106953125 0.19392401171875 0.447733142578125 0.19216479296875 0.467043359375 0.195040228515625 0.49051301171875 0.20889294921875 0.533338423828125 0.2316593125 0.57301177734375 0.281781482421875 0.55264462109375
0 0.078125 0.390625 0.126953125 0.1279296875
1 0.224609375 0.41015625 0.009765625 0.009765625
1 0.3447265625 0.3671875 0.021484375 0.0283203125
1 0.326171875 0.3935546875 0.009765625 0.009765625
0 0.251885810546875 0.33111898828125 0.2347628125 0.34859932421875 0.224017611328125 0.379270619140625 0.22667201171875 0.4160785859375 0.23007189453125 0.46264548046875 0.2322530859375 0.46193415625 0.267591185546875 0.47363415234375 0.29453506640625 0.46646063671875 0.31955596484375 0.437175818359375 0.332313568359375 0.409168970703125 0.321311166015625 0.39125326953125 0.31527998828125 0.364640935546875 0.3018763671875 0.3473066171875 0.251885810546875 0.33111898828125
1 0.330078125 0.2607421875 0.1376953125 0.1826171875
1 0.3447265625 0.44140625 0.0205078125 0.0234375
1 0.3720703125 0.4345703125 0.0185546875 0.0205078125
0 0.4482421875 0.3837890625 0.107421875 0.130859375
1 0.56640625 0.46875 0.015625 0.017578125
1 0.60546875 0.455078125 0.0546875 0.119140625
0 0.6767578125 0.3955078125 0.0908203125 0.1220703125
1 0.5615234375 0.5478515625 0.021484375 0.046875
1 0.5126953125 0.6357421875 0.009765625 0.0126953125
1 0.521484375 0.6337890625 0.005859375 0.0107421875
1 0.505859375 0.68359375 0.009765625 0.0185546875
1 0.3515625 0.69140625 0.0126953125 0.015625
1 0.322265625 0.6279296875 0.0078125 0.0126953125
1 0.3583984375 0.623046875 0.005859375 0.009765625
1 0.326171875 0.66796875 0.005859375 0.0107421875
1 0.3916015625 0.6259765625 0.005859375 0.009765625
0 0.4447187265625 0.574913998046875 0.4077349375 0.60704276953125 0.397188666015625 0.628480259765625 0.3879846640625 0.68386970703125 0.39551685546875 0.71051552734375 0.42746913671875 0.73868312890625 0.457322611328125 0.736806359375 0.477262771484375 0.726616083984375 0.496156041015625 0.69531383984375 0.5093627421875 0.665222587890625 0.509619943359375 0.636291419921875 0.4988747421875 0.6040996875 0.46915187890625 0.56584630078125 0.4447187265625 0.574913998046875
1 0.595703125 0.6103515625 0.009765625 0.015625
1 0.65625 0.736328125 0.0078125 0.0126953125
1 0.634765625 0.76953125 0.013671875 0.021484375
0 0.59142011328125 0.672361271484375 0.609956716796875 0.726723251953125 0.644674921875 0.73130063671875 0.68311651953125 0.73231470703125 0.70635308203125 0.706294474609375 0.7172198515625 0.68294806640625 0.715692716796875 0.612994578125 0.704999759765625 0.59145126171875 0.666212544921875 0.588798869140625 0.62725151953125 0.5962644140625 0.5955142421875 0.63692638671875 0.59142011328125 0.672361271484375
1 0.7490234375 0.5947265625 0.044921875 0.0498046875
1 0.7958984375 0.556640625 0.0234375 0.0498046875
1 0.759765625 0.63671875 0.0048828125 0.009765625
1 0.771484375 0.630859375 0.005859375 0.009765625
1 0.7890625 0.6279296875 0.005859375 0.0078125
1 0.7900390625 0.654296875 0.017578125 0.021484375
1 0.791015625 0.4658203125 0.015625 0.0283203125
1 0.8203125 0.490234375 0.017578125 0.0361328125
0 0.8662109375 0.681640625 0.099609375 0.146484375
1 0.8056640625 0.35546875 0.0185546875 0.025390625
0 0.876953125 0.39453125 0.119140625 0.1171875
1 0.9794921875 0.4169921875 0.021484375 0.03125
1 0.9697265625 0.517578125 0.0078125 0.0078125
1 0.8862254453125 0.48595571875 0.87137707421875 0.46287723046875 0.843447587890625 0.450311857421875 0.8259829921875 0.45100442578125 0.82594883203125 0.46893218359375 0.826433095703125 0.505539212890625 0.81584362109375 0.528120712890625 0.8155050390625 0.52831629296875 0.814878111328125 0.534320345703125 0.8205516171875 0.5380283359375 0.846951958984375 0.547843525390625 0.8643964609375 0.536996849609375 0.893191994140625 0.50888819140625 0.8862254453125 0.48595571875
1 0.879212681640625 0.51887083203125 0.86093629296875 0.534106009765625 0.85012679296875 0.54845571875 0.843283822265625 0.575519494140625 0.846024626953125 0.59268636328125 0.852870611328125 0.5984010625 0.85262345703125 0.59842249609375 0.8926986875 0.602705171875 0.92355987109375 0.604046103515625 0.93756630859375 0.588107638671875 0.93420259375 0.54220518359375 0.93262321484375 0.514456876953125 0.925585333984375 0.4921700859375 0.904686697265625 0.499695912109375 0.879212681640625 0.51887083203125
1 0.958984375 0.6181640625 0.013671875 0.0205078125
1 0.9912109375 0.658203125 0.0126953125 0.015625
1 0.982421875 0.765625 0.0185546875 0.025390625
1 0.4873046875 0.1923828125 0.009765625 0.0107421875
1 0.4482421875 0.0576171875 0.0439453125 0.0546875
1 0.7099609375 0.0458984375 0.0185546875 0.033203125
0 0.103279234375 0.60444740625 0.08013237890625 0.589058365234375 0.031433427734375 0.621894634765625 0.03198500390625 0.644543306640625 0.019474412109375 0.682455287109375 0.03743360546875 0.721860533203125 0.08649941015625 0.7178750546875 0.093202298828125 0.68191619921875 0.1229977890625 0.660542052734375 0.103279234375 0.60444740625
1 0 0.85391951171875 0.007581923828125 0.969524619140625 0.095517759765625 0.88648063671875 0.144872595703125 0.78604841796875 0.137715658203125 0.746045525390625 0.08338306640625 0.721709828125 0.035289623046875 0.71141975390625 0.01654730859375 0.680263189453125 0.030743634765625 0.637387876953125 0.00550220703125 0.5951997734375 0.0049212421875 0.59307183203125 0 0.5880111875 0 0.71546163671875 0 0.85391951171875