1 0.099609375 0.3828125 0.0126953125 0.021484375
0 0.197265625 0.3173828125 0.1904296875 0.216796875
0 0.44140625 0.31640625 0.1826171875 0.2451171875
0 0.6455078125 0.376953125 0.1435546875 0.1748046875
0 0.8837890625 0.373046875 0.166015625 0.216796875
0 0.9150390625 0.6767578125 0.169921875 0.2158203125
1 0.82421875 0.546875 0.0185546875 0.0234375
1 0.8056640625 0.560546875 0.015625 0.015625
1 0.8017578125 0.53515625 0.009765625 0.013671875
1 0.7841796875 0.501953125 0.021484375 0.025390625
1 0.75390625 0.5244140625 0.015625 0.017578125
1 0.748046875 0.5380859375 0.0126953125 0.0107421875
1 0.7255859375 0.5400390625 0.009765625 0.0185546875
1 0.736328125 0.5341796875 0.009765625 0.0126953125
1 0.607421875 0.541015625 0.015625 0.015625
1 0.478515625 0.5234375 0.015625 0.0283203125
1 0.4208984375 0.5341796875 0.009765625 0.0126953125
1 0.3896484375 0.5126953125 0.0107421875 0.0107421875
1 0.3525390625 0.505859375 0.005859375 0.009765625
1 0.3349609375 0.5205078125 0.009765625 0.0107421875
1 0.2548828125 0.4873046875 0.0185546875 0.0185546875
1 0.2275390625 0.505859375 0.0185546875 0.025390625
1 0.2294921875 0.4814453125 0.0126953125 0.015625
1 0.2177734375 0.5244140625 0.009765625 0.0126953125
1 0.1123046875 0.5078125 0.0185546875 0.0263671875
1 0.1259765625 0.533203125 0.009765625 0.015625
1 0.1171875 0.474609375 0.009765625 0.0126953125
1 0.03515625 0.5107421875 0.068359375 0.09375
0 0.1767578125 0.662109375 0.1875 0.2216796875
0 0.4208984375 0.6611328125 0.1533203125 0.193359375
0 0.6884765625 0.646484375 0.1689453125 0.2001953125
1 0.5478515625 0.6875 0.0126953125 0.029296875
1 0.818359375 0.689453125 0.0107421875 0.0126953125