1 0.3818359375 0.9765625 0.021484375 0.0263671875
1 0.390625 0.958984375 0.0078125 0.005859375
1 0.3994140625 0.9501953125 0.009765625 0.0107421875
1 0.509765625 0.96875 0.068359375 0.0625
1 0.560546875 0.8896484375 0.0498046875 0.0283203125
1 0.51953125 0.888671875 0.0185546875 0.0263671875
0 0.345293208984375 0.903935185546875 0.35211708984375 0.916159169921875 0.3984525703125 0.95027782421875 0.416858060546875 0.96565076953125 0.463579341796875 0.9494945390625 0.5133960859375 0.9319966640625 0.51662266015625 0.91314019140625 0.51078890625 0.88114420703125 0.505497685546875 0.85414858203125 0.485461576171875 0.84304018359375 0.43176872265625 0.830188892578125 0.39705403515625 0.833398888671875 0.370836044921875 0.861618607421875 0.345293208984375 0.903935185546875
0 0.708984375 0.8876953125 0.15625 0.126953125
1 0.638671875 0.818359375 0.03125 0.017578125
1 0.701171875 0.8095703125 0.009765625 0.009765625
1 0.587890625 0.9404296875 0.0126953125 0.015625
1 0.412109375 0.7431640625 0.009765625 0.0107421875
1 0.353515625 0.744140625 0.0107421875 0.0078125
1 0.4326171875 0.623046875 0.046875 0.046875
0 0.430116046875 0.634881529296875 0.4118803046875 0.64196818359375 0.368686869140625 0.6477272734375 0.355160765625 0.67275620703125 0.35712266015625 0.694823396484375 0.381269291015625 0.723269478515625 0.437925259765625 0.7402984921875 0.467278033203125 0.736312505859375 0.502723634765625 0.7065125546875 0.514720775390625 0.6836537578125 0.528786125 0.649225818359375 0.52175619140625 0.63867433984375 0.50037703515625 0.61626519140625 0.46896153515625 0.607937283203125 0.45498934765625 0.6164435703125 0.430116046875 0.634881529296875
1 0.521484375 0.58203125 0.015625 0.0078125
1 0.59375 0.6376953125 0.103515625 0.052734375
0 0.589506173828125 0.6641414140625 0.60069334765625 0.67511869921875 0.63967983203125 0.71039907421875 0.65859840234375 0.730439158203125 0.713936943359375 0.728024056640625 0.74493814453125 0.71703855078125 0.771628662109375 0.69378189453125 0.761327466796875 0.65468980078125 0.748911642578125 0.631802234375 0.71013520703125 0.618160775390625 0.672741958984375 0.62402508203125 0.64477128125 0.63970515625 0.622539412109375 0.65657058984375 0.589506173828125 0.6641414140625
1 0.5517578125 0.599609375 0.013671875 0.009765625
1 0.552734375 0.578125 0.015625 0.009765625
1 0.517578125 0.5341796875 0.021484375 0.013671875
1 0.4248046875 0.5341796875 0.0126953125 0.005859375
1 0.53635311328125 0.5162258984375 0.5354828671875 0.49193349609375 0.529061228515625 0.472435126953125 0.51925833984375 0.4624286484375 0.50729626953125 0.471752025390625 0.50432055078125 0.49400663671875 0.49927333203125 0.51517453125 0.49046563671875 0.52975638671875 0.49710209765625 0.5346457734375 0.517066279296875 0.531050248046875 0.53635311328125 0.5162258984375
1 0.49389401953125 0.49190801171875 0.46829405078125 0.50526094140625 0.482417490234375 0.5129920625 0.51334744921875 0.511729435546875 0.520856349609375 0.50365964453125 0.51548799609375 0.48416620703125 0.499717224609375 0.478582208984375 0.49389401953125 0.49190801171875
1 0.4912109375 0.44921875 0.021484375 0.0126953125
1 0.494140625 0.4365234375 0.037109375 0.015625
1 0.466796875 0.4091796875 0.078125 0.056640625
0 0.359325677734375 0.445203169921875 0.35129068359375 0.48737373828125 0.37773678515625 0.51941616796875 0.40642536328125 0.539660111328125 0.421650314453125 0.53426353515625 0.45678902734375 0.522531630859375 0.486179064453125 0.49763175390625 0.49790219921875 0.4761194296875 0.48034599609375 0.45639007421875 0.4564865234375 0.43473389453125 0.44002415625 0.41953716796875 0.42762038671875 0.4035529453125 0.40018237890625 0.401499533203125 0.37585490234375 0.41572462890625 0.359325677734375 0.445203169921875
1 0.3857421875 0.5615234375 0.009765625 0.009765625
1 0.3447265625 0.5009765625 0.0107421875 0.0078125
1 0.4873046875 0.3583984375 0.0126953125 0.0126953125
1 0.5537109375 0.392578125 0.015625 0.013671875
1 0.5712890625 0.388671875 0.0234375 0.0107421875
1 0.5673828125 0.412109375 0.0126953125 0.0107421875
1 0.5986328125 0.470703125 0.099609375 0.1015625
0 0.7255859375 0.4755859375 0.1611328125 0.140625
1 0.6552734375 0.3662109375 0.0263671875 0.0234375
1 0.63671875 0.2958984375 0.0908203125 0.0498046875
0 0.744140625 0.271484375 0.1455078125 0.1171875
1 0.5546875 0.3486328125 0.0283203125 0.0107421875
1 0.5537109375 0.3203125 0.005859375 0.0078125
1 0.5576171875 0.333984375 0.0107421875 0.005859375
1 0.521484375 0.318359375 0.0078125 0.0126953125
1 0.515625 0.283203125 0.0107421875 0.009765625
1 0.478515625 0.31640625 0.025390625 0.015625
1 0.478515625 0.3037109375 0.029296875 0.0185546875
1 0.435546875 0.3056640625 0.046875 0.0341796875
0 0.370365986328125 0.28033591015625 0.416173453125 0.292680220703125 0.452204333984375 0.297889375 0.476295068359375 0.292675287109375 0.49477303515625 0.26587818359375 0.5008154453125 0.2461200546875 0.48204483984375 0.2103818125 0.47120401171875 0.187474517578125 0.42719951171875 0.164254853515625 0.39354920703125 0.164337056640625 0.36903321484375 0.19194220703125 0.34850348046875 0.235452671875 0.345867529296875 0.2614146015625 0.370365986328125 0.28033591015625
1 0.48260381640625 0.200968013671875 0.48862869140625 0.213803892578125 0.513671875 0.26045858984375 0.5358664765625 0.29195683984375 0.566767939453125 0.287010732421875 0.6065845078125 0.25853916796875 0.641626771484375 0.214088310546875 0.63707715234375 0.1773924140625 0.606318173828125 0.15635686328125 0.570805712890625 0.1416319765625 0.5345589140625 0.144629892578125 0.5096341015625 0.159978693359375 0.493527943359375 0.17831472265625 0.48260381640625 0.200968013671875
1 0.6328125 0.15234375 0.0390625 0.0283203125
1 0.5888671875 0.095703125 0.015625 0.013671875
0 0.716796875 0.0498046875 0.1533203125 0.099609375
1 0.541015625 0.02734375 0.021484375 0.0419921875
1 0.560546875 0.009765625 0.017578125 0.0126953125
1 0.548828125 0.1259765625 0.0185546875 0.0126953125
0 0.41796875 0.060546875 0.140625 0.12109375
1 0.291015625 0.2724609375 0.0283203125 0.0234375