0 0.8642578125 0.3662109375 0.115234375 0.15234375
1 0.9375 0.5 0.0859375 0.16796875
1 0.8515625 0.5068359375 0.029296875 0.03515625
1 0.8671875 0.521484375 0.013671875 0.009765625
1 0.7978515625 0.4892578125 0.013671875 0.013671875
1 0.9541015625 0.6513671875 0.013671875 0.021484375
0 0.849609375 0.6884765625 0.1171875 0.1171875
1 0.7216796875 0.587890625 0.08203125 0.111328125
1 0.740234375 0.5224609375 0.013671875 0.013671875
1 0.6826171875 0.521484375 0.01171875 0.0078125
1 0.650390625 0.490234375 0.017578125 0.01953125
1 0.671875 0.4296875 0.048828125 0.0390625
1 0.568359375 0.5380859375 0.01953125 0.025390625
0 0.5759186953125 0.728550365234375 0.608933724609375 0.740660541015625 0.656278072265625 0.73792094140625 0.691873455078125 0.721999072265625 0.71027950390625 0.69619135546875 0.71644538671875 0.674376673828125 0.701152814453125 0.635195798828125 0.67242060546875 0.607669595703125 0.650483419921875 0.595832521484375 0.61586746875 0.55309708984375 0.600658453125 0.545427728515625 0.573219869140625 0.578239228515625 0.557193712890625 0.607590603515625 0.56065184375 0.648288400390625 0.570140783203125 0.71005144921875 0.5759186953125 0.728550365234375
1 0.474609375 0.587890625 0.046875 0.06640625
1 0.498046875 0.646484375 0.013671875 0.01953125
1 0.4814453125 0.53515625 0.013671875 0.01953125
1 0.5283203125 0.494140625 0.013671875 0.017578125
1 0.5166015625 0.5205078125 0.017578125 0.009765625
1 0.4736328125 0.466796875 0.01953125 0.029296875
1 0.4560546875 0.478515625 0.013671875 0.021484375
1 0.4462890625 0.53125 0.005859375 0.013671875
1 0.4345703125 0.53125 0.009765625 0.013671875
1 0.4267578125 0.521484375 0.009765625 0.015625
1 0.423828125 0.5546875 0.009765625 0.01953125
1 0.6083984375 0.294921875 0.01953125 0.029296875
1 0.7451171875 0.3583984375 0.021484375 0.025390625
0 0.671299478515625 0.387713076171875 0.686275123046875 0.333072294921875 0.674250986328125 0.2951981328125 0.64417537109375 0.2909665078125 0.61354209375 0.3085523828125 0.581827025390625 0.333205986328125 0.556217001953125 0.366472548828125 0.56015919140625 0.398749568359375 0.584907712890625 0.430682943359375 0.609388455078125 0.42964383203125 0.6522951015625 0.417922099609375 0.671299478515625 0.387713076171875
0 0.41015625 0.349609375 0.111328125 0.12890625
1 0.39453125 0.484375 0.01171875 0.017578125
1 0.373046875 0.48828125 0.01953125 0.015625
1 0.2666015625 0.4755859375 0.02734375 0.044921875
1 0.236328125 0.4833984375 0.01953125 0.025390625
1 0.31915678125 0.4678875078125 0.304221107421875 0.477633853515625 0.292502892578125 0.495032353515625 0.2750860625 0.51890306640625 0.25719503125 0.5402893359375 0.24993527734375 0.563854685546875 0.281651880859375 0.57798412890625 0.341546322265625 0.58743453125 0.365242142578125 0.58433269921875 0.393636611328125 0.535289296875 0.37928249609375 0.505433669921875 0.364100748046875 0.494392603515625 0.38904212890625 0.449330267578125 0.386811970703125 0.407224263671875 0.386131541015625 0.40646289453125 0.35452891796875 0.429969205078125 0.337314453125 0.45763153515625 0.31915678125 0.4678875078125
1 0.294921875 0.4833984375 0.01171875 0.01953125
1 0.283203125 0.5205078125 0.009765625 0.01171875
1 0.2431640625 0.6962890625 0.029296875 0.03515625
0 0.4091796875 0.673828125 0.123046875 0.142578125
1 0.3310546875 0.6455078125 0.009765625 0.013671875
0 0.085390833984375 0.708854640625 0.084716912109375 0.738257857421875 0.11484027734375 0.781022533203125 0.15028794140625 0.806677275390625 0.18015719921875 0.809600541015625 0.220994607421875 0.7728175078125 0.235519326171875 0.735753265625 0.23451141796875 0.71938557421875 0.22966203515625 0.70350070703125 0.231656076171875 0.671530939453125 0.22990875 0.623408236328125 0.204664689453125 0.60736782421875 0.1510944921875 0.5989947890625 0.129372130859375 0.637932615234375 0.11447588671875 0.665241603515625 0.094368826171875 0.69345608203125 0.085390833984375 0.708854640625
1 0.103515625 0.583984375 0.013671875 0.025390625
1 0.0810546875 0.48828125 0.013671875 0.015625
1 0.0732421875 0.5234375 0.033203125 0.033203125
1 0.103515625 0.5 0.03125 0.08203125
1 0.12890625 0.4892578125 0.009765625 0.013671875
0 0.2060546875 0.3583984375 0.140625 0.173828125
1 0.0166015625 0.2841796875 0.01953125 0.015625
1 0.0029296875 0.568359375 0.005859375 0.01953125
1 0.1796875 0.5224609375 0.015625 0.009765625
1 0.16015625 0.5205078125 0.0078125 0.01171875
1 0.330078125 0.6943359375 0.009765625 0.017578125