1 0.8779296875 0.3115234375 0.0078125 0.01171875
1 0.912109375 0.451171875 0.017578125 0.017578125
1 0.970703125 0.4287109375 0.01171875 0.013671875
0 0.82359605859375 0.420144564453125 0.862368498046875 0.3975597265625 0.877554478515625 0.36646914453125 0.877718373046875 0.333493115234375 0.872072763671875 0.293957341796875 0.866280408203125 0.261107263671875 0.85016909765625 0.2515344140625 0.79555465625 0.2611659453125 0.780008814453125 0.28151307421875 0.762178603515625 0.33333553125 0.753958791015625 0.361292580078125 0.75594496484375 0.4056421171875 0.78593414453125 0.432396947265625 0.82359605859375 0.420144564453125
1 0.912109375 0.4951171875 0.015625 0.015625
1 0.9482421875 0.53515625 0.103515625 0.16015625
1 0.962890625 0.642578125 0.07421875 0.14453125
0 0.890625 0.6376953125 0.11328125 0.154296875
1 0.80859375 0.6591796875 0.10546875 0.173828125
1 0.8427734375 0.4541015625 0.083984375 0.056640625
1 0.76953125 0.546875 0.13671875 0.130859375
1 0.76171875 0.71484375 0.021484375 0.0234375
1 0.7548828125 0.671875 0.015625 0.01953125
1 0.7353515625 0.6318359375 0.013671875 0.01953125
1 0.6953125 0.638671875 0.01171875 0.017578125
1 0.6630859375 0.541015625 0.009765625 0.021484375
1 0.6572265625 0.3212890625 0.01171875 0.015625
1 0.640625 0.32421875 0.01171875 0.017578125
0 0.583984375 0.3779296875 0.146484375 0.166015625
1 0.470703125 0.4072265625 0.01171875 0.013671875
1 0.52114346484375 0.538874638671875 0.539736015625 0.536993630859375 0.55056153125 0.53250239453125 0.55951562109375 0.501366662109375 0.558191396484375 0.4782546015625 0.545917642578125 0.4392102109375 0.527145625 0.407601267578125 0.5106859375 0.388984505859375 0.496565861328125 0.38685151953125 0.466061859375 0.430431748046875 0.456152931640625 0.45256566796875 0.456913685546875 0.49138897265625 0.462832986328125 0.514666541015625 0.494475845703125 0.535469759765625 0.52114346484375 0.538874638671875
1 0.5087890625 0.53125 0.01171875 0.01171875
0 0.6484375 0.6982421875 0.134765625 0.16796875
1 0.5380859375 0.7421875 0.01953125 0.021484375
1 0.4814453125 0.712890625 0.009765625 0.0078125
1 0.455078125 0.6689453125 0.009765625 0.013671875
1 0.390625 0.7431640625 0.015625 0.017578125
1 0.3369140625 0.6982421875 0.015625 0.025390625
1 0.3388671875 0.7197265625 0.013671875 0.017578125
1 0.3154296875 0.697265625 0.017578125 0.01953125
1 0.302734375 0.7099609375 0.015625 0.01953125
1 0.287109375 0.7177734375 0.015625 0.01953125
0 0.367234537109375 0.7179894453125 0.38992840625 0.7346863046875 0.41510316015625 0.764280875 0.440298140625 0.773533357421875 0.46551534765625 0.759656205078125 0.47832230859375 0.742173087890625 0.467389287109375 0.689615861328125 0.455311017578125 0.665725767578125 0.442851240234375 0.635188689453125 0.43102553125 0.6219089375 0.43077469921875 0.6220299609375 0.4013432265625 0.632623755859375 0.379748556640625 0.643546271484375 0.360169115234375 0.659352046875 0.351068732421875 0.680614599609375 0.367234537109375 0.7179894453125
1 0.2490234375 0.716796875 0.01171875 0.013671875
1 0.2646484375 0.7646484375 0.01171875 0.01953125
0 0.203125 0.755859375 0.123046875 0.15234375
1 0.1455078125 0.7470703125 0.01953125 0.021484375
1 0.1337890625 0.7685546875 0.03125 0.041015625
1 0.0927734375 0.7685546875 0.015625 0.01953125
1 0.0966796875 0.7978515625 0.015625 0.015625
1 0.0693359375 0.7724609375 0.01953125 0.02734375
1 0.1171875 0.640625 0.01171875 0.01171875
0 0.1796875 0.4482421875 0.17578125 0.18359375
0 0.3828125 0.4111328125 0.142578125 0.185546875