0 0.08203125 0.2412109375 0.1015625 0.15234375
0 0.244140625 0.2841796875 0.162109375 0.173828125
1 0.2978515625 0.443359375 0.056640625 0.07421875
1 0.150390625 0.43359375 0.013671875 0.017578125
0 0.1572265625 0.572265625 0.162109375 0.185546875
1 0.08203125 0.5966796875 0.01171875 0.01171875
1 0.3544921875 0.5205078125 0.09765625 0.095703125
1 0.4208984375 0.525390625 0.015625 0.015625
1 0.4345703125 0.5009765625 0.017578125 0.021484375
0 0.3427734375 0.6279296875 0.146484375 0.16796875
1 0.41796875 0.66796875 0.01171875 0.017578125
0 0.431640625 0.34375 0.16015625 0.177734375
1 0.5380859375 0.5146484375 0.09375 0.123046875
1 0.59375 0.5302734375 0.087890625 0.126953125
0 0.6181640625 0.3779296875 0.125 0.16015625
1 0.67578125 0.58203125 0.095703125 0.083984375
0 0.5712890625 0.681640625 0.1640625 0.19921875
0 0.755859375 0.708984375 0.185546875 0.205078125
1 0.751953125 0.5830078125 0.017578125 0.0234375
1 0.7265625 0.5732421875 0.021484375 0.0234375
1 0.818359375 0.591796875 0.09765625 0.091796875
1 0.865234375 0.6142578125 0.0078125 0.013671875
1 0.88671875 0.626953125 0.01171875 0.013671875
1 0.9072265625 0.638671875 0.015625 0.01953125
1 0.9150390625 0.6240234375 0.015625 0.017578125
1 0.9560546875 0.62109375 0.013671875 0.013671875
0 0.9404296875 0.720703125 0.0703125 0.126953125
0 0.9638671875 0.4765625 0.072265625 0.15625
0 0.814453125 0.4404296875 0.146484375 0.173828125
0 0.0361328125 0.4951171875 0.072265625 0.119140625