1 0.66015625 0.29296875 0.130859375 0.123046875
1 0.65234375 0.3349609375 0.013671875 0.01171875
1 0.623046875 0.3740234375 0.017578125 0.017578125
1 0.53125 0.390625 0.017578125 0.015625
1 0.5263671875 0.3603515625 0.021484375 0.01953125
1 0.48828125 0.361328125 0.015625 0.017578125
0 0.43359375 0.275390625 0.16796875 0.17578125
1 0.443359375 0.4052734375 0.01953125 0.01953125
1 0.3955078125 0.4140625 0.01171875 0.015625
1 0.3681640625 0.3837890625 0.017578125 0.021484375
1 0.3779296875 0.4287109375 0.015625 0.01953125
1 0.1376953125 0.357421875 0.080078125 0.064453125
1 0.287109375 0.208984375 0.0078125 0.01171875
1 0.1083984375 0.3369140625 0.009765625 0.013671875
0 0.037109375 0.37890625 0.07421875 0.203125
0 0.0810546875 0.6708984375 0.142578125 0.197265625
0 0.26953125 0.6240234375 0.197265625 0.236328125
0 0.4892578125 0.5791015625 0.125 0.1484375
0 0.2062415078125 0.3845622890625 0.23092091796875 0.390577646484375 0.2587986796875 0.361335744140625 0.25805598046875 0.305830208984375 0.251488232421875 0.283101494140625 0.214366416015625 0.229966923828125 0.180722740234375 0.21698973046875 0.146703927734375 0.2662290078125 0.144961587890625 0.31872591015625 0.169077302734375 0.34681887890625 0.2062415078125 0.3845622890625