0 0.62890625 0.0400390625 0.1171875 0.080078125
1 0.5341796875 0.078125 0.07421875 0.11328125
1 0.625 0.1064453125 0.021484375 0.013671875
1 0.4912109375 0.0927734375 0.017578125 0.015625
1 0.46484375 0.0927734375 0.009765625 0.013671875
1 0.4326171875 0.0126953125 0.025390625 0.01953125
1 0.4296875 0.0322265625 0.021484375 0.013671875
0 0.3154296875 0.0478515625 0.138671875 0.087890625
1 0.408203125 0.2119140625 0.015625 0.021484375
1 0.45703125 0.2060546875 0.083984375 0.080078125
0 0.333984375 0.2294921875 0.14453125 0.12109375
1 0.384765625 0.30078125 0.01953125 0.015625
1 0.3291015625 0.3515625 0.01171875 0.0078125
1 0.4560546875 0.3193359375 0.0546875 0.048828125
1 0.5126953125 0.322265625 0.05859375 0.048828125
1 0.5048828125 0.361328125 0.015625 0.009765625
1 0.6025390625 0.27734375 0.021484375 0.015625
0 0.6091616875 0.292258009765625 0.6172115390625 0.30419912890625 0.636204380859375 0.2702789140625 0.664095568359375 0.219791728515625 0.646396232421875 0.193876609375 0.5525521328125 0.188228751953125 0.558011341796875 0.24087313671875 0.607536220703125 0.269399388671875 0.6091616875 0.292258009765625
1 0.5986328125 0.330078125 0.013671875 0.005859375
1 0.5966796875 0.3662109375 0.015625 0.013671875
1 0.4482421875 0.416015625 0.005859375 0.01171875
0 0.632216244140625 0.504937337890625 0.669164580078125 0.4773219765625 0.691182939453125 0.4658353671875 0.701805427734375 0.41903779296875 0.702252671875 0.417484056640625 0.6330089296875 0.393056115234375 0.591695884765625 0.400899439453125 0.57821815625 0.4352720390625 0.574048201171875 0.47324116015625 0.599775197265625 0.500492908203125 0.632216244140625 0.504937337890625
1 0.4248046875 0.5068359375 0.052734375 0.04296875
1 0.48828125 0.4921875 0.060546875 0.1015625
1 0.427734375 0.541015625 0.044921875 0.03125
1 0.4345703125 0.58203125 0.083984375 0.0625
1 0.345703125 0.390625 0.0078125 0.01171875
0 0.32821883203125 0.52202230859375 0.36962640234375 0.519106708984375 0.413489150390625 0.4609980703125 0.387214513671875 0.390032466796875 0.345743482421875 0.39947112890625 0.294534869140625 0.395176693359375 0.268844154296875 0.41412023046875 0.24461059375 0.45638323828125 0.255521859375 0.4858611015625 0.32821883203125 0.52202230859375
1 0.287109375 0.6103515625 0.013671875 0.009765625
1 0.2880859375 0.630859375 0.013671875 0.0078125
1 0.25 0.65625 0.015625 0.015625
0 0.42405637109375 0.708429025390625 0.4044841796875 0.6739399921875 0.40590344921875 0.6337946484375 0.3326331484375 0.600955892578125 0.311576087890625 0.608287037109375 0.276957087890625 0.633711634765625 0.26213980078125 0.65612722265625 0.252036087890625 0.70080372265625 0.260143416015625 0.72228692578125 0.304558859375 0.744951580078125 0.355539369140625 0.743750357421875 0.424371103515625 0.70944689453125 0.42405637109375 0.708429025390625
1 0.4482421875 0.65234375 0.087890625 0.087890625
1 0.345703125 0.78125 0.025390625 0.015625
1 0.3251953125 0.7744140625 0.01171875 0.0078125
1 0.365234375 0.8486328125 0.01953125 0.029296875
1 0.4306640625 0.8955078125 0.04296875 0.033203125
0 0.38343080078125 0.879768455078125 0.360379837890625 0.860698076171875 0.338720080078125 0.829055724609375 0.31120479296875 0.82314028515625 0.2406545703125 0.82525884765625 0.218651359375 0.85617951171875 0.224884294921875 0.919876501953125 0.241094654296875 0.93592210546875 0.283072044921875 0.961612419921875 0.31443949609375 0.960186154296875 0.363648611328125 0.92000442578125 0.3840234609375 0.880602126953125 0.38343080078125 0.879768455078125
1 0.3544921875 0.9853515625 0.076171875 0.029296875
1 0.435546875 0.947265625 0.015625 0.017578125
1 0.4736328125 0.93359375 0.013671875 0.009765625
1 0.5126953125 0.90625 0.025390625 0.01953125
0 0.6083984375 0.8671875 0.1484375 0.123046875
1 0.6181640625 0.927734375 0.013671875 0.013671875
1 0.625 0.791015625 0.015625 0.009765625
0 0.62109375 0.662109375 0.162109375 0.10546875
1 0.568359375 0.7255859375 0.013671875 0.0078125
1 0.61195609765625 0.584736453125 0.64613546875 0.563798091796875 0.688395578125 0.51274967578125 0.6905720859375 0.474153490234375 0.69219759375 0.4742130546875 0.6746071875 0.468986353515625 0.632267130859375 0.497215240234375 0.607489783203125 0.4981942265625 0.580586505859375 0.48517819140625 0.5640026484375 0.45542664453125 0.526586431640625 0.460020169921875 0.524413236328125 0.49259172265625 0.5376866796875 0.51771009375 0.56331469921875 0.5756863125 0.61195609765625 0.584736453125
1 0.48828125 0.7744140625 0.009765625 0.009765625
1 0.4736328125 0.7041015625 0.009765625 0.009765625