0 0.408203125 0.9130859375 0.154296875 0.173828125
0 0.3955078125 0.65625 0.2001953125 0.130859375
0 0.3818359375 0.4150390625 0.162109375 0.130859375
1 0.4853515625 0.4248046875 0.0185546875 0.015625
0 0.427734375 0.193359375 0.1826171875 0.1435546875
0 0.701171875 0.1025390625 0.208984375 0.1455078125
1 0.736328125 0.1865234375 0.0126953125 0.0078125
1 0.6943359375 0.3154296875 0.0126953125 0.009765625
1 0.642578125 0.3984375 0.0126953125 0.0078125
0 0.66232237109375 0.42321526171875 0.679609802734375 0.428589369140625 0.732471439453125 0.40833675 0.75587812890625 0.38190224609375 0.75267650390625 0.352846498046875 0.713643474609375 0.3294943984375 0.67734321484375 0.31860251171875 0.63872813671875 0.3238460078125 0.62303080078125 0.35257824609375 0.613230345703125 0.38413467578125 0.61419753125 0.384259259765625 0.647060400390625 0.3962854453125 0.66232237109375 0.42321526171875
0 0.7236328125 0.615234375 0.169921875 0.1376953125
1 0.728515625 0.533203125 0.021484375 0.017578125
1 0.73046875 0.8095703125 0.0283203125 0.017578125
1 0.7451171875 0.787109375 0.044921875 0.0283203125
0 0.62139917578125 0.84439300390625 0.620744115234375 0.85832208203125 0.631868087890625 0.909600654296875 0.65111668359375 0.92848086328125 0.683522751953125 0.93479335546875 0.71334742578125 0.9317260234375 0.75195446484375 0.92088738671875 0.759541912109375 0.89892678515625 0.754462181640625 0.86556491796875 0.73311310546875 0.834359126953125 0.70075258203125 0.80168346484375 0.668126822265625 0.78925540234375 0.63727601953125 0.81001438671875 0.62139917578125 0.84439300390625
1 0.56640625 0.6337890625 0.0185546875 0.015625