0 0.087378 0.3836490234375 0.063494646484375 0.375690919921875 0.0395299140625 0.37179487109375 0.027594150390625 0.39299267578125 0.01743623046875 0.42555959765625 0.020394435546875 0.44804001171875 0.03319408203125 0.47152573828125 0.04562438671875 0.47480227734375 0.086054353515625 0.490444896484375 0.118247529296875 0.47572133984375 0.120051109375 0.454945505859375 0.111993078125 0.417361296875 0.097994986328125 0.3892728359375 0.087378 0.3836490234375
1 0.12890625 0.4306640625 0.013671875 0.017578125
1 0.107421875 0.5869140625 0.0390625 0.056640625
1 0.126953125 0.689453125 0.0546875 0.0576171875
0 0 0.7213745703125 0.029005435546875 0.72180025 0.048135349609375 0.736260423828125 0.076655982421875 0.74127121875 0.101899150390625 0.745499279296875 0.110465634765625 0.740822353515625 0.105109841796875 0.7235465625 0.09764512109375 0.698349767578125 0.100779302734375 0.67254180859375 0.10982780859375 0.65061783984375 0.115991837890625 0.62802613671875 0.10384114453125 0.620692181640625 0.08050728515625 0.61695657421875 0.063523861328125 0.616674642578125 0.04817151953125 0.62046496484375 0.026207904296875 0.6265589765625 0 0.62559354296875 0 0.6385290546875 0 0.6823593671875 0 0.7213745703125
0 0.226845521484375 0.6068733125 0.197685185546875 0.62561728515625 0.179930736328125 0.682061390625 0.186306423828125 0.716296537109375 0.201556169921875 0.731475453125 0.23185583203125 0.74946831640625 0.261663591796875 0.757800443359375 0.2900562421875 0.72635754296875 0.296344220703125 0.686635560546875 0.29580078125 0.655043162109375 0.285414857421875 0.63423394140625 0.255628798828125 0.619462529296875 0.226845521484375 0.6068733125
1 0.2421875 0.544921875 0.021484375 0.0341796875
1 0.2568359375 0.5400390625 0.009765625 0.013671875
1 0.239476634765625 0.592496142578125 0.244806134765625 0.57204258203125 0.233028609375 0.5584997109375 0.21597222265625 0.54567901171875 0.203948748046875 0.56755401171875 0.204991318359375 0.599188609375 0.217979599609375 0.60403645703125 0.239476634765625 0.592496142578125
1 0.1259765625 0.5361328125 0.0126953125 0.0205078125
1 0.1748046875 0.505859375 0.015625 0.0263671875
1 0.226242404296875 0.52268880078125 0.21141041015625 0.51852333984375 0.192636900390625 0.515647908203125 0.171847873046875 0.51539713671875 0.1668212890625 0.50357349609375 0.158987087890625 0.48806905859375 0.131944443359375 0.48148148046875 0.13112973828125 0.517860244140625 0.1345323359375 0.5431604453125 0.122601091796875 0.548429060546875 0.120496962890625 0.558210359375 0.13378001953125 0.5821891875 0.15098831640625 0.593660783203125 0.17472963671875 0.593309943359375 0.18831741796875 0.580443431640625 0.196431025390625 0.56441695703125 0.219364873046875 0.54529200390625 0.226242404296875 0.52268880078125
1 0.169921875 0.4345703125 0.0576171875 0.1123046875
1 0.2822265625 0.4833984375 0.0439453125 0.048828125
0 0.21806459765625 0.378153935546875 0.20559986328125 0.399918017578125 0.20709544921875 0.41973138671875 0.215618669921875 0.4456319921875 0.235288267578125 0.473876349609375 0.25618851171875 0.482837818359375 0.267390046875 0.462034626953125 0.28362178125 0.4659444921875 0.297726779296875 0.458326099609375 0.2970458984375 0.446379484375 0.293630642578125 0.423748552734375 0.283978044921875 0.399398388671875 0.275217013671875 0.385114052734375 0.263511826171875 0.37858193359375 0.24551594921875 0.37503978515625 0.230454283203125 0.3729226953125 0.21806459765625 0.378153935546875
1 0.3408203125 0.482421875 0.056640625 0.0810546875
1 0.3642578125 0.427734375 0.0078125 0.0107421875
1 0.37708333203125 0.49876543359375 0.3583948203125 0.518330439453125 0.34211968359375 0.53710696484375 0.348536060546875 0.550676359375 0.36612594140625 0.56466893359375 0.38122016015625 0.580773775390625 0.400707103515625 0.58259307421875 0.420993380859375 0.563667052734375 0.41749222265625 0.55058111328125 0.404799623046875 0.530078125 0.392455150390625 0.50854311328125 0.37708333203125 0.49876543359375
1 0.3310546875 0.548828125 0.013671875 0.017578125
1 0.39774124609375 0.58288604296875 0.3723388671875 0.566196470703125 0.35982349609375 0.551409384765625 0.34554850390625 0.545771845703125 0.332646123046875 0.56108579296875 0.30968695703125 0.564932966796875 0.29386393359375 0.566552130859375 0.282191298828125 0.578507185546875 0.29929380078125 0.60254508984375 0.31166087890625 0.632073447265625 0.3292444296875 0.67592230859375 0.3502965859375 0.671303529296875 0.3590856484375 0.64352333984375 0.390774197265625 0.621172115234375 0.404638671875 0.59996383203125 0.39774124609375 0.58288604296875
1 0.421656177734375 0.6969762734375 0.418561921875 0.68320433203125 0.422182435546875 0.669209345703125 0.406044740234375 0.657444783203125 0.38787163671875 0.642757763671875 0.368760849609375 0.63646315625 0.36875 0.63672839453125 0.355736400390625 0.646434943359375 0.347383173828125 0.685690345703125 0.355516673828125 0.717228490234375 0.374852611328125 0.738717689453125 0.38801812109375 0.764097462890625 0.39831000390625 0.78876953125 0.40705747265625 0.796882234375 0.4243408203125 0.788364439453125 0.435833513671875 0.75680820703125 0.446091037109375 0.729703173828125 0.442849392578125 0.711706693359375 0.421656177734375 0.6969762734375
0 0.466647677734375 0.65494912109375 0.4510082109375 0.64075520703125 0.440908021484375 0.62323736328125 0.43125 0.610185185546875 0.41394585546875 0.6205644765625 0.4067834921875 0.6511682578125 0.410511611328125 0.66336202734375 0.42620804296875 0.67317587890625 0.43425835546875 0.683526234375 0.443529369140625 0.697995033203125 0.452562572265625 0.712056326171875 0.47195999609375 0.714852189453125 0.4794469765625 0.705154080078125 0.48019115234375 0.68794849609375 0.47348813671875 0.668091724609375 0.466647677734375 0.65494912109375
1 0.517526583984375 0.59488208984375 0.50406741015625 0.580631994140625 0.485121888671875 0.5964433828125 0.4667652265625 0.601930216796875 0.450925021484375 0.603410734375 0.433775498046875 0.600698060546875 0.43884096484375 0.622694830078125 0.44816080859375 0.636481240234375 0.464208080078125 0.654085888671875 0.47542769921875 0.67001953125 0.484752060546875 0.698354310546875 0.493189380859375 0.70503833984375 0.520751953125 0.7049768515625 0.53298520703125 0.668938078125 0.53231608203125 0.635538435546875 0.517526583984375 0.59488208984375
1 0.541474970703125 0.595469232421875 0.57185962890625 0.58317539453125 0.5947229453125 0.567664931640625 0.587187138671875 0.55293571484375 0.554599791015625 0.554544029296875 0.53145073828125 0.5489523046875 0.531521267578125 0.524786603515625 0.540810365234375 0.49462769921875 0.53505316796875 0.48204812890625 0.503309462890625 0.497630931640625 0.4795618125 0.492586564453125 0.460185185546875 0.46666666796875 0.44257631640625 0.47557991015625 0.425077763671875 0.49834948828125 0.41294849609375 0.53072555078125 0.4146864140625 0.556908275390625 0.421459056640625 0.58173828125 0.435861544921875 0.60807412109375 0.451573349609375 0.610363619140625 0.47000416015625 0.60892168359375 0.484276439453125 0.60130690625 0.504540111328125 0.586629533203125 0.52287959375 0.59245635546875 0.541474970703125 0.595469232421875
0 0.47118598046875 0.36725019140625 0.4564208984375 0.34810836328125 0.424305556640625 0.329938271484375 0.4080322265625 0.3526101953125 0.39344075390625 0.38128616796875 0.392286060546875 0.42492525 0.401313837890625 0.45255232421875 0.415053529296875 0.47544849609375 0.427524595703125 0.48231095703125 0.43612376953125 0.48246527734375 0.446138056640625 0.476281587890625 0.4555003984375 0.44290244140625 0.46337709765625 0.421694154296875 0.4762170859375 0.398624373046875 0.47118598046875 0.36725019140625
0 0.629566333984375 0.342755353515625 0.606944443359375 0.32932098828125 0.6075647421875 0.329893662109375 0.586548755859375 0.3656286171875 0.565625904296875 0.41135585546875 0.558033130859375 0.4281587578125 0.571241138671875 0.44423707421875 0.60366030078125 0.47288652734375 0.632670537109375 0.461699458984375 0.661736833984375 0.43749397265625 0.66176034375 0.39969376953125 0.652124927734375 0.372644193359375 0.629566333984375 0.342755353515625
1 0.5888671875 0.509765625 0.0078125 0.009765625
1 0.6162109375 0.53125 0.0048828125 0.009765625
1 0.5546875 0.638671875 0.005859375 0.009765625
0 0.679848451171875 0.67829258203125 0.6755895546875 0.635044126953125 0.66450014453125 0.617926552734375 0.643055556640625 0.59043209765625 0.59417317578125 0.607137345703125 0.57723343359375 0.619609615234375 0.572252060546875 0.638306568359375 0.575208876953125 0.66128472265625 0.58255660546875 0.675604021484375 0.58260543359375 0.711253376953125 0.59297779296875 0.73779417578125 0.61594780859375 0.742157359375 0.66045826171875 0.739430216796875 0.677947771484375 0.72228612109375 0.679848451171875 0.67829258203125
1 0.71935221484375 0.57763792578125 0.743696650390625 0.549298322265625 0.75924388671875 0.531436873046875 0.752487521484375 0.51705005859375 0.738407841796875 0.50240644140625 0.722911240234375 0.478631365234375 0.71058394921875 0.45894097265625 0.6951696328125 0.442427419921875 0.679341181640625 0.42480709765625 0.67502260546875 0.424955392578125 0.64062048046875 0.45170355859375 0.62896683203125 0.46737316796875 0.616999421875 0.497614052734375 0.6181604453125 0.515148775390625 0.631374783203125 0.552508921875 0.63614547265625 0.58152608984375 0.6650218828125 0.607771509765625 0.682856806640625 0.617297212890625 0.698886900390625 0.6077787421875 0.71935221484375 0.57763792578125
1 0.72265625 0.4365234375 0.009765625 0.0126953125
1 0.677734375 0.380859375 0.0078125 0.009765625
1 0.80919958203125 0.4476526328125 0.798757595703125 0.456470630859375 0.77451714453125 0.445943044921875 0.749688947265625 0.45616198828125 0.726392748046875 0.4774404609375 0.74844925390625 0.506709345703125 0.7533166953125 0.53288966015625 0.76067708203125 0.559514853515625 0.769496888671875 0.578428818359375 0.784173357421875 0.58180700390625 0.81312572265625 0.563097994140625 0.827023654296875 0.559655912109375 0.831923646484375 0.53337432421875 0.8312744140625 0.498039640625 0.843281611328125 0.452399208984375 0.84217936328125 0.419273244140625 0.836471896484375 0.413522376953125 0.8222620078125 0.42620925 0.80919958203125 0.4476526328125
0 0.841030091796875 0.35689621875 0.81942816796875 0.33562765234375 0.808517794921875 0.33169849609375 0.787226923828125 0.31529465625 0.748611111328125 0.326543208984375 0.749584056640625 0.32685787890625 0.74329788671875 0.332826966796875 0.7341064453125 0.38840301953125 0.74320113671875 0.406708140625 0.75306803515625 0.435335888671875 0.779423466796875 0.45248842578125 0.802598740234375 0.453043017578125 0.82135326171875 0.434663146484375 0.83523491796875 0.415650318359375 0.853410734375 0.37874590234375 0.841030091796875 0.35689621875
1 0.84316587109375 0.71261091796875 0.86077202734375 0.7048562890625 0.87760687890625 0.688229408203125 0.8842737265625 0.6407937890625 0.88687789453125 0.619350404296875 0.88645200390625 0.57554253515625 0.88178530078125 0.54480372265625 0.87375307421875 0.51810257421875 0.86541431640625 0.523998119140625 0.847158021484375 0.53527801953125 0.8209680625 0.55285614453125 0.814328341796875 0.5639383203125 0.82252151953125 0.580644771484375 0.829482240234375 0.600825857421875 0.829645001953125 0.62009428125 0.842828595703125 0.64184389453125 0.843775318359375 0.65735556640625 0.83910409375 0.689067322265625 0.84316587109375 0.71261091796875
1 0.8603515625 0.517578125 0.0078125 0.009765625
0 0.83596010546875 0.618768083984375 0.827637623046875 0.599259740234375 0.81065266796875 0.589498939453125 0.78244809765625 0.5801866328125 0.781944443359375 0.58148148046875 0.762844509765625 0.603583140625 0.746445494140625 0.630488041015625 0.740907119140625 0.649668451171875 0.75308792578125 0.6797441640625 0.76184895703125 0.7030008203125 0.77298538671875 0.720230517578125 0.792055482421875 0.727712673828125 0.81534107421875 0.72026909765625 0.83358470703125 0.6935173125 0.841375505859375 0.673414591796875 0.84452673046875 0.6404935859375 0.83596010546875 0.618768083984375
0 1 0.5718038671875 0.981821470703125 0.574687740234375 0.94983271875 0.57255256640625 0.933741138671875 0.5899751640625 0.912358037109375 0.616151861328125 0.9036304609375 0.642549189453125 0.91336262890625 0.676308111328125 0.932996962890625 0.698460408203125 0.93909957421875 0.69692201953125 0.948444734375 0.707396556640625 0.962258572265625 0.70866729296875 0.9839599609375 0.69089023828125 1 0.66650511328125 1 0.5897798515625 1 0.5718038671875
1 0.917718279296875 0.475079572265625 0.893384693359375 0.50565803515625 0.903005642578125 0.53033130859375 0.92518265234375 0.545394482421875 0.943527560546875 0.5455488046875 0.95808286328125 0.54508825390625 0.97779586328125 0.5417631171875 0.97812319140625 0.521378279296875 0.97629213671875 0.47801769921875 0.965889033203125 0.463231818359375 0.946054869140625 0.457009548828125 0.917718279296875 0.475079572265625
0 1 0.349230806640625 0.98287037109375 0.318209876953125 0.96190863671875 0.312683255859375 0.92737630078125 0.319994212890625 0.89296061328125 0.359009693359375 0.89036548828125 0.39458188671875 0.905956126953125 0.43005401171875 0.920831525390625 0.45400390625 0.93172200390625 0.46070601953125 0.96160210546875 0.45280791796875 0.99795826171875 0.41808690234375 1 0.364660494140625 1 0.349230806640625
1 0.734375 0.400390625 0.015625 0.009765625
1 0.07421875 0.5556640625 0.0107421875 0.013671875
1 0.5400390625 0.5400390625 0.005859375 0.009765625
1 0.553249783203125 0.432470099609375 0.54712094921875 0.40621383203125 0.5354040078125 0.39027054296875 0.520968966796875 0.38652464453125 0.493287037109375 0.3876543203125 0.4727819375 0.39899932421875 0.465046296875 0.411674142578125 0.45960286328125 0.437902681640625 0.46310583203125 0.45961371484375 0.471952763671875 0.48593629296875 0.481305158203125 0.49495925 0.4998779296875 0.49929591015625 0.52584906640625 0.48688271484375 0.543398255859375 0.47691695703125 0.551146556640625 0.456978201171875 0.553249783203125 0.432470099609375