0 0.0751953125 0.3330078125 0.150390625 0.197265625
0 0.287109375 0.357421875 0.146484375 0.1904296875
0 0.505859375 0.349609375 0.1611328125 0.2158203125
1 0.416015625 0.396484375 0.0078125 0.0107421875
1 0.4658203125 0.513671875 0.0986328125 0.1171875
1 0.40625 0.5263671875 0.041015625 0.03125
1 0.4140625 0.5576171875 0.013671875 0.0126953125
0 0.0595703125 0.630859375 0.119140625 0.181640625
1 0.0341796875 0.5341796875 0.0126953125 0.0107421875
1 0.185546875 0.6474609375 0.0126953125 0.013671875
1 0.1923828125 0.673828125 0.009765625 0.015625
1 0.2080078125 0.716796875 0.021484375 0.0234375
1 0.275390625 0.5361328125 0.0234375 0.0234375
0 0.271484375 0.6181640625 0.134765625 0.1484375
0 0.4912109375 0.6328125 0.1328125 0.1328125
1 0.6396484375 0.5615234375 0.029296875 0.03125
0 0.7216796875 0.6416015625 0.125 0.158203125
1 0.7490234375 0.771484375 0.0283203125 0.056640625
1 0.765625 0.736328125 0.013671875 0.013671875
1 0.796875 0.7822265625 0.0126953125 0.013671875
1 0.650390625 0.73828125 0.009765625 0.009765625
1 0.62109375 0.724609375 0.009765625 0.0126953125
1 0.845703125 0.720703125 0.015625 0.015625
1 0.7294921875 0.51953125 0.0107421875 0.0126953125
1 0.7451171875 0.5234375 0.0205078125 0.013671875
1 0.86328125 0.546875 0.0107421875 0.0107421875
1 0.931640625 0.556640625 0.025390625 0.015625
0 0.9501953125 0.689453125 0.099609375 0.1689453125
0 0.9326171875 0.37109375 0.134765625 0.2001953125
0 0.728515625 0.3662109375 0.140625 0.2060546875
1 0.494140625 0.7490234375 0.013671875 0.0185546875
1 0.1865234375 0.6923828125 0.0078125 0.0126953125