1 0.0751953125 0.4716796875 0.013671875 0.013671875
1 0.150390625 0.3798828125 0.01171875 0.015625
0 0.0732421875 0.3916015625 0.146484375 0.158203125
1 0.0126953125 0.521484375 0.025390625 0.09375
1 0.0673828125 0.5595703125 0.0234375 0.025390625
1 0.0546875 0.6162109375 0.08203125 0.08203125
1 0.095703125 0.5810546875 0.017578125 0.025390625
1 0.13671875 0.5419921875 0.119140625 0.14453125
1 0.1376953125 0.591796875 0.025390625 0.02734375
1 0.0341796875 0.736328125 0.0390625 0.103515625
0 0.1201171875 0.703125 0.15234375 0.154296875
0 0.337890625 0.6748046875 0.1640625 0.16796875
1 0.3134765625 0.5283203125 0.12890625 0.1328125
1 0.396484375 0.490234375 0.029296875 0.041015625
1 0.390625 0.44140625 0.017578125 0.0234375
0 0.2890625 0.3583984375 0.12109375 0.12109375
0 0.5087890625 0.3037109375 0.134765625 0.154296875
1 0.5595703125 0.47265625 0.03125 0.037109375
1 0.6162109375 0.5771484375 0.0234375 0.029296875
1 0.4375 0.6572265625 0.02734375 0.03125
1 0.5224609375 0.6806640625 0.021484375 0.025390625
0 0.453765755859375 0.56724118359375 0.45018529296875 0.623341564453125 0.508610046875 0.683839486328125 0.523058576171875 0.672760373046875 0.54990365234375 0.704274193359375 0.584496234375 0.70675431640625 0.613197873046875 0.64858198046875 0.608012587890625 0.59690826171875 0.582994830078125 0.566381876953125 0.529191060546875 0.508674703125 0.49354318359375 0.5005648984375 0.453765755859375 0.56724118359375
1 0.669921875 0.6044921875 0.01953125 0.025390625
0 0.7861328125 0.5888671875 0.138671875 0.1484375
1 0.8388671875 0.45703125 0.0234375 0.02734375
1 0.9404296875 0.607421875 0.01171875 0.015625
0 0.966796875 0.5185546875 0.06640625 0.162109375
1 0.6455078125 0.4970703125 0.01953125 0.021484375
1 0.7060546875 0.4443359375 0.16015625 0.177734375
0 0.701171875 0.2763671875 0.15234375 0.162109375
0 0.9189453125 0.2333984375 0.134765625 0.18359375
1 0.9599609375 0.3564453125 0.015625 0.015625