1 0.09375 0.2626953125 0.041015625 0.04296875
0 0.1162109375 0.2041015625 0.125 0.11328125
1 0.125 0.3203125 0.041015625 0.0546875
1 0.1181640625 0.3896484375 0.013671875 0.015625
1 0.0595703125 0.3525390625 0.021484375 0.021484375
1 0.0947265625 0.3359375 0.009765625 0.015625
1 0.1474609375 0.408203125 0.01171875 0.01171875
1 0.0908203125 0.45703125 0.013671875 0.013671875
0 0.0556640625 0.5224609375 0.111328125 0.201171875
1 0.1171875 0.478515625 0.015625 0.013671875
1 0.1181640625 0.49609375 0.015625 0.021484375
1 0.134765625 0.4921875 0.01171875 0.013671875
1 0.14453125 0.5205078125 0.01171875 0.013671875
0 0.22265625 0.5517578125 0.19921875 0.24609375
1 0.12890625 0.6435546875 0.01171875 0.013671875
1 0.310546875 0.5234375 0.009765625 0.01171875
1 0.33203125 0.5283203125 0.015625 0.017578125
1 0.3564453125 0.5400390625 0.009765625 0.013671875
1 0.2548828125 0.42578125 0.01171875 0.015625
1 0.220703125 0.3916015625 0.01171875 0.009765625
1 0.2841796875 0.4375 0.009765625 0.01171875
1 0.3271484375 0.4072265625 0.01171875 0.015625
1 0.3564453125 0.4189453125 0.009765625 0.01171875
1 0.3818359375 0.4228515625 0.013671875 0.013671875
1 0.3955078125 0.427734375 0.009765625 0.01171875
1 0.32421875 0.505859375 0.01171875 0.01171875
1 0.4150390625 0.4287109375 0.009765625 0.015625
1 0.4560546875 0.453125 0.09765625 0.11328125
1 0.4814453125 0.4677734375 0.01171875 0.01171875
1 0.4892578125 0.4716796875 0.0078125 0.01171875
1 0.4970703125 0.4990234375 0.041015625 0.044921875
1 0.5458984375 0.453125 0.0078125 0.01171875
1 0.5439453125 0.5361328125 0.009765625 0.01171875
1 0.546875 0.5849609375 0.013671875 0.01953125
0 0.482421875 0.60546875 0.154296875 0.208984375
0 0.32421875 0.255859375 0.162109375 0.181640625
1 0.236328125 0.2255859375 0.009765625 0.01171875
0 0.52734375 0.2783203125 0.212890625 0.24609375
1 0.6630859375 0.3310546875 0.015625 0.017578125
1 0.6767578125 0.3115234375 0.009765625 0.013671875
0 0.7685546875 0.3447265625 0.166015625 0.177734375
1 0.7666015625 0.4482421875 0.01171875 0.017578125
0 0.9521484375 0.41015625 0.095703125 0.16796875
1 0.9755859375 0.5478515625 0.048828125 0.130859375
0 0.9169921875 0.6728515625 0.142578125 0.1796875
1 0.87109375 0.6083984375 0.013671875 0.01953125
1 0.8330078125 0.6708984375 0.013671875 0.015625
0 0.716796875 0.6435546875 0.197265625 0.224609375
1 0.625 0.5634765625 0.01953125 0.025390625
1 0.0693359375 0.8369140625 0.138671875 0.169921875
1 0.263671875 0.8828125 0.3046875 0.20703125
1 0.521484375 0.9404296875 0.2734375 0.119140625
1 0.73046875 0.9765625 0.1953125 0.046875
1 0.4755859375 0.1796875 0.015625 0.01953125
1 0.6708984375 0.4775390625 0.009765625 0.013671875
1 0.6220703125 0.478515625 0.009765625 0.009765625
1 0.5244140625 0.455078125 0.01953125 0.013671875
1 0.80078125 0.5126953125 0.01171875 0.015625