0 0.3408203125 0.8837890625 0.146484375 0.12109375
1 0.478515625 0.962890625 0.1015625 0.07421875
1 0.4794921875 0.90234375 0.099609375 0.09375
1 0.470703125 0.837890625 0.083984375 0.0546875
1 0.478515625 0.783203125 0.103515625 0.06640625
1 0.55078125 0.7724609375 0.140625 0.09375
0 0.6015625 0.8544921875 0.15625 0.11328125
1 0.65625 0.9453125 0.099609375 0.087890625
1 0.4990234375 0.689453125 0.072265625 0.076171875
1 0.478515625 0.6416015625 0.033203125 0.033203125
1 0.5654296875 0.7119140625 0.015625 0.01171875
1 0.6064453125 0.7060546875 0.013671875 0.009765625
0 0.5908203125 0.6484375 0.138671875 0.1171875
1 0.4541015625 0.595703125 0.099609375 0.12890625
1 0.3779296875 0.5859375 0.033203125 0.04296875
1 0.2646484375 0.6201171875 0.0546875 0.037109375
0 0.302734375 0.6865234375 0.16796875 0.130859375
1 0.669921875 0.4990234375 0.02734375 0.01953125
1 0.5341796875 0.5654296875 0.01953125 0.01953125
1 0.5576171875 0.5654296875 0.013671875 0.009765625
1 0.4697265625 0.4287109375 0.107421875 0.095703125
1 0.3984375 0.4755859375 0.060546875 0.103515625
0 0.2919921875 0.4677734375 0.166015625 0.130859375
1 0.3701171875 0.3310546875 0.029296875 0.021484375
1 0.3994140625 0.3974609375 0.02734375 0.029296875
1 0.3896484375 0.361328125 0.02734375 0.01953125
1 0.4228515625 0.3056640625 0.0234375 0.017578125
0 0.28515625 0.2568359375 0.14453125 0.16015625
1 0.3974609375 0.1865234375 0.107421875 0.072265625
1 0.5234375 0.18359375 0.083984375 0.052734375
1 0.6298828125 0.2783203125 0.080078125 0.07421875
1 0.587890625 0.1044921875 0.01171875 0.009765625
1 0.4091796875 0.0966796875 0.091796875 0.05859375
0 0.546875 0.0458984375 0.15234375 0.091796875
0 0.2783203125 0.07421875 0.19140625 0.130859375
0 0.5025958671875 0.2599207421875 0.509541419921875 0.2922116640625 0.57469753125 0.29781661328125 0.59088930078125 0.29100622265625 0.59687424609375 0.27032635546875 0.611340935546875 0.23943873046875 0.638755404296875 0.212804603515625 0.6421765234375 0.189385302734375 0.6142204140625 0.181237345703125 0.568773794921875 0.185499119140625 0.54519378125 0.2033653671875 0.5058819140625 0.21118775390625 0.5025958671875 0.2599207421875
0 0.6565035234375 0.4559235078125 0.6698315546875 0.4279863046875 0.667665634765625 0.41308580078125 0.635761044921875 0.40200129296875 0.597153888671875 0.384544498046875 0.56863963671875 0.4024631328125 0.541527302734375 0.42536882421875 0.527252591796875 0.456606896484375 0.53877601953125 0.492094658203125 0.577165626953125 0.518612861328125 0.577661447265625 0.517111064453125 0.6247936640625 0.48305482421875 0.6565035234375 0.4559235078125