1 0.681640625 0.951171875 0.025390625 0.015625
1 0.66796875 0.9794921875 0.0234375 0.017578125
1 0.662109375 0.947265625 0.015625 0.01171875
1 0.6669921875 0.853515625 0.033203125 0.021484375
1 0.69921875 0.8916015625 0.01953125 0.01953125
1 0.7138671875 0.8115234375 0.12109375 0.076171875
1 0.478515625 0.974609375 0.05859375 0.05078125
1 0.4716796875 0.9140625 0.0234375 0.025390625
1 0.49609375 0.900390625 0.015625 0.03515625
1 0.470703125 0.837890625 0.03515625 0.0390625
0 0.615059763671875 0.964740751953125 0.657639990234375 0.955679875 0.6491124921875 0.917424 0.66600595703125 0.88209713671875 0.596306421875 0.865173638671875 0.576820005859375 0.8644309375 0.576734681640625 0.941119283203125 0.615059763671875 0.964740751953125
1 0.540230517578125 0.85917387890625 0.554560255859375 0.900621087890625 0.584691142578125 0.8692661484375 0.606673275390625 0.8591429296875 0.60732509375 0.857986693359375 0.544265962890625 0.82644356640625 0.540230517578125 0.85917387890625
1 0.45997616015625 0.871455830078125 0.512580306640625 0.889102947265625 0.5571264453125 0.927128943359375 0.554023564453125 0.896380658203125 0.54514578515625 0.857148638671875 0.5104852734375 0.843007763671875 0.453047974609375 0.861514216796875 0.45997616015625 0.871455830078125
1 0.568359375 0.7861328125 0.091796875 0.0625
0 0.37890625 0.9345703125 0.119140625 0.12109375
1 0.4736328125 0.708984375 0.017578125 0.017578125
1 0.4912109375 0.6943359375 0.02734375 0.02734375
1 0.29296875 0.9560546875 0.017578125 0.013671875
0 0.437041275390625 0.641378849609375 0.41950995703125 0.63485930859375 0.371317490234375 0.686683087890625 0.357586541015625 0.70982312890625 0.373472169921875 0.754539029296875 0.4076823125 0.76908158984375 0.430976865234375 0.774248498046875 0.479904322265625 0.753487541015625 0.467523578125 0.6986296015625 0.437041275390625 0.641378849609375
1 0.548828125 0.68359375 0.111328125 0.078125
1 0.6796875 0.6904296875 0.021484375 0.013671875
0 0.6806640625 0.73828125 0.134765625 0.091796875
1 0.720703125 0.658203125 0.01953125 0.01171875
1 0.720703125 0.6484375 0.013671875 0.0078125
1 0.6650390625 0.6494140625 0.072265625 0.0546875
1 0.67578125 0.6259765625 0.009765625 0.005859375
1 0.697265625 0.61328125 0.029296875 0.01171875
1 0.6787109375 0.5908203125 0.015625 0.013671875
1 0.671875 0.57421875 0.015625 0.01171875
1 0.5908203125 0.607421875 0.041015625 0.03515625
1 0.5732421875 0.5791015625 0.04296875 0.02734375
1 0.7138671875 0.5712890625 0.017578125 0.01953125
1 0.57421875 0.5205078125 0.140625 0.083984375
1 0.53125 0.478515625 0.01953125 0.0234375
1 0.5322265625 0.4345703125 0.10546875 0.0703125
1 0.46875 0.4599609375 0.013671875 0.01171875
1 0.361328125 0.541015625 0.015625 0.013671875
1 0.42578125 0.55859375 0.01171875 0.005859375
1 0.384765625 0.54296875 0.013671875 0.0078125
0 0.424199919921875 0.540069708984375 0.46378999609375 0.542444177734375 0.482197568359375 0.541596119140625 0.468684126953125 0.493598380859375 0.466436689453125 0.472906375 0.445668779296875 0.44399780859375 0.42544846875 0.4322870859375 0.361996931640625 0.467982005859375 0.342359671875 0.49470283203125 0.34128766015625 0.510829259765625 0.378907037109375 0.527962626953125 0.424199919921875 0.540069708984375
0 0.745295341796875 0.559235548828125 0.762033955078125 0.532585294921875 0.777079318359375 0.50734551171875 0.77352189453125 0.50099432421875 0.7727975625 0.503285732421875 0.729944736328125 0.504886712890625 0.69665521875 0.48379345703125 0.67445765625 0.4684592734375 0.662292849609375 0.48719534765625 0.658413037109375 0.533873658203125 0.66050030859375 0.5522266953125 0.714673876953125 0.561437234375 0.745295341796875 0.559235548828125
1 0.676636814453125 0.469478505859375 0.705247794921875 0.493240767578125 0.736080251953125 0.504357625 0.779828701171875 0.4851287890625 0.788333458984375 0.431947677734375 0.76601449609375 0.41813944140625 0.730692947265625 0.42552900390625 0.7015776796875 0.408499087890625 0.661303212890625 0.428847474609375 0.627734826171875 0.45020787890625 0.63106360546875 0.46543690234375 0.653409578125 0.477612384765625 0.676636814453125 0.469478505859375
1 0.748046875 0.41796875 0.0078125 0.009765625
1 0.7451171875 0.408203125 0.005859375 0.005859375
1 0.7255859375 0.400390625 0.013671875 0.013671875
1 0.75390625 0.3486328125 0.015625 0.01171875
0 0.72493664453125 0.395737201171875 0.767362265625 0.403169146484375 0.82649053125 0.36637892578125 0.782973435546875 0.34921064453125 0.750395 0.35423645703125 0.7536124375 0.328843609375 0.725420662109375 0.31424148828125 0.677828087890625 0.319566806640625 0.675365087890625 0.348450197265625 0.682667572265625 0.396021251953125 0.70315584765625 0.404846955078125 0.72493664453125 0.395737201171875
1 0.76953125 0.3095703125 0.0234375 0.013671875
1 0.7705078125 0.275390625 0.029296875 0.0234375
1 0.736328125 0.287109375 0.0390625 0.029296875
1 0.6142578125 0.40234375 0.013671875 0.01171875
1 0.5634765625 0.384765625 0.013671875 0.037109375
1 0.607421875 0.2412109375 0.02734375 0.021484375
1 0.5712890625 0.25 0.015625 0.021484375
1 0.4599609375 0.3671875 0.009765625 0.009765625
0 0.4541015625 0.3017578125 0.154296875 0.12109375
1 0.44921875 0.1572265625 0.015625 0.013671875
1 0.4853515625 0.1318359375 0.033203125 0.0234375
1 0.6103515625 0.04296875 0.05859375 0.07421875
1 0.53648277734375 0.081122609375 0.5497533359375 0.1027284453125 0.58106318359375 0.12364461328125 0.60287969921875 0.10468059375 0.60166009765625 0.10192217578125 0.596431880859375 0.071410232421875 0.56619621875 0.06408392578125 0.539386298828125 0.07287428125 0.53648277734375 0.081122609375
0 0.45678318359375 0 0.421934958984375 0.018385599609375 0.394367462890625 0.07913262109375 0.403787544921875 0.113131125 0.448513595703125 0.121856140625 0.4816345 0.12284253125 0.514129134765625 0.12245021875 0.5586642265625 0.1127663671875 0.537746291015625 0.079762712890625 0.523367927734375 0.028766580078125 0.491462732421875 0.00230427734375 0.476029921875 0 0.45678318359375 0
1 0.6279296875 0.1259765625 0.009765625 0.013671875
1 0.759765625 0.076171875 0.02734375 0.017578125
1 0.7939453125 0.0791015625 0.03125 0.017578125
1 0.78125 0.0634765625 0.017578125 0.013671875
1 0.7421875 0.05078125 0.015625 0.01171875
1 0.857421875 0.0625 0.0234375 0.017578125
1 0.7294921875 0.1005859375 0.01953125 0.0078125
1 0.6962890625 0.1025390625 0.013671875 0.0078125
0 0.837921255859375 0.10798650390625 0.804680609375 0.08765867578125 0.761015923828125 0.084449248046875 0.7255242109375 0.100581724609375 0.692946203125 0.104515767578125 0.68250817578125 0.122841453125 0.705942416015625 0.1333875546875 0.725331138671875 0.1728432734375 0.802864294921875 0.17566776953125 0.839937388671875 0.10650183984375 0.837921255859375 0.10798650390625
1 0.7431640625 0.20703125 0.013671875 0.01171875
1 0.7705078125 0.2001953125 0.02734375 0.03125
1 0.75 0.2177734375 0.013671875 0.01171875
1 0.7744140625 0.2255859375 0.033203125 0.02734375
1 0.7314453125 0.265625 0.01171875 0.009765625
1 0.7236328125 0.2236328125 0.009765625 0.0078125
1 0.8037109375 0.265625 0.009765625 0.005859375
1 0.7294921875 0.0439453125 0.01171875 0.009765625
1 0.119140625 0.0732421875 0.0234375 0.01953125
1 0.0556640625 0.0029296875 0.029296875 0.005859375
1 0.103515625 0.232421875 0.029296875 0.02734375
1 0.0546875 0.62890625 0.02734375 0.0234375