0 0.970703125 0.634765625 0.0576171875 0.1298828125
1 0.9267578125 0.681640625 0.0185546875 0.0390625
1 0.908203125 0.6357421875 0.015625 0.0185546875
1 0.9306640625 0.65234375 0.005859375 0.0126953125
1 0.884765625 0.6416015625 0.009765625 0.009765625
0 0.8037109375 0.6318359375 0.1279296875 0.162109375
1 0.76171875 0.5419921875 0.021484375 0.017578125
0 0.595703125 0.6611328125 0.134765625 0.1689453125
1 0.6416015625 0.513671875 0.1533203125 0.1591796875
1 0.611328125 0.556640625 0.013671875 0.015625
1 0.52734375 0.607421875 0.009765625 0.0107421875
0 0.3759765625 0.6337890625 0.1435546875 0.203125
1 0.3251953125 0.650390625 0.0283203125 0.025390625
0 0.1708984375 0.630859375 0.130859375 0.115234375
1 0.263671875 0.513671875 0.009765625 0.009765625
1 0.2578125 0.52734375 0.0078125 0.0107421875
1 0.134765625 0.5185546875 0.0283203125 0.0439453125
1 0.15625 0.5107421875 0.0078125 0.0107421875
0 0.0263671875 0.369140625 0.052734375 0.1171875
0 0.181640625 0.3486328125 0.146484375 0.1826171875
0 0.375 0.3662109375 0.1142578125 0.181640625
1 0.451171875 0.3798828125 0.009765625 0.0126953125
0 0.5810546875 0.3466796875 0.1435546875 0.177734375
0 0.7763671875 0.353515625 0.1484375 0.1845703125
0 0.9619140625 0.392578125 0.076171875 0.109375
1 0.98828125 0.482421875 0.005859375 0.009765625
1 0.916015625 0.5068359375 0.072265625 0.087890625
1 0.931640625 0.5009765625 0.009765625 0.015625
1 0.822265625 0.501953125 0.005859375 0.0126953125
1 0.98046875 0.4931640625 0.0126953125 0.015625
1 0.470703125 0.4970703125 0.0048828125 0.0107421875
1 0.5068359375 0.498046875 0.0078125 0.009765625