0 0.0546875 0.4619140625 0.109375 0.173828125
1 0.056640625 0.5927734375 0.046875 0.03125
0 0.08984375 0.75390625 0.115234375 0.142578125
1 0.15234375 0.8310546875 0.029296875 0.0390625
1 0.2216796875 0.5302734375 0.015625 0.017578125
1 0.14453125 0.578125 0.01171875 0.009765625
1 0.177734375 0.578125 0.0234375 0.015625
1 0.1787109375 0.619140625 0.015625 0.015625
1 0.21875 0.58984375 0.009765625 0.013671875
1 0.2216796875 0.5654296875 0.0234375 0.01953125
1 0.21736625390625 0.602251642578125 0.2105054609375 0.5672777265625 0.221387150390625 0.553440248046875 0.23354383984375 0.543465791015625 0.226726375 0.539878619140625 0.203198970703125 0.537243767578125 0.169340642578125 0.545736005859375 0.1386267421875 0.555604705078125 0.133180001953125 0.5611627109375 0.1381662109375 0.56897734375 0.138285001953125 0.5696275390625 0.16401799609375 0.573636265625 0.178360671875 0.57742098828125 0.18126277734375 0.603734490234375 0.185581927734375 0.61912698828125 0.19655866796875 0.620597513671875 0.215708251953125 0.61544001953125 0.21736625390625 0.602251642578125
1 0.2783203125 0.544921875 0.015625 0.015625
1 0.302734375 0.5439453125 0.029296875 0.0234375
1 0.3154296875 0.568359375 0.017578125 0.017578125
0 0.21875 0.419921875 0.15234375 0.17578125
0 0.2802734375 0.7119140625 0.14453125 0.177734375
1 0.3720703125 0.5771484375 0.044921875 0.0703125
1 0.427734375 0.6533203125 0.0390625 0.052734375
1 0.4052734375 0.572265625 0.0234375 0.021484375
1 0.38671875 0.5302734375 0.013671875 0.01953125
1 0.4453125 0.5380859375 0.029296875 0.0234375
1 0.4677734375 0.53515625 0.017578125 0.015625
1 0.48046875 0.5576171875 0.017578125 0.0234375
1 0.45703125 0.51171875 0.015625 0.015625
1 0.4833984375 0.529296875 0.01953125 0.0234375
1 0.4951171875 0.5263671875 0.015625 0.015625
1 0.498046875 0.498046875 0.01953125 0.01953125
1 0.5146484375 0.494140625 0.017578125 0.017578125
0 0.509765625 0.6572265625 0.111328125 0.142578125
1 0.5693359375 0.6435546875 0.015625 0.021484375
1 0.5771484375 0.533203125 0.015625 0.015625
1 0.6083984375 0.5029296875 0.013671875 0.013671875
1 0.6064453125 0.533203125 0.0234375 0.021484375
1 0.6240234375 0.5302734375 0.009765625 0.01171875
1 0.626953125 0.4970703125 0.025390625 0.021484375
1 0.6328125 0.4814453125 0.009765625 0.01171875
1 0.640625 0.4658203125 0.015625 0.015625
1 0.6455078125 0.4970703125 0.015625 0.01171875
1 0.689453125 0.48828125 0.01953125 0.013671875
1 0.7109375 0.4814453125 0.015625 0.015625
1 0.708984375 0.453125 0.01953125 0.029296875
1 0.7373046875 0.4560546875 0.02734375 0.025390625
0 0.7314453125 0.576171875 0.119140625 0.162109375
1 0.7861328125 0.4619140625 0.017578125 0.017578125
1 0.7666015625 0.447265625 0.015625 0.015625
1 0.7587890625 0.4287109375 0.009765625 0.013671875
1 0.7841796875 0.43359375 0.01171875 0.013671875
1 0.8076171875 0.4345703125 0.017578125 0.015625
1 0.8203125 0.4580078125 0.015625 0.015625
1 0.8583984375 0.44921875 0.015625 0.015625
1 0.8369140625 0.4267578125 0.01171875 0.017578125
1 0.900390625 0.412109375 0.017578125 0.017578125
1 0.888671875 0.3798828125 0.017578125 0.0234375
0 0.857421875 0.2900390625 0.19140625 0.19140625
1 0.978515625 0.455078125 0.04296875 0.05078125
0 0.9404296875 0.5634765625 0.119140625 0.150390625
0 0.65625 0.3232421875 0.123046875 0.154296875
0 0.4423828125 0.3896484375 0.15234375 0.18359375