1 0.3212890625 0.9345703125 0.033203125 0.017578125
1 0.248634927734375 0.75194120703125 0.282734369140625 0.767172322265625 0.302312818359375 0.770271033203125 0.32731479296875 0.776197984375 0.329199294921875 0.76670811328125 0.30782562109375 0.752180658203125 0.278881865234375 0.73740872265625 0.250313638671875 0.751845837890625 0.248634927734375 0.75194120703125
0 0.234375 0.806640625 0.15234375 0.115234375
0 0.587890625 0.8828125 0.228515625 0.216796875
0 0.6376953125 0.6337890625 0.15234375 0.126953125
1 0.4599609375 0.669921875 0.123046875 0.083984375
1 0.490234375 0.619140625 0.021484375 0.01953125
1 0.4912109375 0.541015625 0.01171875 0.01171875
1 0.5107421875 0.5810546875 0.083984375 0.05859375
0 0.33984375 0.564453125 0.169921875 0.150390625
1 0.2373046875 0.6279296875 0.009765625 0.0078125
1 0.2958984375 0.3662109375 0.017578125 0.01171875
0 0.3916015625 0.3720703125 0.1796875 0.138671875
1 0.533203125 0.4033203125 0.033203125 0.033203125
1 0.533203125 0.345703125 0.005859375 0.005859375
1 0.568359375 0.3330078125 0.009765625 0.01171875
1 0.6806640625 0.4765625 0.009765625 0.0078125
0 0.69921875 0.3994140625 0.197265625 0.173828125
1 0.66015625 0.244140625 0.09765625 0.0703125
1 0.6123046875 0.1689453125 0.09375 0.087890625
0 0.710913486328125 0.10006906640625 0.68220551171875 0.12106140234375 0.6599913984375 0.137735646484375 0.651195251953125 0.155865701171875 0.639648251953125 0.16905412109375 0.662413958984375 0.207103876953125 0.684855771484375 0.227689099609375 0.757917458984375 0.23429612890625 0.786667236328125 0.23261117578125 0.800100896484375 0.222018724609375 0.792226123046875 0.183432677734375 0.780942208984375 0.1576370703125 0.777055857421875 0.141855880859375 0.774552712890625 0.12869665625 0.74428925 0.11059548046875 0.710913486328125 0.10006906640625
1 0.7744140625 0.248046875 0.009765625 0.01171875
0 0.4306640625 0.1201171875 0.177734375 0.1484375
1 0.578125 0.3857421875 0.013671875 0.0078125