0 0.0390625 0.7802734375 0.05859375 0.15625
1 0.012204662109375 0.6810523046875 0.048034439453125 0.69810179296875 0.068472369140625 0.73046198046875 0.066186134765625 0.732169380859375 0.076927240234375 0.725064474609375 0.077678619140625 0.67808878515625 0.07212581640625 0.62850223046875 0.048647896484375 0.6142205234375 0.004767748046875 0.604067017578125 0.005631953125 0.620557033203125 0.00743363671875 0.65493519140625 0.012204662109375 0.6810523046875
1 0.064206427734375 0.62381648046875 0.072611439453125 0.652562162109375 0.07831787109375 0.65847459375 0.10697600390625 0.634915546875 0.11504360546875 0.6224093046875 0.100441326171875 0.60097558203125 0.09788698046875 0.55562641015625 0.08643424609375 0.54412055078125 0.0453328125 0.558674935546875 0.0294907421875 0.59368650390625 0.043863775390625 0.61599394140625 0.064206427734375 0.62381648046875
1 0.130859375 0.6162109375 0.05078125 0.07421875
0 0.0458984375 0.4736328125 0.091796875 0.169921875
0 0.21875 0.4619140625 0.10546875 0.162109375
1 0.2841796875 0.455078125 0.015625 0.01953125
1 0.232421875 0.587890625 0.029296875 0.033203125
1 0.1923828125 0.7216796875 0.03125 0.0390625
1 0.123046875 0.7294921875 0.01171875 0.013671875
1 0.138671875 0.740234375 0.009765625 0.009765625
0 0.24322126171875 0.73663330859375 0.228907849609375 0.725613900390625 0.215926408203125 0.725929025390625 0.199575931640625 0.7423418125 0.172727896484375 0.7652370625 0.129637400390625 0.78850817578125 0.112247107421875 0.817561427734375 0.116767666015625 0.869717763671875 0.15950223046875 0.88792355078125 0.1874769765625 0.908188626953125 0.21633287109375 0.920128552734375 0.248704861328125 0.88921112890625 0.26740522265625 0.860492150390625 0.26571682421875 0.821170251953125 0.260187650390625 0.78026285546875 0.24322126171875 0.73663330859375
1 0.2880859375 0.7900390625 0.005859375 0.013671875
1 0.3681640625 0.66015625 0.09375 0.17578125
1 0.359375 0.736328125 0.009765625 0.009765625
1 0.265625 0.6083984375 0.005859375 0.005859375
1 0.2841796875 0.638671875 0.005859375 0.013671875
0 0.42578125 0.443359375 0.14453125 0.20703125
1 0.5322265625 0.66015625 0.015625 0.01953125
0 0.39088559765625 0.72997959765625 0.35885395703125 0.7823145703125 0.35747141796875 0.814417865234375 0.394708548828125 0.84363548828125 0.454516359375 0.870558021484375 0.492208064453125 0.836165509765625 0.50939696875 0.79940371875 0.5153018984375 0.761742294921875 0.488258296875 0.716051240234375 0.459315197265625 0.683874205078125 0.4320836796875 0.6709014296875 0.410925265625 0.68418428125 0.39088559765625 0.72997959765625
1 0.38671875 0.859375 0.009765625 0.01171875
1 0.6181640625 0.623046875 0.01953125 0.021484375
1 0.609375 0.6728515625 0.0078125 0.01953125
1 0.614828064453125 0.762837443359375 0.63406303125 0.754944826171875 0.624307255859375 0.712648716796875 0.599912291015625 0.676765390625 0.5712545703125 0.66245181640625 0.54680593359375 0.685885326171875 0.52327897265625 0.727553390625 0.509683892578125 0.773347494140625 0.51300812890625 0.83677769921875 0.54116229296875 0.8849352890625 0.54099498828125 0.886343001953125 0.562106642578125 0.849577849609375 0.587728703125 0.804801384765625 0.610006837890625 0.795477103515625 0.614828064453125 0.762837443359375
1 0.5908203125 0.873046875 0.013671875 0.021484375
0 0.75161005859375 0.829076595703125 0.74534540625 0.76141501953125 0.709875642578125 0.712987380859375 0.66111659375 0.702496486328125 0.63500597265625 0.70948631640625 0.62452785546875 0.731867732421875 0.617713892578125 0.766869453125 0.605680921875 0.79331640625 0.580996578125 0.808321822265625 0.582096453125 0.831533130859375 0.59633539453125 0.86719868359375 0.59428647265625 0.893389505859375 0.6315788828125 0.89636384375 0.669252513671875 0.9236088203125 0.69045067578125 0.927346640625 0.7200485234375 0.91405159765625 0.7426663203125 0.886437220703125 0.75161005859375 0.829076595703125
0 0.640625 0.4775390625 0.146484375 0.18359375
1 0.710191796875 0.629782681640625 0.72158866796875 0.618777072265625 0.73067233203125 0.634944982421875 0.747048380859375 0.616363771484375 0.73946345703125 0.572512693359375 0.714686978515625 0.5596496953125 0.702677341796875 0.56945900390625 0.688464966796875 0.609694208984375 0.697761017578125 0.65341184765625 0.710191796875 0.629782681640625
1 0.74132712109375 0.6091965390625 0.729883255859375 0.622004978515625 0.71158880859375 0.6099416484375 0.703352623046875 0.61821612890625 0.711681615234375 0.6447338203125 0.733565353515625 0.67744833203125 0.7633948828125 0.660972017578125 0.78728655078125 0.64133744921875 0.78806521484375 0.624275400390625 0.778283072265625 0.602684140625 0.764636181640625 0.592180626953125 0.75247234765625 0.596758390625 0.74132712109375 0.6091965390625
1 0.78125 0.6669921875 0.013671875 0.015625
1 0.7607421875 0.578125 0.021484375 0.02734375
1 0.841796875 0.642578125 0.013671875 0.015625