0 0.021484375 0.5244140625 0.04296875 0.111328125
0 0.1730946796875 0.438073349609375 0.13962135546875 0.433080796875 0.122279841796875 0.4642775234375 0.11777789453125 0.49769971875 0.1252360625 0.53059022265625 0.144363001953125 0.550151642578125 0.18176576171875 0.566678009765625 0.2060520546875 0.566101107421875 0.231819365234375 0.5411928671875 0.233894349609375 0.518183970703125 0.2266203046875 0.479809322265625 0.20488396484375 0.455755099609375 0.1730946796875 0.438073349609375
1 0.189453125 0.6357421875 0.03515625 0.04296875
0 0.13210737109375 0.702910763671875 0.11451028125 0.74432401953125 0.116128607421875 0.768346166015625 0.13374751171875 0.779131400390625 0.16232056640625 0.787211181640625 0.19881630078125 0.788003328125 0.227778115234375 0.774087505859375 0.22975073046875 0.74102598046875 0.219576490234375 0.705667595703125 0.197217509765625 0.692744990234375 0.166356587890625 0.684618158203125 0.13210737109375 0.702910763671875
1 0.1298828125 0.7763671875 0.0234375 0.017578125
1 0.142578125 0.904296875 0.037109375 0.04296875
1 0.1923828125 0.892578125 0.0546875 0.0546875
1 0.240234375 0.8681640625 0.02734375 0.041015625
1 0.2626953125 0.89453125 0.029296875 0.0390625
1 0.2548828125 0.8408203125 0.017578125 0.02734375
1 0.23828125 0.7529296875 0.021484375 0.02734375
1 0.29296875 0.7958984375 0.015625 0.01953125
1 0.3388671875 0.80078125 0.01953125 0.01953125
1 0.3603515625 0.802734375 0.013671875 0.021484375
1 0.4404296875 0.7685546875 0.015625 0.01953125
1 0.26533692578125 0.734772259765625 0.287984548828125 0.75342159375 0.300360693359375 0.74786619921875 0.318271298828125 0.722797537109375 0.334356228515625 0.69385954296875 0.33170449609375 0.66105 0.330572076171875 0.62764850390625 0.311486583984375 0.62284651171875 0.277111525390625 0.629420693359375 0.255815654296875 0.636517693359375 0.24323696875 0.664991767578125 0.2451561796875 0.698383203125 0.26533692578125 0.734772259765625
0 0.37577503515625 0.803962705078125 0.39959868359375 0.802186927734375 0.421914025390625 0.782766259765625 0.4284269375 0.747108099609375 0.422121876953125 0.707981322265625 0.4029775390625 0.688426591796875 0.379038443359375 0.674404359375 0.3354088359375 0.664805572265625 0.3353431484375 0.66792475390625 0.332925025390625 0.67522888671875 0.324011408203125 0.7018985703125 0.31654638671875 0.72723340234375 0.3205432421875 0.759785166015625 0.328028150390625 0.779992578125 0.345310626953125 0.79204443359375 0.37577503515625 0.803962705078125
1 0.3662109375 0.5927734375 0.033203125 0.0390625
1 0.3671875 0.55859375 0.052734375 0.056640625
0 0.3505859375 0.4794921875 0.09375 0.126953125
1 0.3994140625 0.466796875 0.0234375 0.02734375
0 0.5224609375 0.4755859375 0.1015625 0.1171875
1 0.638671875 0.5283203125 0.1015625 0.111328125
1 0.5126953125 0.74609375 0.013671875 0.021484375
1 0.4697265625 0.7265625 0.029296875 0.041015625
1 0.4892578125 0.7236328125 0.017578125 0.021484375
1 0.5048828125 0.7216796875 0.015625 0.02734375
0 0.5395365 0.743044884765625 0.570937048828125 0.753841541015625 0.59540398046875 0.751777244140625 0.61096589453125 0.730376833984375 0.614884314453125 0.691274744140625 0.6092342109375 0.629630763671875 0.595604900390625 0.611290748046875 0.580141689453125 0.604159712890625 0.55546573828125 0.60101589453125 0.533812998046875 0.602127306640625 0.533304126953125 0.60223989453125 0.51822986328125 0.6263134765625 0.504741630859375 0.650060220703125 0.49804206640625 0.68944761328125 0.501827708984375 0.71162607421875 0.51568627734375 0.72684352734375 0.5395365 0.743044884765625
1 0.5634765625 0.7744140625 0.03515625 0.0546875
1 0.62890625 0.7666015625 0.021484375 0.03125
1 0.642578125 0.7490234375 0.009765625 0.017578125
1 0.6455078125 0.6806640625 0.037109375 0.0390625
1 0.64453125 0.70703125 0.01171875 0.01953125
1 0.6845703125 0.69140625 0.033203125 0.0390625
1 0.6953125 0.7294921875 0.013671875 0.021484375
1 0.7529296875 0.748046875 0.01953125 0.017578125
1 0.7548828125 0.7666015625 0.017578125 0.025390625
1 0.7841796875 0.76953125 0.05078125 0.0625
1 0.767578125 0.8447265625 0.03515625 0.044921875
1 0.7373046875 0.7841796875 0.015625 0.01953125
1 0.8232421875 0.7421875 0.029296875 0.033203125
1 0.8388671875 0.73046875 0.015625 0.021484375
1 0.8974609375 0.8388671875 0.056640625 0.0703125
1 0.900390625 0.7919921875 0.017578125 0.03125
1 0.8837890625 0.7509765625 0.017578125 0.013671875
1 0.8388671875 0.7900390625 0.015625 0.01953125
1 0.8193359375 0.6513671875 0.029296875 0.03515625
0 0.740234375 0.640625 0.087890625 0.1328125
1 0.712890625 0.55859375 0.103515625 0.1015625
0 0.673828125 0.4306640625 0.083984375 0.10546875
0 0.814453125 0.4404296875 0.12109375 0.158203125
1 0.7568359375 0.4384765625 0.0234375 0.0390625
1 0.884765625 0.5068359375 0.02734375 0.044921875
1 0.91657684375 0.527826693359375 0.9255540625 0.5268367890625 0.933634853515625 0.516904498046875 0.940271849609375 0.48563282421875 0.93636298046875 0.454734375 0.920684486328125 0.4503203046875 0.89829483984375 0.452052109375 0.87808594921875 0.462743212890625 0.8725414375 0.480866896484375 0.889218033203125 0.499883455078125 0.91657684375 0.527826693359375
1 0.8515625 0.6513671875 0.037109375 0.05078125
0 0.9033203125 0.6240234375 0.08203125 0.111328125
1 0.9462890625 0.6572265625 0.0234375 0.03125
1 0.970703125 0.6455078125 0.03515625 0.052734375
1 0.96875 0.763671875 0.0625 0.1640625
1 0.943359375 0.5068359375 0.0234375 0.025390625
1 0.9775390625 0.5400390625 0.044921875 0.072265625
1 0.9267578125 0.3994140625 0.017578125 0.02734375
1 0.8515625 0.27734375 0.07421875 0.087890625
1 0.0576171875 0.251953125 0.115234375 0.171875
1 0.177734375 0.2392578125 0.15234375 0.18359375
1 0.318359375 0.2265625 0.16796875 0.140625
1 0.474609375 0.2021484375 0.171875 0.16015625
1 0.6298828125 0.1748046875 0.1796875 0.13671875
1 0.76171875 0.16015625 0.14453125 0.166015625
1 0.8876953125 0.1259765625 0.166015625 0.251953125
1 0.7578125 0.025390625 0.0859375 0.05078125
1 0.8203125 0.0087890625 0.05859375 0.017578125
1 0.6640625 0.00390625 0.0234375 0.0078125
1 0.576171875 0.0087890625 0.0234375 0.017578125
1 0.525390625 0.5859375 0.013671875 0.01953125
1 0.5234375 0.609375 0.01171875 0.013671875
1 0.5 0.7978515625 0.01171875 0.013671875
1 0.3134765625 0.8125 0.009765625 0.013671875
1 0.15234375 0.8115234375 0.01171875 0.013671875