0 0.0810546875 0.318359375 0.15625 0.203125
0 0.2919921875 0.349609375 0.15234375 0.1953125
0 0.5107421875 0.349609375 0.16796875 0.220703125
1 0.419921875 0.3935546875 0.0078125 0.01171875
1 0.4658203125 0.5126953125 0.103515625 0.12109375
1 0.4052734375 0.5234375 0.04296875 0.033203125
1 0.412109375 0.5546875 0.013671875 0.013671875
0 0.05859375 0.6142578125 0.1171875 0.185546875
1 0.033203125 0.517578125 0.013671875 0.01171875
1 0.1806640625 0.63671875 0.013671875 0.013671875
1 0.1865234375 0.6630859375 0.009765625 0.015625
1 0.2001953125 0.7060546875 0.021484375 0.0234375
1 0.2744140625 0.5283203125 0.0234375 0.0234375
0 0.267578125 0.6103515625 0.140625 0.15234375
0 0.486328125 0.6328125 0.13671875 0.13671875
1 0.6376953125 0.56640625 0.03125 0.033203125
0 0.716796875 0.6494140625 0.130859375 0.162109375
1 0.7392578125 0.7802734375 0.03125 0.056640625
1 0.7568359375 0.7451171875 0.013671875 0.013671875
1 0.787109375 0.7919921875 0.013671875 0.013671875
1 0.6416015625 0.7431640625 0.009765625 0.009765625
1 0.61328125 0.728515625 0.009765625 0.013671875
1 0.837890625 0.732421875 0.015625 0.015625
1 0.728515625 0.52734375 0.01171875 0.013671875
1 0.744140625 0.5322265625 0.021484375 0.013671875
1 0.861328125 0.5595703125 0.01171875 0.01171875
1 0.9296875 0.5712890625 0.025390625 0.015625
0 0.943359375 0.705078125 0.10546875 0.171875
0 0.9326171875 0.3857421875 0.134765625 0.205078125
0 0.7333984375 0.3740234375 0.1484375 0.2109375
1 0.4853515625 0.7490234375 0.013671875 0.01953125
1 0.1796875 0.681640625 0.0078125 0.013671875