1 0.0166015625 0.357421875 0.013671875 0.013671875
1 0.03515625 0.3720703125 0.017578125 0.01953125
1 0.0380859375 0.3447265625 0.01953125 0.0234375
1 0.041015625 0.3173828125 0.015625 0.021484375
1 0.05078125 0.333984375 0.013671875 0.017578125
1 0.0634765625 0.3408203125 0.009765625 0.013671875
1 0.064453125 0.369140625 0.013671875 0.013671875
1 0.076171875 0.3544921875 0.01953125 0.021484375
1 0.169921875 0.26953125 0.01953125 0.0234375
0 0.19380568359375 0.35345976953125 0.199788646484375 0.3390226875 0.20157225 0.32556677734375 0.199304396484375 0.3136044375 0.184454263671875 0.3019690390625 0.163525984375 0.282156869140625 0.147931765625 0.265455330078125 0.132787306640625 0.265794080078125 0.12236992578125 0.267228078125 0.1055819765625 0.27226758984375 0.0820253671875 0.26732666796875 0.07389302734375 0.284749005859375 0.07365134765625 0.323085818359375 0.08391587890625 0.349724103515625 0.09245015625 0.376101482421875 0.104211556640625 0.405190533203125 0.109389166015625 0.40909219140625 0.148799603515625 0.395563078125 0.178247638671875 0.37399166015625 0.188682970703125 0.361295818359375 0.19380568359375 0.35345976953125
1 0.201171875 0.3046875 0.013671875 0.015625
1 0.193359375 0.359375 0.005859375 0.013671875
1 0.2177734375 0.32421875 0.009765625 0.009765625
1 0.236328125 0.318359375 0.013671875 0.013671875
1 0.224609375 0.3701171875 0.017578125 0.009765625
1 0.2373046875 0.35546875 0.0078125 0.01171875
1 0.25390625 0.365234375 0.005859375 0.01171875
1 0.2158203125 0.3525390625 0.013671875 0.015625
1 0.2822265625 0.388671875 0.01953125 0.017578125
1 0.1630859375 0.4658203125 0.03125 0.02734375
1 0.0322265625 0.4560546875 0.03125 0.03125
1 0.017578125 0.490234375 0.01953125 0.021484375
1 0.056640625 0.56640625 0.013671875 0.015625
1 0.14453125 0.5185546875 0.0078125 0.01171875
0 0.012998458984375 0.673336859375 0.03380527734375 0.694689201171875 0.060415095703125 0.704088076171875 0.088277234375 0.699888505859375 0.121617087890625 0.685536599609375 0.1395323828125 0.6715811953125 0.151694037109375 0.633080724609375 0.153689369140625 0.597218998046875 0.145659033203125 0.5648195234375 0.13533774609375 0.551963068359375 0.126057765625 0.551476724609375 0.112262208984375 0.565089060546875 0.09525878515625 0.577246310546875 0.082014095703125 0.581366845703125 0.07108072265625 0.581105333984375 0.0517033828125 0.576102140625 0.03953762109375 0.5607066796875 0.029268943359375 0.575457607421875 0.015272447265625 0.60204378515625 0.011914943359375 0.64432208203125 0.012998458984375 0.673336859375
1 0.0341796875 0.490234375 0.013671875 0.009765625
1 0.115234375 0.4892578125 0.021484375 0.01171875
1 0.1552734375 0.5126953125 0.005859375 0.005859375
1 0.142578125 0.548828125 0.01171875 0.017578125
1 0.1640625 0.5029296875 0.01171875 0.02734375
1 0.193359375 0.494140625 0.009765625 0.009765625
1 0.1220703125 0.4501953125 0.009765625 0.013671875
1 0.0927734375 0.43359375 0.01171875 0.017578125
1 0.2802734375 0.4736328125 0.0234375 0.021484375
1 0.28125 0.458984375 0.0078125 0.009765625
1 0.3076171875 0.4609375 0.013671875 0.021484375
1 0.194640716796875 0.500261373046875 0.186641708984375 0.528373982421875 0.183420099609375 0.550090849609375 0.196151826171875 0.568284279296875 0.2259954453125 0.58348100390625 0.241387484375 0.58501807421875 0.26349054296875 0.5647567578125 0.286019076171875 0.534994654296875 0.302963443359375 0.521579939453125 0.322561974609375 0.498658095703125 0.3260565859375 0.4829968046875 0.31510955859375 0.47207664453125 0.296018609375 0.4732709765625 0.27493891796875 0.477823583984375 0.2609501015625 0.472231130859375 0.238669580078125 0.44427133984375 0.237967630859375 0.443895306640625 0.2186645625 0.456376314453125 0.20470333203125 0.47289073828125 0.194640716796875 0.500261373046875
0 0.310389796875 0.527476783203125 0.286727052734375 0.544568123046875 0.2710716875 0.557489001953125 0.25289965625 0.566788927734375 0.235003109375 0.584394943359375 0.22823448828125 0.600295130859375 0.22731890234375 0.625125716796875 0.228343294921875 0.6703862734375 0.234550390625 0.701534822265625 0.248881595703125 0.710614966796875 0.282665830078125 0.714891849609375 0.326297662109375 0.716149888671875 0.366595158203125 0.707118529296875 0.384130021484375 0.700577666015625 0.387456345703125 0.677173669921875 0.38836198828125 0.653051240234375 0.389444142578125 0.617975896484375 0.387248255859375 0.60628172265625 0.37660821875 0.591024171875 0.353807095703125 0.56867875 0.330256931640625 0.54789251953125 0.311049755859375 0.52718540234375 0.310389796875 0.527476783203125
1 0.39453125 0.63671875 0.009765625 0.013671875
1 0.3916015625 0.578125 0.013671875 0.013671875
1 0.4072265625 0.5830078125 0.013671875 0.013671875
1 0.3408203125 0.525390625 0.0078125 0.009765625
1 0.08203125 0.498046875 0.005859375 0.0078125
1 0.1396484375 0.4912109375 0.0078125 0.009765625
1 0.2646484375 0.2734375 0.0078125 0.009765625
1 0.3193359375 0.3271484375 0.01171875 0.013671875
1 0.3525390625 0.5087890625 0.0078125 0.013671875
1 0.3583984375 0.5 0.009765625 0.013671875
1 0.3701171875 0.4794921875 0.013671875 0.013671875
1 0.3837890625 0.5078125 0.013671875 0.009765625
1 0.4013671875 0.505859375 0.0078125 0.0078125
1 0.3955078125 0.466796875 0.01953125 0.021484375
1 0.41015625 0.4853515625 0.01171875 0.01171875
1 0.412109375 0.5009765625 0.0078125 0.009765625
1 0.4140625 0.5205078125 0.005859375 0.005859375
1 0.43359375 0.5185546875 0.0078125 0.0078125
1 0.41796875 0.482421875 0.0078125 0.013671875
1 0.4287109375 0.4833984375 0.015625 0.013671875
1 0.435546875 0.46875 0.01953125 0.021484375
1 0.4384765625 0.5068359375 0.005859375 0.01171875
1 0.4814453125 0.6298828125 0.013671875 0.015625
1 0.4873046875 0.6767578125 0.0078125 0.013671875
1 0.4091796875 0.6962890625 0.0078125 0.009765625
1 0.482421875 0.5869140625 0.009765625 0.013671875
1 0.48828125 0.6083984375 0.005859375 0.01171875
1 0.509765625 0.5771484375 0.009765625 0.013671875
1 0.5146484375 0.587890625 0.009765625 0.013671875
1 0.4990234375 0.533203125 0.013671875 0.01171875
1 0.455078125 0.5146484375 0.005859375 0.0078125
1 0.4814453125 0.525390625 0.005859375 0.0078125
1 0.5068359375 0.5498046875 0.0078125 0.0078125
1 0.462890625 0.5078125 0.005859375 0.0078125
1 0.544921875 0.587890625 0.009765625 0.015625
1 0.5615234375 0.5859375 0.01171875 0.013671875
1 0.5556640625 0.5244140625 0.005859375 0.0078125
1 0.560546875 0.53515625 0.005859375 0.009765625
1 0.5615234375 0.4873046875 0.013671875 0.046875
1 0.544921875 0.4765625 0.005859375 0.01171875
1 0.583984375 0.423828125 0.02734375 0.04296875
1 0.6640625 0.5205078125 0.015625 0.021484375
1 0.64453125 0.634765625 0.01171875 0.021484375
1 0.6591796875 0.6435546875 0.01171875 0.013671875
1 0.626953125 0.6064453125 0.009765625 0.013671875
1 0.634765625 0.59765625 0.0078125 0.009765625
1 0.6103515625 0.5908203125 0.0078125 0.01171875
1 0.6943359375 0.5244140625 0.01171875 0.021484375
1 0.70703125 0.5390625 0.0078125 0.01171875
1 0.6923828125 0.484375 0.087890625 0.1015625
1 0.673828125 0.4013671875 0.013671875 0.017578125
1 0.6494140625 0.376953125 0.013671875 0.017578125
1 0.6376953125 0.3857421875 0.0078125 0.013671875
1 0.615234375 0.40625 0.009765625 0.013671875
1 0.6240234375 0.4072265625 0.0078125 0.01171875
1 0.5966796875 0.3876953125 0.01171875 0.021484375
1 0.59375 0.35546875 0.009765625 0.015625
1 0.5810546875 0.318359375 0.013671875 0.021484375
1 0.49609375 0.310546875 0.01953125 0.021484375
1 0.4775390625 0.2998046875 0.013671875 0.013671875
1 0.498046875 0.333984375 0.01171875 0.021484375
1 0.4833984375 0.3681640625 0.015625 0.029296875
1 0.47265625 0.3486328125 0.0078125 0.01171875
1 0.482421875 0.330078125 0.005859375 0.01171875
1 0.4326171875 0.3193359375 0.009765625 0.015625
1 0.439453125 0.34375 0.009765625 0.013671875
1 0.404296875 0.3349609375 0.01171875 0.015625
1 0.3837890625 0.298828125 0.009765625 0.013671875
1 0.416015625 0.3447265625 0.01171875 0.021484375
1 0.4091796875 0.3720703125 0.009765625 0.013671875
1 0.4140625 0.3896484375 0.0078125 0.01171875
1 0.40625 0.3916015625 0.005859375 0.01171875
1 0.390625 0.390625 0.0078125 0.013671875
1 0.48042740234375 0.37436046875 0.469357431640625 0.354590484375 0.45208740625 0.333306390625 0.4466157578125 0.32967665625 0.446082169921875 0.3346058125 0.4415697578125 0.34698548046875 0.42573584765625 0.355382955078125 0.414893931640625 0.365073076171875 0.4177370390625 0.393339796875 0.431568486328125 0.4102109296875 0.451738662109375 0.43299917578125 0.466817162109375 0.4428513046875 0.47857240234375 0.435948384765625 0.485069693359375 0.3997068828125 0.48042740234375 0.37436046875
1 0.494140625 0.4052734375 0.005859375 0.009765625
0 0.49311446484375 0.39663701953125 0.50349458203125 0.405053736328125 0.531965291015625 0.415745353515625 0.5617566875 0.426012400390625 0.573487904296875 0.408078447265625 0.587545966796875 0.37413225 0.588586931640625 0.347634935546875 0.5841028125 0.3345954453125 0.57347919140625 0.32736962890625 0.55919884375 0.305760509765625 0.5382763359375 0.2826418828125 0.530516046875 0.27598143359375 0.53063000390625 0.276087611328125 0.505783234375 0.3069946640625 0.499344466796875 0.332254126953125 0.493514935546875 0.354803771484375 0.488525408203125 0.384373140625 0.49311446484375 0.39663701953125
1 0.5361328125 0.2744140625 0.0078125 0.013671875
1 0.5947265625 0.5263671875 0.005859375 0.01171875
1 0.69921875 0.3994140625 0.01171875 0.01171875
1 0.6943359375 0.4169921875 0.0078125 0.013671875
1 0.6552734375 0.337890625 0.009765625 0.015625
1 0.6533203125 0.3095703125 0.03125 0.048828125
1 0.6845703125 0.3359375 0.009765625 0.013671875
1 0.7333984375 0.3515625 0.0078125 0.017578125
1 0.7421875 0.3359375 0.013671875 0.021484375
1 0.7119140625 0.2998046875 0.005859375 0.009765625
1 0.7568359375 0.3291015625 0.01171875 0.015625
1 0.82421875 0.33203125 0.013671875 0.013671875
1 0.8271484375 0.373046875 0.005859375 0.0078125
1 0.845703125 0.4140625 0.015625 0.017578125
1 0.8505859375 0.392578125 0.0078125 0.013671875
1 0.849609375 0.345703125 0.017578125 0.021484375
1 0.857421875 0.3291015625 0.013671875 0.01953125
1 0.8720703125 0.3369140625 0.017578125 0.021484375
1 0.8271484375 0.484375 0.01171875 0.015625
1 0.84375 0.521484375 0.03125 0.0234375
1 0.7548828125 0.53515625 0.0078125 0.009765625
1 0.7763671875 0.515625 0.009765625 0.0078125
1 0.818359375 0.517578125 0.013671875 0.0078125
0 0.799394427734375 0.4462413984375 0.81550057421875 0.446073779296875 0.83103874609375 0.417697099609375 0.827248962890625 0.377241490234375 0.8185091484375 0.3448688203125 0.8027520390625 0.32552203125 0.793806259765625 0.319021595703125 0.771676984375 0.32763725390625 0.754659205078125 0.34098413671875 0.736189619140625 0.36009095703125 0.728170712890625 0.36833419921875 0.7253417734375 0.376062283203125 0.731302884765625 0.392985755859375 0.753539955078125 0.425074609375 0.77384635546875 0.434309740234375 0.799394427734375 0.4462413984375
0 0.775390625 0.6474609375 0.115234375 0.15234375
1 0.8349609375 0.6064453125 0.013671875 0.01953125
1 0.951171875 0.5595703125 0.05078125 0.03125
1 0.898081833984375 0.52090001171875 0.89214774609375 0.535268423828125 0.889860076171875 0.55291738671875 0.894754189453125 0.559896052734375 0.9045778125 0.56061733203125 0.9239376953125 0.559802900390625 0.9440005 0.55208944140625 0.95050251953125 0.54682234765625 0.96668354296875 0.542928134765625 0.9804361328125 0.50601652734375 0.98083925390625 0.505373646484375 0.9801400859375 0.49210755078125 0.9717912421875 0.49125228515625 0.95794065234375 0.4914536015625 0.940052373046875 0.493784244140625 0.91501739453125 0.504284314453125 0.898081833984375 0.52090001171875
1 0.990234375 0.53515625 0.013671875 0.017578125
1 0.94140625 0.498046875 0.009765625 0.013671875
1 0.9326171875 0.333984375 0.01171875 0.015625
1 0.9287109375 0.291015625 0.01171875 0.013671875
1 0.876953125 0.525390625 0.017578125 0.013671875
1 0.892578125 0.6328125 0.015625 0.01953125
1 0.9130859375 0.603515625 0.009765625 0.009765625
1 0.9140625 0.615234375 0.01171875 0.013671875
1 0.869140625 0.66015625 0.01171875 0.01171875
1 0.8798828125 0.6826171875 0.013671875 0.013671875
1 0.8779296875 0.564453125 0.01171875 0.01171875
1 0.7890625 0.5146484375 0.0078125 0.009765625
1 0.806640625 0.53515625 0.0078125 0.013671875
1 0.8388671875 0.546875 0.005859375 0.009765625
1 0.8779296875 0.5 0.01171875 0.01171875
1 0.517578125 0.5068359375 0.0078125 0.009765625
1 0.650390625 0.45703125 0.0078125 0.015625
0 1 0.2745616015625 0.9953458125 0.267718544921875 0.970290345703125 0.26561131640625 0.927962666015625 0.2949863828125 0.907368626953125 0.31210494140625 0.91132721484375 0.31929051953125 0.917856103515625 0.335829115234375 0.92559953515625 0.35338109375 0.922254861328125 0.386390109375 0.928238810546875 0.405436787109375 0.9538812265625 0.427405140625 0.984083208984375 0.428793453125 1 0.397574939453125 1 0.2745616015625
0 0.5439453125 0.658203125 0.103515625 0.123046875
1 0.66015625 0.583984375 0.0078125 0.0078125
1 0.6865234375 0.5830078125 0.0078125 0.0078125
1 0.6103515625 0.5703125 0.0078125 0.01171875
1 0.6494140625 0.599609375 0.0078125 0.009765625
1 0.70703125 0.619140625 0.0078125 0.0078125
1 0.1669921875 0.6015625 0.009765625 0.017578125
1 0.1689453125 0.55859375 0.01171875 0.013671875
1 0.0205078125 0.2734375 0.0234375 0.095703125
1 0.5947265625 0.9716796875 0.076171875 0.056640625
1 0.6982421875 0.98046875 0.083984375 0.0390625
1 0.939453125 0.9921875 0.0703125 0.015625
1 0.0673828125 0.935546875 0.134765625 0.08984375
1 0.5322265625 0.982421875 0.021484375 0.017578125
1 0.041015625 0.0205078125 0.03125 0.02734375
1 0.9052734375 0.0439453125 0.189453125 0.056640625
0 0.926242564453125 0.707169578125 0.989824837890625 0.707246634765625 0.99725887890625 0.565396669921875 0.994297271484375 0.5517832265625 0.956139697265625 0.591890630859375 0.931313572265625 0.619565953125 0.916927140625 0.68236359375 0.926242564453125 0.707169578125
0 0.33601790234375 0.461663677734375 0.350226845703125 0.459795421875 0.36735405859375 0.41517656640625 0.37685692578125 0.373797244140625 0.363284421875 0.351180576171875 0.3138723203125 0.337942724609375 0.313924259765625 0.338161033203125 0.2944880859375 0.360196439453125 0.292615158203125 0.39704472265625 0.308591521484375 0.4424826484375 0.33601790234375 0.461663677734375