1 0.9140625 0.4990234375 0.021484375 0.033203125
1 0.970703125 0.5830078125 0.0341796875 0.0283203125
1 0.9345703125 0.56640625 0.046875 0.0341796875
1 0.947265625 0.525390625 0.037109375 0.046875
1 0.7880859375 0.5869140625 0.052734375 0.052734375
1 0.8359375 0.5625 0.009765625 0.013671875
1 0.98046875 0.701171875 0.025390625 0.046875
1 0.849022634765625 0.554183814453125 0.83876269921875 0.57018791796875 0.830843701171875 0.58300379296875 0.830457900390625 0.59546066015625 0.835539640625 0.61176751171875 0.850139853515625 0.613771541015625 0.869774587890625 0.596459994140625 0.867764193359375 0.578857755859375 0.849022634765625 0.554183814453125
1 0.96667430078125 0.710539640625 0.963683328125 0.67852071484375 0.950740861328125 0.620051546875 0.946999380859375 0.599245005859375 0.936858 0.59560667578125 0.886791087890625 0.598289876953125 0.86010842578125 0.60566834765625 0.86668816796875 0.63792840234375 0.897693021484375 0.66744362890625 0.905953615234375 0.69342099609375 0.93159441015625 0.679347244140625 0.945528509765625 0.702964248046875 0.96667430078125 0.710539640625
0 0.83599778125 0.67597683203125 0.815810466796875 0.709305876953125 0.801903494140625 0.75536238671875 0.81903553515625 0.802763845703125 0.865833173828125 0.827445826171875 0.900634765625 0.82367353515625 0.932304728515625 0.790978115234375 0.93726188671875 0.73534486328125 0.93711030078125 0.67959707421875 0.902885279296875 0.68462657421875 0.8858074921875 0.65334710546875 0.8606308671875 0.63326930078125 0.84671384765625 0.62738447265625 0.83599778125 0.67597683203125
1 0.78125 0.716796875 0.015625 0.015625
0 0.70703125 0.7314453125 0.1357421875 0.1845703125
1 0.642578125 0.6220703125 0.0126953125 0.015625
1 0.595703125 0.626953125 0.056640625 0.087890625
1 0.5888671875 0.556640625 0.0126953125 0.021484375
1 0.560546875 0.5576171875 0.0078125 0.013671875
1 0.568359375 0.6943359375 0.013671875 0.021484375
0 0.82575291796875 0.50920299609375 0.838426126953125 0.54677855078125 0.85446305078125 0.543205857421875 0.8697474609375 0.52541473828125 0.872042181640625 0.497895501953125 0.88126326171875 0.458224826171875 0.888888888671875 0.426611796875 0.862580978515625 0.432276931640625 0.836318279296875 0.43583756640625 0.813627267578125 0.4381617578125 0.789734640625 0.45509151953125 0.787157599609375 0.47911978125 0.80033215234375 0.48774943359375 0.82575291796875 0.50920299609375
1 0.730689783203125 0.48312516015625 0.755165130859375 0.47604273828125 0.77404533984375 0.464463306640625 0.793603716796875 0.448236830078125 0.811807765625 0.436117541015625 0.832193005859375 0.4321818203125 0.861679767578125 0.430483216796875 0.88722310546875 0.4262139375 0.904306921875 0.417209201171875 0.90559192578125 0.38568592578125 0.87633222265625 0.35019745703125 0.830967279296875 0.309082701171875 0.796689130859375 0.30838879296875 0.78360701171875 0.33862472265625 0.76930619921875 0.3680153671875 0.75531483203125 0.42249523046875 0.73416702734375 0.44532857421875 0.71533303515625 0.47089602734375 0.7155259375 0.48736496875 0.730689783203125 0.48312516015625
1 0.807734736328125 0.551689494140625 0.822711708984375 0.529746978515625 0.82203755859375 0.50885068359375 0.80358836328125 0.49029465625 0.789094650390625 0.47290809375 0.7698005078125 0.470977740234375 0.74489716015625 0.48843128515625 0.735892087890625 0.51430014453125 0.74892698828125 0.55440886328125 0.76764242578125 0.580209404296875 0.780570826171875 0.58718733984375 0.793998560546875 0.57847061328125 0.807734736328125 0.551689494140625
1 0.72482940234375 0.506680544921875 0.71384307421875 0.486262484375 0.71270576171875 0.48559670703125 0.69986677734375 0.508783705078125 0.69346084765625 0.5313129609375 0.69791365234375 0.5373987265625 0.71236316015625 0.53920985546875 0.723716201171875 0.54668477734375 0.73028087109375 0.543476455078125 0.73015026171875 0.530201099609375 0.72482940234375 0.506680544921875
0 0.583622685546875 0.481995884765625 0.601459017578125 0.481995884765625 0.60981204296875 0.4981902109375 0.623049888671875 0.53142280859375 0.631674181640625 0.52696196484375 0.65013543359375 0.52114545703125 0.66931905859375 0.5183256171875 0.668036064453125 0.5012860078125 0.68025012890625 0.49990087109375 0.69784332421875 0.4886362421875 0.698916337890625 0.47583778125 0.687429671875 0.44232387109375 0.697645400390625 0.41209598046875 0.67447916796875 0.41429023046875 0.65484945703125 0.391840009765625 0.63934301171875 0.389995392578125 0.625536505859375 0.40882067578125 0.60886562109375 0.448731138671875 0.59798980859375 0.472253033203125 0.583622685546875 0.481995884765625
1 0.689817830078125 0.461923439453125 0.706733861328125 0.48600260546875 0.72268538671875 0.497162744140625 0.738319427734375 0.512002744140625 0.7402745625 0.4900910390625 0.71413744921875 0.484178080078125 0.723644869140625 0.458898640625 0.744852953125 0.432471171875 0.757037880859375 0.410251361328125 0.724537037109375 0.34465020703125 0.678722994140625 0.34994025390625 0.6526833359375 0.365762173828125 0.6460011171875 0.37710048046875 0.663363232421875 0.404475041015625 0.684481900390625 0.41286088671875 0.694773984375 0.4178455078125 0.688961830078125 0.438942740234375 0.689817830078125 0.461923439453125
1 0.709674599609375 0.53580461328125 0.67947952734375 0.555132244140625 0.668300298828125 0.57710825 0.67435056640625 0.60054173046875 0.694552951171875 0.60835691015625 0.72341479296875 0.60251226953125 0.725333759765625 0.54507191015625 0.709674599609375 0.53580461328125
1 0.66981236328125 0.56630176171875 0.67828394140625 0.536061814453125 0.679217302734375 0.535310302734375 0.6421551484375 0.535709501953125 0.631996689453125 0.557353287109375 0.63842371484375 0.574181240234375 0.646099576171875 0.58974462109375 0.669202513671875 0.58864481640625 0.66981236328125 0.56630176171875
1 0.62890625 0.544921875 0.0185546875 0.0283203125
1 0.5986328125 0.4482421875 0.0126953125 0.015625
1 0.5380859375 0.427734375 0.041015625 0.056640625
1 0.4892578125 0.5712890625 0.0107421875 0.0185546875
0 0.45752355078125 0.792631173828125 0.483705873046875 0.794538751953125 0.518691326171875 0.765760298828125 0.5437463828125 0.726139189453125 0.546082296875 0.707660857421875 0.51187246875 0.64974762109375 0.47241612890625 0.62928267578125 0.44881687109375 0.61488340234375 0.438584064453125 0.63139923046875 0.43051637109375 0.64177169140625 0.417646244140625 0.6416015625 0.403566462890625 0.68495611328125 0.397596572265625 0.713417083984375 0.396895294921875 0.736053509765625 0.419277865234375 0.767693330078125 0.45752355078125 0.792631173828125
1 0.5087890625 0.46484375 0.009765625 0.015625
1 0.501356337890625 0.46521615625 0.49287873046875 0.453339333984375 0.4854068203125 0.46000514453125 0.48186426953125 0.486454046875 0.47706987109375 0.524404685546875 0.496123890625 0.526379244140625 0.506131646484375 0.506166142578125 0.509802798828125 0.48303005078125 0.501356337890625 0.46521615625
0 0.5060382109375 0.454376177734375 0.517549994140625 0.40508321484375 0.46804369921875 0.35974740625 0.449331275390625 0.349451302734375 0.41884383984375 0.38580648828125 0.40274763671875 0.41746908203125 0.396536619140625 0.448148416015625 0.42642325 0.48228255859375 0.44974822265625 0.504017435546875 0.47916365234375 0.486081640625 0.491249115234375 0.45946394921875 0.5060382109375 0.454376177734375
1 0.43736537109375 0.58250814453125 0.45580451953125 0.587693705078125 0.46763880859375 0.57451078125 0.470421810546875 0.51440329296875 0.463096587890625 0.51142805859375 0.442295404296875 0.49079834375 0.42283146875 0.502818501953125 0.41379726171875 0.5178875703125 0.417313689453125 0.53118569921875 0.418005923828125 0.56398158984375 0.43736537109375 0.58250814453125
1 0.337211451171875 0.54720721875 0.352018630859375 0.536679365234375 0.3533950625 0.520233197265625 0.33248537109375 0.51263503125 0.328452529296875 0.541459029296875 0.337211451171875 0.54720721875
1 0.3150016875 0.57602987890625 0.333911033203125 0.58528913671875 0.34471751953125 0.604237666015625 0.353712544921875 0.632308814453125 0.36373838671875 0.640738865234375 0.37452779296875 0.62037305078125 0.3700518828125 0.59634746875 0.37079837109375 0.580687638671875 0.3802957421875 0.57555164453125 0.390449177734375 0.575940125 0.39158046484375 0.5520069765625 0.40843721875 0.51454126953125 0.42032375390625 0.495008681640625 0.39784975390625 0.490933642578125 0.37142730859375 0.51169731640625 0.359082634765625 0.530359171875 0.34807520703125 0.5410785859375 0.336677958984375 0.54662717578125 0.317997685546875 0.544408810546875 0.307605130859375 0.549726990234375 0.3150016875 0.57602987890625
1 0.4257259921875 0.642801837890625 0.43835398828125 0.64027134765625 0.44149566796875 0.620003322265625 0.4277996796875 0.579356083984375 0.41962649609375 0.547625171875 0.3943574375 0.546759794921875 0.387458205078125 0.553114818359375 0.392325947265625 0.56158773828125 0.384573728515625 0.57456436328125 0.37352611328125 0.58953832421875 0.392576115234375 0.62125851953125 0.4257259921875 0.642801837890625
1 0.2493178125 0.517130701171875 0.241321455078125 0.532501177734375 0.249816140625 0.56559981640625 0.262343669921875 0.579654814453125 0.275118353515625 0.56588648828125 0.283845125 0.537180373046875 0.27941944921875 0.49374142578125 0.2493178125 0.517130701171875
1 0.24948559765625 0.530178326171875 0.218427494140625 0.52988495703125 0.21075464453125 0.53368269921875 0.2160091953125 0.56443705078125 0.22860202734375 0.579504779296875 0.24406025 0.57756103125 0.2465066796875 0.561331876953125 0.251732091796875 0.54052399609375 0.24948559765625 0.530178326171875
0 0.21237119921875 0.67890116015625 0.19421637890625 0.699500064453125 0.19399233203125 0.714227537109375 0.203756953125 0.730562521484375 0.231916513671875 0.75170128125 0.2630881484375 0.76339591796875 0.301999943359375 0.756845314453125 0.32379979296875 0.73053305078125 0.33067591796875 0.683664748046875 0.32924925390625 0.63151711328125 0.31422003515625 0.6150307578125 0.27969373046875 0.60784116796875 0.25957573828125 0.612811052734375 0.24595610546875 0.58880690625 0.225185064453125 0.57714977734375 0.220886984375 0.59108287109375 0.208637755859375 0.64465851171875 0.21237119921875 0.67890116015625
1 0.203125 0.673828125 0.0107421875 0.0126953125
1 0.1494140625 0.53125 0.0595703125 0.033203125
1 0.168977462890625 0.56542298828125 0.169781216796875 0.5498877421875 0.13220164453125 0.54419715625 0.11910948046875 0.54410740234375 0.1314079375 0.50585535546875 0.127414279296875 0.476597330078125 0.10107321484375 0.49276486328125 0.07152315625 0.501982595703125 0.055640955078125 0.510344328125 0.054619181640625 0.548423568359375 0.0468348125 0.569636005859375 0.057715646484375 0.583222146484375 0.1234598046875 0.58371377734375 0.168977462890625 0.56542298828125
0 0.1102711875 0.6954411015625 0.12651909765625 0.636275345703125 0.099831412109375 0.60053905078125 0.058266220703125 0.582770705078125 0.0283052421875 0.62618955859375 0.012269322265625 0.6446946796875 0.01082356640625 0.68342362109375 0.029121052734375 0.721604669921875 0.05263290234375 0.729308662109375 0.086034955078125 0.719918123046875 0.1102711875 0.6954411015625
0 0.06640625 0.3955078125 0.1328125 0.1591796875
0 0.23943413671875 0.50358916796875 0.270510525390625 0.5077558359375 0.289044416015625 0.51549841015625 0.31718569140625 0.486703076171875 0.329289640625 0.46869936328125 0.3242748125 0.43115113671875 0.27962962890625 0.34382716015625 0.25536205078125 0.346484375 0.23759765625 0.353244357421875 0.22884114453125 0.361088205078125 0.221551287109375 0.38379508984375 0.21112105859375 0.412519291015625 0.20305718359375 0.44694975 0.211439345703125 0.482411025390625 0.23943413671875 0.50358916796875
1 0.3388671875 0.4521484375 0.0185546875 0.0126953125