0 0.01953125 0.4658203125 0.0390625 0.1064453125
0 0.183078341796875 0.398695205078125 0.150462962890625 0.389660494140625 0.12944878515625 0.41851128515625 0.12090725390625 0.45113570703125 0.124301486328125 0.48468997265625 0.14090191796875 0.506436572265625 0.176011826171875 0.52739800390625 0.200187400390625 0.52978515625 0.2287981953125 0.50820282421875 0.23366179296875 0.48561830859375 0.23111866015625 0.446643216796875 0.2124758125 0.420119296875 0.183078341796875 0.398695205078125
1 0.1748046875 0.5966796875 0.03125 0.0390625
0 0.146344220703125 0.642581138671875 0.110120986328125 0.65656346484375 0.0876080546875 0.695523486328125 0.086286755859375 0.71956380078125 0.10245994140625 0.73241584765625 0.12983533984375 0.74391758203125 0.165962501953125 0.74915153515625 0.1964043515625 0.73886899609375 0.20239144921875 0.70629430859375 0.196602150390625 0.66995955078125 0.17598469921875 0.65440839453125 0.146344220703125 0.642581138671875
1 0.0986328125 0.7294921875 0.021484375 0.015625
1 0.095703125 0.857421875 0.033203125 0.0390625
1 0.146484375 0.8525390625 0.048828125 0.0498046875
1 0.197265625 0.833984375 0.0234375 0.0390625
1 0.216796875 0.8623046875 0.025390625 0.037109375
1 0.21484375 0.80859375 0.013671875 0.0263671875
1 0.208984375 0.71875 0.017578125 0.025390625
1 0.2587890625 0.7685546875 0.013671875 0.017578125
1 0.3037109375 0.779296875 0.017578125 0.017578125
1 0.32421875 0.783203125 0.0107421875 0.0205078125
1 0.408203125 0.759765625 0.013671875 0.0185546875
1 0.23847452734375 0.704424068359375 0.258680556640625 0.725694443359375 0.271641484375 0.72168873046875 0.2924736875 0.6989896796875 0.311965376953125 0.672227646484375 0.31333188671875 0.639339494140625 0.31627852734375 0.6060489609375 0.297920509765625 0.598956826171875 0.26300048828125 0.60129273828125 0.2409984453125 0.605741525390625 0.22504340234375 0.63247040234375 0.222878916015625 0.6658468359375 0.23847452734375 0.704424068359375
0 0.39884553125 0.736543630859375 0.397355822265625 0.69694010546875 0.3807373046875 0.675198025390625 0.35868552734375 0.65836287109375 0.31655092578125 0.64351851953125 0.316105595703125 0.6466064453125 0.31281534765625 0.653561439453125 0.300717955078125 0.67894603515625 0.290221037109375 0.703182267578125 0.290221037109375 0.735978490234375 0.295187490234375 0.756947458984375 0.31087239453125 0.771015685546875 0.33965725390625 0.786557798828125 0.36351973828125 0.78769862890625 0.38803552734375 0.77114227734375 0.39884553125 0.736543630859375
1 0.35546875 0.576171875 0.0283203125 0.0361328125
1 0.361328125 0.5419921875 0.046875 0.0517578125
0 0.3544921875 0.4619140625 0.080078125 0.1171875
1 0.404296875 0.455078125 0.0205078125 0.025390625
0 0.525390625 0.478515625 0.0888671875 0.107421875
1 0.6337890625 0.544921875 0.0908203125 0.1015625
1 0.482421875 0.74609375 0.0107421875 0.0205078125
1 0.4423828125 0.720703125 0.025390625 0.0390625
1 0.4619140625 0.720703125 0.015625 0.0205078125
1 0.4775390625 0.720703125 0.0126953125 0.0263671875
0 0.59071745703125 0.70384988671875 0.59262198046875 0.64197681640625 0.581329345703125 0.622112509765625 0.56685044921875 0.61315013671875 0.542741564453125 0.607022509765625 0.5211147734375 0.605486833984375 0.520595974609375 0.60553656640625 0.502700240234375 0.6275936171875 0.486418546875 0.6495195546875 0.4749688046875 0.68779688671875 0.47602335546875 0.71027138671875 0.48792408203125 0.727064345703125 0.509622080078125 0.746051552734375 0.53947279296875 0.76059449609375 0.56400892578125 0.76152735546875 0.5820628984375 0.74218298046875 0.59071745703125 0.70384988671875
1 0.529296875 0.7802734375 0.0283203125 0.0517578125
1 0.595703125 0.7802734375 0.0185546875 0.0283203125
1 0.611328125 0.7646484375 0.0078125 0.017578125
1 0.6220703125 0.697265625 0.033203125 0.0361328125
1 0.6181640625 0.72265625 0.009765625 0.0185546875
1 0.66015625 0.712890625 0.029296875 0.0361328125
1 0.666015625 0.751953125 0.0107421875 0.0205078125
1 0.720703125 0.77734375 0.017578125 0.015625
1 0.720703125 0.7958984375 0.015625 0.0234375
1 0.7490234375 0.8017578125 0.0439453125 0.056640625
1 0.7236328125 0.875 0.03125 0.041015625
1 0.701171875 0.810546875 0.0126953125 0.017578125
1 0.791015625 0.779296875 0.025390625 0.03125
1 0.80859375 0.7705078125 0.013671875 0.0205078125
1 0.853515625 0.884765625 0.048828125 0.0654296875
1 0.861328125 0.8388671875 0.013671875 0.029296875
1 0.8505859375 0.7958984375 0.015625 0.0126953125
1 0.80078125 0.8291015625 0.0126953125 0.0185546875
1 0.798828125 0.689453125 0.0263671875 0.03125
0 0.7216796875 0.6689453125 0.0732421875 0.125
1 0.7041015625 0.583984375 0.09375 0.0908203125
0 0.6806640625 0.4521484375 0.0732421875 0.0966796875
0 0.8193359375 0.4794921875 0.1044921875 0.146484375
1 0.7626953125 0.470703125 0.0185546875 0.037109375
1 0.880859375 0.5537109375 0.021484375 0.0419921875
1 0.87209630859375 0.526410892578125 0.886331064453125 0.5473180703125 0.910080521484375 0.578387224609375 0.91911146484375 0.57849874609375 0.92834246484375 0.5696252890625 0.938741048828125 0.539395556640625 0.938626888671875 0.508251048828125 0.92360319921875 0.50195915234375 0.901169388671875 0.500949435546875 0.87980821484375 0.509098005859375 0.87209630859375 0.526410892578125
1 0.830078125 0.693359375 0.03125 0.046875
0 0.884765625 0.671875 0.0703125 0.103515625
1 0.923828125 0.7109375 0.0205078125 0.029296875
1 0.94921875 0.7021484375 0.029296875 0.048828125
1 0.955078125 0.8212890625 0.0888671875 0.154296875
1 0.9931640625 0.7041015625 0.013671875 0.017578125
1 0.939453125 0.560546875 0.0205078125 0.0234375
1 0.9755859375 0.5986328125 0.048828125 0.0673828125
1 0.935546875 0.4521484375 0.013671875 0.025390625
1 0.8759765625 0.322265625 0.0654296875 0.080078125
1 0.0703125 0.197265625 0.140625 0.15625
1 0.2119140625 0.2021484375 0.1328125 0.1689453125
1 0.353515625 0.2060546875 0.1533203125 0.1220703125
1 0.5107421875 0.201171875 0.15625 0.142578125
1 0.6689453125 0.193359375 0.166015625 0.1171875
1 0.80078125 0.1943359375 0.126953125 0.1513671875
1 0.9306640625 0.17578125 0.138671875 0.236328125
1 0.81640625 0.041015625 0.076171875 0.0810546875
1 0.8818359375 0.029296875 0.052734375 0.05859375
1 0.9267578125 0.013671875 0.041015625 0.02734375
1 0.96484375 0.0205078125 0.0263671875 0.041015625
1 0.724609375 0.015625 0.0205078125 0.0283203125
1 0.63671875 0.0146484375 0.0205078125 0.029296875
1 0.5146484375 0.587890625 0.0107421875 0.017578125
1 0.509765625 0.611328125 0.0107421875 0.0126953125
1 0.4638671875 0.7958984375 0.009765625 0.0126953125
1 0.2763671875 0.787109375 0.0078125 0.0126953125
1 0.1171875 0.7666015625 0.0107421875 0.0126953125