0 0.90234375 0.3330078125 0.134765625 0.158203125
1 0.92578125 0.2392578125 0.013671875 0.01953125
1 0.822265625 0.3359375 0.01171875 0.013671875
0 0.9189453125 0.6279296875 0.162109375 0.201171875
0 0.6767578125 0.361328125 0.1015625 0.1328125
1 0.6298828125 0.3642578125 0.0078125 0.013671875
1 0.818359375 0.517578125 0.013671875 0.017578125
0 0.701171875 0.6376953125 0.14453125 0.181640625
1 0.6025390625 0.5234375 0.015625 0.017578125
1 0.57421875 0.537109375 0.009765625 0.009765625
1 0.6044921875 0.677734375 0.0078125 0.013671875
0 0.4853515625 0.6796875 0.140625 0.1640625
1 0.404296875 0.583984375 0.021484375 0.0390625
1 0.46875 0.5576171875 0.013671875 0.015625
0 0.2744140625 0.6904296875 0.13671875 0.166015625
0 0.072265625 0.705078125 0.12109375 0.17578125
0 0.4697265625 0.396484375 0.119140625 0.169921875
1 0.525390625 0.3701171875 0.01171875 0.013671875
0 0.2607421875 0.3740234375 0.103515625 0.11328125
0 0.0478515625 0.42578125 0.095703125 0.16015625
1 0.9375 0.0078125 0.02734375 0.015625