0 0.1005859375 0.2861328125 0.201171875 0.205078125
0 0.3740234375 0.306640625 0.181640625 0.224609375
1 0.4677734375 0.2099609375 0.009765625 0.01171875
1 0.5263671875 0.3369140625 0.013671875 0.01171875
0 0.6318359375 0.287109375 0.1953125 0.23046875
0 0.8583984375 0.3173828125 0.1640625 0.173828125
0 0.8544921875 0.6318359375 0.111328125 0.189453125
1 0.7900390625 0.5126953125 0.0546875 0.0546875
1 0.921875 0.5205078125 0.03515625 0.04296875
1 0.8046875 0.7666015625 0.04296875 0.0390625
0 0.6591796875 0.650390625 0.109375 0.1953125
0 0.3828125 0.6494140625 0.142578125 0.181640625
0 0.1328125 0.64453125 0.140625 0.1796875
1 0.0537109375 0.576171875 0.025390625 0.0390625
1 0.05859375 0.544921875 0.021484375 0.01953125