1 0.404296875 0.935546875 0.033203125 0.033203125
1 0.376953125 0.916015625 0.015625 0.015625
1 0.3583984375 0.8994140625 0.021484375 0.01953125
1 0.3828125 0.884765625 0.013671875 0.009765625
0 0.434837275390625 1 0.447716712890625 0.99222955078125 0.45933845703125 0.972995412109375 0.422094015625 0.96206053125 0.392566119140625 0.9561441328125 0.384516876953125 0.926919935546875 0.366919857421875 0.92579263671875 0.35080294140625 0.951060736328125 0.308752349609375 0.9697949296875 0.300691001953125 1 0.434837275390625 1
1 0.47265625 0.8798828125 0.0546875 0.064453125
1 0.484375 0.841796875 0.01171875 0.013671875
1 0.4931640625 0.931640625 0.01953125 0.01953125
1 0.53278277734375 0.9622768359375 0.56144246484375 0.95534818359375 0.55945817578125 0.947610810546875 0.54901821875 0.942774470703125 0.525931248046875 0.945355291015625 0.508754646484375 0.961538064453125 0.53278277734375 0.9622768359375
1 0.53492684375 0.91228066015625 0.51332116796875 0.92837235546875 0.494698962890625 0.957775443359375 0.495692115234375 0.95808440234375 0.502044140625 0.95902146484375 0.516145595703125 0.955827369140625 0.539944822265625 0.9418810390625 0.554684501953125 0.92472965625 0.554606111328125 0.907594662109375 0.53492684375 0.91228066015625
0 0.6240234375 0.9345703125 0.15625 0.125
1 0.603515625 0.8671875 0.01171875 0.009765625
1 0.642578125 0.8515625 0.029296875 0.029296875
1 0.6162109375 0.833984375 0.01953125 0.01953125
1 0.6298828125 0.83203125 0.01171875 0.0078125
1 0.6015625 0.830078125 0.01953125 0.015625
1 0.65234375 0.7919921875 0.01171875 0.0078125
1 0.6201171875 0.8603515625 0.01171875 0.01171875
1 0.458984375 0.7900390625 0.037109375 0.046875
1 0.466796875 0.73828125 0.076171875 0.080078125
1 0.5615234375 0.69921875 0.03515625 0.03125
1 0.59375 0.666015625 0.015625 0.015625
1 0.6220703125 0.6708984375 0.013671875 0.01171875
0 0.572864728515625 0.82074357421875 0.602272716796875 0.808829275390625 0.60127502734375 0.808326482421875 0.63742921484375 0.78964392578125 0.65445675390625 0.7687824375 0.664087265625 0.740340474609375 0.66381246875 0.7198960703125 0.646616814453125 0.700429125 0.596625068359375 0.69732780078125 0.560065669921875 0.70695953515625 0.50733175 0.734347671875 0.535693392578125 0.7520011953125 0.5258182734375 0.775357296875 0.546315087890625 0.8111061640625 0.572864728515625 0.82074357421875
1 0.43359375 0.693359375 0.025390625 0.02734375
1 0.4326171875 0.6416015625 0.046875 0.0546875
1 0.44140625 0.5595703125 0.04296875 0.03515625
1 0.46679025 0.57671097265625 0.442934861328125 0.571514994140625 0.40606911328125 0.56840396484375 0.38786740625 0.57571151171875 0.388879291015625 0.605907326171875 0.391973111328125 0.643131244140625 0.402258904296875 0.6416254296875 0.400350419921875 0.641197189453125 0.4172297265625 0.6202898828125 0.44960288671875 0.6082223046875 0.476397859375 0.5876427734375 0.46679025 0.57671097265625
1 0.4033203125 0.5048828125 0.021484375 0.015625
1 0.4248046875 0.4873046875 0.01171875 0.009765625
1 0.452523095703125 0.521384771484375 0.453470458984375 0.488219404296875 0.430749802734375 0.4675722578125 0.422539994140625 0.47114966015625 0.426946009765625 0.477411525390625 0.427501109375 0.4939248984375 0.41660231640625 0.508311482421875 0.395876951171875 0.531056771484375 0.3754304375 0.55726759765625 0.394595220703125 0.55418519140625 0.42276012890625 0.545501986328125 0.452523095703125 0.521384771484375
1 0.5693359375 0.52734375 0.009765625 0.0078125
1 0.572265625 0.5107421875 0.0078125 0.0078125
0 0.559124576171875 0.525234767578125 0.550824890625 0.509088357421875 0.5290426953125 0.522499421875 0.491743583984375 0.552442052734375 0.477178166015625 0.577067759765625 0.48659196875 0.63038473046875 0.5019733046875 0.64569778125 0.561371224609375 0.635624806640625 0.597405533203125 0.6076132734375 0.617657248046875 0.582253626953125 0.61693125 0.55199644921875 0.573003171875 0.541066431640625 0.559124576171875 0.525234767578125
1 0.5595703125 0.4677734375 0.017578125 0.015625
1 0.5107421875 0.4853515625 0.01171875 0.0078125
1 0.5302734375 0.4765625 0.013671875 0.009765625
1 0.5205078125 0.4775390625 0.0078125 0.0078125
1 0.548828125 0.4345703125 0.01171875 0.01171875
1 0.51171875 0.412109375 0.013671875 0.0078125
1 0.4873046875 0.4189453125 0.017578125 0.013671875
1 0.388671875 0.458984375 0.0234375 0.01953125
1 0.3935546875 0.423828125 0.056640625 0.0625
1 0.384765625 0.3759765625 0.01953125 0.01953125
1 0.470703125 0.3251953125 0.01953125 0.01953125
1 0.5712890625 0.3193359375 0.0234375 0.01953125
1 0.54296875 0.294921875 0.025390625 0.025390625
1 0.525390625 0.27734375 0.017578125 0.017578125
1 0.5751953125 0.2158203125 0.025390625 0.025390625
1 0.5205078125 0.228515625 0.02734375 0.0234375
1 0.5244140625 0.2109375 0.021484375 0.021484375
1 0.48046875 0.2578125 0.01953125 0.013671875
1 0.4541015625 0.251953125 0.0234375 0.017578125
1 0.4853515625 0.2451171875 0.01171875 0.0078125
1 0.369140625 0.3642578125 0.015625 0.017578125
1 0.384765625 0.3486328125 0.021484375 0.017578125
1 0.38671875 0.2451171875 0.1015625 0.0859375
1 0.3388671875 0.2431640625 0.013671875 0.0234375
1 0.3583984375 0.1552734375 0.056640625 0.05859375
1 0.3525390625 0.0615234375 0.1015625 0.083984375
1 0.45703125 0.05078125 0.0234375 0.017578125
1 0.4990234375 0.0849609375 0.021484375 0.015625
1 0.478515625 0.1220703125 0.01171875 0.01171875
1 0.564453125 0.1328125 0.025390625 0.01953125
0 0.4459006015625 0.125605048828125 0.4404760390625 0.151396294921875 0.4360858125 0.158414078125 0.395008912109375 0.164476556640625 0.384933966796875 0.187476267578125 0.4001277578125 0.20604352734375 0.434363474609375 0.21681577734375 0.465339900390625 0.230440115234375 0.503076044921875 0.22904075390625 0.5135523203125 0.2185855546875 0.510585396484375 0.220553494140625 0.5181670390625 0.196139986328125 0.54717038671875 0.177361353515625 0.557358904296875 0.169632494140625 0.533064955078125 0.124705287109375 0.499175904296875 0.12173876171875 0.47963947265625 0.124651765625 0.471771291015625 0.109751349609375 0.4459006015625 0.125605048828125
1 0.4345703125 0.1357421875 0.017578125 0.015625
1 0.4345703125 0.1552734375 0.015625 0.015625
1 0.265625 0.2177734375 0.05859375 0.0546875
1 0.2158203125 0.1259765625 0.015625 0.015625
0 0.185546875 0.08984375 0.109375 0.080078125
1 0.22179702734375 0.130937169921875 0.218284560546875 0.15082795703125 0.2226450859375 0.166734220703125 0.249005240234375 0.157415548828125 0.28262905078125 0.118708408203125 0.28243589453125 0.09137556640625 0.26091734375 0.069075119140625 0.243873431640625 0.080372609375 0.235829517578125 0.104271076171875 0.22179702734375 0.130937169921875
1 0.236328125 0.298828125 0.0234375 0.017578125
1 0.2236328125 0.3173828125 0.017578125 0.015625
1 0.2265625 0.3330078125 0.017578125 0.017578125
1 0.25390625 0.3486328125 0.01953125 0.013671875
1 0.2353515625 0.3447265625 0.009765625 0.009765625
1 0.28515625 0.3134765625 0.0234375 0.017578125
1 0.2353515625 0.376953125 0.025390625 0.0234375
1 0.2109375 0.3876953125 0.025390625 0.025390625
1 0.193359375 0.412109375 0.013671875 0.009765625
1 0.1640625 0.3896484375 0.013671875 0.01171875
1 0.321151369140625 0.391645470703125 0.33349553125 0.364278748046875 0.32761212109375 0.353567119140625 0.265470640625 0.354992240234375 0.244045068359375 0.38302527734375 0.212382564453125 0.412065640625 0.244826486328125 0.410748955078125 0.271184408203125 0.405004791015625 0.27142184375 0.42290769140625 0.321151369140625 0.391645470703125
1 0.2724609375 0.482421875 0.02734375 0.01953125
1 0.267578125 0.505859375 0.0234375 0.017578125
1 0.263671875 0.521484375 0.013671875 0.01171875
1 0.3095703125 0.498046875 0.0546875 0.0390625
1 0.2900390625 0.5380859375 0.03125 0.025390625
1 0.310546875 0.5546875 0.0234375 0.013671875
0 0.212677208984375 0.41861432421875 0.1822741796875 0.435028349609375 0.16228825 0.48018371484375 0.161613544921875 0.4812674921875 0.21402865234375 0.49728403515625 0.265487962890625 0.475047130859375 0.29762100390625 0.45966167578125 0.2894073203125 0.418999443359375 0.2564409609375 0.4136181953125 0.212677208984375 0.41861432421875
0 0.252643578125 0.583956361328125 0.227731099609375 0.6303964296875 0.208674123046875 0.68326020703125 0.250841166015625 0.690314029296875 0.30617766796875 0.677508431640625 0.353922515625 0.637273087890625 0.36509239453125 0.610440794921875 0.35296438671875 0.570590615234375 0.27627040234375 0.55888587890625 0.252643578125 0.583956361328125
1 0.1875 0.65234375 0.025390625 0.01953125
1 0.22265625 0.7265625 0.017578125 0.013671875
1 0.326171875 0.685546875 0.015625 0.015625
1 0.3154296875 0.681640625 0.01171875 0.0078125
1 0.3310546875 0.740234375 0.01953125 0.015625
1 0.345703125 0.724609375 0.013671875 0.01171875
1 0.365234375 0.7373046875 0.01171875 0.009765625
1 0.3974609375 0.755859375 0.03515625 0.037109375
1 0.30859375 0.755859375 0.029296875 0.0234375
0 0.306640625 0.81640625 0.17578125 0.13671875
1 0.3291015625 0.8759765625 0.013671875 0.01171875
0 0.117687421875 0.267802462890625 0.155895263671875 0.30598980078125 0.198390724609375 0.321044962890625 0.206887080078125 0.311493466796875 0.233671712890625 0.287271564453125 0.268037501953125 0.28660855078125 0.270585533203125 0.260986080078125 0.2541435 0.248421216796875 0.234465146484375 0.2099267265625 0.19886963671875 0.215265451171875 0.17224794140625 0.235537015625 0.118756515625 0.266999998046875 0.117687421875 0.267802462890625
1 0.3359375 0.205078125 0.01171875 0.009765625
1 0.3291015625 0.1865234375 0.013671875 0.01171875
1 0.33203125 0.1103515625 0.01171875 0.0078125
1 0.47265625 0.091796875 0.01171875 0.0078125
1 0.4169921875 0.0322265625 0.017578125 0.017578125
1 1 0.517552814453125 0.9907684140625 0.487646041015625 0.9391000546875 0.467588458984375 0.8279421171875 0.482296142578125 0.777925951171875 0.518354330078125 0.6978909453125 0.530451802734375 0.6345720859375 0.56441446875 0.632350787109375 0.5903802734375 0.648775810546875 0.62329798828125 0.704013689453125 0.622412236328125 0.764834703125 0.638152740234375 0.797181373046875 0.665738158203125 0.866498166015625 0.70516047265625 0.9338794921875 0.734403919921875 0.947765130859375 0.72479490234375 1 0.691731392578125 1 0.517552814453125
1 0.578125 0.8291015625 0.013671875 0.01171875
1 0.5302734375 0.8662109375 0.005859375 0.005859375
1 0.546875 0.8515625 0.0078125 0.0078125
1 0.4912109375 0.990234375 0.009765625 0.009765625
1 0.4853515625 0.9677734375 0.015625 0.015625
1 0.4482421875 0.6943359375 0.005859375 0.00390625
1 0.4462890625 0.67578125 0.005859375 0.005859375
1 0.580078125 0.44140625 0.01171875 0.0078125
0 0.472653189453125 0.329209673828125 0.44868448828125 0.351670173828125 0.43126359765625 0.37406246875 0.4236974140625 0.401784244140625 0.431401330078125 0.4067041953125 0.4640035703125 0.40560004296875 0.48952577734375 0.41318247265625 0.502020166015625 0.40965252734375 0.530023966796875 0.408733462890625 0.54765340234375 0.40278712109375 0.56201859765625 0.37984662890625 0.565028091796875 0.348344451171875 0.54876737890625 0.330098806640625 0.4922503203125 0.32257283203125 0.472653189453125 0.329209673828125
1 0.4033203125 0.2978515625 0.01171875 0.0078125
1 0.3720703125 0.322265625 0.01171875 0.0078125
1 0.3701171875 0.3955078125 0.0078125 0.0078125
1 0.2607421875 0.2998046875 0.01171875 0.0078125
1 0.2451171875 0.31640625 0.01171875 0.009765625
1 0.177734375 0.2060546875 0.01171875 0.0078125
1 0 0.5569678046875 0.0092281015625 0.596939103515625 0.0126066796875 0.61157333203125 0.026841146484375 0.611273380859375 0.043942970703125 0.55419101171875 0.03770147265625 0.493980599609375 0.02306973046875 0.446403466796875 0.035409380859375 0.39053931640625 0.06653434765625 0.342285423828125 0.076349240234375 0.30204719140625 0.03851849609375 0.258109150390625 0.01439616015625 0.242785029296875 0 0.239770322265625 0 0.5569678046875
1 0.208984375 0.3408203125 0.0078125 0.0078125
1 0.193359375 0.3779296875 0.01171875 0.009765625
1 0.1728515625 0.1494140625 0.01171875 0.0078125
1 0.373046875 0.203125 0.01171875 0.015625