0 0.18933302734375 0.177964111328125 0.198803912109375 0.19260471484375 0.21316521484375 0.2280729765625 0.243899513671875 0.205577091796875 0.286478146484375 0.20453876953125 0.3131115078125 0.182167208984375 0.318584517578125 0.124998060546875 0.29037110546875 0.097133533203125 0.251295171875 0.083176251953125 0.206441421875 0.066695845703125 0.18422437890625 0.086832126953125 0.16564683984375 0.11042600390625 0.14018266796875 0.147475544921875 0.14803284765625 0.1715163671875 0.18933302734375 0.177964111328125
1 0.38924111328125 0.044656533203125 0.38375782421875 0.0212675625 0.37675658203125 0.015300931640625 0.345659173828125 0.029899767578125 0.32220587109375 0.05970131640625 0.311170701171875 0.07485715234375 0.31100684765625 0.075386826171875 0.3223169140625 0.086531109375 0.3482883671875 0.1118798046875 0.366705275390625 0.10897469921875 0.366747009765625 0.096011212890625 0.38137525 0.076997060546875 0.38924111328125 0.044656533203125
1 0.392578125 0.1640625 0.06640625 0.05078125
0 0.5087890625 0.0771484375 0.185546875 0.154296875
0 0.5771484375 0.2861328125 0.19140625 0.185546875
1 0.3984375 0.29296875 0.06640625 0.046875
1 0.3984375 0.318359375 0.017578125 0.017578125
1 0.42925853515625 0.346706923828125 0.43062153515625 0.3214450390625 0.42155335546875 0.31143619140625 0.402278658203125 0.324379712890625 0.386051283203125 0.337438669921875 0.417924044921875 0.350959314453125 0.42925853515625 0.346706923828125
1 0.3515625 0.330078125 0.046875 0.0390625
1 0.34361613671875 0.310277623046875 0.3604398046875 0.285705923828125 0.383662513671875 0.251180685546875 0.3812687578125 0.241060060546875 0.370307107421875 0.2266348671875 0.33986937109375 0.214171455078125 0.3086843515625 0.21570210546875 0.26165664453125 0.228588169921875 0.269066783203125 0.25791815625 0.272429341796875 0.272483001953125 0.2935215 0.283604255859375 0.32301759765625 0.29489652734375 0.334585353515625 0.3126571875 0.34361613671875 0.310277623046875
1 0.2314453125 0.23828125 0.0390625 0.021484375
1 0.2373046875 0.287109375 0.017578125 0.013671875
1 0.2568359375 0.3095703125 0.013671875 0.01171875
1 0.2431640625 0.212890625 0.017578125 0.021484375
1 0.26953125 0.380859375 0.015625 0.015625
1 0.2353515625 0.4248046875 0.015625 0.013671875
0 0.289887052734375 0.400081419921875 0.29768521875 0.4067665546875 0.336741501953125 0.3976128203125 0.363625984375 0.381447349609375 0.363295533203125 0.3583500859375 0.339586392578125 0.339571408203125 0.331301875 0.3054424765625 0.320408609375 0.29569490234375 0.291607265625 0.29171966796875 0.273892251953125 0.29619114453125 0.265618748046875 0.311940171875 0.227732900390625 0.323162275390625 0.204914548828125 0.330886052734375 0.2168042421875 0.365014390625 0.241326947265625 0.371626962890625 0.275695263671875 0.375356330078125 0.289887052734375 0.400081419921875
1 0.443742650390625 0.487687017578125 0.438696140625 0.46582818359375 0.427548291015625 0.4397635 0.4111718046875 0.408871560546875 0.399463029296875 0.405299080078125 0.3753484921875 0.40705340234375 0.337298345703125 0.41013419140625 0.3029361328125 0.413050283203125 0.302333759765625 0.4136568359375 0.326561013671875 0.454737765625 0.339400705078125 0.476801900390625 0.362069564453125 0.491985748046875 0.42610895703125 0.501956900390625 0.443742650390625 0.487687017578125
1 0.451171875 0.4423828125 0.01953125 0.017578125
1 0.48828125 0.4052734375 0.021484375 0.02734375
1 0.558822310546875 0.522619125 0.55870869140625 0.51017523046875 0.55521255859375 0.488372587890625 0.539608869140625 0.465283115234375 0.518761357421875 0.452126400390625 0.490946806640625 0.4580328515625 0.450456076171875 0.48280670703125 0.438474888671875 0.49378450390625 0.4485268125 0.502869072265625 0.476119810546875 0.515759560546875 0.498839318359375 0.51217664453125 0.51875633984375 0.512339125 0.536368490234375 0.52484728515625 0.558822310546875 0.522619125
1 0.484375 0.5244140625 0.08984375 0.041015625
1 0.5302734375 0.5302734375 0.025390625 0.01953125
1 0.5166015625 0.5673828125 0.01171875 0.01171875
1 0.55078125 0.591796875 0.021484375 0.01953125
0 0.658203125 0.4853515625 0.208984375 0.18359375
0 0.430404974609375 0.558349703125 0.41226421875 0.54262738671875 0.3822287421875 0.52976254296875 0.347154970703125 0.524183423828125 0.298907021484375 0.5413776015625 0.296318 0.57435937109375 0.309781576171875 0.596941837890625 0.332042666015625 0.613675642578125 0.358519158203125 0.620202548828125 0.39710652734375 0.631192794921875 0.43341569140625 0.6076812890625 0.437309103515625 0.571559828125 0.430404974609375 0.558349703125
1 0.341191505859375 0.51196601953125 0.370745859375 0.53135564453125 0.39904797265625 0.54844986328125 0.464143591796875 0.576924115234375 0.49270558203125 0.552093517578125 0.462619736328125 0.544731798828125 0.43176948828125 0.5356870546875 0.39457833203125 0.516293828125 0.359044634765625 0.505057953125 0.326753271484375 0.454471818359375 0.327230744140625 0.455106310546875 0.324077677734375 0.45060028125 0.30974441796875 0.4782615 0.31873125 0.492600890625 0.341191505859375 0.51196601953125
1 0.53515625 0.6318359375 0.015625 0.015625
1 0.642578125 0.62109375 0.025390625 0.02734375
0 0.579877044921875 0.7122249375 0.606374603515625 0.71901726171875 0.6378944375 0.73261706640625 0.639965279296875 0.75597721484375 0.635319009765625 0.77625620703125 0.641101083984375 0.78502153125 0.688212787109375 0.760822203125 0.745526845703125 0.730695798828125 0.770902892578125 0.71241819140625 0.78348256640625 0.697916146484375 0.764545072265625 0.66062755078125 0.727655712890625 0.63314896875 0.683836453125 0.609988189453125 0.6526796328125 0.607494048828125 0.653124375 0.627046609375 0.63300082421875 0.6369229921875 0.612378341796875 0.64048461328125 0.59936620703125 0.671483263671875 0.5960671015625 0.69570151953125 0.578709958984375 0.711517650390625 0.579877044921875 0.7122249375
1 0.53586406640625 0.67740551953125 0.48414302734375 0.704370734375 0.47140408203125 0.72007883984375 0.498084603515625 0.729291630859375 0.54086759375 0.73199240625 0.574063265625 0.738989970703125 0.584892654296875 0.709068291015625 0.59434794921875 0.70234391796875 0.602958701171875 0.672325447265625 0.600911982421875 0.649036291015625 0.583496927734375 0.653815521484375 0.53586406640625 0.67740551953125
1 0.54089405859375 0.676146814453125 0.570016314453125 0.67081310546875 0.58094993359375 0.657113328125 0.58531030078125 0.63617881640625 0.575309181640625 0.63371894921875 0.560846212890625 0.638482482421875 0.532560880859375 0.664812904296875 0.512617720703125 0.68016501171875 0.54089405859375 0.676146814453125
0 0.4846488984375 0.7292394375 0.441111189453125 0.740701482421875 0.41762357421875 0.755776484375 0.402126453125 0.776473728515625 0.370420431640625 0.795899521484375 0.348483607421875 0.829864568359375 0.4002987421875 0.852802212890625 0.435812537109375 0.839137234375 0.44685798046875 0.83232646875 0.477747591796875 0.814315291015625 0.520574939453125 0.7818017890625 0.524490498046875 0.756542205078125 0.4846488984375 0.7292394375
1 0.64469965625 0.808487177734375 0.6259652265625 0.79368376953125 0.596922306640625 0.779892609375 0.56265658203125 0.757212806640625 0.537605720703125 0.7665818515625 0.529240455078125 0.798125904296875 0.53149096484375 0.832092318359375 0.55260034375 0.846470390625 0.566393623046875 0.872738658203125 0.590019431640625 0.865403830078125 0.63863536328125 0.834307796875 0.64469965625 0.808487177734375
1 0.480453978515625 0.819814173828125 0.48119848828125 0.840933142578125 0.47785491796875 0.849040982421875 0.445322478515625 0.842993470703125 0.40737488671875 0.846558669921875 0.45106283203125 0.88410375390625 0.501025375 0.920207193359375 0.536397759765625 0.9361574765625 0.56918092578125 0.90241786328125 0.559319724609375 0.849708787109375 0.54832766015625 0.827440814453125 0.502450521484375 0.814339146484375 0.480453978515625 0.819814173828125
0 0.556106306640625 1 0.586659982421875 0.987949328125 0.573904466796875 0.954385125 0.525327287109375 0.942578455078125 0.48022246875 0.929499166015625 0.4201972109375 0.929331388671875 0.4054228515625 0.957889052734375 0.40709643359375 1 0.556106306640625 1
1 0.6083984375 0.9423828125 0.025390625 0.017578125
1 0.625 0.974609375 0.03125 0.021484375
1 0.646484375 0.888671875 0.015625 0.015625
1 0.65625 0.9140625 0.013671875 0.015625
1 0.720703125 0.8759765625 0.03515625 0.037109375
1 0.7978515625 0.8427734375 0.1015625 0.078125
0 0.8465512421875 0.933144396484375 0.85539872265625 0.89857738671875 0.843797513671875 0.867386875 0.813674357421875 0.862972078125 0.775790740234375 0.87267637109375 0.749990263671875 0.87601821484375 0.7205578203125 0.8909217109375 0.720296255859375 0.9157355859375 0.7285032578125 0.939365748046875 0.754716533203125 0.954346109375 0.7583405859375 0.9535094296875 0.792423978515625 0.945640658203125 0.8465512421875 0.933144396484375
1 0.7080078125 0.7998046875 0.01171875 0.009765625
1 0.7314453125 0.8125 0.01171875 0.01171875
1 0.5146484375 0.611328125 0.01171875 0.0078125
1 0.416015625 0.666015625 0.017578125 0.013671875
1 0.3818359375 0.2041015625 0.013671875 0.009765625
1 0.3681640625 0.13671875 0.015625 0.015625