0 0.396484375 0.947265625 0.140625 0.1044921875
1 0.283203125 0.9951171875 0.013671875 0.009765625
1 0.177734375 0.958984375 0.015625 0.0126953125
1 0.056640625 0.962890625 0.0283203125 0.029296875
1 0.0400390625 0.1240234375 0.046875 0.0283203125
1 0.052734375 0.6240234375 0.0341796875 0.0283203125
0 0.369140625 0.7705078125 0.1767578125 0.095703125
1 0.388671875 0.697265625 0.015625 0.009765625
1 0.298828125 0.669921875 0.017578125 0.0126953125
1 0.322265625 0.6669921875 0.0185546875 0.017578125
1 0.498046875 0.69140625 0.025390625 0.013671875
0 0.3916015625 0.556640625 0.1845703125 0.103515625
0 0.392578125 0.345703125 0.134765625 0.1279296875
1 0.482421875 0.302734375 0.025390625 0.0185546875
0 0.3681640625 0.1376953125 0.1484375 0.146484375
1 0.41796875 0.0439453125 0.013671875 0.009765625
1 0.5068359375 0.0283203125 0.0126953125 0.0078125
1 0.505859375 0.013671875 0.0107421875 0.009765625
1 0.541015625 0.0361328125 0.0107421875 0.0126953125
1 0.5087890625 0.0712890625 0.015625 0.0126953125
1 0.5185546875 0.1025390625 0.0185546875 0.015625
1 0.5146484375 0.134765625 0.021484375 0.015625
1 0.517578125 0.1591796875 0.0283203125 0.025390625
1 0.525390625 0.1796875 0.0126953125 0.009765625
1 0.533203125 0.193359375 0.009765625 0.009765625
0 0.6484375 0.123046875 0.115234375 0.1171875
1 0.515625 0.2353515625 0.009765625 0.025390625
0 0.66796875 0.326171875 0.1748046875 0.134765625
1 0.556640625 0.3935546875 0.015625 0.0126953125
1 0.53515625 0.40234375 0.015625 0.013671875
1 0.517578125 0.3974609375 0.0185546875 0.015625
1 0.52734375 0.4501953125 0.0126953125 0.009765625
1 0.517578125 0.466796875 0.0126953125 0.0126953125
1 0.5361328125 0.546875 0.015625 0.0126953125
0 0.6787109375 0.546875 0.140625 0.0908203125
1 0.7578125 0.6298828125 0.015625 0.005859375
1 0.53125 0.619140625 0.017578125 0.0126953125
0 0.677734375 0.7509765625 0.1357421875 0.078125
1 0.6904296875 0.677734375 0.083984375 0.0654296875
0 0.67578125 0.9384765625 0.13671875 0.123046875
1 0.7548828125 0.923828125 0.025390625 0.03125