1 0.943359375 0.607421875 0.015625 0.0283203125
1 0.990234375 0.4990234375 0.0185546875 0.0205078125
1 0.9541015625 0.4599609375 0.046875 0.056640625
1 0.9267578125 0.4990234375 0.0126953125 0.03125
1 0.908203125 0.494140625 0.0126953125 0.0185546875
0 0.951171875 0.37109375 0.0966796875 0.1298828125
1 0.794921875 0.5107421875 0.0185546875 0.025390625
1 0.841796875 0.52734375 0.013671875 0.015625
1 0.763671875 0.5048828125 0.005859375 0.0126953125
1 0.76171875 0.4853515625 0.0126953125 0.009765625
1 0.74609375 0.5595703125 0.037109375 0.021484375
1 0.6396484375 0.51953125 0.009765625 0.0107421875
1 0.655502076171875 0.45567749609375 0.649001994140625 0.4994436875 0.64888961328125 0.526074390625 0.670386904296875 0.531119103515625 0.7207328359375 0.5474313125 0.732561384765625 0.509822462890625 0.74477745703125 0.479938271484375 0.73993985546875 0.466786541015625 0.74167467578125 0.46742552734375 0.706685060546875 0.443407599609375 0.672134642578125 0.4417179921875 0.655502076171875 0.45567749609375
0 0.884097791015625 0.4489896796875 0.887275494140625 0.4165151015625 0.886501736328125 0.37526868359375 0.882458560546875 0.336755607421875 0.8694635625 0.299992421875 0.83366401953125 0.262786595703125 0.83525158203125 0.261791087890625 0.804164341796875 0.272884630859375 0.76824466796875 0.28873008984375 0.71366180078125 0.32049506640625 0.70581312890625 0.37515156640625 0.711565291015625 0.423404431640625 0.730081224609375 0.448579763671875 0.756896650390625 0.46904451953125 0.774004578125 0.483293375 0.797452412109375 0.49662939453125 0.823872560546875 0.49251991015625 0.85289816796875 0.478296888671875 0.884097791015625 0.4489896796875
0 0.73123733984375 0.741341833984375 0.741642380859375 0.77624490234375 0.763558201171875 0.82275132421875 0.81575133203125 0.80505780078125 0.840242900390625 0.77235415234375 0.86563481640625 0.734840029296875 0.86481197265625 0.690836158203125 0.85316039453125 0.664424189453125 0.824563646484375 0.65299479296875 0.80180173046875 0.648444388671875 0.796304046875 0.6214054921875 0.76717122265625 0.6078834609375 0.745202443359375 0.61833112890625 0.725442552734375 0.651978615234375 0.721607349609375 0.704563146484375 0.73123733984375 0.741341833984375
1 0.806640625 0.6376953125 0.013671875 0.0234375
1 0.7060546875 0.67578125 0.0126953125 0.0185546875
1 0.6042105859375 0.710692927734375 0.590065931640625 0.741353890625 0.581355666015625 0.7701512890625 0.57617316796875 0.80373849609375 0.588945984375 0.81708829296875 0.62019856640625 0.82348503515625 0.66300584765625 0.828280009765625 0.71924603125 0.82539682421875 0.726664548828125 0.82201244140625 0.735534990234375 0.78728333203125 0.73445250390625 0.748014150390625 0.72135545703125 0.72043444140625 0.70067584375 0.681773244140625 0.703304552734375 0.65610532421875 0.69661329296875 0.64494977734375 0.68602998828125 0.62698068359375 0.6604753125 0.600331033203125 0.633307240234375 0.589606068359375 0.625507658203125 0.633091517578125 0.613883205078125 0.671490919921875 0.6042105859375 0.710692927734375
0 0.577711640625 0.791005291015625 0.58103789453125 0.792603615234375 0.583645935546875 0.75322765234375 0.602367259765625 0.71781649609375 0.61730892578125 0.67372823046875 0.6247106484375 0.63401985546875 0.61311203125 0.61633666796875 0.57924236328125 0.58779417578125 0.551722935546875 0.59001081640625 0.52370230859375 0.637638474609375 0.513443236328125 0.65510637109375 0.50146871875 0.70702952734375 0.5067041796875 0.742153052734375 0.577711640625 0.791005291015625
1 0.505859375 0.607421875 0.037109375 0.0546875
1 0.62783797265625 0.501277970703125 0.635206111328125 0.491007701171875 0.634920634765625 0.491181658203125 0.629656755859375 0.468884341796875 0.61643828515625 0.45471126953125 0.601257646484375 0.454292740234375 0.6038385625 0.480291349609375 0.61361323046875 0.49591979296875 0.62783797265625 0.501277970703125
1 0.629168474609375 0.52630690625 0.6304046796875 0.5064794140625 0.611512845703125 0.48831741796875 0.59817682421875 0.48622823046875 0.59439716796875 0.511043595703125 0.610449736328125 0.530864197265625 0.629168474609375 0.52630690625
1 0.59828533203125 0.47627487109375 0.592954283203125 0.46779410546875 0.541811341796875 0.45586523046875 0.49665178515625 0.460658482421875 0.479893921875 0.471212935546875 0.48455713671875 0.50411809765625 0.50414780859375 0.535328482421875 0.521555421875 0.563612626953125 0.538225447265625 0.575596615234375 0.5743388828125 0.5764612265625 0.59411944140625 0.564172384765625 0.596941912109375 0.523756130859375 0.59722222265625 0.522486771484375 0.59828533203125 0.47627487109375
1 0.4580078125 0.517578125 0.0185546875 0.021484375
0 0.548828125 0.37109375 0.130859375 0.171875
1 0.474609375 0.384765625 0.009765625 0.015625
1 0.404296875 0.34375 0.0107421875 0.015625
1 0.3974609375 0.51171875 0.0126953125 0.0185546875
1 0.353515625 0.51171875 0.025390625 0.0283203125
1 0.333984375 0.517578125 0.015625 0.021484375
1 0.4039661875 0.51948646875 0.368963654296875 0.51841001171875 0.35834030859375 0.535779734375 0.38171709765625 0.558421517578125 0.37553478515625 0.601321373046875 0.380717283203125 0.626915234375 0.4043382109375 0.65205956640625 0.425423435546875 0.65476879296875 0.436903212890625 0.62223565625 0.44011966796875 0.5745494375 0.438566984375 0.523468501953125 0.428679935546875 0.5043678359375 0.4039661875 0.51948646875
1 0.370467251953125 0.57051401171875 0.333638185546875 0.556714685546875 0.311704283203125 0.557338169921875 0.30791170703125 0.58953028515625 0.33601887890625 0.6208043984375 0.35149662109375 0.631587921875 0.373731501953125 0.6329812890625 0.410149791015625 0.62072344921875 0.42773308203125 0.6090632578125 0.41968677734375 0.59555844921875 0.38721607421875 0.584762869140625 0.370467251953125 0.57051401171875
1 0.40625 0.662109375 0.0078125 0.0107421875
1 0.2734375 0.685546875 0.009765625 0.0107421875
0 0.39535151171875 0.759953359375 0.40706121875 0.730541087890625 0.407001798828125 0.691810998046875 0.394061052734375 0.654296875 0.37552444921875 0.636102154296875 0.332332228515625 0.62517051171875 0.30371223046875 0.6222993828125 0.2759241171875 0.66408316796875 0.279100529296875 0.6919057265625 0.2830907421875 0.738517208984375 0.296032779296875 0.780807361328125 0.369092830078125 0.79140659375 0.39535151171875 0.759953359375
0 0.09382750390625 0.788180666015625 0.14435815625 0.773654513671875 0.176974826171875 0.69396908203125 0.158962673828125 0.66117931640625 0.14435686328125 0.63930913671875 0.1116846484375 0.62666549609375 0.07761605078125 0.630385734375 0.0601709765625 0.65597959375 0.0252588671875 0.686590607421875 0.03852771484375 0.72100969921875 0.060891771484375 0.761665357421875 0.092923279296875 0.79012345703125 0.09382750390625 0.788180666015625
1 0.056640625 0.6337890625 0.009765625 0.013671875
1 0.048828125 0.65234375 0.009765625 0.015625
1 0.015625 0.671875 0.015625 0.015625
1 0.177734375 0.6708984375 0.015625 0.03125
1 0.2258597890625 0.679012345703125 0.225972169921875 0.68071401171875 0.22413401171875 0.635005029296875 0.20578987890625 0.596378279296875 0.20146639453125 0.56167155859375 0.184377841796875 0.564320505859375 0.1736369453125 0.5943545390625 0.14570932421875 0.61168637109375 0.124824322265625 0.6175181875 0.147641783203125 0.64422467578125 0.16214554296875 0.65950520703125 0.181256974609375 0.654932416015625 0.198996568359375 0.67865582421875 0.2258597890625 0.679012345703125
0 0.364344359375 0.445102375 0.394892939453125 0.40201478515625 0.39258975 0.36918540625 0.369193587890625 0.30806671484375 0.3447756484375 0.286101810546875 0.30978603515625 0.29486159375 0.278409443359375 0.332768408203125 0.263119005859375 0.35897197265625 0.247322203125 0.399512236328125 0.255559689453125 0.4244102734375 0.28544301953125 0.455851451171875 0.315088666015625 0.48353966796875 0.364344359375 0.445102375
1 0.30078125 0.5341796875 0.013671875 0.013671875
1 0.302734375 0.4931640625 0.0126953125 0.017578125
1 0.259765625 0.51953125 0.013671875 0.0126953125
1 0.1376953125 0.5224609375 0.0126953125 0.0126953125
1 0.1201171875 0.517578125 0.0126953125 0.0126953125
1 0.09834572265625 0.45926769921875 0.129907677734375 0.48502604296875 0.14404975 0.52280152734375 0.103131330078125 0.58029815234375 0.111798322265625 0.593964 0.146990740234375 0.616512345703125 0.17297137109375 0.60038098046875 0.18977864453125 0.5556640625 0.22021484375 0.524995779296875 0.257220232421875 0.51116416015625 0.279116029296875 0.47869345703125 0.24638083984375 0.42639009375 0.214174623046875 0.35589072265625 0.178846572265625 0.3022611640625 0.10297987109375 0.28450520703125 0.07552083203125 0.291262779296875 0.081967955078125 0.33820107421875 0.0908519609375 0.409270109375 0.09834572265625 0.45926769921875
0 0.017514830078125 0.43708104296875 0.08560971875 0.470371576171875 0.08816415234375 0.39914580859375 0.0846783671875 0.354829763671875 0.06932689453125 0.31430543359375 0.012561939453125 0.30930205859375 0 0.39248167578125 0.017514830078125 0.43708104296875
1 0.0673828125 0.4970703125 0.0185546875 0.013671875
1 0 0.5494218984375 0.00345526953125 0.55539430078125 0.045005515625 0.55574845703125 0.0754111953125 0.540971919921875 0.072984482421875 0.510532708984375 0.0544151015625 0.492137767578125 0.03299967578125 0.48052903125 0 0.480236666015625 0 0.493989919921875 0 0.5494218984375
0 0.9755859375 0.6689453125 0.046875 0.140625
1 0.8916015625 0.501953125 0.005859375 0.0126953125