0 0.0947265625 0.31640625 0.166015625 0.16015625
0 0.279296875 0.3134765625 0.16015625 0.19921875
0 0.525390625 0.3486328125 0.158203125 0.16796875
0 0.7451171875 0.3828125 0.146484375 0.1875
0 0.9365234375 0.412109375 0.126953125 0.1796875
1 0.875 0.4287109375 0.013671875 0.017578125
0 0.9189453125 0.7080078125 0.140625 0.212890625
1 0.9462890625 0.578125 0.013671875 0.015625
1 0.6962890625 0.583984375 0.05859375 0.064453125
1 0.66015625 0.568359375 0.013671875 0.01953125
1 0.630859375 0.54296875 0.015625 0.021484375
1 0.6591796875 0.529296875 0.009765625 0.013671875
1 0.677734375 0.54296875 0.013671875 0.013671875
1 0.787109375 0.55078125 0.013671875 0.017578125
1 0.78125 0.576171875 0.013671875 0.013671875
1 0.7958984375 0.60546875 0.015625 0.021484375
1 0.8203125 0.5654296875 0.009765625 0.013671875
1 0.853515625 0.5673828125 0.01171875 0.01171875
1 0.4541015625 0.5009765625 0.033203125 0.04296875
1 0.494140625 0.51171875 0.01171875 0.017578125
1 0.4873046875 0.5244140625 0.009765625 0.009765625
1 0.4931640625 0.5380859375 0.01171875 0.01171875
1 0.50390625 0.5400390625 0.01171875 0.013671875
1 0.5185546875 0.5244140625 0.01171875 0.017578125
1 0.6474609375 0.4482421875 0.0078125 0.013671875
1 0.1171875 0.6103515625 0.05078125 0.060546875
0 0.0546875 0.568359375 0.109375 0.17578125
0 0.248046875 0.6064453125 0.15625 0.193359375
0 0.47265625 0.6435546875 0.158203125 0.1796875
1 0.591796875 0.6748046875 0.03125 0.03515625
1 0.3740234375 0.5146484375 0.01171875 0.015625
1 0.404296875 0.5068359375 0.017578125 0.017578125
1 0.4189453125 0.4697265625 0.005859375 0.009765625
1 0.41796875 0.4990234375 0.005859375 0.005859375
1 0.2353515625 0.4619140625 0.01171875 0.01171875
1 0.5849609375 0.51953125 0.103515625 0.154296875
0 0.70703125 0.6826171875 0.119140625 0.115234375
1 0.69342547265625 0.772543548828125 0.716358013671875 0.801938392578125 0.7249234609375 0.81014807421875 0.78094395703125 0.806325134765625 0.810250068359375 0.7818399140625 0.811608412109375 0.71804476171875 0.7968534921875 0.683112044921875 0.763854125 0.69847960546875 0.754672794921875 0.733157775390625 0.736658150390625 0.75131441796875 0.70794747265625 0.7594710078125 0.6971551015625 0.763769869140625 0.69342547265625 0.772543548828125
1 0.67613830078125 0.805317166015625 0.692740466796875 0.77709433984375 0.696736953125 0.744545564453125 0.69966915234375 0.722381828125 0.670232830078125 0.7182278359375 0.65743066015625 0.723812166015625 0.647943974609375 0.75806241015625 0.645816853515625 0.775386427734375 0.654341068359375 0.806996322265625 0.67613830078125 0.805317166015625