0 0.08883101953125 0.4552469140625 0.116546630859375 0.460966134765625 0.1426165546875 0.4627082734375 0.17032990625 0.4627082734375 0.1973978671875 0.447187259765625 0.20176979296875 0.41982241015625 0.194352892578125 0.389750916015625 0.16825358203125 0.366176275390625 0.149242259765625 0.34609495703125 0.121242947265625 0.36394283984375 0.10473971875 0.391691984375 0.093722873046875 0.432618693359375 0.08883101953125 0.4552469140625
0 0.380859375 0.412109375 0.119140625 0.142578125
0 0.1611328125 0.7119140625 0.134765625 0.1923828125
1 0.0908203125 0.650390625 0.0078125 0.009765625
1 0.2470703125 0.6865234375 0.0078125 0.015625
1 0.4169921875 0.6298828125 0.0107421875 0.0107421875
0 0.36058666015625 0.61547098046875 0.333422625 0.61360676953125 0.313876681640625 0.639803662109375 0.30252979296875 0.68631697265625 0.309797498046875 0.72145966015625 0.340950294921875 0.771547669921875 0.38157597265625 0.77907383203125 0.41987101171875 0.75809280859375 0.432557283203125 0.711609640625 0.433451333984375 0.667843666015625 0.42206827734375 0.641999421875 0.38996039453125 0.62613781640625 0.36058666015625 0.61547098046875
1 0.4658203125 0.7001953125 0.017578125 0.0283203125
1 0.4775390625 0.658203125 0.0107421875 0.0126953125
0 0.57421875 0.693359375 0.1455078125 0.2236328125
0 0.8017578125 0.705078125 0.1357421875 0.1748046875
1 0.857421875 0.5595703125 0.0810546875 0.0654296875
1 0.9296875 0.564453125 0.013671875 0.017578125
0 0.955078125 0.6767578125 0.0888671875 0.1357421875
0 0.9638671875 0.4111328125 0.072265625 0.1171875
0 0.8056640625 0.4013671875 0.162109375 0.203125
1 0.7060546875 0.4560546875 0.0078125 0.0078125
1 0.751953125 0.513671875 0.015625 0.0126953125
0 0.583984375 0.400390625 0.1376953125 0.189453125
1 0.2958984375 0.5400390625 0.013671875 0.013671875
1 0.341796875 0.509765625 0.0078125 0.0107421875
1 0.798828125 0.0771484375 0.015625 0.0205078125