0 0.6474609375 0.828125 0.15625 0.150390625
1 0.533203125 0.97265625 0.041015625 0.037109375
1 0.5166015625 0.9365234375 0.041015625 0.021484375
1 0.5263671875 0.8955078125 0.021484375 0.015625
1 0.470703125 0.88671875 0.0283203125 0.0185546875
1 0.470703125 0.9462890625 0.0185546875 0.0185546875
1 0.48046875 0.9931640625 0.0126953125 0.013671875
0 0.3642578125 0.8173828125 0.1298828125 0.134765625
1 0.513671875 0.7431640625 0.0341796875 0.025390625
1 0.4970703125 0.712890625 0.015625 0.013671875
1 0.474609375 0.689453125 0.015625 0.0107421875
1 0.4970703125 0.6572265625 0.0126953125 0.015625
1 0.5205078125 0.6298828125 0.021484375 0.015625
1 0.5263671875 0.591796875 0.033203125 0.025390625
1 0.5009765625 0.5576171875 0.025390625 0.041015625
1 0.564453125 0.5625 0.0205078125 0.017578125
0 0.662109375 0.603515625 0.150390625 0.1279296875
1 0.6044921875 0.7275390625 0.013671875 0.0126953125
0 0.6474609375 0.3759765625 0.1279296875 0.09375
1 0.5390625 0.2353515625 0.0830078125 0.0654296875
1 0.51953125 0.283203125 0.0126953125 0.0107421875
1 0.5234375 0.501953125 0.009765625 0.009765625
1 0.4951171875 0.4814453125 0.017578125 0.0126953125
1 0.4990234375 0.4501953125 0.015625 0.0107421875
1 0.48828125 0.423828125 0.0126953125 0.015625
1 0.498046875 0.3974609375 0.0283203125 0.0185546875
1 0.4912109375 0.361328125 0.017578125 0.0126953125
1 0.501953125 0.3212890625 0.021484375 0.015625
1 0.46484375 0.20703125 0.015625 0.013671875
1 0.490234375 0.1572265625 0.0185546875 0.0185546875
1 0.4921875 0.134765625 0.021484375 0.025390625
1 0.486328125 0.087890625 0.015625 0.0205078125
1 0.5166015625 0.0185546875 0.015625 0.029296875
1 0.490234375 0.005859375 0.0234375 0.01171875
1 0.6220703125 0.0888671875 0.015625 0.013671875
0 0.630859375 0.138671875 0.134765625 0.087890625
1 0.6083984375 0.212890625 0.015625 0.009765625
0 0.34765625 0.10546875 0.1796875 0.142578125
1 0.3779296875 0.267578125 0.052734375 0.076171875
1 0.376953125 0.318359375 0.0126953125 0.009765625
0 0.351574556640625 0.43040384765625 0.38782525390625 0.431563263671875 0.419060517578125 0.40773895703125 0.4374973203125 0.380028494140625 0.435783982421875 0.34134878125 0.410145533203125 0.31030876171875 0.385296103515625 0.32843544921875 0.36131473046875 0.323559669921875 0.324525517578125 0.31512626953125 0.288443609375 0.31499766796875 0.264018830078125 0.3530122734375 0.265220443359375 0.3854226953125 0.3084705078125 0.41216362890625 0.351574556640625 0.43040384765625
0 0.361328125 0.6083984375 0.140625 0.130859375