0 0.068359375 0.408203125 0.109375 0.119140625
1 0.0146484375 0.5068359375 0.0283203125 0.029296875
1 0.087890625 0.4970703125 0.0283203125 0.021484375
0 0.0673828125 0.685546875 0.134765625 0.197265625
1 0.25390625 0.615234375 0.015625 0.017578125
1 0.341796875 0.673828125 0.015625 0.0126953125
1 0.3623046875 0.7021484375 0.009765625 0.0126953125
0 0.221768603515625 0.616980533203125 0.190997841796875 0.62025985546875 0.17212818359375 0.6565493984375 0.16622058203125 0.7266810546875 0.189762068359375 0.783789865234375 0.25012960546875 0.805762521484375 0.33580638671875 0.7755292734375 0.358380353515625 0.72438432421875 0.3223274140625 0.684278951171875 0.323222595703125 0.628665123046875 0.323688271484375 0.62860082421875 0.273681640625 0.635193625 0.221768603515625 0.616980533203125
1 0.2177734375 0.548828125 0.021484375 0.0126953125
1 0.250070529296875 0.490980662109375 0.22523148046875 0.48827160546875 0.226103154296875 0.48898172265625 0.206138779296875 0.50579426953125 0.18283872265625 0.5305025078125 0.18622866015625 0.540376638671875 0.196449111328125 0.54142674609375 0.22668276171875 0.54407069921875 0.23144350390625 0.550829474609375 0.250112123046875 0.5631269296875 0.268499529296875 0.57323977734375 0.27158655078125 0.54843147265625 0.26935854296875 0.518159240234375 0.26425962109375 0.501281587890625 0.250070529296875 0.490980662109375
0 0.31856644140625 0.46779755078125 0.31809895703125 0.448423033203125 0.30756022265625 0.396727912109375 0.28287037109375 0.353086419921875 0.264781357421875 0.36671609765625 0.253644025390625 0.363205294921875 0.218313259765625 0.36298828125 0.194374818359375 0.408972318359375 0.19001645703125 0.4323808828125 0.199793837890625 0.464463974609375 0.220093677734375 0.4866247109375 0.25020073828125 0.496034673828125 0.268589951171875 0.511223234375 0.27405960546875 0.512838783203125 0.28278446875 0.510716869140625 0.2998743125 0.498271123046875 0.31856644140625 0.46779755078125
1 0.369140625 0.404296875 0.015625 0.015625
1 0.3486328125 0.408203125 0.009765625 0.0107421875
1 0.388671875 0.541015625 0.021484375 0.025390625
1 0.310716869140625 0.494990595703125 0.297505244140625 0.522081162109375 0.30454644140625 0.567212818359375 0.3140064375 0.620928578125 0.328047236328125 0.628460166015625 0.34369574609375 0.61554060546875 0.35885687890625 0.58270158203125 0.37199526171875 0.53632691796875 0.379810474609375 0.49283371875 0.37592592578125 0.468209876953125 0.37657063671875 0.46735869921875 0.310716869140625 0.494990595703125
1 0.40658366015625 0.5142240546875 0.40587836328125 0.53704909375 0.430122431640625 0.57175684765625 0.46260217578125 0.60081259765625 0.49612178125 0.612018953125 0.50380316796875 0.597334345703125 0.50656557421875 0.562643470703125 0.49522388671875 0.520184703125 0.478773330078125 0.486747685546875 0.442592591796875 0.480864197265625 0.4425121171875 0.48034216015625 0.40658366015625 0.5142240546875
1 0.431640625 0.431640625 0.0107421875 0.013671875
1 0.4521484375 0.439453125 0.009765625 0.0126953125
1 0.52734375 0.5302734375 0.0341796875 0.0546875
1 0.576171875 0.53515625 0.009765625 0.0107421875
1 0.5703125 0.5537109375 0.0126953125 0.0126953125
1 0.60546875 0.544921875 0.0078125 0.005859375
1 0.61328125 0.533203125 0.0107421875 0.015625
1 0.583984375 0.4345703125 0.044921875 0.0439453125
0 0.45718587109375 0.446004533203125 0.463152849609375 0.454113619140625 0.49843298046875 0.466784818359375 0.527314814453125 0.484259259765625 0.553138564453125 0.47984664453125 0.56445764453125 0.44484471484375 0.563672779296875 0.421379484375 0.5680347578125 0.392778259765625 0.565179216796875 0.376372009765625 0.540263310546875 0.35511791015625 0.5192346640625 0.33440634765625 0.488985640625 0.33315610546875 0.467697482421875 0.340910734375 0.449847185546875 0.34281683984375 0.4392406328125 0.3672212578125 0.44326985546875 0.412512056640625 0.447265625 0.43294150390625 0.45718587109375 0.446004533203125
1 0.630859375 0.3974609375 0.0107421875 0.015625
1 0.666015625 0.4189453125 0.0107421875 0.013671875
1 0.689453125 0.404296875 0.0126953125 0.0185546875
1 0.7096435546875 0.53350573828125 0.681350369140625 0.5034071171875 0.67222403125 0.48451244140625 0.660589373046875 0.4517312890625 0.641203703125 0.42438271484375 0.636986400390625 0.426120033203125 0.63355667578125 0.4567491328125 0.623061341796875 0.51107012109375 0.61422073828125 0.54210310546875 0.5950855390625 0.56087119140625 0.59890950390625 0.57328197265625 0.62687174609375 0.566814958984375 0.65359429296875 0.55499734765625 0.665615052734375 0.5713903359375 0.69151204296875 0.597307822265625 0.704959671875 0.59255762890625 0.71764775 0.5551347890625 0.7096435546875 0.53350573828125
1 0.715036349609375 0.47554615234375 0.706923646484375 0.505127556640625 0.714576099609375 0.53462094921875 0.73689869140625 0.5451208046875 0.735744900390625 0.57746190234375 0.74662543359375 0.602200279296875 0.758125361328125 0.604958767578125 0.77294379296875 0.575318287109375 0.782373951171875 0.54526548046875 0.79923141015625 0.51797477734375 0.814222548828125 0.49851827734375 0.79706217578125 0.47746190234375 0.757275390625 0.45843460546875 0.74312246875 0.479402970703125 0.715036349609375 0.47554615234375
1 0.732421875 0.546875 0.0107421875 0.009765625
1 0.791015625 0.548828125 0.017578125 0.0283203125
0 0.71791811328125 0.43473789453125 0.738545283203125 0.478443287109375 0.764037181640625 0.4670560859375 0.787157298828125 0.45623312109375 0.81450014453125 0.4208043984375 0.812706162109375 0.38775318359375 0.79671947265625 0.348327787109375 0.77853190234375 0.352787423828125 0.747972728515625 0.34491223046875 0.731402814453125 0.336871865234375 0.6973036015625 0.38206380078125 0.71791811328125 0.43473789453125
1 0.8154296875 0.4130859375 0.005859375 0.0185546875
1 0.833984375 0.3955078125 0.013671875 0.015625
1 0.84765625 0.427734375 0.037109375 0.052734375
1 0.8603515625 0.3857421875 0.021484375 0.021484375
1 0.869140625 0.3623046875 0.009765625 0.0107421875
1 0.91015625 0.3603515625 0.015625 0.015625
0 0.9521484375 0.4287109375 0.095703125 0.1201171875
1 0.994140625 0.541015625 0.009765625 0.015625
0 0.951171875 0.568359375 0.0732421875 0.0625
1 0.908203125 0.541015625 0.009765625 0.005859375
1 0.884765625 0.546875 0.009765625 0.0029296875
1 0.8544921875 0.537109375 0.0185546875 0.021484375
1 0.8212890625 0.556640625 0.005859375 0.0078125
1 0.822265625 0.6494140625 0.013671875 0.015625
1 0.7529296875 0.6484375 0.009765625 0.0126953125
0 0.749940322265625 0.650994646484375 0.738957609375 0.64453125 0.713657408203125 0.64166666796875 0.712851744140625 0.64195240234375 0.7028148515625 0.692327353515625 0.70742368359375 0.73649208984375 0.731894712890625 0.768435330078125 0.78214427734375 0.77141083203125 0.7988805703125 0.758416521484375 0.816468642578125 0.719687982421875 0.817899125 0.65931351171875 0.80589554296875 0.64793595703125 0.77996780859375 0.65677083203125 0.75894368359375 0.641916232421875 0.756791630859375 0.65409553515625 0.749940322265625 0.650994646484375
0 0.4981273515625 0.62923659375 0.479039169921875 0.623808833984375 0.451388888671875 0.610185185546875 0.43451967578125 0.66687765234375 0.43449164453125 0.695335408203125 0.44930826953125 0.75282962109375 0.48164243359375 0.799169318359375 0.51262026171875 0.8041280859375 0.554243525390625 0.778294994140625 0.58423394140625 0.717210408203125 0.58562825390625 0.685824169921875 0.577821181640625 0.665850453125 0.55712709765625 0.637521701171875 0.538078703125 0.62017746875 0.518271666015625 0.618839216796875 0.4981273515625 0.62923659375
1 0.5068359375 0.611328125 0.015625 0.0263671875
0 0.9609375 0.7177734375 0.078125 0.1640625
1 0.9130859375 0.7138671875 0.0107421875 0.0126953125
1 0.396484375 0.498046875 0.005859375 0.009765625
1 0.49609375 0.0341796875 0.060546875 0.0439453125
1 0.74609375 0.0654296875 0.021484375 0.0283203125
1 0.8662109375 0.0537109375 0.009765625 0.0107421875
1 0.9013671875 0.26171875 0.044921875 0.056640625