0 0.6943359375 0.0380859375 0.109375 0.056640625
1 0.5751953125 0.03515625 0.03515625 0.021484375
0 0.693359375 0.2099609375 0.18359375 0.177734375
0 0.3818359375 0.2001953125 0.205078125 0.1875
1 0.3447265625 0.345703125 0.0234375 0.01953125
1 0.310546875 0.37890625 0.015625 0.015625
1 0.405963001953125 0.424635125 0.43143673046875 0.43043191796875 0.4462555625 0.450802357421875 0.46862342578125 0.45193008984375 0.473987201171875 0.436309216796875 0.48143245703125 0.39892153515625 0.434893712890625 0.365982857421875 0.4168932734375 0.369951669921875 0.400943833984375 0.386860138671875 0.40812226171875 0.39706481640625 0.405963001953125 0.424635125
0 0.33175598046875 0.5117001796875 0.370557677734375 0.5206950390625 0.404803896484375 0.513752216796875 0.420983638671875 0.4993525390625 0.429425412109375 0.4697133203125 0.438244916015625 0.435018017578125 0.407394666015625 0.424753365234375 0.405711142578125 0.39055895703125 0.38930244140625 0.376826380859375 0.3306115859375 0.379946583984375 0.310129892578125 0.389992390625 0.2602800234375 0.40065207421875 0.25230690234375 0.41410798828125 0.253572576171875 0.439932703125 0.28645196875 0.482239197265625 0.33175598046875 0.5117001796875
1 0.361328125 0.56640625 0.021484375 0.01953125
1 0.4677734375 0.4892578125 0.013671875 0.009765625
1 0.4755859375 0.51953125 0.015625 0.01171875
1 0.4697265625 0.5390625 0.017578125 0.01953125
1 0.478515625 0.5634765625 0.015625 0.01171875
0 0.622306984375 0.489026685546875 0.660456236328125 0.51401848046875 0.685439283203125 0.53031370703125 0.73604287109375 0.537960986328125 0.780369259765625 0.543230845703125 0.797819400390625 0.540144228515625 0.805911751953125 0.50861332421875 0.81682740625 0.46428678125 0.820159302734375 0.42824304296875 0.804463544921875 0.401796455078125 0.766822359375 0.383563328125 0.73994918359375 0.37775543359375 0.69891640234375 0.39916040625 0.66469757421875 0.409711451171875 0.64292272265625 0.43049740625 0.62209512890625 0.445588572265625 0.61400325 0.464767423828125 0.622306984375 0.489026685546875
0 0.73046875 0.6796875 0.2421875 0.181640625
0 0.6796875 0.9140625 0.197265625 0.169921875
0 0.3173828125 0.9345703125 0.240234375 0.123046875
1 0.453125 0.6904296875 0.048828125 0.0703125
1 0.4609375 0.6416015625 0.025390625 0.017578125
1 0.53125 0.802734375 0.017578125 0.017578125
1 0.357421875 0.59765625 0.03515625 0.017578125
1 0.3486328125 0.6201171875 0.015625 0.015625
1 0.302734375 0.6259765625 0.033203125 0.04296875
0 0.374692373046875 0.753607130859375 0.403150240234375 0.72820988671875 0.43096857421875 0.70715912109375 0.416087958984375 0.67634855078125 0.369131935546875 0.638809685546875 0.350989849609375 0.6367796640625 0.324006330078125 0.639290283203125 0.30984428125 0.646020193359375 0.277453490234375 0.659020826171875 0.232228998046875 0.671730056640625 0.22319419140625 0.69619610546875 0.236191712890625 0.73802005078125 0.267402939453125 0.76141825390625 0.315032765625 0.7756920859375 0.34154173828125 0.770313736328125 0.374692373046875 0.753607130859375