1 0.8564453125 0.619140625 0.0390625 0.0546875
1 0.7744140625 0.578125 0.01953125 0.0234375
1 0.751953125 0.5634765625 0.025390625 0.029296875
1 0.7705078125 0.5556640625 0.0234375 0.029296875
1 0.703125 0.482421875 0.08203125 0.11328125
1 0.7607421875 0.427734375 0.01171875 0.013671875
0 0.6103515625 0.373046875 0.107421875 0.13671875
1 0.6123046875 0.609375 0.01171875 0.013671875
0 0.498046875 0.6982421875 0.130859375 0.146484375
1 0.599609375 0.759765625 0.01171875 0.01171875
1 0.4677734375 0.7890625 0.0078125 0.009765625
0 0.40234375 0.4267578125 0.15625 0.18359375
1 0.2607421875 0.3505859375 0.01171875 0.01171875
1 0.15234375 0.3623046875 0.013671875 0.01953125
0 0.174402865234375 0.356885767578125 0.1599074921875 0.365553123046875 0.15235816015625 0.400805501953125 0.16562581640625 0.44628283984375 0.191258095703125 0.499351345703125 0.2209386484375 0.49218659765625 0.255114994140625 0.452133166015625 0.27159313671875 0.411719345703125 0.269442361328125 0.390950330078125 0.251715734375 0.344215849609375 0.239684548828125 0.3191540625 0.19834928515625 0.331843275390625 0.174402865234375 0.356885767578125
1 0.0771484375 0.4501953125 0.013671875 0.021484375
0 0.01953125 0.4697265625 0.0390625 0.142578125
0 0.076171875 0.78515625 0.076171875 0.126953125
1 0.126953125 0.783203125 0.01171875 0.013671875
1 0.123046875 0.822265625 0.015625 0.021484375
0 0.28515625 0.755859375 0.14453125 0.1640625
1 0.1826171875 0.6142578125 0.01171875 0.013671875
1 0.201171875 0.6064453125 0.01171875 0.015625
1 0.1728515625 0.623046875 0.01171875 0.01171875
1 0.259765625 0.6015625 0.01171875 0.013671875
1 0.3427734375 0.5751953125 0.017578125 0.017578125
1 0.5400390625 0.50390625 0.009765625 0.013671875
1 0.7177734375 0.400390625 0.005859375 0.005859375