0 0.212890625 0.923828125 0.103515625 0.0859375
1 0.2890625 0.916015625 0.05859375 0.072265625
1 0.3037109375 0.9560546875 0.033203125 0.041015625
1 0.3154296875 0.8837890625 0.01953125 0.01171875
1 0.349609375 0.9677734375 0.056640625 0.037109375
1 0.4404296875 0.9912109375 0.02734375 0.013671875
0 0.54166724609375 1 0.5482491796875 0.982477552734375 0.542026759765625 0.952132068359375 0.519870326171875 0.935393919921875 0.495278380859375 0.920345451171875 0.458277103515625 0.9072782421875 0.447504052734375 0.912777826171875 0.439971505859375 0.934680001953125 0.440921734375 0.960656638671875 0.4681718515625 1 0.54166724609375 1
1 0.4296875 0.87890625 0.056640625 0.0546875
1 0.4794921875 0.8525390625 0.10546875 0.109375
1 0.3720703125 0.8671875 0.013671875 0.013671875
1 0.39453125 0.8623046875 0.0234375 0.01953125
1 0.3544921875 0.8291015625 0.021484375 0.021484375
1 0.2216796875 0.814453125 0.017578125 0.015625
0 0.2509765625 0.7548828125 0.17578125 0.142578125
1 0.2646484375 0.6904296875 0.017578125 0.017578125
1 0.2236328125 0.662109375 0.01171875 0.01171875
1 0.388671875 0.78125 0.14453125 0.095703125
1 0.3857421875 0.689453125 0.09375 0.083984375
1 0.474609375 0.72265625 0.10546875 0.068359375
0 0.441860701171875 0.746661732421875 0.460735564453125 0.76587655078125 0.467673294921875 0.788646080078125 0.477705734375 0.803467638671875 0.506621326171875 0.810546720703125 0.541324796875 0.813721513671875 0.56258441796875 0.802057181640625 0.56691830859375 0.7763818984375 0.56119787109375 0.7485007890625 0.549886046875 0.7282774921875 0.5219050078125 0.736168306640625 0.4903604296875 0.746466408203125 0.460152072265625 0.74559195703125 0.441860701171875 0.746661732421875
1 0.4638671875 0.69140625 0.01953125 0.015625
1 0.40234375 0.6083984375 0.0234375 0.013671875
1 0.3232421875 0.6435546875 0.046875 0.03515625
1 0.255859375 0.6015625 0.013671875 0.01171875
0 0.309587134765625 0.50884443359375 0.2951118359375 0.510652275390625 0.27632364453125 0.520030220703125 0.248710138671875 0.541191677734375 0.24176991796875 0.55987815234375 0.238214107421875 0.590251400390625 0.2478478125 0.593186177734375 0.270664408203125 0.61325509375 0.296512900390625 0.620539595703125 0.34335021875 0.617954275390625 0.3765660703125 0.615069068359375 0.379352177734375 0.603235376953125 0.373039955078125 0.56905621875 0.362516693359375 0.546374291015625 0.3385306640625 0.522351974609375 0.309587134765625 0.50884443359375
1 0.1982421875 0.5732421875 0.01171875 0.01171875
1 0.455078125 0.5478515625 0.0859375 0.078125
0 0.5439453125 0.603515625 0.171875 0.111328125
1 0.57421875 0.5419921875 0.041015625 0.029296875
1 0.5986328125 0.515625 0.08984375 0.056640625
1 0.4453125 0.4736328125 0.046875 0.033203125
1 0.4287109375 0.498046875 0.013671875 0.0078125
1 0.4091796875 0.5380859375 0.009765625 0.0078125
1 0.4296875 0.443359375 0.009765625 0.0078125
1 0.44140625 0.44921875 0.01171875 0.0078125
1 0.46875 0.4326171875 0.048828125 0.0390625
0 0.5771484375 0.4228515625 0.150390625 0.126953125
1 0.47265625 0.294921875 0.05078125 0.046875
1 0.576171875 0.3037109375 0.0234375 0.021484375
1 0.528821400390625 0.20415864453125 0.488277041015625 0.188259833984375 0.4764821328125 0.202530982421875 0.47313342578125 0.221816505859375 0.476752634765625 0.24854453125 0.482137849609375 0.26994119140625 0.4962402890625 0.288506328125 0.508739580078125 0.304268810546875 0.53486150390625 0.3008560234375 0.56772166015625 0.27531546484375 0.580852380859375 0.252602625 0.577291453125 0.234423576171875 0.5590507890625 0.21384807421875 0.528821400390625 0.20415864453125
0 0.681943212890625 0.17794954296875 0.652809083984375 0.17201134375 0.621955421875 0.171673701171875 0.581879564453125 0.18244241796875 0.56132233984375 0.1906045390625 0.55434667578125 0.221976916015625 0.554308130859375 0.222266515625 0.57135491015625 0.248183435546875 0.58376178125 0.267912771484375 0.610353857421875 0.278402095703125 0.65266823046875 0.289853626953125 0.678823140625 0.291596642578125 0.71309419921875 0.257009240234375 0.72449013671875 0.2234156171875 0.69901462109375 0.19662055078125 0.681943212890625 0.17794954296875
1 0.5986328125 0.169921875 0.021484375 0.017578125
1 0.5126953125 0.171875 0.08203125 0.0546875
1 0.5302734375 0.1982421875 0.01171875 0.01171875
1 0.4462890625 0.181640625 0.01171875 0.009765625
1 0.595703125 0.130859375 0.03515625 0.037109375
0 0.6484375 0.06640625 0.16015625 0.119140625
1 0.54296875 0.037109375 0.056640625 0.041015625
1 0.3681640625 0.2236328125 0.033203125 0.0234375
0 0.31795283203125 0.109520998046875 0.28886801953125 0.1232170078125 0.28030759375 0.1309081015625 0.283646650390625 0.155304845703125 0.281839013671875 0.181361021484375 0.2875717734375 0.217456998046875 0.288025470703125 0.217713787109375 0.31214344140625 0.22558934375 0.344592048828125 0.221798953125 0.3781506484375 0.2116477265625 0.389196650390625 0.196956767578125 0.412196361328125 0.168772353515625 0.40727972265625 0.12954280859375 0.385529439453125 0.113469552734375 0.3422303671875 0.101946287109375 0.31795283203125 0.109520998046875
1 0.4462890625 0.140625 0.06640625 0.07421875
1 0.53125 0.1181640625 0.10546875 0.07421875
1 0.4814453125 0.0537109375 0.080078125 0.06640625
1 0.41015625 0.080078125 0.154296875 0.10546875
0 0.39453125 0.025390625 0.17578125 0.05078125
1 0.2890625 0.1123046875 0.01953125 0.01171875
0 0.3154296875 0.361328125 0.16015625 0.13671875
1 0.2958984375 0.4560546875 0.01953125 0.01953125
1 0.24609375 0.2900390625 0.0234375 0.021484375
1 0.380859375 0.2880859375 0.01171875 0.0078125
1 0.41796875 0.5146484375 0.009765625 0.005859375