0 0.3193359375 0.9462890625 0.166015625 0.08984375
1 0.4697265625 0.9140625 0.01953125 0.013671875
1 0.47265625 0.890625 0.017578125 0.015625
1 0.48828125 0.8935546875 0.017578125 0.013671875
0 0.58984375 0.9658203125 0.16015625 0.068359375
1 0.6494140625 0.9130859375 0.013671875 0.0078125
0 0.6162109375 0.8056640625 0.181640625 0.177734375
1 0.5966796875 0.71484375 0.015625 0.01171875
1 0.44140625 0.7236328125 0.06640625 0.056640625
1 0.4609375 0.68359375 0.0078125 0.005859375
0 0.30859375 0.7724609375 0.205078125 0.189453125
1 0.3525390625 0.6416015625 0.017578125 0.017578125
1 0.37109375 0.6376953125 0.013671875 0.0078125
1 0.701171875 0.615234375 0.015625 0.013671875
1 0.6552734375 0.6591796875 0.005859375 0.005859375
1 0.6982421875 0.4990234375 0.017578125 0.013671875
1 0.658203125 0.5087890625 0.009765625 0.009765625
1 0.6708984375 0.5048828125 0.01171875 0.0078125
0 0.68501805859375 0.507627423828125 0.656467228515625 0.51337680078125 0.613208177734375 0.5171856875 0.569735912109375 0.528778599609375 0.559376138671875 0.537045466796875 0.5620728125 0.56318760546875 0.56723501171875 0.592469244140625 0.5690906875 0.6261284921875 0.613160216796875 0.656903673828125 0.662323533203125 0.654900955078125 0.68576212109375 0.63919852734375 0.692126677734375 0.6125076640625 0.713827642578125 0.60780128515625 0.736492720703125 0.59075012890625 0.7360126796875 0.572514658203125 0.72424626953125 0.5395512421875 0.68501805859375 0.507627423828125
1 0.550876455078125 0.461317248046875 0.519612587890625 0.476916384765625 0.50741589453125 0.501587724609375 0.548859671875 0.52161288671875 0.583099251953125 0.52424148828125 0.6022784140625 0.51129087109375 0.623814130859375 0.46980613671875 0.62191971875 0.4532858828125 0.59444471484375 0.4457775625 0.550876455078125 0.461317248046875
1 0.44480804296875 0.47615500390625 0.42422674609375 0.461465701171875 0.403368447265625 0.476712873046875 0.40260820703125 0.51300026953125 0.388236857421875 0.533656205078125 0.433016353515625 0.56661536328125 0.44246276953125 0.581259939453125 0.4777741953125 0.56498244140625 0.515225724609375 0.54752424609375 0.52471333203125 0.535352505859375 0.508191818359375 0.5090611171875 0.5134095625 0.4870185 0.527649798828125 0.4735269609375 0.531334123046875 0.4485882890625 0.50547297265625 0.4464402421875 0.471364126953125 0.480595458984375 0.44480804296875 0.47615500390625
0 0.3988787734375 0.5745388046875 0.389757853515625 0.533602404296875 0.403844806640625 0.514291294921875 0.394480435546875 0.51013484375 0.360655068359375 0.524476451171875 0.33860597265625 0.518077576171875 0.33892107421875 0.495702419921875 0.315603033203125 0.50906994921875 0.27983380078125 0.512252232421875 0.2644501640625 0.533439126953125 0.25504325390625 0.567795771484375 0.2626535703125 0.626345640625 0.26331329296875 0.62664319140625 0.299344591796875 0.631440359375 0.348700560546875 0.631376310546875 0.35185673828125 0.596699091796875 0.3727226171875 0.599984138671875 0.40217062109375 0.60426848828125 0.3988787734375 0.5745388046875
1 0.3486328125 0.4794921875 0.01953125 0.0078125
1 0.317955525390625 0.4994786953125 0.334569142578125 0.497269814453125 0.34306676171875 0.4980465703125 0.338880978515625 0.525461041015625 0.355230408203125 0.52668846484375 0.353825072265625 0.5304634296875 0.371632904296875 0.518656662109375 0.37733495703125 0.5119023203125 0.373293072265625 0.492042328125 0.3529531015625 0.4828654453125 0.331845271484375 0.477949310546875 0.317955525390625 0.4994786953125
1 0.39453125 0.4423828125 0.029296875 0.03125
1 0.3837890625 0.4130859375 0.03515625 0.041015625
1 0.4892578125 0.396484375 0.083984375 0.068359375
1 0.54296875 0.375 0.01171875 0.009765625
1 0.478515625 0.341796875 0.01171875 0.00390625
1 0.494140625 0.267578125 0.013671875 0.009765625
1 0.5537109375 0.2705078125 0.05859375 0.087890625
1 0.4677734375 0.259765625 0.009765625 0.009765625
0 0.373046875 0.326171875 0.17578125 0.154296875
1 0.6572265625 0.412109375 0.015625 0.013671875
1 0.705078125 0.3203125 0.013671875 0.0078125
1 0.73046875 0.310546875 0.017578125 0.017578125
1 0.689453125 0.2421875 0.029296875 0.021484375
0 0.6689160625 0.26447284765625 0.63620701953125 0.273487462890625 0.58573794140625 0.2846841171875 0.58403603515625 0.29024232421875 0.57582153515625 0.312930998046875 0.548181111328125 0.34022603515625 0.5709612109375 0.37083477734375 0.604716908203125 0.40767501171875 0.624087525390625 0.415128900390625 0.675106875 0.394659818359375 0.701715783203125 0.37264613671875 0.738993263671875 0.345921212890625 0.726810544921875 0.331036318359375 0.70232797265625 0.323684314453125 0.697645587890625 0.2831016796875 0.6689160625 0.26447284765625
1 0.646484375 0.1845703125 0.03515625 0.021484375
0 0.795875962890625 0.123345625 0.77108090625 0.097017484375 0.73844916796875 0.060475404296875 0.705381533203125 0.040629615234375 0.675865810546875 0.042733498046875 0.658399455078125 0.06326325 0.645495451171875 0.087593849609375 0.62178324609375 0.10475770703125 0.623200259765625 0.13892273828125 0.628222775390625 0.164792904296875 0.649563283203125 0.176168845703125 0.66960412890625 0.192770685546875 0.703179453125 0.199585462890625 0.7334556328125 0.191284353515625 0.7838335390625 0.165338083984375 0.804060125 0.140518775390625 0.795875962890625 0.123345625
1 0.54296875 0.130859375 0.03125 0.025390625
1 0.57421875 0.11328125 0.0390625 0.02734375
1 0.5703125 0.060546875 0.1015625 0.09765625
1 0.4921875 0.033203125 0.08203125 0.06640625
1 0.4921875 0.142578125 0.021484375 0.01171875
0 0.384765625 0.11328125 0.169921875 0.150390625