1 0.8388671875 0.0712890625 0.115234375 0.072265625
1 0.7294921875 0.0576171875 0.12109375 0.076171875
1 0.51953125 0.0625 0.1171875 0.083984375
1 0.720703125 0.2607421875 0.0703125 0.052734375
1 0.59765625 0.353515625 0.017578125 0.017578125
0 0.623034486328125 0.308185068359375 0.6677124609375 0.27490818359375 0.640288876953125 0.241548830078125 0.62233433984375 0.2346568984375 0.582337908203125 0.23426398046875 0.558237978515625 0.256124470703125 0.536611568359375 0.308240888671875 0.54858190625 0.322863294921875 0.58789444140625 0.33210728125 0.623034486328125 0.308185068359375
0 0.581038060546875 0.11084785546875 0.62823320703125 0.099026732421875 0.685825640625 0.11832990625 0.680893251953125 0.07698240234375 0.652387869140625 0.055627123046875 0.60797058203125 0.059996333984375 0.58494915625 0.08416986328125 0.581038060546875 0.11084785546875
1 0.5146484375 0.1806640625 0.068359375 0.04296875
1 0.615671759765625 0.234513962890625 0.702912103515625 0.2380317578125 0.77270492578125 0.21260126953125 0.852083041015625 0.140408375 0.8260208046875 0.0973037421875 0.76409155078125 0.081617138671875 0.731887798828125 0.096700251953125 0.678730490234375 0.11635800390625 0.61876659375 0.102735025390625 0.517868955078125 0.09070744921875 0.49466013671875 0.112953412109375 0.524081369140625 0.15961871875 0.537532455078125 0.210830830078125 0.536672125 0.25844735546875 0.615671759765625 0.234513962890625
1 0.453125 0.2724609375 0.05859375 0.056640625
1 0.4482421875 0.357421875 0.123046875 0.13671875
1 0.5244140625 0.3876953125 0.0234375 0.0234375
1 0.4189453125 0.208984375 0.02734375 0.025390625
0 0.3740234375 0.06640625 0.142578125 0.1328125
0 0.34375 0.2509765625 0.1484375 0.111328125
0 0.26900148046875 0.412361203125 0.253532822265625 0.4484087421875 0.27557951953125 0.48309823046875 0.307160630859375 0.486343099609375 0.35307413671875 0.470684189453125 0.37831539453125 0.4343665 0.37872924609375 0.4342929140625 0.373028931640625 0.4235193125 0.34377288671875 0.404139126953125 0.294516654296875 0.39852366796875 0.26900148046875 0.412361203125
1 0.359375 0.494140625 0.0859375 0.05859375
1 0.2998046875 0.505859375 0.0234375 0.0234375
1 0.4169921875 0.4619140625 0.037109375 0.064453125
1 0.453125 0.4462890625 0.01953125 0.02734375
1 0.430816189453125 0.497620869140625 0.45531490625 0.50498770703125 0.506066744140625 0.5011865625 0.50843644921875 0.472877923828125 0.504551349609375 0.461180216796875 0.472836775390625 0.444319064453125 0.455555640625 0.44731293359375 0.4374135078125 0.4576459140625 0.431263798828125 0.47100919921875 0.430816189453125 0.497620869140625
1 0.5546875 0.4052734375 0.0234375 0.017578125
1 0.5546875 0.42578125 0.021484375 0.013671875
1 0.5751953125 0.4052734375 0.01171875 0.01171875
0 0.56711126171875 0.515641025390625 0.598442189453125 0.508253431640625 0.610110046875 0.454698298828125 0.588318109375 0.4301631875 0.550051505859375 0.443400888671875 0.5199566484375 0.45587865234375 0.5026320625 0.4699607109375 0.50873253125 0.503108287109375 0.543918615234375 0.53129334375 0.56711126171875 0.515641025390625
1 0.546875 0.548828125 0.044921875 0.037109375
1 0.517578125 0.5595703125 0.0234375 0.013671875
1 0.5693359375 0.5927734375 0.015625 0.013671875
1 0.311762431640625 0.53329760546875 0.33302061328125 0.555838865234375 0.34474990625 0.58500977734375 0.365551345703125 0.60849909375 0.386858326171875 0.626411216796875 0.4477172109375 0.628759134765625 0.474312638671875 0.59099859765625 0.506423390625 0.5392899296875 0.503878369140625 0.541075451171875 0.507891892578125 0.533197154296875 0.486184921875 0.517091560546875 0.426979658203125 0.493151390625 0.392011767578125 0.5200810625 0.33037189453125 0.512894775390625 0.28034533203125 0.516547396484375 0.272238892578125 0.529119123046875 0.311762431640625 0.53329760546875
0 0.625486005859375 0.622317546875 0.597857599609375 0.593125802734375 0.575836984375 0.6155368046875 0.55491139453125 0.630106759765625 0.55638518359375 0.5946712578125 0.53244778125 0.595562171875 0.500594587890625 0.615402943359375 0.46855912109375 0.65813587890625 0.494579638671875 0.683150486328125 0.558629076171875 0.713102724609375 0.603531515625 0.68876021875 0.634433607421875 0.649129109375 0.625486005859375 0.622317546875
1 0.5654296875 0.62109375 0.0234375 0.017578125
1 0.4970703125 0.7041015625 0.01171875 0.013671875
1 0.3994140625 0.66015625 0.017578125 0.015625
0 0.291015625 0.6494140625 0.158203125 0.119140625
1 0.26953125 0.5634765625 0.125 0.08984375
1 0.38671875 0.7587890625 0.017578125 0.01171875
1 0.4072265625 0.78125 0.013671875 0.009765625
1 0.4873046875 0.7255859375 0.017578125 0.017578125
0 0.570517396484375 0.8061133046875 0.5141585 0.8117561875 0.48772123046875 0.852017396484375 0.519404703125 0.87151306640625 0.56063876171875 0.851293607421875 0.570517396484375 0.8061133046875
1 0.3642578125 0.9609375 0.109375 0.0625
1 0.3486328125 0.9267578125 0.037109375 0.025390625
1 0.524975939453125 0.86875057421875 0.485738322265625 0.853429275390625 0.51348825390625 0.819136455078125 0.5392784921875 0.799938482421875 0.52089369140625 0.76942651953125 0.48864225390625 0.7653204296875 0.429692087890625 0.804647732421875 0.371579693359375 0.8056768984375 0.3266916328125 0.776442689453125 0.3653488671875 0.74802528515625 0.363566947265625 0.724407041015625 0.319364810546875 0.71352101171875 0.28381499609375 0.715607943359375 0.25902274609375 0.722630916015625 0.24449810546875 0.7466028359375 0.28589839453125 0.770358677734375 0.31203575390625 0.778713693359375 0.314012935546875 0.806103134765625 0.325573513671875 0.82294812109375 0.283451318359375 0.8477544140625 0.315465654296875 0.875118033203125 0.34899098828125 0.9038953984375 0.369053927734375 0.93541152734375 0.3906733671875 0.946731857421875 0.44806638671875 0.924795705078125 0.448488365234375 0.983732400390625 0.5129146875 0.986524291015625 0.56725907421875 0.973632556640625 0.630054 0.923036466796875 0.637191046875 0.872266126953125 0.690968775390625 0.88896172265625 0.7262163515625 0.889198578125 0.750341232421875 0.85676516015625 0.7650138828125 0.792423236328125 0.746721140625 0.760216693359375 0.658851037109375 0.72421126171875 0.60595248046875 0.725503583984375 0.578424302734375 0.7779945625 0.5718958828125 0.811464810546875 0.55980084375 0.849434412109375 0.524975939453125 0.86875057421875
0 0.238615455078125 0.74410639453125 0.19112872265625 0.79648997265625 0.19532973046875 0.83462619921875 0.221115458984375 0.85699240234375 0.237908314453125 0.861841361328125 0.276424396484375 0.845170205078125 0.30724409765625 0.83726203125 0.322077953125 0.82457918359375 0.3114423671875 0.8009545546875 0.3129715390625 0.7877102109375 0.28501390234375 0.767457208984375 0.258729009765625 0.754013693359375 0.24082196484375 0.742749419921875 0.238615455078125 0.74410639453125
1 0.2626953125 0.8544921875 0.01953125 0.015625
1 0.38671875 0.171875 0.013671875 0.01171875
1 0.4248046875 0.1552734375 0.01171875 0.009765625
1 0.4677734375 0.2119140625 0.01171875 0.015625
1 0.4853515625 0.2080078125 0.013671875 0.01171875
1 0.4833984375 0.0869140625 0.021484375 0.017578125