0 0.5947265625 0.1875 0.185546875 0.146484375
1 0.5234375 0.3330078125 0.046875 0.033203125
0 0.568359375 0.400390625 0.185546875 0.109375
0 0.5830078125 0.603515625 0.171875 0.140625
0 0.568359375 0.8193359375 0.1484375 0.1328125
0 0.5458984375 0.9697265625 0.130859375 0.060546875
0 0.2939453125 0.974609375 0.123046875 0.041015625
0 0.28515625 0.783203125 0.12890625 0.1015625
0 0.287109375 0.5771484375 0.154296875 0.125
0 0.294921875 0.3603515625 0.14453125 0.0859375
1 0.328125 0.4365234375 0.158203125 0.0859375
1 0.4208984375 0.30078125 0.013671875 0.015625
0 0.302734375 0.1748046875 0.138671875 0.087890625
1 0.2919921875 0.255859375 0.037109375 0.025390625
0 0.3193359375 0.015625 0.103515625 0.03125
1 0.443359375 0.02734375 0.029296875 0.01953125
1 0.3115234375 0.0439453125 0.015625 0.021484375
1 0.345703125 0.037109375 0.01171875 0.0078125
1 0.96484375 0.3740234375 0.0703125 0.048828125
1 0.927734375 0.732421875 0.01953125 0.021484375
1 0.8984375 0.890625 0.05078125 0.0546875
1 0.7822265625 0.857421875 0.02734375 0.015625