0 0.083984375 0.4716796875 0.16796875 0.205078125
0 0.314453125 0.3916015625 0.189453125 0.216796875
1 0.13109375390625 0.609415388671875 0.14105838671875 0.62030978515625 0.1837710078125 0.609242541015625 0.220321060546875 0.596985421875 0.2388153515625 0.588255759765625 0.2218676640625 0.538002529296875 0.1802065625 0.501467046875 0.160861072265625 0.5121425703125 0.14424136328125 0.53784266015625 0.1341596796875 0.54330716015625 0.125578431640625 0.592417283203125 0.13109375390625 0.609415388671875
1 0.0947265625 0.6708984375 0.07421875 0.06640625
1 0.130859375 0.63671875 0.013671875 0.015625
0 0.171875 0.783203125 0.22265625 0.25
1 0.322265625 0.791015625 0.015625 0.01953125
1 0.3115234375 0.6923828125 0.015625 0.01953125
1 0.3291015625 0.6005859375 0.05078125 0.06640625
1 0.2822265625 0.576171875 0.025390625 0.0390625
0 0.412109375 0.6748046875 0.154296875 0.154296875
1 0.4716796875 0.7333984375 0.017578125 0.0234375
1 0.541015625 0.705078125 0.05078125 0.052734375
1 0.5322265625 0.673828125 0.013671875 0.017578125
1 0.458984375 0.5126953125 0.10546875 0.119140625
1 0.5390625 0.5029296875 0.03125 0.041015625
0 0.55078125 0.3642578125 0.19921875 0.240234375
1 0.6337890625 0.49609375 0.052734375 0.048828125
1 0.669921875 0.4443359375 0.0546875 0.0390625
1 0.7197265625 0.4365234375 0.021484375 0.017578125
1 0.7421875 0.4208984375 0.03515625 0.037109375
0 0.6337890625 0.6591796875 0.220703125 0.271484375
0 0.8876953125 0.5947265625 0.189453125 0.205078125
1 0.890625 0.388671875 0.015625 0.013671875
0 0.771484375 0.2353515625 0.248046875 0.287109375