0 0.30859375 0.953125 0.177734375 0.09375
1 0.435546875 0.814453125 0.052734375 0.0341796875
0 0.3125 0.7744140625 0.212890625 0.146484375
0 0.3251953125 0.513671875 0.2216796875 0.1591796875
1 0.33203125 0.4208984375 0.013671875 0.0078125
1 0.353515625 0.408203125 0.009765625 0.009765625
1 0.439453125 0.400390625 0.013671875 0.0126953125
0 0.349609375 0.26171875 0.15625 0.1376953125
1 0.2958984375 0.34375 0.0283203125 0.03125
1 0.251953125 0.302734375 0.025390625 0.021484375
1 0.267578125 0.27734375 0.015625 0.009765625
1 0.4423828125 0.173828125 0.021484375 0.015625
0 0.3330078125 0.0693359375 0.2109375 0.138671875
1 0.4580078125 0.107421875 0.0361328125 0.021484375
0 0.6533203125 0.0654296875 0.2138671875 0.130859375
1 0.537109375 0.19140625 0.0283203125 0.025390625
0 0.634765625 0.3095703125 0.15625 0.119140625
0 0.619140625 0.53125 0.150390625 0.1142578125
0 0.6357421875 0.7412109375 0.2060546875 0.1689453125
1 0.57421875 0.8935546875 0.0234375 0.021484375
0 0.6083984375 0.9619140625 0.162109375 0.076171875