0 0.1201171875 0.2578125 0.142578125 0.203125
1 0.0556640625 0.36328125 0.0107421875 0.013671875
1 0.0927734375 0.376953125 0.013671875 0.021484375
1 0.1064453125 0.369140625 0.009765625 0.0205078125
1 0.130859375 0.380859375 0.03125 0.0185546875
1 0.111328125 0.408203125 0.0126953125 0.013671875
0 0.130859375 0.5244140625 0.099609375 0.1171875
1 0.279296875 0.380859375 0.013671875 0.015625
0 0.310546875 0.5380859375 0.1015625 0.1298828125
1 0.369140625 0.421875 0.009765625 0.021484375
1 0.328125 0.4140625 0.0205078125 0.0107421875
1 0.439453125 0.375 0.0283203125 0.0283203125
1 0.4638671875 0.3955078125 0.013671875 0.0185546875
0 0.3994140625 0.2666015625 0.1376953125 0.193359375
0 0.5439453125 0.2900390625 0.1279296875 0.1689453125
1 0.4833984375 0.236328125 0.0107421875 0.013671875
0 0.748046875 0.3056640625 0.1328125 0.1513671875
1 0.8095703125 0.392578125 0.009765625 0.0185546875
1 0.8583984375 0.453125 0.0126953125 0.013671875
0 0.9423828125 0.333984375 0.115234375 0.18359375
0 0.916015625 0.5771484375 0.1357421875 0.1484375
0 0.7294921875 0.5615234375 0.1201171875 0.1669921875
1 0.638671875 0.521484375 0.0126953125 0.0107421875
0 0.529296875 0.5595703125 0.140625 0.162109375
1 0.4541015625 0.568359375 0.013671875 0.0234375
1 0.42578125 0.501953125 0.0078125 0.0107421875