1 0.1328125 0.271484375 0.021484375 0.021484375
0 0.19140625 0.3203125 0.13671875 0.1875
1 0.228515625 0.41796875 0.017578125 0.021484375
1 0.259765625 0.2578125 0.015625 0.01953125
1 0.1201171875 0.46875 0.021484375 0.017578125
1 0.0478515625 0.4326171875 0.017578125 0.017578125
0 0.0224609375 0.580078125 0.044921875 0.140625
0 0.16015625 0.6044921875 0.154296875 0.158203125
0 0.384765625 0.607421875 0.134765625 0.197265625
1 0.439453125 0.623046875 0.015625 0.01953125
1 0.4208984375 0.48828125 0.009765625 0.0078125
1 0.439453125 0.4697265625 0.009765625 0.013671875
1 0.30859375 0.474609375 0.013671875 0.0078125
1 0.3193359375 0.4794921875 0.013671875 0.01171875
1 0.341796875 0.4599609375 0.013671875 0.013671875
1 0.3544921875 0.4326171875 0.017578125 0.015625
1 0.2783203125 0.455078125 0.0078125 0.009765625
0 0.4072265625 0.3359375 0.134765625 0.1796875
1 0.3583984375 0.2568359375 0.0078125 0.0078125
1 0.3291015625 0.2939453125 0.009765625 0.013671875
1 0.5087890625 0.4541015625 0.013671875 0.01171875
1 0.4658203125 0.4755859375 0.009765625 0.0078125
1 0.55859375 0.3525390625 0.01171875 0.01171875
0 0.638671875 0.35546875 0.130859375 0.13671875
1 0.6572265625 0.4716796875 0.01171875 0.01171875
1 0.576171875 0.5048828125 0.015625 0.013671875
1 0.7490234375 0.4990234375 0.015625 0.01953125
1 0.740234375 0.5224609375 0.01171875 0.013671875
1 0.7548828125 0.5263671875 0.01171875 0.013671875
1 0.7822265625 0.4970703125 0.0078125 0.0078125
1 0.8125 0.5380859375 0.01171875 0.015625
1 0.8291015625 0.5322265625 0.0234375 0.015625
0 0.822265625 0.666015625 0.166015625 0.197265625
0 0.5927734375 0.6630859375 0.115234375 0.150390625
1 0.6005859375 0.5615234375 0.01171875 0.01171875
1 0.9677734375 0.5244140625 0.017578125 0.017578125
0 0.865234375 0.3818359375 0.16015625 0.171875
1 0.78125 0.3876953125 0.021484375 0.0234375
1 0.720703125 0.3828125 0.009765625 0.01171875
1 0.4560546875 0.2353515625 0.01171875 0.01171875
1 0.8828125 0.5107421875 0.009765625 0.01171875