0 0.337890625 0.9736328125 0.1689453125 0.052734375
0 0.328125 0.80078125 0.140625 0.1064453125
0 0.361328125 0.60546875 0.1220703125 0.1064453125
0 0.3759765625 0.419921875 0.140625 0.1064453125
0 0.359375 0.234375 0.1435546875 0.0908203125
0 0.3427734375 0.056640625 0.1484375 0.1123046875
1 0.4521484375 0.236328125 0.044921875 0.03125
0 0.587890625 0.8291015625 0.1279296875 0.103515625
1 0.4951171875 0.849609375 0.013671875 0.0126953125
1 0.517578125 0.8251953125 0.015625 0.013671875
1 0.521484375 0.775390625 0.0234375 0.0078125
1 0.5224609375 0.759765625 0.0185546875 0.015625
1 0.525390625 0.7265625 0.0126953125 0.0107421875
1 0.5009765625 0.7490234375 0.013671875 0.0185546875
1 0.5185546875 0.6884765625 0.015625 0.0107421875
1 0.498046875 0.6787109375 0.046875 0.0625
1 0.51953125 0.630859375 0.0185546875 0.015625
1 0.5263671875 0.533203125 0.013671875 0.0107421875
1 0.53125 0.51953125 0.0126953125 0.009765625
1 0.5029296875 0.6220703125 0.0078125 0.015625
1 0.53515625 0.484375 0.017578125 0.009765625
1 0.525390625 0.4716796875 0.029296875 0.0126953125
1 0.5166015625 0.458984375 0.029296875 0.0107421875
1 0.498046875 0.4443359375 0.0576171875 0.0439453125
1 0.498046875 0.3984375 0.052734375 0.0517578125
1 0.5419921875 0.357421875 0.0185546875 0.0126953125
1 0.52734375 0.357421875 0.013671875 0.0126953125
1 0.5419921875 0.3232421875 0.009765625 0.009765625
1 0.529296875 0.31640625 0.0126953125 0.0126953125
1 0.5361328125 0.294921875 0.0234375 0.0205078125
0 0.623046875 0.4033203125 0.1455078125 0.0966796875
0 0.5966796875 0.6240234375 0.1357421875 0.119140625
1 0.765594859375 0.774522568359375 0.80245255859375 0.77852150390625 0.822767470703125 0.765548140625 0.8372199921875 0.750059904296875 0.8356481484375 0.73929398046875 0.808658552734375 0.71182476953125 0.78428066015625 0.68208482421875 0.76314742578125 0.66145607421875 0.72152144921875 0.648277 0.670346861328125 0.66150354296875 0.630247515625 0.67228529296875 0.617342724609375 0.68050469140625 0.614076966796875 0.69400250390625 0.61249457421875 0.7045378515625 0.61249457421875 0.71879408203125 0.61477171484375 0.72615673046875 0.64281623828125 0.7419953515625 0.68933708203125 0.757160328125 0.765594859375 0.774522568359375
1 0.814453125 0.28515625 0.2060546875 0.177734375
1 0.7255859375 0.181640625 0.0185546875 0.017578125
1 0.583984375 0.248046875 0.0341796875 0.0341796875
1 0.513671875 0.251953125 0.009765625 0.009765625
1 0.533203125 0.140625 0.0185546875 0.029296875
1 0.6337890625 0.12109375 0.015625 0.009765625
1 0.557879412109375 0.210460521484375 0.58812421484375 0.191556576171875 0.6027379921875 0.169597484375 0.6027379921875 0.158447265625 0.590268736328125 0.146962484375 0.549548490234375 0.142810962890625 0.53255660546875 0.151021322265625 0.5202953203125 0.16965173828125 0.51190863671875 0.18452962109375 0.51697530859375 0.216724537109375 0.533457814453125 0.218648275390625 0.557879412109375 0.210460521484375
0 0.593887140625 0.17800451171875 0.57560070703125 0.19702374609375 0.55478394921875 0.219328703125 0.555300865234375 0.218930845703125 0.56946855859375 0.22537457421875 0.6039119765625 0.241848416015625 0.630444939453125 0.25602439453125 0.651963974609375 0.259738498046875 0.678561740234375 0.248977095703125 0.682433328125 0.23363353515625 0.6815486953125 0.21488669921875 0.66866198828125 0.19070999609375 0.63889491796875 0.15750687109375 0.61357813671875 0.15531638671875 0.60352466796875 0.1624755859375 0.593887140625 0.17800451171875
0 0.6103515625 0.0400390625 0.0908203125 0.080078125
1 0.66796875 0.056640625 0.0283203125 0.025390625
1 0.5185546875 0.0458984375 0.0595703125 0.0830078125
1 0.498046875 0.9248046875 0.0126953125 0.021484375
0 0.607421875 0.970703125 0.0966796875 0.0576171875