1 0.9189453125 0.158203125 0.162109375 0.203125
1 0.9013671875 0.2744140625 0.0341796875 0.025390625
1 0.947265625 0.30078125 0.009765625 0.009765625
1 0.9052734375 0.302734375 0.0126953125 0.0078125
1 0.921875 0.365234375 0.15625 0.1123046875
1 0.92578125 0.572265625 0.146484375 0.306640625
1 0.9296875 0.75390625 0.078125 0.0625
1 0.943359375 0.841796875 0.0908203125 0.068359375
1 0.9345703125 0.9384765625 0.126953125 0.123046875
1 0.8193359375 0.884765625 0.1328125 0.119140625
1 0.78125 0.9267578125 0.2001953125 0.146484375
0 0.607421875 0.0478515625 0.1533203125 0.095703125
1 0.6591796875 0.1259765625 0.013671875 0.009765625
1 0.638671875 0.17578125 0.0078125 0.0107421875
1 0.6123046875 0.1611328125 0.005859375 0.009765625
1 0.6044921875 0.1669921875 0.009765625 0.005859375
0 0.634765625 0.2294921875 0.1279296875 0.109375
1 0.7158203125 0.162109375 0.009765625 0.005859375
1 0.7177734375 0.2587890625 0.0126953125 0.005859375
1 0.7060546875 0.26953125 0.009765625 0.0126953125
1 0.7236328125 0.2744140625 0.009765625 0.009765625
1 0.6962890625 0.294921875 0.009765625 0.0029296875
1 0.697265625 0.3046875 0.0126953125 0.0029296875
1 0.7109375 0.3212890625 0.0341796875 0.0361328125
1 0.650390625 0.306640625 0.0126953125 0.0078125
1 0.646484375 0.314453125 0.0126953125 0.009765625
1 0.6396484375 0.322265625 0.0107421875 0.005859375
1 0.427734375 0.150390625 0.1220703125 0.130859375
1 0.4404296875 0.0244140625 0.015625 0.015625
1 0.4248046875 0.0263671875 0.0126953125 0.017578125
1 0.474609375 0.048828125 0.0126953125 0.015625
1 0.470703125 0.0810546875 0.021484375 0.0185546875
1 0.4248046875 0.044921875 0.015625 0.015625
0 0.333984375 0.03515625 0.1279296875 0.0703125
1 0.2626953125 0.033203125 0.0185546875 0.015625
1 0.3154296875 0.107421875 0.009765625 0.005859375
1 0.287109375 0.12890625 0.0107421875 0.009765625
0 0.322265625 0.2138671875 0.140625 0.125
1 0.240234375 0.275390625 0.009765625 0.009765625
1 0.208984375 0.3466796875 0.015625 0.0126953125
1 0.2265625 0.330078125 0.0126953125 0.0078125
1 0.3251953125 0.33984375 0.009765625 0.0107421875
1 0.3515625 0.3486328125 0.0126953125 0.005859375
1 0.3291015625 0.3603515625 0.015625 0.0126953125
1 0.275390625 0.341796875 0.0126953125 0.0126953125
1 0.2021484375 0.439453125 0.0126953125 0.0107421875
1 0.3701171875 0.423828125 0.037109375 0.0185546875
0 0.3076171875 0.44921875 0.099609375 0.1123046875
1 0.2158203125 0.513671875 0.1455078125 0.115234375
1 0.283203125 0.51953125 0.0107421875 0.0107421875
1 0.318359375 0.521484375 0.0107421875 0.005859375
1 0.337890625 0.52734375 0.009765625 0.009765625
1 0.345703125 0.5400390625 0.009765625 0.0126953125
1 0.326171875 0.5478515625 0.005859375 0.005859375
1 0.3037109375 0.5517578125 0.041015625 0.041015625
1 0.2568359375 0.611328125 0.015625 0.013671875
1 0.220703125 0.609375 0.009765625 0.009765625
1 0.208984375 0.5859375 0.015625 0.0126953125
0 0.361328125 0.623046875 0.1279296875 0.099609375
1 0.2998046875 0.6005859375 0.0107421875 0.005859375
1 0.3154296875 0.666015625 0.013671875 0.0126953125
1 0.267578125 0.7177734375 0.1044921875 0.0498046875
1 0.1572265625 0.720703125 0.138671875 0.0703125
1 0.0927734375 0.705078125 0.0185546875 0.009765625
1 0.037109375 0.697265625 0.07421875 0.109375
1 0.232421875 0.7919921875 0.0341796875 0.025390625
1 0.26171875 0.7490234375 0.005859375 0.005859375
1 0.244140625 0.7548828125 0.0078125 0.005859375
1 0.2724609375 0.7744140625 0.009765625 0.005859375
1 0.2529296875 0.80078125 0.0185546875 0.015625
1 0.2763671875 0.80078125 0.009765625 0.009765625
1 0.2890625 0.7880859375 0.009765625 0.009765625
1 0.2421875 0.681640625 0.005859375 0.005859375
1 0.1728515625 0.8740234375 0.015625 0.017578125
1 0.2373046875 0.8330078125 0.009765625 0.005859375
1 0.2626953125 0.8291015625 0.009765625 0.009765625
1 0.212890625 0.76953125 0.005859375 0.009765625
1 0.2431640625 0.865234375 0.0185546875 0.021484375
1 0.2216796875 0.8603515625 0.013671875 0.0126953125
1 0.232421875 0.845703125 0.009765625 0.009765625
1 0.205078125 0.88671875 0.0107421875 0.009765625
1 0.271484375 0.884765625 0.009765625 0.009765625
1 0.2822265625 0.8896484375 0.009765625 0.009765625
1 0.2626953125 0.8916015625 0.0126953125 0.0126953125
1 0.251953125 0.89453125 0.0078125 0.005859375
1 0.255859375 0.873046875 0.005859375 0.0078125
1 0.2763671875 0.9189453125 0.015625 0.0126953125
1 0.302734375 0.935546875 0.0234375 0.017578125
1 0.314453125 0.8876953125 0.0078125 0.0078125
1 0.310546875 0.8974609375 0.005859375 0.0078125
1 0.337890625 0.927734375 0.013671875 0.009765625
0 0.3466796875 0.8447265625 0.1279296875 0.1015625
1 0.341796875 0.779296875 0.015625 0.0078125
1 0.3330078125 0.748046875 0.009765625 0.005859375
1 0.4619140625 0.822265625 0.0185546875 0.0126953125
1 0.4482421875 0.8408203125 0.0107421875 0.0107421875
1 0.4404296875 0.9052734375 0.009765625 0.0078125
1 0.37109375 0.939453125 0.009765625 0.005859375
1 0.365234375 0.951171875 0.009765625 0.005859375
1 0.45703125 0.892578125 0.005859375 0.009765625
1 0.5166015625 0.861328125 0.072265625 0.052734375
1 0.513671875 0.919921875 0.09375 0.083984375
1 0.4599609375 0.8046875 0.0107421875 0.005859375
1 0.4951171875 0.751953125 0.0341796875 0.076171875
1 0.509765625 0.982421875 0.0205078125 0.0205078125
1 0.6259765625 0.8984375 0.0078125 0.005859375
1 0.6513671875 0.9560546875 0.015625 0.03125
0 0.6357421875 0.8369140625 0.1064453125 0.099609375
1 0.787109375 0.6884765625 0.0126953125 0.0126953125
1 0.7822265625 0.67578125 0.0126953125 0.0078125
1 0.765625 0.650390625 0.009765625 0.009765625
1 0.7236328125 0.654296875 0.0126953125 0.013671875
1 0.765625 0.6826171875 0.0107421875 0.0078125
1 0.7666015625 0.6982421875 0.015625 0.0185546875
1 0.7744140625 0.720703125 0.0126953125 0.0126953125
1 0.802734375 0.767578125 0.021484375 0.015625
1 0.798828125 0.7509765625 0.013671875 0.009765625
1 0.787109375 0.7392578125 0.009765625 0.009765625
1 0.771484375 0.7353515625 0.009765625 0.0126953125
1 0.76953125 0.7509765625 0.0234375 0.0185546875
1 0.75 0.7587890625 0.0126953125 0.005859375
1 0.755859375 0.767578125 0.0126953125 0.009765625
1 0.7412109375 0.787109375 0.015625 0.0107421875
1 0.728515625 0.7919921875 0.013671875 0.0107421875
1 0.7470703125 0.826171875 0.0126953125 0.0107421875
0 0.6455078125 0.6142578125 0.142578125 0.087890625
1 0.60546875 0.5693359375 0.009765625 0.015625
0 0.63671875 0.4267578125 0.1533203125 0.0986328125
1 0.81640625 0.4560546875 0.052734375 0.046875
1 0.748046875 0.4599609375 0.0283203125 0.029296875
1 0.716796875 0.501953125 0.0185546875 0.009765625
1 0.703125 0.49609375 0.0078125 0.009765625
1 0.63671875 0.525390625 0.015625 0.0107421875
1 0.4375 0.3134765625 0.1689453125 0.09375
1 0.4580078125 0.3564453125 0.1123046875 0.060546875
1 0.48828125 0.416015625 0.029296875 0.015625
1 0.455078125 0.4306640625 0.0126953125 0.015625
1 0.4345703125 0.421875 0.009765625 0.009765625
1 0.4765625 0.4697265625 0.0126953125 0.015625
1 0.478515625 0.4873046875 0.015625 0.009765625
1 0.515625 0.5224609375 0.087890625 0.0966796875
1 0.193359375 0.216796875 0.0234375 0.013671875
1 0.478515625 0.6171875 0.0107421875 0.005859375
1 0.4873046875 0.658203125 0.015625 0.0126953125
1 0.634765625 0.509765625 0.0126953125 0.009765625
1 0.669921875 0.5224609375 0.015625 0.005859375
1 0.5849609375 0.5849609375 0.009765625 0.0078125
1 0.7138671875 0.9248046875 0.015625 0.009765625
1 0.693359375 0.923828125 0.0107421875 0.005859375
1 0.6865234375 0.8974609375 0.0107421875 0.0078125
1 0.677734375 0.8681640625 0.0078125 0.009765625
1 0.755859375 0.408203125 0.0126953125 0.0126953125
1 0.8056640625 0.376953125 0.009765625 0.005859375
1 0.7001953125 0.345703125 0.0126953125 0.005859375
1 0.61328125 0.3037109375 0.005859375 0.0048828125
1 0.6953125 0.486328125 0.009765625 0.0048828125
1 0.658203125 0.498046875 0.009765625 0.0048828125
1 0.697265625 0.46875 0.005859375 0.005859375
1 0.6875 0.46484375 0.0078125 0.0078125
1 0.7734375 0.416015625 0.0078125 0.005859375
1 0.7119140625 0.6279296875 0.0078125 0.005859375