1 0.7490234375 0.0576171875 0.03125 0.021484375
1 0.72242060546875 0.0995082734375 0.751757294921875 0.106211064453125 0.759030251953125 0.093359595703125 0.745781048828125 0.072195314453125 0.72548321875 0.044634791015625 0.7127663515625 0.0359689296875 0.674055001953125 0.027031708984375 0.65853356640625 0.06653577734375 0.6886181328125 0.08555371875 0.72242060546875 0.0995082734375
0 0.71845787890625 0.1078116328125 0.7031347265625 0.122940396484375 0.694031826171875 0.107803388671875 0.67826559765625 0.1088561015625 0.64665891796875 0.12748667578125 0.61362424609375 0.168399033203125 0.62840365234375 0.21437788671875 0.65863830859375 0.233591333984375 0.703566189453125 0.244358669921875 0.7256360234375 0.224053248046875 0.76393358984375 0.175095419921875 0.783683255859375 0.12084394140625 0.71845787890625 0.1078116328125
1 0.4990234375 0.12890625 0.064453125 0.041015625
1 0.4716796875 0.1728515625 0.021484375 0.021484375
1 0.390625 0.2119140625 0.013671875 0.01171875
0 0.375 0.10546875 0.15234375 0.140625
1 0.283203125 0.3037109375 0.0234375 0.01953125
1 0.26171875 0.3056640625 0.01953125 0.013671875
1 0.35546875 0.2998046875 0.01171875 0.01171875
1 0.2294921875 0.3955078125 0.04296875 0.033203125
0 0.27575344140625 0.3376521640625 0.293140875 0.378122701171875 0.328067927734375 0.401176689453125 0.383144123046875 0.409922212890625 0.403598861328125 0.39850029296875 0.41747008984375 0.35630037890625 0.41597333203125 0.337569927734375 0.40880969921875 0.29822239453125 0.3981055625 0.292164908203125 0.36582510546875 0.292359173828125 0.353296439453125 0.305173779296875 0.341353529296875 0.289564642578125 0.32569101171875 0.286964318359375 0.29553353515625 0.29536356640625 0.28330333203125 0.31508547265625 0.27575344140625 0.3376521640625
1 0.615234375 0.3525390625 0.01171875 0.01171875
1 0.5283203125 0.4130859375 0.05859375 0.0546875
0 0.592253708984375 0.44955507421875 0.642709734375 0.462692705078125 0.667627619140625 0.4598500234375 0.687710583984375 0.45181302734375 0.70063959765625 0.420292474609375 0.7010359453125 0.406498896484375 0.694670283203125 0.374753478515625 0.674742080078125 0.351409994140625 0.6348986328125 0.35010980078125 0.59882709765625 0.361216607421875 0.580573365234375 0.374324212890625 0.553164259765625 0.4130223046875 0.592253708984375 0.44955507421875
1 0.5009765625 0.4697265625 0.0390625 0.0234375
1 0.5009765625 0.4931640625 0.041015625 0.033203125
1 0.6181640625 0.4814453125 0.017578125 0.013671875
1 0.623046875 0.470703125 0.013671875 0.0078125
1 0.65625 0.48046875 0.01953125 0.021484375
1 0.654296875 0.5107421875 0.009765625 0.01171875
1 0.6376953125 0.501953125 0.01953125 0.013671875
1 0.6015625 0.5224609375 0.01171875 0.0078125
1 0.6181640625 0.548828125 0.013671875 0.0078125
1 0.63671875 0.5771484375 0.013671875 0.009765625
1 0.5703125 0.55078125 0.07421875 0.05078125
0 0.60546875 0.626953125 0.173828125 0.126953125
1 0.591796875 0.6875 0.013671875 0.01171875
1 0.533203125 0.7529296875 0.017578125 0.015625
0 0.612397658203125 0.8020875078125 0.591147986328125 0.76074901953125 0.5295088984375 0.770027052734375 0.500172841796875 0.79451995703125 0.48036837109375 0.8443043359375 0.502223533203125 0.86974042578125 0.574105279296875 0.892023298828125 0.62655581640625 0.87081383203125 0.641666001953125 0.8546542734375 0.612397658203125 0.8020875078125
1 0.3515625 0.5439453125 0.05859375 0.056640625
1 0.3115234375 0.5400390625 0.013671875 0.01171875
0 0.2672336953125 0.62208231640625 0.277972673828125 0.637737275390625 0.315810541015625 0.618306720703125 0.331723951171875 0.599489798828125 0.336559087890625 0.58289966015625 0.319337958984375 0.560794669921875 0.306428841796875 0.544046830078125 0.30597058203125 0.53446708984375 0.305826646484375 0.52035183203125 0.26779778515625 0.517819744140625 0.227623736328125 0.532946322265625 0.191338458984375 0.561986546875 0.18507794140625 0.576794759765625 0.210932203125 0.59605071875 0.247039853515625 0.6076905390625 0.2672336953125 0.62208231640625
1 0.1865234375 0.587890625 0.013671875 0.01171875
1 0.1689453125 0.591796875 0.0078125 0.01171875
1 0.1630859375 0.60546875 0.01171875 0.009765625
1 0.1982421875 0.6171875 0.005859375 0.005859375
1 0.2099609375 0.677734375 0.013671875 0.0078125
1 0.2783203125 0.708984375 0.0234375 0.013671875
1 0.326171875 0.634765625 0.013671875 0.0078125
1 0.3154296875 0.6455078125 0.01171875 0.01171875
1 0.29296875 0.642578125 0.009765625 0.005859375
0 0.255859375 0.8203125 0.154296875 0.15625
1 0.0986328125 0.83984375 0.109375 0.087890625
1 0.150390625 0.841796875 0.01953125 0.025390625
1 0.341796875 0.943359375 0.021484375 0.015625
1 0.3525390625 0.9677734375 0.017578125 0.013671875
1 0.3642578125 0.9619140625 0.01171875 0.01171875
1 0.4130859375 0.83984375 0.083984375 0.060546875
1 0.388671875 0.8095703125 0.013671875 0.01171875
1 0.5146484375 0.208984375 0.009765625 0.01171875
1 0.4970703125 0.232421875 0.017578125 0.013671875
1 0.525390625 0.26171875 0.01953125 0.01953125
1 0.3544921875 0.2138671875 0.01171875 0.0078125
1 0.3837890625 0.0029296875 0.021484375 0.005859375
1 0.4091796875 0.015625 0.015625 0.015625
1 1 0.102282041015625 0.875411970703125 0.07351862890625 0.860037560546875 0.089857953125 0.86446996875 0.112776087890625 0.911984591796875 0.168512876953125 0.97782434375 0.244347765625 0.996634904296875 0.325951943359375 1 0.330249625 1 0.102282041015625
1 0.908203125 0.380859375 0.03125 0.037109375
1 0.94921875 0.693359375 0.013671875 0.01171875
1 0.9072265625 0.8828125 0.04296875 0.044921875
1 0.90234375 0.9306640625 0.03125 0.052734375