1 0.0625 0.353515625 0.03515625 0.05078125
0 0.0185546875 0.4111328125 0.037109375 0.095703125
1 0.0498046875 0.537109375 0.041015625 0.060546875
1 0.0791015625 0.591796875 0.03125 0.0390625
1 0.1025390625 0.68359375 0.009765625 0.013671875
1 0.1806640625 0.802734375 0.017578125 0.01953125
1 0.2978515625 0.7216796875 0.04296875 0.052734375
0 0.249352427734375 0.60606593359375 0.232622927734375 0.585341984375 0.18449635546875 0.59387412890625 0.16647394921875 0.617932763671875 0.15979814453125 0.660154791015625 0.175675712890625 0.688497849609375 0.1805030546875 0.7088887265625 0.186107830078125 0.723787109375 0.19221516796875 0.729232162109375 0.228401634765625 0.702733703125 0.266746041015625 0.68770283203125 0.293444927734375 0.681095515625 0.28932174609375 0.6628868046875 0.262656169921875 0.64058193359375 0.249352427734375 0.60606593359375
1 0.1357421875 0.712890625 0.01171875 0.013671875
1 0.2265625 0.4951171875 0.015625 0.01953125
1 0.1953125 0.533203125 0.072265625 0.0625
1 0.28835790234375 0.609637291015625 0.28100270703125 0.595126275390625 0.276810755859375 0.54972541015625 0.2697418125 0.521069404296875 0.269006228515625 0.5211642265625 0.262181498046875 0.52456066015625 0.2400446953125 0.594296484375 0.25263912109375 0.61248093359375 0.25880023046875 0.63358560546875 0.28507524609375 0.66330484375 0.307758599609375 0.679526431640625 0.30856087109375 0.66532181640625 0.300582310546875 0.639910630859375 0.28835790234375 0.609637291015625
1 0.3615862734375 0.590750044921875 0.3635568359375 0.5655445 0.34561037109375 0.54074860546875 0.343313318359375 0.523603337890625 0.3559271484375 0.4960574375 0.36003350390625 0.473554380859375 0.35615722265625 0.455339921875 0.34373323046875 0.4360761484375 0.313181033203125 0.46893009765625 0.2632398671875 0.476056802734375 0.2642452890625 0.4761168046875 0.266080732421875 0.52876825 0.272809779296875 0.561793185546875 0.280468900390625 0.61455720703125 0.302990767578125 0.628905970703125 0.3244320390625 0.63312729296875 0.32714800390625 0.615484767578125 0.3615862734375 0.590750044921875
1 0.3486328125 0.5390625 0.01171875 0.015625
1 0.406855546875 0.54438278125 0.43254419921875 0.555393609375 0.449141783203125 0.56892243359375 0.44727021875 0.539072265625 0.44726446875 0.499378990234375 0.4374325703125 0.4586508828125 0.42315561328125 0.428696990234375 0.410194595703125 0.393577890625 0.38981255078125 0.3964259453125 0.346993830078125 0.43186225 0.35195698828125 0.457159337890625 0.365377375 0.47147602734375 0.366399828125 0.485529267578125 0.368255083984375 0.528565298828125 0.38253357421875 0.539493068359375 0.406855546875 0.54438278125
1 0.3623046875 0.4775390625 0.013671875 0.01953125
1 0.447265625 0.5390625 0.017578125 0.01953125
1 0.3955078125 0.5244140625 0.013671875 0.02734375
1 0.2880859375 0.30078125 0.013671875 0.017578125
1 0.27256943359375 0.3768941796875 0.2710489375 0.39362712109375 0.278545349609375 0.404349080078125 0.290429966796875 0.4057359765625 0.310037533203125 0.3897137890625 0.3119888671875 0.3693041328125 0.30749026171875 0.3353551171875 0.298675455078125 0.330090685546875 0.29210796484375 0.330909146484375 0.285983943359375 0.346624064453125 0.28192575 0.36505825 0.27256943359375 0.3768941796875
1 0.2001953125 0.322265625 0.015625 0.015625
0 0.222037400390625 0.437136125 0.268916943359375 0.42174696484375 0.278102599609375 0.406643708984375 0.270033748046875 0.388005154296875 0.276715412109375 0.368503212890625 0.287228505859375 0.353005857421875 0.2826924765625 0.33946199609375 0.26847408984375 0.336382095703125 0.2537618984375 0.34980734375 0.235234798828125 0.355280990234375 0.21940586328125 0.34175084765625 0.2019843125 0.326216779296875 0.1872968203125 0.320240359375 0.160188201171875 0.322958935546875 0.1610268125 0.36194506640625 0.17394444140625 0.404571353515625 0.1753301953125 0.440449091796875 0.18469175 0.44222509375 0.222037400390625 0.437136125
1 0.1015625 0.5009765625 0.01171875 0.013671875
1 0.134765625 0.396484375 0.01171875 0.015625
1 0.31640625 0.3515625 0.013671875 0.013671875
1 0.34765625 0.2822265625 0.072265625 0.126953125
1 0.484375 0.2666015625 0.0234375 0.03125
0 0.343817328125 0.346574572265625 0.342484611328125 0.35680884375 0.370179345703125 0.36633728515625 0.39032455078125 0.385476484375 0.41091004296875 0.397241888671875 0.4191864375 0.42315112890625 0.435268791015625 0.420205427734375 0.450101474609375 0.38962596484375 0.4778824765625 0.36712245703125 0.499797525390625 0.35832938671875 0.485147287109375 0.33047559375 0.454857912109375 0.30629542578125 0.434611865234375 0.293501626953125 0.427652615234375 0.269330279296875 0.3892884140625 0.273580728515625 0.37856205078125 0.31544185546875 0.37719890625 0.3354596796875 0.362049205078125 0.33916672265625 0.343817328125 0.346574572265625
1 0.521484375 0.4619140625 0.03125 0.03125
1 0.526418337890625 0.497912970703125 0.535346380859375 0.518497841796875 0.543545501953125 0.542105150390625 0.554519140625 0.568225236328125 0.5732498515625 0.590803755859375 0.590098966796875 0.581783443359375 0.59740584375 0.543806740234375 0.5979352109375 0.52006596875 0.586249150390625 0.50874584375 0.565320982421875 0.4996120703125 0.54604759765625 0.4971106171875 0.52666540625 0.497187923828125 0.526418337890625 0.497912970703125
1 0.60546875 0.515625 0.03125 0.029296875
1 0.644012876953125 0.5182604296875 0.6612958671875 0.53039044921875 0.674186810546875 0.537689845703125 0.68574418359375 0.538798638671875 0.693592458984375 0.528243236328125 0.683798466796875 0.506301384765625 0.663081091796875 0.49135887109375 0.652062908203125 0.4716200234375 0.64121391015625 0.429826955078125 0.636788818359375 0.42680608984375 0.62318683984375 0.432272587890625 0.60607471875 0.440366884765625 0.586354681640625 0.43487495703125 0.56536798046875 0.42900969921875 0.552143728515625 0.445394103515625 0.545311546875 0.482004921875 0.549209998046875 0.500689837890625 0.5829896328125 0.4935928828125 0.60294701171875 0.498440255859375 0.620419142578125 0.50233522265625 0.644012876953125 0.5182604296875
1 0.5986328125 0.6337890625 0.017578125 0.021484375
1 0.5478515625 0.65234375 0.025390625 0.025390625
1 0.5361328125 0.6357421875 0.01171875 0.017578125
1 0.5224609375 0.6611328125 0.013671875 0.009765625
1 0.517578125 0.6884765625 0.01953125 0.01953125
1 0.591796875 0.654296875 0.01171875 0.013671875
0 0.434044708984375 0.5952274609375 0.4039975859375 0.609453599609375 0.405756630859375 0.628362025390625 0.400375662109375 0.6699374609375 0.41134463671875 0.69362944921875 0.434469478515625 0.715474037109375 0.4553571875 0.725491634765625 0.5008572578125 0.7312817578125 0.506756541015625 0.6863140546875 0.520928181640625 0.661257955078125 0.519972904296875 0.6160772421875 0.516337802734375 0.596802962890625 0.49519955859375 0.607777296875 0.479592869140625 0.615037189453125 0.466561564453125 0.568061359375 0.434044708984375 0.5952274609375
1 0.397814232421875 0.584446396484375 0.38922071875 0.61347840234375 0.39710955078125 0.627261189453125 0.410085830078125 0.628759640625 0.408206724609375 0.60930483984375 0.4221636875 0.612444544921875 0.435208505859375 0.616046494140625 0.4380476484375 0.59365507421875 0.4486074765625 0.589732716796875 0.457961412109375 0.58290103125 0.457296841796875 0.56447697265625 0.43411103515625 0.555460607421875 0.4164394609375 0.56781490625 0.397814232421875 0.584446396484375
1 0.74609375 0.6396484375 0.017578125 0.02734375
1 0.767578125 0.6201171875 0.01171875 0.013671875
1 0.7822265625 0.6064453125 0.01953125 0.021484375
1 0.7919921875 0.6572265625 0.013671875 0.013671875
1 0.828125 0.6328125 0.015625 0.025390625
0 0.749804732421875 0.603119658203125 0.735470634765625 0.566682068359375 0.725079818359375 0.536389767578125 0.711166158203125 0.5184948359375 0.67895055078125 0.541846978515625 0.659285513671875 0.557139763671875 0.65052076171875 0.5908381640625 0.657824283203125 0.622273908203125 0.67048301953125 0.639705376953125 0.696629423828125 0.656128712890625 0.72287995703125 0.6542425078125 0.7330788203125 0.642983427734375 0.752599623046875 0.6165528828125 0.749804732421875 0.603119658203125
1 0.668558541015625 0.4014992109375 0.655667912109375 0.41315705078125 0.651453421875 0.3757501328125 0.629681501953125 0.37407297265625 0.60978515234375 0.39714188671875 0.59788300390625 0.425970732421875 0.599879533203125 0.436873396484375 0.62612565625 0.432926791015625 0.6513190390625 0.43554416796875 0.671162333984375 0.44721651171875 0.68409294921875 0.458978291015625 0.704728671875 0.455170126953125 0.6919236640625 0.4283211953125 0.668558541015625 0.4014992109375
1 0.591796875 0.3115234375 0.0234375 0.0234375
1 0.572265625 0.2880859375 0.009765625 0.013671875
1 0.5791015625 0.2744140625 0.01953125 0.01953125
1 0.5771484375 0.361328125 0.009765625 0.01171875
1 0.6083984375 0.34375 0.01953125 0.02734375
1 0.736328125 0.3359375 0.015625 0.025390625
1 0.701171875 0.2880859375 0.013671875 0.01953125
1 0.7158203125 0.294921875 0.013671875 0.015625
1 0.7197265625 0.275390625 0.01171875 0.01171875
1 0.6328125 0.216796875 0.013671875 0.01953125
1 0.71484375 0.203125 0.01171875 0.017578125
1 0.7373046875 0.2412109375 0.01171875 0.013671875
1 0.76953125 0.298828125 0.01171875 0.01953125
1 0.77734375 0.267578125 0.009765625 0.01171875
1 0.80078125 0.3076171875 0.01171875 0.015625
0 0.645444279296875 0.268855740234375 0.627744833984375 0.284558845703125 0.6232865 0.297744185546875 0.603560857421875 0.300128583984375 0.615753814453125 0.320731287109375 0.625114373046875 0.336665404296875 0.624814216796875 0.365566576171875 0.632450408203125 0.36924669921875 0.65194260546875 0.38694996484375 0.657273177734375 0.407255623046875 0.688915927734375 0.407768703125 0.707026689453125 0.385540744140625 0.728272220703125 0.35221158203125 0.7332020078125 0.323202314453125 0.735824974609375 0.312402748046875 0.722965880859375 0.2980822890625 0.708199482421875 0.299179021484375 0.697757701171875 0.29112383203125 0.69384648046875 0.283870654296875 0.688806498046875 0.269780357421875 0.679941974609375 0.255912888671875 0.65955389453125 0.2415082265625 0.645444279296875 0.268855740234375
1 0.830078125 0.458984375 0.01953125 0.01953125
1 0.8603515625 0.4052734375 0.033203125 0.046875
1 0.9296875 0.4453125 0.015625 0.01171875
1 0.892578125 0.212890625 0.015625 0.021484375
0 0.8180980859375 0.245948896484375 0.823287015625 0.314781943359375 0.844373830078125 0.34963695703125 0.87831245703125 0.382672447265625 0.893407 0.397337150390625 0.917419423828125 0.3824804765625 0.945448830078125 0.33168871875 0.95364846484375 0.297909630859375 0.94924930078125 0.282380765625 0.946616126953125 0.269217451171875 0.96553725390625 0.23139125390625 0.959014810546875 0.220545376953125 0.934570927734375 0.200453095703125 0.897915064453125 0.19545753125 0.89733587109375 0.1954928125 0.89974875390625 0.22080471484375 0.865514138671875 0.2131153046875 0.832871828125 0.226554140625 0.8180980859375 0.245948896484375
1 0.8642578125 0.65234375 0.015625 0.01953125
1 0.880859375 0.7080078125 0.01171875 0.015625
1 0.91015625 0.7158203125 0.013671875 0.015625
1 0.880859375 0.6328125 0.01171875 0.015625
0 0.88949301171875 0.612327701171875 0.927543927734375 0.632730111328125 0.92593455078125 0.6328831015625 0.953723119140625 0.6391905 0.957200955078125 0.625403748046875 0.96476216796875 0.594566197265625 0.989309115234375 0.5910716171875 0.986046486328125 0.5335015234375 0.960156044921875 0.512151005859375 0.9072036328125 0.504785607421875 0.88454961328125 0.51471776171875 0.87314132421875 0.576993861328125 0.88949301171875 0.612327701171875
1 1 0.59955605078125 0.98250290625 0.593846498046875 0.9643298515625 0.595720193359375 0.960665123046875 0.60501827734375 0.955499267578125 0.631137509765625 0.964537234375 0.655882396484375 0.99352666015625 0.715877755859375 1 0.724384251953125 1 0.59955605078125
1 0.927734375 0.7734375 0.009765625 0.015625
1 0.9189453125 0.89453125 0.009765625 0.009765625
0 0.0302734375 0.6796875 0.037109375 0.09765625
1 0.5107421875 0.3203125 0.015625 0.0234375
1 0.5068359375 0.28515625 0.013671875 0.01953125
1 0.57421875 0.2451171875 0.0078125 0.013671875
1 0.623046875 0.248046875 0.009765625 0.013671875
1 0.623046875 0.2890625 0.01171875 0.015625
1 0.4169921875 0.166015625 0.025390625 0.025390625
1 0.4453125 0.962890625 0.013671875 0.01953125
1 0.44921875 0.9794921875 0.009765625 0.013671875
1 0.4296875 0.9599609375 0.015625 0.013671875
1 0.46875 0.92578125 0.01171875 0.013671875
1 0.5654296875 0.98828125 0.01171875 0.01171875
1 0.544921875 0.9912109375 0.015625 0.015625
1 0.4208984375 0.7119140625 0.009765625 0.01171875
1 0.6455078125 0.701171875 0.009765625 0.013671875
1 0.6474609375 0.60546875 0.01171875 0.013671875