0 0.5517578125 0.35546875 0.177734375 0.220703125
0 0.3583984375 0.4052734375 0.169921875 0.20703125
0 0.109375 0.431640625 0.1953125 0.23046875
0 0.1435546875 0.748046875 0.232421875 0.248046875
0 0.3662109375 0.6845703125 0.15234375 0.17578125
0 0.607421875 0.650390625 0.1875 0.205078125
1 0.6025390625 0.5576171875 0.0234375 0.0234375
1 0.5947265625 0.501953125 0.046875 0.05078125
1 0.546875 0.4794921875 0.015625 0.01171875
1 0.5234375 0.544921875 0.015625 0.017578125
1 0.421875 0.4873046875 0.01171875 0.01171875
1 0.4169921875 0.498046875 0.0078125 0.01171875
1 0.2001953125 0.548828125 0.009765625 0.01171875
1 0.4892578125 0.64453125 0.013671875 0.015625