1 0.8759765625 0.93359375 0.0439453125 0.0576171875
1 0.861328125 0.66796875 0.03125 0.0390625
1 0.8837890625 0.619140625 0.0126953125 0.017578125
1 0.865234375 0.638671875 0.0126953125 0.0126953125
1 0.8740234375 0.603515625 0.015625 0.015625
1 0.826171875 0.6181640625 0.0126953125 0.015625
0 1 0.619633728515625 0.95878363671875 0.58382041015625 0.927663845703125 0.574985533203125 0.895203994140625 0.57020158203125 0.891767939453125 0.59781177734375 0.887151873046875 0.62564742578125 0.87403609765625 0.655965470703125 0.8809326171875 0.67617428515625 0.90570475390625 0.69659167578125 0.938953994140625 0.720664544921875 0.982871275390625 0.750658275390625 0.98331705859375 0.7505594140625 1 0.72220534375 1 0.694149064453125 1 0.619633728515625
1 0.990234375 0.4599609375 0.009765625 0.013671875
1 0.955078125 0.48046875 0.0439453125 0.0439453125
0 0.9423828125 0.345703125 0.115234375 0.1328125
1 0.8740234375 0.302734375 0.017578125 0.021484375
1 0.8720703125 0.3583984375 0.005859375 0.009765625
1 0.85546875 0.341796875 0.0107421875 0.017578125
1 0.8525390625 0.396484375 0.0126953125 0.015625
1 0.822265625 0.345703125 0.009765625 0.013671875
1 0.802734375 0.271484375 0.013671875 0.015625
1 0.794921875 0.251953125 0.0126953125 0.0126953125
1 0.7578125 0.2607421875 0.0185546875 0.017578125
1 0.8298448359375 0.269849537109375 0.828305845703125 0.24876784375 0.81451370703125 0.209633005859375 0.8015588828125 0.2038797265625 0.771331560546875 0.2273702734375 0.76386899609375 0.261242525390625 0.777318431640625 0.284172453125 0.79160698828125 0.2800817421875 0.790339265625 0.26242525 0.789581525390625 0.252095388671875 0.79614076953125 0.24526909765625 0.80915165625 0.260532408203125 0.81211389453125 0.278545765625 0.8298448359375 0.269849537109375
1 0.71875 0.2236328125 0.017578125 0.025390625
1 0.7275390625 0.2841796875 0.015625 0.025390625
1 0.775390625 0.4150390625 0.015625 0.015625
1 0.857421875 0.46484375 0.005859375 0.013671875
1 0.830078125 0.466796875 0.0498046875 0.0654296875
1 0.8505859375 0.54296875 0.0126953125 0.013671875
1 0.818359375 0.544921875 0.005859375 0.005859375
1 0.7861328125 0.505859375 0.009765625 0.0078125
1 0.791015625 0.6201171875 0.005859375 0.009765625
1 0.7216796875 0.4306640625 0.0078125 0.005859375
1 0.693359375 0.2900390625 0.015625 0.015625
1 0.66796875 0.2421875 0.0078125 0.0126953125
1 0.6806640625 0.21484375 0.0078125 0.009765625
1 0.673828125 0.3154296875 0.015625 0.013671875
1 0.6474609375 0.3271484375 0.021484375 0.03125
1 0.65625 0.35546875 0.0078125 0.009765625
0 0.720201279296875 0.425751109375 0.740046296875 0.428086419921875 0.754852068359375 0.419714505859375 0.77606879296875 0.39948760546875 0.80129937109375 0.389167390625 0.802369068359375 0.360498650390625 0.79185836328125 0.321556712890625 0.77407769140625 0.29053698828125 0.749745009765625 0.29212119140625 0.717038302734375 0.303981 0.67913411328125 0.33588324609375 0.67773618359375 0.366067466796875 0.68668891015625 0.41495466796875 0.69833803515625 0.42006655078125 0.720201279296875 0.425751109375
1 0.5498046875 0.2216796875 0.0283203125 0.0341796875
1 0.5390625 0.2568359375 0.0126953125 0.0185546875
1 0.5185546875 0.439453125 0.0234375 0.0439453125
0 0.50247395703125 0.401674623046875 0.5229211875 0.420203994140625 0.5332347734375 0.4362039453125 0.547978154296875 0.462147955078125 0.56674985546875 0.439441068359375 0.58862485546875 0.42126615625 0.60440628515625 0.404694734375 0.613486509765625 0.3809799375 0.613299333984375 0.34918619921875 0.610141783203125 0.316008390625 0.583865017578125 0.29459755859375 0.546164279296875 0.293021798828125 0.506748228515625 0.305433787109375 0.48211715234375 0.341356818359375 0.47687174609375 0.36556351171875 0.4856481484375 0.38652102734375 0.50247395703125 0.401674623046875
1 0.5810546875 0.4287109375 0.009765625 0.013671875
1 0.537188947265625 0.536335359375 0.5466760703125 0.54488570703125 0.56527416015625 0.55263551171875 0.595754666015625 0.561211177734375 0.615261501953125 0.56396605078125 0.607889359375 0.534622154296875 0.602447736328125 0.522803337890625 0.60443431640625 0.505328896484375 0.62712040625 0.488390962890625 0.6362060546875 0.460224970703125 0.62245641796875 0.437642263671875 0.60265208984375 0.42456235546875 0.594346787109375 0.421506076171875 0.5873706953125 0.430319251953125 0.56851761328125 0.44172694921875 0.55232114453125 0.4505823203125 0.527053494140625 0.47950906640625 0.531305158203125 0.50979817578125 0.537188947265625 0.536335359375
1 0.4990234375 0.517578125 0.013671875 0.0185546875
1 0.6630859375 0.6494140625 0.013671875 0.0185546875
1 0.65234375 0.658203125 0.009765625 0.0126953125
1 0.646484375 0.6318359375 0.013671875 0.0185546875
1 0.6201171875 0.638671875 0.0126953125 0.021484375
0 0.72466633984375 0.696912375 0.74605215625 0.687797791015625 0.76833948046875 0.69364269921875 0.79811830859375 0.7140588828125 0.802538158203125 0.657837818359375 0.78500433984375 0.63932653515625 0.7897144453125 0.61274956640625 0.7803674765625 0.59245635546875 0.752182798828125 0.578504775390625 0.7212158203125 0.567543162109375 0.68931477734375 0.59849537109375 0.66023762890625 0.61105203515625 0.66035337109375 0.626276765625 0.67774341796875 0.65074146484375 0.69583694921875 0.676972416015625 0.712063259765625 0.69708719140625 0.72466633984375 0.696912375
0 0.5478515625 0.6533203125 0.1220703125 0.140625
1 0.484375 0.701171875 0.005859375 0.021484375
1 0.4248046875 0.591796875 0.0234375 0.0283203125
1 0.3955078125 0.603515625 0.0107421875 0.015625
1 0.4697265625 0.4599609375 0.009765625 0.009765625
1 0.50784866796875 0.525765576171875 0.505419017578125 0.554146169921875 0.5219274453125 0.5713264375 0.55 0.57962962890625 0.55939398828125 0.567171826171875 0.559479890625 0.55141420703125 0.546015986328125 0.540831162109375 0.528016494140625 0.52691695703125 0.50784866796875 0.525765576171875
1 0.33984375 0.466796875 0.0439453125 0.083984375
1 0.419921875 0.248046875 0.015625 0.0185546875
1 0.458984375 0.314453125 0.013671875 0.015625
1 0.4501953125 0.3271484375 0.005859375 0.0107421875
1 0.458984375 0.359375 0.0078125 0.015625
1 0.3544921875 0.2626953125 0.025390625 0.0341796875
1 0.3349609375 0.259765625 0.005859375 0.0126953125
1 0.322265625 0.2900390625 0.0107421875 0.009765625
1 0.283203125 0.255859375 0.0126953125 0.0107421875
1 0.265625 0.3173828125 0.0107421875 0.013671875
1 0.2421875 0.271484375 0.0234375 0.025390625
1 0.26953125 0.267578125 0.017578125 0.021484375
1 0.2490234375 0.24609375 0.0341796875 0.0283203125
1 0.208984375 0.3046875 0.009765625 0.0107421875
0 0.347059462890625 0.359696904296875 0.3346507890625 0.30585334765625 0.316580765625 0.30122974609375 0.285912181640625 0.304014755859375 0.27433539453125 0.32256100390625 0.2481409140625 0.338875626953125 0.25430953515625 0.353309462890625 0.272782841796875 0.37611159375 0.288828306640625 0.409875337890625 0.299537037109375 0.4339506171875 0.335846173828125 0.38847535546875 0.347059462890625 0.359696904296875
1 0.228515625 0.47265625 0.037109375 0.068359375
1 0.17578125 0.50390625 0.0439453125 0.037109375
1 0.1943359375 0.580078125 0.005859375 0.009765625
1 0.193359375 0.568359375 0.0126953125 0.0126953125
1 0.162109375 0.5517578125 0.013671875 0.0185546875
1 0.2900390625 0.5927734375 0.009765625 0.0078125
1 0.279296875 0.58203125 0.021484375 0.0185546875
1 0.271484375 0.6376953125 0.0126953125 0.0107421875
1 0.265625 0.6494140625 0.009765625 0.009765625
1 0.2646484375 0.61328125 0.0185546875 0.0234375
1 0.2509765625 0.6171875 0.0078125 0.009765625
1 0.2421875 0.61328125 0.009765625 0.0205078125
1 0.2548828125 0.59375 0.009765625 0.0126953125
0 0.32572337890625 0.534608892578125 0.31017162109375 0.56006100390625 0.296819841796875 0.59227189453125 0.27574146484375 0.604575376953125 0.28653609765625 0.63114631640625 0.27049876953125 0.673196373046875 0.28700358203125 0.68650294140625 0.30181930078125 0.69638792578125 0.31878345703125 0.6975356875 0.355569119140625 0.691855951171875 0.36918221875 0.67369912109375 0.373686162109375 0.62801769921875 0.35547417578125 0.577601755859375 0.32572337890625 0.534608892578125
1 0.39453125 0.68359375 0.009765625 0.0126953125
1 0.2109375 0.595703125 0.0107421875 0.015625
1 0.2119140625 0.669921875 0.0078125 0.0078125
1 0.048828125 0.6328125 0.0126953125 0.0107421875
1 0.0498046875 0.572265625 0.0107421875 0.015625
1 0.021484375 0.6103515625 0.021484375 0.0283203125
1 0.015625 0.5791015625 0.0107421875 0.013671875
1 0.01953125 0.689453125 0.0126953125 0.021484375
1 0.0048828125 0.6796875 0.009765625 0.025390625
1 0.048828125 0.66796875 0.005859375 0.009765625
1 0.10546875 0.7353515625 0.009765625 0.0126953125
1 0.099609375 0.77734375 0.0107421875 0.0205078125
1 0.0625 0.7880859375 0.009765625 0.0126953125
0 0.11222601953125 0.558912037109375 0.083059353515625 0.571044318359375 0.06282642578125 0.62093098828125 0.04451135546875 0.650849970703125 0.058984375 0.6705041953125 0.0809118203125 0.69401162109375 0.12519712109375 0.68311149609375 0.16211480078125 0.67281539453125 0.16868218359375 0.63531539453125 0.16220703125 0.59419487890625 0.16138961328125 0.592922935546875 0.133315248046875 0.568003712890625 0.11222601953125 0.558912037109375
1 0.0634765625 0.51953125 0.021484375 0.025390625
1 0.116078017578125 0.482464072265625 0.130092591796875 0.500308642578125 0.143174912109375 0.470263068359375 0.143059171875 0.450806568359375 0.11657353125 0.449877025390625 0.08933648046875 0.45049430859375 0.10094853125 0.471180556640625 0.116078017578125 0.482464072265625
1 0.093117947265625 0.453691646484375 0.07709147265625 0.448517072265625 0.054652236328125 0.44958526171875 0.0502613203125 0.458116318359375 0.0368200234375 0.507606337890625 0.039683701171875 0.522933544921875 0.046054869140625 0.515738330078125 0.0720703125 0.499346546875 0.09193160546875 0.49877025390625 0.12082338671875 0.48928916015625 0.11296929296875 0.478858025390625 0.093117947265625 0.453691646484375
1 0.0341796875 0.474609375 0.0107421875 0.009765625
1 0.013671875 0.4609375 0.02734375 0.01953125
0 0.0791015625 0.330078125 0.146484375 0.158203125
1 0.5263671875 0.94140625 0.1201171875 0.1171875
1 0.3525390625 0.9384765625 0.1591796875 0.1220703125
1 0.30747638671875 0.884548611328125 0.322089947265625 0.88844797265625 0.325549251953125 0.85529823828125 0.3271187265625 0.809997451171875 0.3122145234375 0.78899360546875 0.2881233984375 0.7754319609375 0.272636615234375 0.77330832421875 0.25305111328125 0.78162719140625 0.24568684765625 0.843074845703125 0.232279783203125 0.88088693359375 0.214329634765625 0.924229427734375 0.20513237890625 0.981126681640625 0.28515883203125 0.996334876953125 0.266536974609375 0.94908612890625 0.28355835546875 0.905349220703125 0.30747638671875 0.884548611328125
1 0.1767578125 0.9365234375 0.0810546875 0.119140625
1 0.0849609375 0.927734375 0.111328125 0.1435546875
1 0.01953125 0.92578125 0.0390625 0.0546875
1 0.041015625 0.8232421875 0.0078125 0.0126953125
1 0.392578125 0.421875 0.005859375 0.009765625