0 0.3125 0.083984375 0.21875 0.146484375
1 0.4599609375 0.0234375 0.083984375 0.046875
1 0.474609375 0.056640625 0.06640625 0.064453125
0 0.5830078125 0.0302734375 0.181640625 0.060546875
0 0.594557216796875 0.164830634765625 0.578082654296875 0.189365734375 0.57910098828125 0.19000635546875 0.58179516796875 0.232570021484375 0.613281548828125 0.243246017578125 0.647949486328125 0.233691515625 0.679183447265625 0.200061951171875 0.68762898828125 0.186984841796875 0.6753375 0.15643701953125 0.665577626953125 0.129714369140625 0.631871505859375 0.12511353125 0.594557216796875 0.164830634765625
1 0.6599420703125 0.219383720703125 0.637163705078125 0.241640267578125 0.610922689453125 0.26852333203125 0.6117112421875 0.277269822265625 0.617263837890625 0.299606966796875 0.628325607421875 0.327368212890625 0.7123438828125 0.328972693359375 0.768486474609375 0.321784162109375 0.793582998046875 0.280785396484375 0.819318365234375 0.22549524609375 0.78857201953125 0.181133041015625 0.762857791015625 0.164087689453125 0.719861568359375 0.15704276953125 0.673463404296875 0.1514472890625 0.6823920703125 0.170067724609375 0.68101725390625 0.192626720703125 0.6599420703125 0.219383720703125
0 0.6875 0.4365234375 0.189453125 0.162109375
0 0.73828125 0.6162109375 0.197265625 0.1640625
1 0.599609375 0.5849609375 0.025390625 0.029296875
1 0.5908203125 0.73046875 0.126953125 0.087890625
1 0.576171875 0.611328125 0.017578125 0.013671875
1 0.8232421875 0.8125 0.046875 0.0390625
0 0.6824826171875 0.79345591015625 0.684088017578125 0.824369498046875 0.6975595078125 0.8725633828125 0.722166515625 0.8928907265625 0.752932994140625 0.89011483984375 0.802078478515625 0.86857421875 0.8195557421875 0.834532873046875 0.813829900390625 0.81648359375 0.80005713671875 0.795344326171875 0.789320279296875 0.7647460234375 0.78836935546875 0.764604791015625 0.76506919140625 0.762147462890625 0.73091037890625 0.764239283203125 0.69045512890625 0.7727273828125 0.6824826171875 0.79345591015625
0 0.490234375 0.86328125 0.193359375 0.154296875
0 0.4462890625 0.650390625 0.1796875 0.158203125
0 0.3828125 0.458984375 0.1953125 0.15234375
1 0.5400390625 0.4462890625 0.017578125 0.017578125
1 0.5048828125 0.2548828125 0.076171875 0.056640625
1 0.5224609375 0.201171875 0.03125 0.0234375
0 0.3583984375 0.2734375 0.193359375 0.189453125
1 0.580078125 0.65234375 0.01953125 0.013671875
1 0.6123046875 0.78125 0.01171875 0.01171875
1 0.6220703125 0.8994140625 0.01171875 0.01171875
1 0.63671875 0.9306640625 0.017578125 0.013671875
1 0.47265625 0.138671875 0.017578125 0.0234375