0 0.6826171875 0.0439453125 0.142578125 0.087890625
0 0.693359375 0.201171875 0.142578125 0.123046875
1 0.599609375 0.2265625 0.046875 0.041015625
1 0.56640625 0.2197265625 0.029296875 0.029296875
1 0.5859375 0.0908203125 0.060546875 0.044921875
1 0.5732421875 0.0556640625 0.123046875 0.05859375
1 0.5048828125 0.1044921875 0.041015625 0.03125
0 0.4169921875 0.060546875 0.13671875 0.119140625
1 0.4521484375 0.123046875 0.013671875 0.009765625
1 0.427734375 0.1328125 0.015625 0.013671875
1 0.4482421875 0.2119140625 0.013671875 0.01171875
1 0.5830078125 0.185546875 0.021484375 0.01953125
1 0.580078125 0.130859375 0.009765625 0.01171875
1 0.5673828125 0.15625 0.013671875 0.009765625
1 0.5869140625 0.2060546875 0.009765625 0.0078125
1 0.5791015625 0.263671875 0.013671875 0.005859375
1 0.5556640625 0.2470703125 0.009765625 0.009765625
1 0.57421875 0.388671875 0.134765625 0.09765625
1 0.6328125 0.50390625 0.0234375 0.01953125
0 0.47265625 0.3037109375 0.12109375 0.109375
0 0.451171875 0.443359375 0.15234375 0.111328125
1 0.4326171875 0.50390625 0.02734375 0.02734375
1 0.5498046875 0.5146484375 0.021484375 0.01953125
1 0.576171875 0.4921875 0.015625 0.013671875
1 0.59765625 0.4638671875 0.015625 0.013671875
1 0.5888671875 0.439453125 0.013671875 0.005859375
1 0.578125 0.4541015625 0.0078125 0.01171875
1 0.58203125 0.5263671875 0.0078125 0.005859375
1 0.5859375 0.53125 0.0078125 0.005859375
1 0.59765625 0.5576171875 0.015625 0.015625
1 0.5556640625 0.5615234375 0.015625 0.009765625
1 0.6064453125 0.57421875 0.009765625 0.005859375
1 0.5966796875 0.5986328125 0.013671875 0.013671875
1 0.46875 0.60546875 0.078125 0.025390625
0 0.43359375 0.6484375 0.130859375 0.072265625
1 0.5634765625 0.642578125 0.060546875 0.033203125
1 0.6123046875 0.640625 0.064453125 0.056640625
1 0.5390625 0.6875 0.099609375 0.060546875
0 0.728515625 0.625 0.173828125 0.146484375
1 0.6123046875 0.7314453125 0.0546875 0.033203125
1 0.6357421875 0.77734375 0.099609375 0.068359375
1 0.501953125 0.7490234375 0.017578125 0.013671875
1 0.5341796875 0.7666015625 0.083984375 0.048828125
1 0.62890625 0.884765625 0.02734375 0.029296875
1 0.6416015625 0.8505859375 0.01953125 0.01953125
1 0.642578125 0.9375 0.015625 0.017578125
1 0.814453125 0.921875 0.0625 0.0546875
1 0.6923828125 0.884765625 0.03515625 0.02734375
0 0.7470703125 0.8134765625 0.142578125 0.14453125
0 0.453125 0.8408203125 0.16015625 0.125
1 0.447265625 0.7392578125 0.013671875 0.013671875
1 0.5712890625 0.8583984375 0.013671875 0.013671875
1 0.5224609375 0.8876953125 0.009765625 0.009765625
1 0.4677734375 0.89453125 0.0078125 0.0078125
1 0.443359375 0.943359375 0.009765625 0.01171875
1 0.4638671875 0.2431640625 0.009765625 0.009765625
1 0.5869140625 0.2890625 0.009765625 0.005859375
1 0.58203125 0.314453125 0.005859375 0.005859375
1 0.609375 0.5380859375 0.0078125 0.005859375
1 0.6640625 0.728515625 0.009765625 0.013671875
1 0.431640625 0.73046875 0.009765625 0.0078125
1 0.4462890625 0.7001953125 0.01171875 0.009765625
0 0.720703125 0.419921875 0.17578125 0.13671875
1 0.505859375 0.5478515625 0.1171875 0.1015625