0 0.6318359375 0.6123046875 0.123046875 0.15625
1 0.7822265625 0.5263671875 0.03515625 0.046875
1 0.7646484375 0.541015625 0.01171875 0.009765625
1 0.6142578125 0.443359375 0.01171875 0.01171875
1 0.6025390625 0.4326171875 0.01171875 0.013671875
1 0.599609375 0.4716796875 0.013671875 0.013671875
1 0.5869140625 0.47265625 0.01171875 0.017578125
1 0.6005859375 0.5224609375 0.01171875 0.013671875
1 0.5361328125 0.53515625 0.015625 0.021484375
1 0.5419921875 0.4736328125 0.0078125 0.009765625
1 0.564453125 0.4541015625 0.015625 0.017578125
0 0.603515625 0.2646484375 0.10546875 0.115234375
1 0.474609375 0.5439453125 0.017578125 0.017578125
1 0.4423828125 0.5205078125 0.013671875 0.01953125
1 0.390625 0.591796875 0.01171875 0.01171875
1 0.4169921875 0.5205078125 0.0234375 0.015625
1 0.359375 0.5556640625 0.017578125 0.021484375
1 0.2890625 0.564453125 0.013671875 0.017578125
0 0.386950833984375 0.623911294921875 0.36995721484375 0.5985188984375 0.331352654296875 0.560450572265625 0.29715721484375 0.58805178125 0.28210525390625 0.5980630625 0.266445888671875 0.64198873828125 0.263888880859375 0.695600427734375 0.284328263671875 0.72896709375 0.35280353515625 0.71834169140625 0.3918442578125 0.68803005078125 0.400643748046875 0.662277623046875 0.386950833984375 0.623911294921875
1 0.412109375 0.287109375 0.015625 0.017578125
1 0.244140625 0.3837890625 0.0234375 0.02734375
0 0.300706236328125 0.244740892578125 0.268612607421875 0.264766466796875 0.250582591796875 0.301345162109375 0.23484808203125 0.333541958984375 0.254524587890625 0.377191185546875 0.282510787109375 0.4510477890625 0.294639078125 0.458518603515625 0.340295376953125 0.46121491015625 0.371640642578125 0.444189677734375 0.40028653515625 0.396554330078125 0.40699598046875 0.3583346015625 0.390106572265625 0.2910862421875 0.349455615234375 0.25821590234375 0.300706236328125 0.244740892578125
1 0.21484375 0.408203125 0.015625 0.021484375
0 0.0908203125 0.40234375 0.140625 0.16015625
1 0.14453125 0.2587890625 0.03125 0.0390625
1 0.0966796875 0.2392578125 0.017578125 0.0234375
1 0.0673828125 0.2919921875 0.017578125 0.015625
0 0.111328125 0.6708984375 0.1640625 0.171875
1 0.7958984375 0.8505859375 0.02734375 0.029296875
1 0.853515625 0.8828125 0.03125 0.041015625