0 0.7119140625 0.8251953125 0.166015625 0.134765625
1 0.5986328125 0.9267578125 0.177734375 0.111328125
1 0.5732421875 0.84375 0.0390625 0.03515625
1 0.5615234375 0.86328125 0.01171875 0.013671875
1 0.578125 0.787109375 0.015625 0.015625
1 0.4541015625 0.9765625 0.0234375 0.015625
0 0.3955078125 0.8837890625 0.1328125 0.1328125
1 0.4638671875 0.7353515625 0.123046875 0.09765625
1 0.5322265625 0.7392578125 0.015625 0.015625
1 0.5205078125 0.6826171875 0.009765625 0.01171875
1 0.54296875 0.64453125 0.021484375 0.021484375
1 0.607421875 0.6513671875 0.044921875 0.052734375
1 0.4775390625 0.5751953125 0.029296875 0.0234375
0 0.29438535546875 0.625385548828125 0.290012330078125 0.660278603515625 0.303331873046875 0.7057932421875 0.32685288671875 0.73689467578125 0.35613961328125 0.749023505859375 0.37878220703125 0.75012412109375 0.413518798828125 0.72640971875 0.433876166015625 0.692221865234375 0.4404750625 0.668184166015625 0.474328294921875 0.6248420390625 0.478379806640625 0.60829759765625 0.44023692578125 0.58894324609375 0.40803272265625 0.579930462890625 0.36915591796875 0.59245497265625 0.3111103984375 0.615594375 0.29438535546875 0.625385548828125
1 0.408203125 0.4951171875 0.072265625 0.056640625
1 0.3564453125 0.53125 0.021484375 0.015625
1 0.4609375 0.4892578125 0.021484375 0.015625
1 0.51171875 0.5263671875 0.01953125 0.017578125
1 0.484375 0.5205078125 0.013671875 0.01953125
1 0.5263671875 0.466796875 0.033203125 0.0234375
1 0.5107421875 0.4521484375 0.0234375 0.017578125
1 0.45703125 0.4541015625 0.013671875 0.0078125
1 0.455078125 0.443359375 0.013671875 0.01171875
1 0.4619140625 0.43359375 0.017578125 0.01171875
1 0.4296875 0.4384765625 0.01953125 0.013671875
1 0.724609375 0.5595703125 0.03125 0.0234375
1 0.693359375 0.70703125 0.029296875 0.025390625
0 0.647943015625 0.6416500234375 0.70455214453125 0.643950341796875 0.738750751953125 0.623714548828125 0.73610837890625 0.593457861328125 0.7120822421875 0.567565673828125 0.680926169921875 0.54220931640625 0.642751224609375 0.5247390234375 0.61218826171875 0.535840923828125 0.586640544921875 0.56713858984375 0.5931599921875 0.590758142578125 0.614233193359375 0.62992827734375 0.647943015625 0.6416500234375
0 0.626953125 0.37890625 0.142578125 0.12890625
1 0.4912109375 0.39453125 0.01953125 0.013671875
1 0.482421875 0.3740234375 0.01953125 0.021484375
1 0.4716796875 0.2666015625 0.048828125 0.033203125
1 0.45703125 0.2392578125 0.029296875 0.0234375
1 0.490608580078125 0.31656804296875 0.477752236328125 0.304207619140625 0.4581636328125 0.296703552734375 0.430986791015625 0.285102857421875 0.40612404296875 0.272481236328125 0.38152958203125 0.27070859765625 0.374896958984375 0.3047907421875 0.379162087890625 0.365275970703125 0.3875148203125 0.38766670703125 0.441688609375 0.4043010625 0.467550064453125 0.383598787109375 0.474893 0.3663224453125 0.52441098046875 0.38048776171875 0.5649361328125 0.36884297265625 0.56552492578125 0.3680087109375 0.535512037109375 0.34250383203125 0.504686279296875 0.3319532421875 0.490608580078125 0.31656804296875
1 0.470703125 0.296875 0.01953125 0.013671875
1 0.4306640625 0.2939453125 0.01171875 0.01171875
1 0.2509765625 0.2939453125 0.0390625 0.03515625
0 0.310546875 0.4501953125 0.158203125 0.142578125
1 0.3203125 0.3681640625 0.013671875 0.01171875
0 0.203231521484375 0.142999310546875 0.174430306640625 0.148956947265625 0.139537970703125 0.1879282109375 0.122514748046875 0.228238416015625 0.126385525390625 0.257999716796875 0.17141223046875 0.289516083984375 0.210793869140625 0.29533089453125 0.226515328125 0.290666888671875 0.240902193359375 0.2823684765625 0.272501138671875 0.277119779296875 0.3189973984375 0.264591984375 0.328948015625 0.23638662109375 0.325055779296875 0.182305900390625 0.282229458984375 0.169899384765625 0.252269470703125 0.1615281171875 0.2202550234375 0.14828327734375 0.203231521484375 0.142999310546875
1 0.3291015625 0.1318359375 0.02734375 0.017578125
1 0.4169921875 0.0888671875 0.017578125 0.015625
1 0.3818359375 0.0888671875 0.037109375 0.037109375
1 0.4111328125 0.11328125 0.0859375 0.04296875
1 0.427734375 0.1357421875 0.013671875 0.01171875
0 0.5712890625 0.181640625 0.193359375 0.1640625
1 0.3203125 0.0302734375 0.01953125 0.013671875
1 0.40625 0.1923828125 0.01171875 0.017578125
1 0.4033203125 0.173828125 0.01171875 0.009765625
1 0.2724609375 0.3779296875 0.01953125 0.013671875