0 0.0439453125 0.30078125 0.087890625 0.1484375
1 0.0302734375 0.380859375 0.0078125 0.009765625
1 0.05078125 0.3935546875 0.013671875 0.015625
1 0.15625 0.2724609375 0.021484375 0.02734375
1 0.275390625 0.294921875 0.02734375 0.03125
1 0.271484375 0.361328125 0.013671875 0.025390625
1 0.265625 0.40625 0.0234375 0.021484375
0 0.21875 0.294921875 0.09375 0.142578125
1 0.166015625 0.3857421875 0.05859375 0.072265625
1 0.1025390625 0.4140625 0.07421875 0.095703125
0 0.0595703125 0.533203125 0.119140625 0.162109375
0 0.2236328125 0.53125 0.10546875 0.13671875
1 0.2822265625 0.541015625 0.01171875 0.015625
1 0.3681640625 0.51171875 0.0234375 0.0234375
1 0.322265625 0.533203125 0.03125 0.041015625
0 0.43359375 0.5439453125 0.109375 0.13671875
1 0.3759765625 0.4453125 0.021484375 0.021484375
1 0.3642578125 0.400390625 0.0078125 0.015625
1 0.384765625 0.400390625 0.025390625 0.0234375
1 0.5361328125 0.396484375 0.01953125 0.02734375
1 0.4755859375 0.40625 0.16015625 0.09765625
0 0.4140625 0.2880859375 0.12890625 0.142578125
1 0.5322265625 0.3232421875 0.03515625 0.03515625
1 0.556640625 0.517578125 0.01171875 0.021484375
1 0.5107421875 0.515625 0.017578125 0.01171875
1 0.572265625 0.5185546875 0.02734375 0.0546875
1 0.5849609375 0.541015625 0.0078125 0.01953125
0 0.634765625 0.529296875 0.09765625 0.13671875
1 0.7548828125 0.5458984375 0.0078125 0.009765625
0 0.8203125 0.5517578125 0.123046875 0.150390625
1 0.6123046875 0.390625 0.0234375 0.021484375
1 0.6337890625 0.419921875 0.05859375 0.01171875
1 0.669921875 0.4375 0.01171875 0.009765625
1 0.6669921875 0.3984375 0.0078125 0.01171875
1 0.69140625 0.3955078125 0.009765625 0.015625
1 0.716796875 0.396484375 0.0390625 0.068359375
1 0.740234375 0.396484375 0.0078125 0.0078125
1 0.7763671875 0.4013671875 0.01171875 0.015625
1 0.7666015625 0.421875 0.017578125 0.009765625
1 0.8955078125 0.419921875 0.064453125 0.1171875
1 0.8408203125 0.435546875 0.095703125 0.08984375
1 0.916015625 0.541015625 0.01171875 0.01171875
0 0.9638671875 0.552734375 0.072265625 0.12109375
1 0.9580078125 0.396484375 0.01171875 0.013671875
1 0.9248046875 0.396484375 0.021484375 0.01953125
1 0.9638671875 0.4501953125 0.01171875 0.013671875
1 0.955078125 0.333984375 0.06640625 0.068359375
0 0.826171875 0.287109375 0.125 0.15625
0 0.625 0.298828125 0.142578125 0.15625
1 0.154296875 0.447265625 0.01171875 0.013671875
0 1 0.2317570546875 0.97883598046875 0.214726630859375 0.94432689453125 0.260235822265625 0.94977678515625 0.299556671875 0.966170376953125 0.309315408203125 0.987127716796875 0.32763930078125 0.98749844921875 0.35760099609375 1 0.34771480859375 1 0.2317570546875