0 0.5986328125 0.109375 0.12109375 0.107421875
1 0.7861328125 0.0673828125 0.03125 0.033203125
1 0.771484375 0.1513671875 0.103515625 0.1015625
1 0.681640625 0.1142578125 0.017578125 0.017578125
1 0.5224609375 0.0126953125 0.009765625 0.009765625
1 0.48046875 0.1689453125 0.01171875 0.01171875
1 0.513671875 0.1748046875 0.01953125 0.01953125
1 0.494140625 0.2060546875 0.015625 0.01171875
1 0.5322265625 0.208984375 0.01953125 0.017578125
1 0.5166015625 0.2177734375 0.017578125 0.017578125
1 0.4912109375 0.2412109375 0.013671875 0.01171875
1 0.5234375 0.30859375 0.02734375 0.0234375
1 0.5 0.31640625 0.013671875 0.0078125
0 0.291015625 0.134765625 0.201171875 0.162109375
0 0.3037109375 0.3681640625 0.208984375 0.150390625
1 0.5390625 0.357421875 0.013671875 0.01171875
1 0.521484375 0.4208984375 0.015625 0.0234375
1 0.515625 0.4599609375 0.01171875 0.013671875
1 0.4892578125 0.4580078125 0.01953125 0.021484375
1 0.5361328125 0.4736328125 0.013671875 0.013671875
1 0.5185546875 0.47265625 0.009765625 0.0078125
1 0.4970703125 0.4912109375 0.009765625 0.009765625
1 0.4970703125 0.5234375 0.013671875 0.013671875
0 0.634765625 0.318359375 0.15625 0.13671875
1 0.6826171875 0.392578125 0.013671875 0.01171875
1 0.95703125 0.208984375 0.03125 0.037109375
1 0.7861328125 0.478515625 0.013671875 0.009765625
1 0.7568359375 0.388671875 0.009765625 0.009765625
1 0.517578125 0.4375 0.017578125 0.01171875
1 0.4111328125 0.580078125 0.0625 0.107421875
0 0.3193359375 0.5771484375 0.140625 0.109375
1 0.5234375 0.6650390625 0.048828125 0.033203125
0 0.654296875 0.560546875 0.126953125 0.107421875
1 0.564453125 0.6787109375 0.01171875 0.01171875
1 0.6689453125 0.6748046875 0.013671875 0.01171875
0 0.6533203125 0.78125 0.15234375 0.146484375
1 0.7451171875 0.72265625 0.009765625 0.009765625
1 0.7265625 0.7880859375 0.017578125 0.015625
1 0.7587890625 0.83984375 0.009765625 0.009765625
1 0.6669921875 0.8623046875 0.017578125 0.015625
1 0.583984375 0.8681640625 0.01953125 0.017578125
1 0.5615234375 0.8564453125 0.009765625 0.009765625
0 0.423828125 0.9697265625 0.16796875 0.060546875
0 0.3515625 0.826171875 0.193359375 0.16796875
0 0.6962890625 0.955078125 0.083984375 0.0625
1 0.9248046875 0.1552734375 0.03515625 0.033203125
1 0.9873046875 0.8662109375 0.025390625 0.041015625
1 0.6572265625 0.00390625 0.017578125 0.0078125