1 0.099609375 0.515625 0.015625 0.0107421875
0 0.1826171875 0.6162109375 0.1376953125 0.177734375
1 0.15234375 0.4873046875 0.009765625 0.0126953125
1 0.275390625 0.556640625 0.0126953125 0.015625
1 0.3173828125 0.611328125 0.0078125 0.0126953125
0 0.34021247265625 0.616553873046875 0.335422091796875 0.654654544921875 0.3449958203125 0.690112205078125 0.364798337890625 0.6983453359375 0.36471193359375 0.69924554296875 0.41422726953125 0.691872427734375 0.441124935546875 0.67258632421875 0.45476365625 0.64629951171875 0.454733515625 0.594924822265625 0.45106035546875 0.5694846328125 0.391689974609375 0.56272505078125 0.36441755859375 0.58097029296875 0.34021247265625 0.616553873046875
1 0.474609375 0.54296875 0.0126953125 0.015625
1 0.4609375 0.609375 0.009765625 0.0126953125
1 0.5439453125 0.6513671875 0.009765625 0.0126953125
1 0.607421875 0.6611328125 0.009765625 0.0185546875
1 0.564453125 0.5009765625 0.056640625 0.041015625
1 0.595703125 0.505859375 0.0107421875 0.015625
1 0.3818359375 0.44140625 0.025390625 0.03125
1 0.439453125 0.451171875 0.037109375 0.0185546875
1 0.4921875 0.4765625 0.0625 0.0908203125
0 0.67807798046875 0.66759500390625 0.690304099609375 0.63426595703125 0.66931303125 0.581523544921875 0.64652556640625 0.56640223046875 0.59408858203125 0.56394809765625 0.577873826171875 0.583531591796875 0.56327160546875 0.63100137109375 0.5635951171875 0.632122611328125 0.5797586328125 0.64285140234375 0.6015172890625 0.64943415625 0.61355151171875 0.657979412109375 0.62853551953125 0.684126908203125 0.64674258203125 0.700303818359375 0.67807798046875 0.66759500390625
1 0.697265625 0.51953125 0.025390625 0.0234375
1 0.6943359375 0.5458984375 0.013671875 0.0126953125
1 0.8212890625 0.513671875 0.015625 0.0185546875
1 0.822265625 0.462890625 0.0126953125 0.009765625
1 0.80068680859375 0.459759998046875 0.800993240234375 0.460496775390625 0.79351128515625 0.49142661328125 0.796434943359375 0.50211253515625 0.80262285546875 0.503986625 0.819974923828125 0.501904900390625 0.824764298828125 0.496672453125 0.8174179765625 0.475777498046875 0.8043177734375 0.459580494140625 0.80068680859375 0.459759998046875
0 0.8310546875 0.64453125 0.1201171875 0.1298828125
1 0.7529296875 0.6708984375 0.0126953125 0.0126953125
1 0.7666015625 0.6875 0.009765625 0.015625
1 0.90625 0.634765625 0.009765625 0.0126953125
0 0.87890625 0.3427734375 0.119140625 0.1484375
1 0.59765625 0.3447265625 0.0185546875 0.025390625
1 0.580078125 0.3701171875 0.0126953125 0.0185546875
1 0.5576171875 0.3564453125 0.037109375 0.0625
0 0.6650390625 0.322265625 0.099609375 0.15625
1 0.5107421875 0.3369140625 0.0078125 0.015625
0 0.365921826171875 0.294282458984375 0.371590671875 0.31235299609375 0.384760927734375 0.34111294140625 0.40858643359375 0.3742393515625 0.426192560546875 0.39620394921875 0.451175818359375 0.3819867734375 0.480802080078125 0.33112414453125 0.47607404296875 0.291010517578125 0.455937650390625 0.241419744140625 0.41761733984375 0.22820842578125 0.38531255078125 0.25261644140625 0.365921826171875 0.294282458984375
1 0.322265625 0.2998046875 0.005859375 0.015625
0 0.201171875 0.296875 0.1328125 0.193359375
1 0.1015625 0.2509765625 0.0126953125 0.0126953125
1 0.0322265625 0.3662109375 0.013671875 0.013671875