1 0.8681640625 0.3017578125 0.017578125 0.017578125
1 0.98046875 0.462890625 0.0390625 0.06640625
1 0.94921875 0.45703125 0.033203125 0.037109375
1 0.845703125 0.37890625 0.01171875 0.013671875
0 0.862881732421875 0.386356021484375 0.863989466796875 0.406751423828125 0.87905916796875 0.452989431640625 0.894787244140625 0.452155966796875 0.93442777734375 0.446942791015625 0.95330294140625 0.442883869140625 0.964521541015625 0.428545560546875 0.978882779296875 0.3984107109375 0.982104751953125 0.359184767578125 0.978857326171875 0.33524649609375 0.952036490234375 0.30187056640625 0.922939962890625 0.30708598828125 0.89389708984375 0.31859555078125 0.870089248046875 0.342398857421875 0.851817810546875 0.365521478515625 0.862881732421875 0.386356021484375
0 1 0.55339544140625 0.988419017578125 0.537856349609375 0.978162876953125 0.5325346484375 0.96710231640625 0.569295009765625 0.944256349609375 0.57713101171875 0.937487130859375 0.598796587890625 0.92589941796875 0.62849903125 0.9161850859375 0.65268962890625 0.918974443359375 0.67605188671875 0.95413096875 0.687752708984375 1 0.68407537109375 1 0.55339544140625
1 0.946178826171875 0.544310248046875 0.9214879296875 0.553988263671875 0.914613181640625 0.57613740234375 0.924403794921875 0.601399908203125 0.932151115234375 0.6024039453125 0.934588580078125 0.593187162109375 0.9304216484375 0.58037196875 0.94833642578125 0.577698375 0.964826662109375 0.5728801171875 0.969290783203125 0.562977955078125 0.946178826171875 0.544310248046875
1 0.8935546875 0.5927734375 0.025390625 0.02734375
1 0.834193640625 0.498535505859375 0.820632763671875 0.4964480234375 0.814593478515625 0.508610841796875 0.81708066015625 0.534338521484375 0.804017345703125 0.54659608984375 0.812760361328125 0.55649755078125 0.831380958984375 0.56248453515625 0.839389166015625 0.582666193359375 0.85773519140625 0.584100646484375 0.887156607421875 0.575245560546875 0.887402603515625 0.576144796875 0.887034986328125 0.56860425 0.877767193359375 0.544592884765625 0.8572384375 0.52335240625 0.834193640625 0.498535505859375
1 0.9140625 0.52734375 0.0078125 0.009765625
1 0.95703125 0.4970703125 0.01171875 0.015625
1 0.921875 0.505859375 0.0078125 0.009765625
1 0.81595643359375 0.5347789765625 0.81442020703125 0.519553564453125 0.78194298046875 0.52552656640625 0.7428717265625 0.53458245703125 0.74932083203125 0.575330998046875 0.774609193359375 0.58259305078125 0.81118632421875 0.58240275 0.834220078125 0.57916556640625 0.83469704296875 0.570960890625 0.831721697265625 0.562771455078125 0.813697482421875 0.5563305390625 0.80429325 0.54453751171875 0.81595643359375 0.5347789765625
1 0.80078125 0.4794921875 0.0390625 0.0390625
1 0.73828125 0.5830078125 0.009765625 0.0078125
1 0.7556997265625 0.47270177734375 0.7368559765625 0.45483553515625 0.7245324453125 0.441274712890625 0.71495436328125 0.474504220703125 0.70799339453125 0.511366560546875 0.714007212890625 0.514868998046875 0.73087701953125 0.5354524921875 0.725993814453125 0.55115032421875 0.73303416796875 0.561437177734375 0.745533478515625 0.55874548828125 0.743995888671875 0.54445894921875 0.74398791015625 0.530589306640625 0.7554702421875 0.507030470703125 0.776591509765625 0.480451458984375 0.77726986328125 0.476805947265625 0.772009599609375 0.4732012578125 0.7556997265625 0.47270177734375
1 0.70703125 0.5478515625 0.048828125 0.046875
1 0.678551255859375 0.44314826171875 0.691898845703125 0.46161770703125 0.68346081640625 0.477678779296875 0.6658805703125 0.51246999609375 0.677814078125 0.532299654296875 0.68956048046875 0.519832703125 0.703043169921875 0.504373875 0.7119698359375 0.48132275 0.7237083671875 0.448931607421875 0.734721529296875 0.449452310546875 0.75594417578125 0.470640314453125 0.768883900390625 0.462090302734375 0.761856822265625 0.43197125 0.785685798828125 0.4219492890625 0.804779427734375 0.38828461328125 0.78938869921875 0.3673946328125 0.765769814453125 0.368522583984375 0.75924997265625 0.379332142578125 0.7516282421875 0.397861984375 0.74964290234375 0.4295337578125 0.7408533671875 0.433361064453125 0.726354119140625 0.4275983984375 0.70804040625 0.410976197265625 0.6958126796875 0.39207421484375 0.712373798828125 0.37800166015625 0.7101398671875 0.349359046875 0.691901759765625 0.339518546875 0.69337497265625 0.390659986328125 0.68131963671875 0.39790109765625 0.663615560546875 0.391808435546875 0.641329197265625 0.39319836328125 0.63132114453125 0.407547947265625 0.631597390625 0.416244548828125 0.644578048828125 0.432428 0.656959990234375 0.442116330078125 0.678551255859375 0.44314826171875
0 0.741275306640625 0.43231560546875 0.74931001953125 0.4296730703125 0.7478333515625 0.4068215078125 0.7485392265625 0.3904555390625 0.741516361328125 0.384594208984375 0.72666391796875 0.387746876953125 0.706654451171875 0.38887403125 0.696496390625 0.390610892578125 0.7000150390625 0.403419796875 0.7144134453125 0.409140630859375 0.721544169921875 0.4202329296875 0.73503637109375 0.430544408203125 0.741275306640625 0.43231560546875
1 0.6650390625 0.38671875 0.01171875 0.01171875
1 0.630859375 0.427734375 0.015625 0.017578125
1 0.654296875 0.5712890625 0.064453125 0.08984375
1 0.6064453125 0.5634765625 0.01171875 0.01171875
1 0.595703125 0.5478515625 0.009765625 0.013671875
0 0.7822265625 0.6396484375 0.091796875 0.119140625
1 0.8310546875 0.66015625 0.009765625 0.0078125
1 0.716796875 0.6591796875 0.005859375 0.005859375
1 0.6455078125 0.630859375 0.01953125 0.015625
0 0.625437861328125 0.610530228515625 0.610945224609375 0.598570873046875 0.596570236328125 0.597311251953125 0.575465466796875 0.617919853515625 0.570637681640625 0.632712615234375 0.570708560546875 0.66083620703125 0.5841558125 0.701832091796875 0.601890169921875 0.732939736328125 0.615133267578125 0.738671970703125 0.634797380859375 0.736250470703125 0.66736109765625 0.722485611328125 0.679746744140625 0.69607631640625 0.68128794921875 0.674719373046875 0.6696610859375 0.6464813046875 0.66033436328125 0.63058786328125 0.649910984375 0.63432215625 0.637839533203125 0.6367771796875 0.625437861328125 0.610530228515625
1 0.556640625 0.66796875 0.048828125 0.087890625
1 0.5458984375 0.5859375 0.013671875 0.01953125
1 0.533203125 0.5888671875 0.015625 0.01953125
1 0.575690458984375 0.587821318359375 0.589679787109375 0.5777930859375 0.58852141796875 0.578250515625 0.587147873046875 0.573921828125 0.571630595703125 0.564105580078125 0.575690458984375 0.587821318359375
1 0.563915056640625 0.544843384765625 0.573769666015625 0.562290408203125 0.58145465234375 0.56656726953125 0.5953844296875 0.578972193359375 0.602335685546875 0.577118671875 0.601568419921875 0.564993251953125 0.58975146875 0.543316119140625 0.57744415234375 0.533970375 0.564322833984375 0.54519149609375 0.563915056640625 0.544843384765625
1 0.549707755859375 0.5249996953125 0.54817653125 0.544796861328125 0.548585625 0.571896501953125 0.560623380859375 0.58373579296875 0.560759833984375 0.5862855 0.57021512890625 0.574766328125 0.57104446875 0.56435962109375 0.570298763671875 0.55616241796875 0.564658986328125 0.54475709375 0.57325566015625 0.526147453125 0.585074345703125 0.506456763671875 0.576088109375 0.4925571875 0.567885482421875 0.481218634765625 0.561477517578125 0.470915955078125 0.542300611328125 0.47005361328125 0.528074935546875 0.464704185546875 0.53407488671875 0.45109200390625 0.521203314453125 0.44352029296875 0.5118920703125 0.494377953125 0.502891359375 0.51615504296875 0.5147764140625 0.525673357421875 0.5362541015625 0.5215895703125 0.549707755859375 0.5249996953125
1 0.58721749609375 0.47217201171875 0.59845675 0.4808180625 0.609348486328125 0.464868701171875 0.608290548828125 0.433074330078125 0.589508201171875 0.428619755859375 0.575886720703125 0.454311537109375 0.58721749609375 0.47217201171875
0 0.58784169921875 0.4329982734375 0.57061806640625 0.403211650390625 0.569535166015625 0.40264674609375 0.544624498046875 0.422514310546875 0.540531359375 0.435790326171875 0.531361765625 0.458055013671875 0.54203383984375 0.473385607421875 0.55980240625 0.471783248046875 0.574113556640625 0.49115091796875 0.581766974609375 0.467018640625 0.57963362890625 0.451013955078125 0.58784169921875 0.4329982734375
1 0.58984375 0.4150390625 0.0078125 0.0078125
1 0.517578125 0.4375 0.0078125 0.01171875
1 0.525390625 0.40234375 0.04296875 0.056640625
1 0.470703125 0.4375 0.03125 0.029296875
1 0.484375 0.4521484375 0.005859375 0.009765625
1 0.4755859375 0.4521484375 0.0078125 0.009765625
1 0.4716796875 0.462890625 0.00390625 0.0078125
1 0.4775390625 0.572265625 0.005859375 0.005859375
1 0.4677734375 0.5771484375 0.01171875 0.01171875
1 0.4580078125 0.6162109375 0.005859375 0.005859375
1 0.5009765625 0.67578125 0.0078125 0.0078125
1 0.4228515625 0.564453125 0.08203125 0.107421875
1 0.341796875 0.4921875 0.01953125 0.0234375
0 0.44765847265625 0.49222161328125 0.457162779296875 0.46931088671875 0.452622169921875 0.437002771484375 0.450991203125 0.397986482421875 0.431847896484375 0.386701431640625 0.37823533984375 0.371328060546875 0.364009703125 0.37769323046875 0.339173927734375 0.406215083984375 0.326080669921875 0.419831916015625 0.332659712890625 0.43423659765625 0.34728725 0.46551668359375 0.356627947265625 0.49992239453125 0.36940366796875 0.511392560546875 0.39130221875 0.519951603515625 0.391404009765625 0.520045654296875 0.417661185546875 0.50591919921875 0.44765847265625 0.49222161328125
1 0.3046875 0.501953125 0.021484375 0.0234375
1 0.291015625 0.4736328125 0.021484375 0.0234375
1 0.3589301328125 0.54646943359375 0.35292833984375 0.52952553125 0.32877786328125 0.51839876171875 0.30298948828125 0.511555177734375 0.303216380859375 0.51204558984375 0.30274748828125 0.52665430078125 0.313027263671875 0.556800775390625 0.326573265625 0.570977498046875 0.34151773828125 0.59665767578125 0.3456156484375 0.589990693359375 0.348410189453125 0.570222951171875 0.3589301328125 0.54646943359375
1 0.34992488671875 0.570299833984375 0.347530662109375 0.593364259765625 0.3274445625 0.616393712890625 0.310054904296875 0.616209126953125 0.314732359375 0.63069478515625 0.344573349609375 0.654854826171875 0.356445708984375 0.663620087890625 0.36912146484375 0.64674673046875 0.3906674375 0.63645027734375 0.426490103515625 0.637889078125 0.425804107421875 0.6269916328125 0.40250352734375 0.615421568359375 0.391796146484375 0.607512830078125 0.37382779296875 0.57994441796875 0.34992488671875 0.570299833984375
1 0.4169921875 0.65234375 0.0078125 0.0078125
1 0.380859375 0.7705078125 0.01953125 0.02734375
0 0.376124583984375 0.7311736796875 0.391719234375 0.76165553515625 0.404100005859375 0.766527673828125 0.429156212890625 0.76996780859375 0.447310982421875 0.75003677734375 0.4650736953125 0.711554083984375 0.469079259765625 0.689351626953125 0.450184337890625 0.6696724453125 0.43094767578125 0.649023474609375 0.42167788671875 0.660036888671875 0.41011588671875 0.662965744140625 0.3927112109375 0.648783455078125 0.3793597265625 0.653071712890625 0.3740548984375 0.69242723828125 0.376124583984375 0.7311736796875
1 0.34375 0.7294921875 0.013671875 0.013671875
1 0.3095703125 0.6005859375 0.05078125 0.052734375
1 0.3095703125 0.6328125 0.009765625 0.015625
1 0.2919921875 0.7197265625 0.01171875 0.01171875
1 0.28125 0.7333984375 0.01171875 0.01171875
1 0.2763671875 0.7548828125 0.017578125 0.015625
1 0.2685546875 0.744140625 0.005859375 0.005859375
1 0.2571831875 0.705954880859375 0.26637467578125 0.685554732421875 0.26590919921875 0.684562162109375 0.257740109375 0.67236422265625 0.2374521875 0.675265421875 0.2166051015625 0.68539547265625 0.2214061796875 0.690378361328125 0.23265671484375 0.69187986328125 0.236571537109375 0.703875814453125 0.247493119140625 0.71011206640625 0.2571831875 0.705954880859375
0 0.213832013671875 0.691360052734375 0.186392830078125 0.70216332421875 0.16582042578125 0.714806611328125 0.155865724609375 0.732277623046875 0.18078008203125 0.759930263671875 0.19468637890625 0.780854767578125 0.208796138671875 0.788446041015625 0.236176728515625 0.797308453125 0.253479130859375 0.792161775390625 0.271992087890625 0.774688416015625 0.270599931640625 0.75788925390625 0.252609919921875 0.7140278984375 0.244443689453125 0.710614904296875 0.2340617890625 0.703365341796875 0.22572458203125 0.689854236328125 0.213832013671875 0.691360052734375
1 0.132337857421875 0.842373173828125 0.137481560546875 0.84579823046875 0.170425166015625 0.825120689453125 0.1895299453125 0.810929275390625 0.194022736328125 0.78932187109375 0.19214354296875 0.775749298828125 0.166091666015625 0.75159364453125 0.150899533203125 0.718745654296875 0.143349484375 0.715000130859375 0.141045341796875 0.75251191796875 0.1316051875 0.7690961171875 0.123010451171875 0.782534845703125 0.1233975 0.800082791015625 0.129532212890625 0.822409978515625 0.132337857421875 0.842373173828125
1 0.1884765625 0.828125 0.009765625 0.01171875
1 0.125 0.80859375 0.009765625 0.01171875
1 0.1181640625 0.775390625 0.015625 0.01953125
1 0.0703125 0.8349609375 0.0078125 0.009765625
1 0.221196955078125 0.55992178515625 0.223339103515625 0.57914669140625 0.239507630859375 0.605213662109375 0.2539071484375 0.61913529296875 0.281189947265625 0.62758776171875 0.285986287109375 0.61613166796875 0.28683876171875 0.5945975859375 0.3063121640625 0.5735748359375 0.3063716328125 0.56854130859375 0.283571650390625 0.554211474609375 0.255015845703125 0.53158137109375 0.237817197265625 0.5435411015625 0.221196955078125 0.55992178515625
1 0.2587890625 0.5068359375 0.0078125 0.01953125
1 0.279296875 0.4921875 0.015625 0.0234375
1 0.2626953125 0.48828125 0.005859375 0.005859375
1 0.244140625 0.4892578125 0.005859375 0.005859375
1 0.246830765625 0.64331917578125 0.242731384765625 0.602689658203125 0.233544505859375 0.580137638671875 0.223999921875 0.570465015625 0.200745923828125 0.6032309765625 0.186282974609375 0.611292576171875 0.181183466796875 0.62566575390625 0.19350884765625 0.640552150390625 0.217328923828125 0.663790595703125 0.2393301015625 0.667083001953125 0.246830765625 0.64331917578125
1 0.197741755859375 0.59369297265625 0.1734154765625 0.598435208984375 0.16072181640625 0.6036877890625 0.141180533203125 0.61912637890625 0.142697431640625 0.6305303984375 0.1501349296875 0.6296287890625 0.167316998046875 0.62395724609375 0.180532123046875 0.616684625 0.195966736328125 0.595402193359375 0.197741755859375 0.59369297265625
1 0.177734375 0.6337890625 0.02734375 0.021484375
1 0.154296875 0.6533203125 0.041015625 0.06640625
1 0.0888671875 0.6552734375 0.1015625 0.099609375
1 0.029296875 0.6474609375 0.03125 0.052734375
0 0.02445513671875 0.70897074609375 0.030061390625 0.748861318359375 0.036617681640625 0.79551175 0.05272248828125 0.794883443359375 0.08519769921875 0.786849529296875 0.096843298828125 0.7759198125 0.107895361328125 0.760753888671875 0.109730162109375 0.72637368359375 0.1108782734375 0.69962740625 0.11014490625 0.697222462890625 0.0956581171875 0.69849387109375 0.072459869140625 0.698755515625 0.05079684375 0.701955892578125 0.02488505078125 0.704168234375 0.02445513671875 0.70897074609375
0 0 0.534830013671875 0.0038635703125 0.561200189453125 0.035276470703125 0.5716544921875 0.05010590234375 0.55503849609375 0.063359158203125 0.525154326171875 0.062970990234375 0.498112619140625 0.064294845703125 0.465736361328125 0.050628130859375 0.459030021484375 0.006970154296875 0.46015825 0 0.46630396484375 0 0.534830013671875
1 0.044921875 0.5849609375 0.044921875 0.03515625
1 0.0986328125 0.51953125 0.015625 0.015625
1 0.111328125 0.50390625 0.0234375 0.01953125
1 0.154296875 0.4873046875 0.009765625 0.013671875
1 0.1455078125 0.4951171875 0.009765625 0.01953125
0 0.229133765625 0.54467990625 0.23690803515625 0.527696740234375 0.245770888671875 0.495992203125 0.239154740234375 0.463989177734375 0.227280515625 0.4418720625 0.191101447265625 0.434038005859375 0.162966263671875 0.43782291796875 0.14646715625 0.458619427734375 0.15867836328125 0.48509646484375 0.1598826796875 0.521245890625 0.1664534375 0.55467366015625 0.18547934375 0.562414080078125 0.211060052734375 0.558216291015625 0.229133765625 0.54467990625
1 0.162109375 0.478515625 0.01171875 0.01171875
1 0.92578125 0.037109375 0.01953125 0.017578125