0 0.33203125 0.1435546875 0.15234375 0.14453125
0 0.3603515625 0.3916015625 0.1484375 0.126953125
0 0.392578125 0.6015625 0.1796875 0.11328125
0 0.359375 0.8193359375 0.19921875 0.173828125
0 0.41796875 0.96484375 0.140625 0.0703125
1 0.5810546875 0.986328125 0.0234375 0.01953125
1 0.5869140625 0.9521484375 0.01953125 0.013671875
0 0.6650390625 0.83203125 0.181640625 0.13671875
0 0.6396484375 0.5888671875 0.1796875 0.15234375
1 0.5361328125 0.5673828125 0.015625 0.01171875
1 0.54296875 0.541015625 0.015625 0.009765625
0 0.6533203125 0.3232421875 0.16796875 0.126953125
0 0.64453125 0.123046875 0.130859375 0.12109375
1 0.490234375 0.130859375 0.013671875 0.009765625
1 0.4853515625 0.373046875 0.01953125 0.01953125
1 0.5166015625 0.70703125 0.01171875 0.013671875