1 0.017578125 0.5341796875 0.03515625 0.060546875
0 0.216131623046875 0.552426078125 0.18688254296875 0.57456666015625 0.18749741796875 0.585028107421875 0.15627841796875 0.61246830859375 0.1516410390625 0.646506765625 0.162223048828125 0.687153810546875 0.17571149609375 0.69845748046875 0.21740399609375 0.696695533203125 0.23649605078125 0.68081390625 0.252658419921875 0.651711654296875 0.259531818359375 0.623429232421875 0.2536091484375 0.571962494140625 0.242161666015625 0.553914173828125 0.2306599296875 0.54971684765625 0.216131623046875 0.552426078125
1 0.1796875 0.578125 0.015625 0.0185546875
1 0.2236328125 0.419921875 0.0205078125 0.021484375
0 0.15168625 0.318662505859375 0.13537533203125 0.367773091796875 0.127406529296875 0.4277378203125 0.149752501953125 0.438469673828125 0.20667989453125 0.444885361328125 0.21388398046875 0.41761739453125 0.22534308984375 0.41021136328125 0.24760509765625 0.42032490234375 0.261749751953125 0.41021480859375 0.258316283203125 0.37222187890625 0.23426391015625 0.336552373046875 0.19788695703125 0.305006130859375 0.15168625 0.318662505859375
1 0.2822265625 0.482421875 0.0654296875 0.0654296875
1 0.2060546875 0.5009765625 0.017578125 0.015625
1 0.185546875 0.505859375 0.009765625 0.015625
1 0.318359375 0.51953125 0.0126953125 0.021484375
1 0.37436316796875 0.53946208203125 0.39143621875 0.517667685546875 0.406509642578125 0.49608513671875 0.394342654296875 0.45379498828125 0.383551380859375 0.44791666796875 0.354023283203125 0.454845611328125 0.32407407421875 0.44973544921875 0.32491112890625 0.44939270703125 0.321633958984375 0.44944609765625 0.32303808984375 0.471669353515625 0.33250661328125 0.50060970703125 0.350773240234375 0.540610876953125 0.36376953125 0.55150118359375 0.37436316796875 0.53946208203125
1 0.34895058203125 0.559697765625 0.337632275390625 0.576719576171875 0.3391565390625 0.578636533203125 0.347273892578125 0.580419146484375 0.375237681640625 0.581607556640625 0.37985051953125 0.55375399609375 0.373966599609375 0.539288125 0.36299835546875 0.54822703125 0.34895058203125 0.559697765625
1 0.37660176953125 0.57549327734375 0.377016419921875 0.598601810546875 0.39794017578125 0.629848365234375 0.40563254296875 0.621541556640625 0.398949033203125 0.599766107421875 0.405543412109375 0.59158675 0.416887556640625 0.57492318359375 0.409844939453125 0.559706376953125 0.378361130859375 0.56014729296875 0.37660176953125 0.57549327734375
1 0.314453125 0.654296875 0.015625 0.025390625
1 0.3681640625 0.673828125 0.0234375 0.021484375
0 0.40219519921875 0.62601962109375 0.367007947265625 0.64305693359375 0.357700892578125 0.65780009765625 0.374984498046875 0.66394021484375 0.38756613671875 0.70546737109375 0.422766306640625 0.721522955078125 0.44292534765625 0.72087708203125 0.455968140625 0.6913011875 0.463435744140625 0.627955521484375 0.450380033203125 0.602294490234375 0.42299623828125 0.59225673828125 0.408992384765625 0.60237371875 0.40219519921875 0.62601962109375
1 0.48828125 0.6689453125 0.0126953125 0.015625
1 0.5185546875 0.5029296875 0.0107421875 0.0126953125
1 0.58203125 0.5283203125 0.0126953125 0.017578125
1 0.58314473828125 0.61785748828125 0.577050263671875 0.621252205078125 0.568938078125 0.64495322265625 0.56957878515625 0.67755525390625 0.59854884765625 0.690608810546875 0.613192119140625 0.677076443359375 0.61021463671875 0.65819451171875 0.598477802734375 0.649954875 0.588790974609375 0.633902736328125 0.58314473828125 0.61785748828125
0 0.59047670703125 0.637237171875 0.607197111328125 0.65645840234375 0.61508065625 0.694013861328125 0.65244708984375 0.703703703125 0.6695459765625 0.66684406640625 0.673921130859375 0.62612123828125 0.66142345703125 0.57662140234375 0.636360935546875 0.562281263671875 0.61104394140625 0.56085689453125 0.59145326953125 0.58498160546875 0.5894794765625 0.6187841015625 0.59047670703125 0.637237171875
1 0.681640625 0.5185546875 0.0107421875 0.013671875
1 0.694316560546875 0.41171323828125 0.67878844140625 0.40500819921875 0.6787445234375 0.42214023828125 0.67676685546875 0.4495683828125 0.662367724609375 0.46825396875 0.672062302734375 0.497461283203125 0.690212673828125 0.50681526953125 0.7142430859375 0.48977106640625 0.73624674609375 0.493189896484375 0.759509857421875 0.48773871484375 0.730967365234375 0.438552345703125 0.694316560546875 0.41171323828125
0 0.57188068359375 0.298693783203125 0.56128446484375 0.33737737109375 0.558947689453125 0.38084215234375 0.567633412109375 0.39055610546875 0.592352326171875 0.4213979140625 0.627132677734375 0.42472373828125 0.67493386328125 0.44047619140625 0.677151794921875 0.42518532421875 0.684550935546875 0.39286575390625 0.70051954296875 0.34898416796875 0.67981280078125 0.286635734375 0.6492112578125 0.269520916015625 0.598377044921875 0.27044580859375 0.57188068359375 0.298693783203125
1 0.7939453125 0.4384765625 0.0263671875 0.025390625
0 0.921417720703125 0.282595142578125 0.8762697890625 0.26202876953125 0.8386566328125 0.255010265625 0.80462937109375 0.27920903515625 0.78471834765625 0.305409158203125 0.770432890625 0.3511680859375 0.77599774609375 0.38580763671875 0.7924391328125 0.424696181640625 0.816461794921875 0.43448936328125 0.84637741796875 0.442796171875 0.883932447265625 0.422991072265625 0.88701714453125 0.40998229296875 0.933207517578125 0.391308765625 0.941656849609375 0.32391217578125 0.921417720703125 0.282595142578125
1 0.84375 0.544921875 0.033203125 0.072265625
1 0.7666015625 0.6455078125 0.0126953125 0.0185546875
1 0.8062802265625 0.66971175 0.782448744140625 0.656987158203125 0.754537916015625 0.6874586640625 0.7544436171875 0.732079130859375 0.76946149609375 0.761775587890625 0.801201068359375 0.7540078671875 0.820185908203125 0.729254505859375 0.82229016796875 0.693321484375 0.82245551171875 0.67290151171875 0.8062802265625 0.66971175
0 0.798099578125 0.5931678515625 0.791594328125 0.636973654296875 0.80173326953125 0.667167865234375 0.82346566015625 0.676017208984375 0.834689669921875 0.696461294921875 0.875661375 0.720899470703125 0.89641074609375 0.705956513671875 0.90913318359375 0.66031642578125 0.913840318359375 0.62410783203125 0.908852875 0.59994867578125 0.86509357421875 0.582498001953125 0.836539455078125 0.57477333984375 0.81075097265625 0.56684372265625 0.798099578125 0.5931678515625
1 0.947265625 0.603515625 0.0341796875 0.0390625
1 0.966796875 0.470703125 0.0595703125 0.0439453125
1 0.9912109375 0.580078125 0.017578125 0.033203125
1 0.91015625 0.521484375 0.013671875 0.0205078125
1 0.935546875 0.51953125 0.015625 0.0185546875
1 0.974609375 0.5126953125 0.021484375 0.0234375
0 0.423828125 0.3408203125 0.123046875 0.1484375