1 0.990234375 0.3173828125 0.01953125 0.025390625
1 0.970703125 0.3037109375 0.013671875 0.013671875
1 0.986328125 0.3837890625 0.02734375 0.037109375
1 0.9892578125 0.4306640625 0.021484375 0.056640625
1 0.9677734375 0.419921875 0.013671875 0.029296875
1 0.953125 0.41796875 0.01171875 0.015625
0 0.89458717578125 0.426602783203125 0.926864966796875 0.437225716796875 0.93932203125 0.424950900390625 0.951739765625 0.359620982421875 0.9641516328125 0.330570958984375 0.961662763671875 0.292921119140625 0.962362232421875 0.270205197265625 0.925959296875 0.258553142578125 0.900365880859375 0.258551052734375 0.879925400390625 0.2658481796875 0.853229974609375 0.28746673828125 0.84913305859375 0.343884708984375 0.8642776953125 0.388055845703125 0.89458717578125 0.426602783203125
1 0.8466796875 0.4033203125 0.013671875 0.013671875
1 0.8447265625 0.4228515625 0.0078125 0.005859375
1 0.900390625 0.5068359375 0.01171875 0.021484375
0 0.89615720703125 0.63806556640625 0.922248201171875 0.6050927421875 0.9280314921875 0.577380029296875 0.89185591796875 0.52595507421875 0.86964173828125 0.462078076171875 0.83447517578125 0.48172648046875 0.810853771484375 0.513624015625 0.799701908203125 0.55351521875 0.78786084765625 0.59273721875 0.80332991796875 0.649667037109375 0.82737286328125 0.652813361328125 0.872468220703125 0.64507990234375 0.89615720703125 0.63806556640625
1 0.7978515625 0.5478515625 0.01171875 0.015625
1 0.99681551171875 0.686802677734375 0.9984499375 0.593166404296875 0.985376294921875 0.572763388671875 0.95890921875 0.56135258984375 0.9380420703125 0.559675521484375 0.93005563671875 0.562318541015625 0.9231421875 0.591892599609375 0.89872016015625 0.630216728515625 0.88307556640625 0.645968951171875 0.88393465234375 0.664494734375 0.90043587109375 0.70030912890625 0.930609123046875 0.707932033203125 0.994857048828125 0.701533712890625 0.99681551171875 0.686802677734375
1 0.6302888828125 0.45552620703125 0.6560552421875 0.466798162109375 0.696862798828125 0.477781001953125 0.76594813671875 0.48380563671875 0.765914171875 0.48439137109375 0.769937150390625 0.472297919921875 0.7634774140625 0.445116091796875 0.755383900390625 0.42248333203125 0.72830753515625 0.403299455078125 0.69370855859375 0.3864155 0.647790728515625 0.425206982421875 0.6302888828125 0.45552620703125
1 0.72265625 0.3955078125 0.015625 0.021484375
1 0.734375 0.5546875 0.01171875 0.013671875
0 0.6591796875 0.5830078125 0.138671875 0.19921875
1 0.5810546875 0.5625 0.021484375 0.029296875
1 0.568359375 0.5458984375 0.005859375 0.009765625
1 0.5830078125 0.5224609375 0.025390625 0.05078125
1 0.7509765625 0.349609375 0.052734375 0.064453125
1 0.779296875 0.3369140625 0.0078125 0.013671875
1 0.8154296875 0.18359375 0.013671875 0.03125
0 0.6331163203125 0.29367210546875 0.6504239609375 0.3354859453125 0.652098 0.35893965625 0.676276029296875 0.39210412109375 0.710907791015625 0.35439230078125 0.7222570546875 0.35228276953125 0.7492847265625 0.311241296875 0.766268275390625 0.284450587890625 0.76421491796875 0.284670982421875 0.734554978515625 0.258520625 0.71095658984375 0.20341740625 0.695799484375 0.204064736328125 0.662980498046875 0.225742205078125 0.6347511171875 0.251501587890625 0.6331163203125 0.29367210546875
1 0.64738960546875 0.4020754375 0.615429705078125 0.380623791015625 0.601528146484375 0.40337756640625 0.6088754375 0.412740857421875 0.616558154296875 0.444595466796875 0.6272390703125 0.44496126953125 0.64541119140625 0.445085533203125 0.64738960546875 0.4020754375
1 0.66277351953125 0.36388897265625 0.649944373046875 0.3249020625 0.63784801953125 0.31051051953125 0.63916633203125 0.308469576171875 0.611418150390625 0.321729525390625 0.577687087890625 0.32923378515625 0.55319674609375 0.30463571484375 0.52820686328125 0.302525439453125 0.50614508984375 0.298458591796875 0.49094506640625 0.31231539453125 0.47111533984375 0.347982978515625 0.469905115234375 0.37785404296875 0.48960658203125 0.409117076171875 0.5113304140625 0.4233912890625 0.525029701171875 0.4641659375 0.541896009765625 0.503717701171875 0.5580104921875 0.505775552734375 0.5590461015625 0.44938151953125 0.604320720703125 0.456679177734375 0.61484605859375 0.44251368359375 0.60335400390625 0.404382126953125 0.603503724609375 0.370762560546875 0.650545701171875 0.390965169921875 0.66277351953125 0.36388897265625
1 0.58203125 0.3193359375 0.009765625 0.013671875
1 0.5869140625 0.298828125 0.005859375 0.01171875
1 0.5654296875 0.2958984375 0.021484375 0.021484375
0 0.429487857421875 0.294513560546875 0.434193853515625 0.3172240546875 0.457451099609375 0.34547472265625 0.469454322265625 0.347465228515625 0.491421865234375 0.314324568359375 0.508171671875 0.2987230703125 0.529009765625 0.280912736328125 0.527716314453125 0.247299732421875 0.52085054296875 0.227292361328125 0.48244243359375 0.213864408203125 0.459574982421875 0.223227544921875 0.44214883984375 0.23540236328125 0.4248370390625 0.2582277421875 0.41676172265625 0.273371716796875 0.429487857421875 0.294513560546875
1 0.422628228515625 0.123309650390625 0.407542169921875 0.133918767578125 0.40651032421875 0.163558478515625 0.40403729296875 0.189642673828125 0.385759548828125 0.187833783203125 0.367861396484375 0.172625515625 0.34615341015625 0.188127205078125 0.3455746796875 0.235732111328125 0.3408728359375 0.2873795625 0.349074681640625 0.3227673984375 0.39167284375 0.323764173828125 0.405268189453125 0.296893388671875 0.42471314453125 0.289573189453125 0.4133724296875 0.273915330078125 0.4382397578125 0.243613130859375 0.46127526953125 0.22200237109375 0.467182064453125 0.1812845703125 0.46459291796875 0.133368466796875 0.44170421875 0.11369731640625 0.422628228515625 0.123309650390625
1 0.4150390625 0.296875 0.01171875 0.013671875
1 0.475976880859375 0.396277046875 0.434628873046875 0.390610126953125 0.45106837890625 0.425771970703125 0.468320470703125 0.46233468359375 0.483099158203125 0.483899421875 0.493847482421875 0.47926644921875 0.499138255859375 0.46013942578125 0.489882626953125 0.42277709375 0.475243359375 0.3940884140625 0.475976880859375 0.396277046875
1 0.444273337890625 0.37961797265625 0.433563908203125 0.356174859375 0.435269291015625 0.3525389453125 0.41827812890625 0.381104248046875 0.396393513671875 0.385482544921875 0.376420404296875 0.40158794921875 0.39112027734375 0.442232685546875 0.412803921875 0.4586940859375 0.42698619140625 0.450124439453125 0.442312029296875 0.420251904296875 0.444273337890625 0.37961797265625
1 0.3662109375 0.470703125 0.029296875 0.029296875
0 0.391205845703125 0.520458166015625 0.412467861328125 0.590088708984375 0.422358232421875 0.6016214765625 0.442325224609375 0.604633515625 0.470569552734375 0.59973518359375 0.498252384765625 0.59148559765625 0.517193748046875 0.5796267578125 0.51806466796875 0.529731880859375 0.528959412109375 0.481421435546875 0.512680125 0.468973271484375 0.488160796875 0.4829655078125 0.463087140625 0.474544001953125 0.44523801171875 0.46913451953125 0.422528896484375 0.496684935546875 0.414002626953125 0.500550138671875 0.396085630859375 0.498798455078125 0.391205845703125 0.520458166015625
1 0.374919337890625 0.745084091796875 0.392433666015625 0.770652998046875 0.409576125 0.776941109375 0.435771193359375 0.7592843046875 0.45074102734375 0.720390068359375 0.4681444453125 0.688585634765625 0.48132049609375 0.646187337890625 0.480948544921875 0.606705095703125 0.46779541015625 0.595864322265625 0.452487921875 0.605688470703125 0.43145346875 0.612077904296875 0.415401720703125 0.606569837890625 0.390901939453125 0.5751151953125 0.376445423828125 0.555587212890625 0.3704035 0.554365701171875 0.366110796875 0.61602053125 0.36744171484375 0.669529755859375 0.374919337890625 0.745084091796875
1 0.3369140625 0.5703125 0.01171875 0.013671875
0 0.234278775390625 0.455931623046875 0.209578822265625 0.4890221796875 0.212026392578125 0.5478122734375 0.224194626953125 0.603103685546875 0.240042283203125 0.62853631640625 0.262522115234375 0.619705548828125 0.27916775 0.60253051953125 0.335490919921875 0.604632373046875 0.336539416015625 0.589524375 0.320026435546875 0.565307384765625 0.321705099609375 0.540060095703125 0.334064369140625 0.50087644921875 0.33163614453125 0.4950340859375 0.313386197265625 0.48472467578125 0.280122869140625 0.474413123046875 0.234278775390625 0.455931623046875
1 0.349609375 0.3662109375 0.013671875 0.025390625
1 0.353515625 0.392578125 0.005859375 0.0078125
1 0.335599572265625 0.45610046875 0.36174132421875 0.456580890625 0.37014626171875 0.45742161328125 0.367831384765625 0.426894150390625 0.34871151171875 0.400047189453125 0.33929125 0.359739791015625 0.342013044921875 0.338113421875 0.31893537109375 0.3381915859375 0.310263076171875 0.353991822265625 0.297194314453125 0.38995561328125 0.297691056640625 0.433571962890625 0.293664630859375 0.478820279296875 0.310309119140625 0.485026009765625 0.335599572265625 0.45610046875
1 0.24751517578125 0.45728139453125 0.266454794921875 0.453639494140625 0.284551099609375 0.4369439765625 0.296412279296875 0.403153689453125 0.29665062109375 0.402567001953125 0.291302189453125 0.391780732421875 0.284816427734375 0.38288516015625 0.261683201171875 0.373941509765625 0.247225662109375 0.386134515625 0.224756111328125 0.4213755234375 0.22670394921875 0.44368630859375 0.24751517578125 0.45728139453125
1 0.245656216796875 0.34024590625 0.229426076171875 0.310359814453125 0.2029073046875 0.302004189453125 0.18888583203125 0.31212678515625 0.175935736328125 0.3738180703125 0.21934566015625 0.39082751953125 0.23743679296875 0.390604703125 0.249959208984375 0.3787450234375 0.2455667109375 0.339156427734375 0.245656216796875 0.34024590625
0 0.262372689453125 0.2042804453125 0.238694283203125 0.20371573828125 0.20969135546875 0.2428058203125 0.188671958984375 0.289090619140625 0.19682591796875 0.3116209375 0.231693625 0.317750857421875 0.2466500546875 0.351238861328125 0.246129224609375 0.37854419140625 0.252084962890625 0.3783708125 0.28768945703125 0.367504876953125 0.316779509765625 0.338218263671875 0.334715287109375 0.306252970703125 0.333199591796875 0.262581322265625 0.30993851953125 0.226191056640625 0.262372689453125 0.2042804453125
1 0.2060546875 0.2060546875 0.01171875 0.017578125
1 0.1904296875 0.2060546875 0.013671875 0.015625
1 0.181640625 0.2138671875 0.009765625 0.013671875
1 0.1943359375 0.2421875 0.013671875 0.015625
1 0.177734375 0.224609375 0.01171875 0.009765625
0 0.004598138671875 0.232209392578125 0.003760138671875 0.280218412109375 0.004509 0.341225693359375 0.03512861328125 0.338927833984375 0.06270760546875 0.351825115234375 0.090300103515625 0.327450849609375 0.122907564453125 0.316215072265625 0.134501205078125 0.280884712890625 0.120611513671875 0.225659720703125 0.09156498828125 0.20662869140625 0.026340166015625 0.19529969921875 0.026410443359375 0.196684935546875 0.0050104296875 0.208589287109375 0.004598138671875 0.232209392578125
1 0.1162109375 0.3515625 0.076171875 0.05859375
1 0.0869140625 0.3857421875 0.076171875 0.048828125
0 0 0.55675860546875 0.03423554296875 0.6228953984375 0.069808845703125 0.615600818359375 0.113942064453125 0.586394568359375 0.14007842578125 0.54930433984375 0.143052501953125 0.4941124453125 0.127856427734375 0.480571158203125 0.07151662109375 0.46980857421875 0.0463390625 0.460776986328125 0.0122523515625 0.46706855078125 0.0003245546875 0.47704280078125 0 0.495636525390625 0 0.55675860546875
1 0.118776705078125 0.478839751953125 0.140358853515625 0.49115673046875 0.149995888671875 0.494233642578125 0.1598038671875 0.484408625 0.127105708984375 0.43613444140625 0.076418287109375 0.410052146484375 0.0506189921875 0.40066001953125 0.034872705078125 0.399700529296875 0.02209016015625 0.434407232421875 0.060287857421875 0.462992642578125 0.093522828125 0.467675216796875 0.118776705078125 0.478839751953125
1 0.173828125 0.52734375 0.01171875 0.013671875
1 0.1640625 0.5283203125 0.009765625 0.009765625
1 0.1650390625 0.5068359375 0.013671875 0.015625
1 0.154296875 0.5439453125 0.009765625 0.013671875
1 0.03125 0.3701171875 0.05078125 0.08203125