0 0.7333984375 0.9013671875 0.203125 0.1640625
0 0.6982421875 0.6884765625 0.216796875 0.185546875
0 0.4580078125 0.9365234375 0.138671875 0.126953125
1 0.388671875 0.9267578125 0.01953125 0.015625
1 0.3857421875 0.87890625 0.03125 0.029296875
1 0.455078125 0.7744140625 0.01171875 0.013671875
1 0.4658203125 0.7177734375 0.013671875 0.013671875
0 0.4013671875 0.7099609375 0.12109375 0.10546875
1 0.50390625 0.7529296875 0.03125 0.03125
1 0.497957662109375 0.676435251953125 0.48753051953125 0.679399205078125 0.501548484375 0.69980032421875 0.518886830078125 0.711553322265625 0.52699121484375 0.73576126953125 0.5390125546875 0.75294780859375 0.53928833203125 0.753620263671875 0.556759546875 0.745152517578125 0.57288696875 0.719288126953125 0.572993091796875 0.694536025390625 0.565640623046875 0.6730601484375 0.5349536640625 0.675285955078125 0.497957662109375 0.676435251953125
1 0.501953125 0.6689453125 0.013671875 0.013671875
1 0.4794921875 0.6181640625 0.017578125 0.013671875
1 0.4658203125 0.6474609375 0.111328125 0.0546875
1 0.5439453125 0.5400390625 0.09765625 0.109375
1 0.47222736328125 0.511671734375 0.450103732421875 0.494302974609375 0.4098506875 0.490661658203125 0.396451892578125 0.504755056640625 0.3890540078125 0.527328962890625 0.36132413671875 0.5429433828125 0.339484529296875 0.55740531640625 0.338114099609375 0.5705722109375 0.337740658203125 0.57146678515625 0.376484599609375 0.575487595703125 0.42661791796875 0.5819761484375 0.47703621875 0.59019405859375 0.479837623046875 0.58230979296875 0.476682361328125 0.53207051171875 0.47222736328125 0.511671734375
0 0.384804955078125 0.536790404296875 0.391901115234375 0.51479358203125 0.402506701171875 0.4783806328125 0.3853910078125 0.462455890625 0.344327779296875 0.444281126953125 0.30376803125 0.4478518515625 0.2784144140625 0.465608869140625 0.264318521484375 0.497650544921875 0.286989330078125 0.5408392421875 0.2987194296875 0.553441298828125 0.35165748046875 0.5504136953125 0.384804955078125 0.536790404296875
1 0.3984375 0.451171875 0.01171875 0.013671875
1 0.469473912109375 0.33958525390625 0.421611107421875 0.3376921640625 0.383556583984375 0.342734994140625 0.35340216796875 0.3743246484375 0.361156970703125 0.400809716796875 0.399315763671875 0.423661974609375 0.416466470703125 0.42024819140625 0.415843458984375 0.395496091796875 0.459563326171875 0.3666689765625 0.47138894921875 0.3508243515625 0.469473912109375 0.33958525390625
1 0.4677384609375 0.359116083984375 0.427777978515625 0.3847769765625 0.41396329296875 0.397913244140625 0.432845900390625 0.424128990234375 0.472702138671875 0.447941904296875 0.518958171875 0.472350861328125 0.54252042578125 0.468567626953125 0.553655427734375 0.431234123046875 0.559626056640625 0.39448133984375 0.533008224609375 0.378274818359375 0.510441125 0.363333341796875 0.504552259765625 0.333752345703125 0.49516766796875 0.311927962890625 0.47588602734375 0.326514349609375 0.4677384609375 0.359116083984375
1 0.5146484375 0.3544921875 0.013671875 0.01171875
1 0.6201171875 0.5390625 0.013671875 0.0078125
0 0.730167880859375 0.48168551171875 0.71270978125 0.460869978515625 0.676215953125 0.43928630078125 0.65547608203125 0.441716138671875 0.648688884765625 0.454004765625 0.638202458984375 0.47754944140625 0.63516155078125 0.512316884765625 0.6379368203125 0.523054623046875 0.683805115234375 0.525222947265625 0.72007429296875 0.514378123046875 0.730167880859375 0.48168551171875
1 0.682984849609375 0.375968509765625 0.6554018359375 0.359112357421875 0.6437008984375 0.3471413203125 0.631958435546875 0.34463493359375 0.615359560546875 0.350502505859375 0.61299478515625 0.32862292578125 0.597634984375 0.33320033203125 0.574164779296875 0.366360623046875 0.554872630859375 0.412607056640625 0.552948642578125 0.4380153984375 0.57732084765625 0.463279037109375 0.61408610546875 0.477187916015625 0.641774845703125 0.465670013671875 0.65704137890625 0.44578878515625 0.6942378515625 0.4439772109375 0.737457279296875 0.441938052734375 0.74055456640625 0.438825314453125 0.712885134765625 0.39958168359375 0.682984849609375 0.375968509765625
0 0.702097818359375 0.341239265625 0.7230596796875 0.313861466796875 0.72669155859375 0.27501154296875 0.6724922578125 0.250988451171875 0.6044187578125 0.258678609375 0.57622429296875 0.285107666015625 0.58086421875 0.3151289921875 0.57254106640625 0.348175435546875 0.597867931640625 0.332210857421875 0.629076189453125 0.344715345703125 0.668876537109375 0.3653199375 0.702097818359375 0.341239265625
1 0.494140625 0.22265625 0.01953125 0.015625
1 0.4326171875 0.1728515625 0.009765625 0.0078125
1 0.4453125 0.2275390625 0.01171875 0.01171875
0 0.638671875 0.0673828125 0.171875 0.134765625
0 0.32421875 0.0791015625 0.099609375 0.125
0 0.3359375 0.2939453125 0.16796875 0.13671875