0 0.072265625 0.3935546875 0.11328125 0.123046875
1 0.0146484375 0.490234375 0.029296875 0.029296875
1 0.087890625 0.482421875 0.029296875 0.021484375
0 0.0654296875 0.6689453125 0.130859375 0.201171875
1 0.25 0.6064453125 0.015625 0.017578125
1 0.3359375 0.66796875 0.015625 0.013671875
1 0.35546875 0.697265625 0.009765625 0.013671875
0 0.217855533203125 0.60719913671875 0.186989068359375 0.609402576171875 0.166864419921875 0.645011470703125 0.158512857421875 0.714894232421875 0.18004693359375 0.77278983984375 0.239610861328125 0.796855908203125 0.326290576171875 0.769631154296875 0.350635724609375 0.719305181640625 0.316004404296875 0.677966009765625 0.318839935546875 0.62241730078125 0.319307572265625 0.62236929296875 0.269101318359375 0.62721287109375 0.217855533203125 0.60719913671875
1 0.2158203125 0.5390625 0.021484375 0.013671875
1 0.268865294921875 0.510098908203125 0.264358501953125 0.4930535859375 0.25053755078125 0.482263744140625 0.225808177734375 0.478689466796875 0.226654537109375 0.479429572265625 0.20611557421875 0.495535130859375 0.18196740625 0.519415158203125 0.185010677734375 0.529401580078125 0.19518825390625 0.530807736328125 0.22531121484375 0.53450521875 0.229833177734375 0.5414260234375 0.24806125 0.554367513671875 0.266084521484375 0.565115912109375 0.2700354609375 0.540430455078125 0.268865294921875 0.510098908203125
0 0.268339234375 0.503140302734375 0.27374917578125 0.504945755859375 0.28254277734375 0.50312962890625 0.300056560546875 0.491287890625 0.319800814453125 0.461485228515625 0.32000977734375 0.442106197265625 0.311281595703125 0.390074771484375 0.2881298515625 0.345598201171875 0.2695761875 0.358588279296875 0.258568166015625 0.354690927734375 0.22326649609375 0.35324101953125 0.19773781640625 0.39836160546875 0.1925651640625 0.4216038046875 0.201216904296875 0.454008578125 0.22073098046875 0.47686426953125 0.250491296875 0.487319220703125 0.268339234375 0.503140302734375
1 0.373046875 0.3994140625 0.015625 0.015625
1 0.3515625 0.4033203125 0.009765625 0.01171875
1 0.3876953125 0.537109375 0.021484375 0.025390625
1 0.2968579765625 0.51500074609375 0.3023198125 0.560350642578125 0.309899392578125 0.614363830078125 0.323668791015625 0.622380845703125 0.339758654296875 0.61001528125 0.356056615234375 0.57772537890625 0.370805447265625 0.53183748828125 0.380133791015625 0.48864353125 0.377110966796875 0.463899119140625 0.3777849921875 0.4630709609375 0.311007001953125 0.48838776171875 0.2968579765625 0.51500074609375
1 0.404642705078125 0.5337417265625 0.427660720703125 0.569274443359375 0.4591066484375 0.59944601953125 0.49221473828125 0.6118153671875 0.500403931640625 0.59740778125 0.504375349609375 0.5628344453125 0.494522359375 0.52000572265625 0.479248759765625 0.486014958984375 0.443295392578125 0.478872365234375 0.443233185546875 0.478347837890625 0.406144154296875 0.51095520703125 0.404642705078125 0.5337417265625
1 0.43359375 0.4296875 0.01171875 0.013671875
1 0.4541015625 0.4375 0.009765625 0.013671875
1 0.5263671875 0.53125 0.03515625 0.056640625
1 0.5751953125 0.5380859375 0.009765625 0.01171875
1 0.568359375 0.5556640625 0.013671875 0.013671875
1 0.603515625 0.548828125 0.0078125 0.005859375
1 0.6123046875 0.537109375 0.01171875 0.015625
1 0.5859375 0.4375 0.046875 0.044921875
0 0.473269294921875 0.3398803046875 0.455363349609375 0.341162283203125 0.443911556640625 0.365181671875 0.44635769921875 0.410585498046875 0.449638056640625 0.431141951171875 0.4590963671875 0.444543234375 0.46477670703125 0.452855625 0.49959312890625 0.46675036328125 0.52784751953125 0.48522212109375 0.55380953515625 0.4817134296875 0.56634326953125 0.447127853515625 0.56637780859375 0.423649525390625 0.571735296875 0.395217955078125 0.56945406640625 0.37872204296875 0.545295095703125 0.356611337890625 0.52500208203125 0.33517850390625 0.494815119140625 0.332873345703125 0.473269294921875 0.3398803046875
1 0.634765625 0.40234375 0.01171875 0.015625
1 0.6689453125 0.4248046875 0.01171875 0.013671875
1 0.6923828125 0.4111328125 0.013671875 0.01953125
1 0.65158134765625 0.560324208984375 0.663022677734375 0.577126728515625 0.687999384765625 0.60393221875 0.7016046015625 0.599654234375 0.71559098828125 0.562697 0.70834651171875 0.54080178125 0.68112098828125 0.509734078125 0.672659625 0.490532408203125 0.662176099609375 0.457365181640625 0.64375669140625 0.429356716796875 0.639481326171875 0.430945794921875 0.63498475 0.461436541015625 0.62260003515625 0.51535815625 0.61268178125 0.546063703125 0.5929032421875 0.564152546875 0.59629174609375 0.57668922265625 0.624462650390625 0.571202017578125 0.65158134765625 0.560324208984375
1 0.75856927734375 0.46743870703125 0.74369319140625 0.487900369140625 0.715758783203125 0.483065708984375 0.70661864453125 0.51234596484375 0.7132371328125 0.54208845703125 0.735179685546875 0.553360962890625 0.73289791015625 0.58564209375 0.74290845703125 0.610745125 0.754305109375 0.613903275390625 0.770148953125 0.584798005859375 0.780622193359375 0.555092615234375 0.79842181640625 0.528406853515625 0.81408284375 0.509485388671875 0.79766778125 0.487842953125 0.75856927734375 0.46743870703125
1 0.73046875 0.5546875 0.01171875 0.009765625
1 0.7890625 0.55859375 0.01953125 0.029296875
0 0.739152287109375 0.486781529296875 0.7650260625 0.476290919921875 0.7885098125 0.466281427734375 0.8170724453125 0.4318285390625 0.81643302734375 0.398734849609375 0.80183200390625 0.358775541015625 0.783499873046875 0.362597724609375 0.75323415625 0.353660830078125 0.736954939453125 0.345047080078125 0.70129932421875 0.38902144140625 0.720062978515625 0.4423828828125 0.739152287109375 0.486781529296875
1 0.818359375 0.423828125 0.005859375 0.01953125
1 0.837890625 0.4072265625 0.013671875 0.015625
1 0.849609375 0.439453125 0.0390625 0.0546875
1 0.8642578125 0.3984375 0.021484375 0.021484375
1 0.8740234375 0.375 0.009765625 0.01171875
1 0.9150390625 0.375 0.015625 0.015625
0 0.9521484375 0.4443359375 0.095703125 0.123046875
1 0.9921875 0.55859375 0.009765625 0.015625
0 0.9482421875 0.583984375 0.076171875 0.064453125
1 0.90625 0.5556640625 0.009765625 0.005859375
1 0.8828125 0.560546875 0.009765625 0.00390625
1 0.8525390625 0.5498046875 0.01953125 0.021484375
1 0.8193359375 0.5673828125 0.005859375 0.0078125
1 0.81640625 0.66015625 0.013671875 0.015625
1 0.748046875 0.6572265625 0.009765625 0.013671875
0 0.774326037109375 0.66644606640625 0.75383313671875 0.65086678515625 0.75125734375 0.6629635625 0.744518427734375 0.65962545703125 0.733767974609375 0.652782705078125 0.708583158203125 0.649036904296875 0.707768013671875 0.64929434765625 0.695979173828125 0.699288330078125 0.69904387109375 0.7435870078125 0.72238519140625 0.776364814453125 0.77250030078125 0.781092189453125 0.78967989453125 0.7686898828125 0.808608859375 0.73059875 0.8121455078125 0.670310982421875 0.80054630859375 0.658521439453125 0.774326037109375 0.66644606640625
0 0.552292859375 0.6394316328125 0.533861373046875 0.6214331875 0.514113107421875 0.619404494140625 0.493618201171875 0.62909251171875 0.474731072265625 0.623001890625 0.44757309375 0.608421560546875 0.428735619140625 0.664490763671875 0.427714443359375 0.69293020703125 0.4405155234375 0.75090648828125 0.4712127578125 0.79834640234375 0.50199865625 0.804383259765625 0.544498126953125 0.78001853515625 0.57660209375 0.7200178125 0.579090921875 0.688699353515625 0.571985677734375 0.668465341796875 0.552292859375 0.6394316328125
1 0.5029296875 0.611328125 0.015625 0.02734375
0 0.953125 0.7333984375 0.083984375 0.166015625
1 0.9052734375 0.728515625 0.01171875 0.013671875
1 0.396484375 0.494140625 0.005859375 0.009765625
1 0.5126953125 0.0341796875 0.0625 0.046875
1 0.7607421875 0.07421875 0.021484375 0.029296875
1 0.8818359375 0.06640625 0.009765625 0.01171875
1 0.9091796875 0.275390625 0.046875 0.05859375