0 0.068359375 0.2548828125 0.13671875 0.224609375
0 0.3037109375 0.232421875 0.15625 0.1845703125
0 0.5263671875 0.2412109375 0.1533203125 0.2265625
0 0.78125 0.2578125 0.1376953125 0.181640625
0 0.9609375 0.2392578125 0.078125 0.146484375
0 0.9638671875 0.5693359375 0.072265625 0.1435546875
1 0.462890625 0.552734375 0.0126953125 0.021484375
0 0.544921875 0.6162109375 0.158203125 0.263671875
1 0.6005859375 0.4287109375 0.009765625 0.021484375
0 0.306640625 0.5849609375 0.162109375 0.169921875
1 0.306640625 0.4375 0.0126953125 0.015625
1 0.2431640625 0.435546875 0.009765625 0.015625
1 0.1845703125 0.6083984375 0.064453125 0.1279296875
0 0.0703125 0.6025390625 0.140625 0.173828125
0 0.71741476171875 0.555850935546875 0.71473675 0.61375345703125 0.740329318359375 0.66365459375 0.80023720703125 0.67238739453125 0.84801341796875 0.65420042578125 0.858870140625 0.62083855859375 0.848568009765625 0.59479287109375 0.836299189453125 0.568958171875 0.829452703125 0.536434220703125 0.8110502265625 0.5091386953125 0.749862859375 0.520829314453125 0.71741476171875 0.555850935546875
1 0.849728431640625 0.526517892578125 0.832323615234375 0.538037712890625 0.84157533984375 0.592146509765625 0.863918728515625 0.6330817578125 0.895961431640625 0.631847994140625 0.917980806640625 0.55170355859375 0.892453041015625 0.530832046875 0.849728431640625 0.526517892578125