1 0.1357421875 0.71484375 0.0078125 0.01171875
1 0.0927734375 0.5771484375 0.01953125 0.01953125
1 0.0361328125 0.603515625 0.01171875 0.015625
0 0.182762638671875 0.60223383203125 0.1456600859375 0.62746828125 0.1326798671875 0.65954244921875 0.134816662109375 0.692449583984375 0.143206396484375 0.731495232421875 0.151276146484375 0.763861236328125 0.16801598046875 0.772286896484375 0.221825521484375 0.7588691171875 0.235914150390625 0.73748712890625 0.2500859765625 0.684547138671875 0.256335580078125 0.656084806640625 0.251260578125 0.611981849609375 0.21947812890625 0.5873841328125 0.182762638671875 0.60223383203125
1 0.0888671875 0.5341796875 0.015625 0.015625
1 0.0517578125 0.498046875 0.103515625 0.1640625
1 0.0341796875 0.3896484375 0.068359375 0.146484375
0 0.1005859375 0.390625 0.123046875 0.158203125
1 0.1806640625 0.36328125 0.1171875 0.17578125
1 0.1611328125 0.5693359375 0.0859375 0.0625
1 0.2275390625 0.47265625 0.142578125 0.138671875
1 0.2236328125 0.3037109375 0.0234375 0.0234375
1 0.234375 0.345703125 0.015625 0.01953125
1 0.255859375 0.384765625 0.013671875 0.01953125
1 0.2958984375 0.375 0.013671875 0.017578125
1 0.3349609375 0.470703125 0.01171875 0.021484375
1 0.35546875 0.6884765625 0.013671875 0.015625
1 0.3720703125 0.6845703125 0.013671875 0.017578125
0 0.4248046875 0.626953125 0.154296875 0.171875
1 0.5361328125 0.5908203125 0.01171875 0.015625
1 0.47619628125 0.462694951171875 0.457780234375 0.465868328125 0.4472943828125 0.4711037734375 0.440534021484375 0.502788267578125 0.44346723828125 0.525751654296875 0.45843469140625 0.563844759765625 0.47936591015625 0.594067236328125 0.497084142578125 0.61149048046875 0.51131861328125 0.612633302734375 0.538708306640625 0.5670313828125 0.547049109375 0.54426016796875 0.543582033203125 0.505584501953125 0.536053390625 0.482776546875 0.503036451171875 0.464231296875 0.47619628125 0.462694951171875
1 0.4892578125 0.4697265625 0.01171875 0.01171875
0 0.3388671875 0.3125 0.14453125 0.173828125
1 0.4453125 0.2607421875 0.01953125 0.021484375
1 0.50390625 0.2861328125 0.01171875 0.0078125
1 0.533203125 0.3291015625 0.009765625 0.013671875
1 0.5927734375 0.2490234375 0.015625 0.017578125
1 0.6494140625 0.291015625 0.017578125 0.025390625
1 0.6455078125 0.26953125 0.013671875 0.017578125
1 0.669921875 0.2900390625 0.01953125 0.021484375
1 0.681640625 0.2763671875 0.015625 0.01953125
1 0.6962890625 0.267578125 0.017578125 0.021484375
0 0.61723587890625 0.27328031640625 0.59343257421875 0.258207173828125 0.566254734375 0.230440794921875 0.54047570703125 0.222968365234375 0.51628794921875 0.23857077734375 0.504731744140625 0.256904673828125 0.519304341796875 0.308571224609375 0.53301967578125 0.3315605859375 0.54757926171875 0.361154126953125 0.560302513671875 0.373576611328125 0.560544291015625 0.373438384765625 0.589165083984375 0.360817361328125 0.609945234375 0.348415083984375 0.628374427734375 0.331282017578125 0.635969439453125 0.309436447265625 0.61723587890625 0.27328031640625
1 0.7353515625 0.2666015625 0.01171875 0.015625
1 0.7158203125 0.2197265625 0.013671875 0.01953125
0 0.7783203125 0.224609375 0.1328125 0.158203125
1 0.8359375 0.2294921875 0.01953125 0.021484375
1 0.8466796875 0.2060546875 0.033203125 0.04296875
1 0.88671875 0.2041015625 0.017578125 0.021484375
1 0.8818359375 0.1748046875 0.015625 0.015625
1 0.9111328125 0.1982421875 0.021484375 0.029296875
1 0.8720703125 0.3330078125 0.01171875 0.013671875
0 0.8232421875 0.529296875 0.185546875 0.193359375
0 0.623046875 0.580078125 0.15234375 0.19140625