0 0.1005859375 0.3828125 0.123046875 0.15625
1 0.04296875 0.5205078125 0.0859375 0.123046875
1 0.0576171875 0.5537109375 0.015625 0.02734375
0 0.0732421875 0.642578125 0.146484375 0.15625
1 0.0126953125 0.75390625 0.025390625 0.046875
1 0.134765625 0.74609375 0.01953125 0.0234375
1 0.1474609375 0.69140625 0.013671875 0.01953125
1 0.1533203125 0.6728515625 0.013671875 0.013671875
1 0.1845703125 0.626953125 0.064453125 0.099609375
0 0.251953125 0.6796875 0.11328125 0.126953125
1 0.318359375 0.673828125 0.021484375 0.02734375
1 0.318359375 0.64453125 0.01171875 0.015625
1 0.3515625 0.6748046875 0.015625 0.01953125
1 0.224609375 0.572265625 0.0078125 0.0078125
1 0.2685546875 0.5908203125 0.009765625 0.01171875
1 0.2998046875 0.537109375 0.076171875 0.091796875
1 0.275390625 0.505859375 0.0234375 0.025390625
1 0.3505859375 0.5390625 0.013671875 0.013671875
1 0.33984375 0.576171875 0.029296875 0.0234375
1 0.19140625 0.3896484375 0.02734375 0.0390625
0 0.3125 0.4091796875 0.119140625 0.138671875
1 0.4033203125 0.5869140625 0.029296875 0.037109375
1 0.44140625 0.533203125 0.08984375 0.0859375
0 0.4853515625 0.439453125 0.1015625 0.134765625
1 0.533203125 0.505859375 0.015625 0.017578125
1 0.5458984375 0.478515625 0.021484375 0.04296875
1 0.552734375 0.5810546875 0.10546875 0.138671875
1 0.5126953125 0.5888671875 0.046875 0.046875
1 0.39453125 0.6826171875 0.01171875 0.017578125
1 0.3564453125 0.7421875 0.01171875 0.013671875
0 0.458984375 0.693359375 0.1328125 0.15234375
1 0.52734375 0.7080078125 0.03125 0.044921875
1 0.544921875 0.755859375 0.0234375 0.03125
1 0.564453125 0.7587890625 0.009765625 0.01171875
1 0.5908203125 0.703125 0.009765625 0.017578125
0 0.6484375 0.7177734375 0.1328125 0.18359375
1 0.78125 0.6484375 0.03515625 0.0546875
1 0.7724609375 0.61328125 0.021484375 0.015625
0 0.6708984375 0.4541015625 0.140625 0.177734375
0 0.857421875 0.4755859375 0.083984375 0.134765625
1 0.935546875 0.587890625 0.044921875 0.06640625
1 0.8359375 0.625 0.060546875 0.068359375
1 0.9619140625 0.638671875 0.013671875 0.01953125
1 0.90625 0.6572265625 0.017578125 0.01953125
0 0.857421875 0.7275390625 0.166015625 0.1484375
1 0.802734375 0.8359375 0.02734375 0.029296875
1 0.82421875 0.814453125 0.01171875 0.013671875
1 0.9306640625 0.779296875 0.0078125 0.009765625
1 0.9619140625 0.74609375 0.015625 0.021484375
1 0.9755859375 0.6376953125 0.01171875 0.013671875
1 0.9853515625 0.54296875 0.021484375 0.025390625