0 0.9384765625 0.673828125 0.1220703125 0.115234375
1 0.916015625 0.5751953125 0.0390625 0.037109375
0 0.7333984375 0.6875 0.126953125 0.1376953125
0 0.5048828125 0.6748046875 0.1123046875 0.146484375
0 0.294921875 0.6591796875 0.1328125 0.15625
0 0.0751953125 0.658203125 0.150390625 0.1435546875
0 0.080078125 0.33203125 0.134765625 0.123046875
0 0.2783203125 0.353515625 0.1171875 0.130859375
1 0.27734375 0.515625 0.056640625 0.0546875
1 0.3564453125 0.541015625 0.0654296875 0.0654296875
1 0.4609375 0.50390625 0.052734375 0.0888671875
1 0.5546875 0.541015625 0.015625 0.017578125
0 0.501953125 0.353515625 0.134765625 0.1669921875
1 0.767578125 0.50390625 0.0673828125 0.083984375
0 0.7109375 0.361328125 0.119140625 0.162109375
0 0.9365234375 0.4111328125 0.126953125 0.1533203125
1 0.4296875 0.5595703125 0.009765625 0.0126953125
1 0.5341796875 0.5673828125 0.009765625 0.0126953125
1 0.119768416015625 0.52651186328125 0.086601458984375 0.535753900390625 0.086932146484375 0.5583198984375 0.10623733984375 0.5764870625 0.116258732421875 0.592375578125 0.1291206796875 0.59243413671875 0.15202210546875 0.57724833203125 0.167547638671875 0.55439987109375 0.16260669921875 0.510563064453125 0.12943716015625 0.47560660546875 0.1220741875 0.4883001953125 0.119768416015625 0.52651186328125
1 0.1123046875 0.5166015625 0.0126953125 0.0185546875