0 0.54296875 0.1708984375 0.19921875 0.15234375
1 0.431640625 0.26953125 0.11328125 0.07421875
1 0.2421875 0.103515625 0.017578125 0.015625
1 0.2470703125 0.1376953125 0.01171875 0.01171875
1 0.1396484375 0.21875 0.03515625 0.029296875
0 0.2744140625 0.203125 0.17578125 0.140625
1 0.2177734375 0.30078125 0.017578125 0.01171875
1 0.2578125 0.3310546875 0.01953125 0.015625
1 0.2666015625 0.3427734375 0.017578125 0.013671875
1 0.275390625 0.3564453125 0.015625 0.01171875
1 0.2919921875 0.3203125 0.013671875 0.01171875
1 0.2822265625 0.3671875 0.015625 0.01171875
1 0.32421875 0.400390625 0.03125 0.025390625
0 0.256075021484375 0.413718357421875 0.260891333984375 0.435928396484375 0.276984751953125 0.45527337890625 0.3018931015625 0.460695921875 0.329052412109375 0.455323755859375 0.349235779296875 0.44034707421875 0.353864400390625 0.4221779375 0.350695763671875 0.4139312265625 0.338450181640625 0.405700595703125 0.320581197265625 0.40230815625 0.29706339453125 0.38665141796875 0.272370130859375 0.400264810546875 0.256075021484375 0.413718357421875
1 0.44921875 0.5673828125 0.01171875 0.009765625
1 0.3291015625 0.5654296875 0.0234375 0.0234375
1 0.30859375 0.59375 0.017578125 0.01171875
1 0.3056640625 0.60546875 0.013671875 0.01171875
0 0.5771484375 0.4013671875 0.193359375 0.134765625
1 0.55859375 0.328125 0.013671875 0.009765625
1 0.6083984375 0.46875 0.02734375 0.01953125
1 0.5703125 0.51171875 0.01171875 0.01171875
1 0.470703125 0.552734375 0.15234375 0.10546875
0 0.6025390625 0.61328125 0.11328125 0.060546875
1 0.4921875 0.6484375 0.126953125 0.1171875
0 0.326501310546875 0.71631568359375 0.35787775390625 0.715775919921875 0.398289619140625 0.70528327734375 0.423167974609375 0.692642236328125 0.428658615234375 0.665609919921875 0.441171072265625 0.61924915625 0.436833646484375 0.615868501953125 0.4099857421875 0.591514044921875 0.3684234921875 0.579597 0.342543787109375 0.586663833984375 0.320441048828125 0.602853279296875 0.2883546953125 0.62312583203125 0.273994412109375 0.638527775390625 0.273875791015625 0.668391337890625 0.29952840625 0.694918322265625 0.326501310546875 0.71631568359375
1 0.4697265625 0.80078125 0.087890625 0.06640625
0 0.3525390625 0.861328125 0.17578125 0.146484375
1 0.3544921875 0.93359375 0.0234375 0.01953125
1 0.4970703125 0.75 0.013671875 0.01171875
1 0.50390625 0.72265625 0.017578125 0.01171875
1 0.525390625 0.7861328125 0.013671875 0.0078125
1 0.51171875 0.8505859375 0.01171875 0.01171875
1 0.5029296875 0.83203125 0.01171875 0.013671875
1 0.51171875 0.8701171875 0.015625 0.009765625
1 0.5146484375 0.8837890625 0.013671875 0.0078125
1 0.521484375 0.9599609375 0.01953125 0.015625
1 0.5400390625 0.9609375 0.01953125 0.01171875
1 0.5322265625 0.9775390625 0.01171875 0.01171875
1 0.5283203125 0.9482421875 0.013671875 0.0078125
1 0.6123046875 0.919921875 0.0234375 0.015625
0 0.640625 0.9619140625 0.046875 0.052734375
0 0.65625 0.7958984375 0.0859375 0.08203125
0 0.3544921875 0.9736328125 0.154296875 0.052734375
1 0.4072265625 0.9443359375 0.013671875 0.01171875
1 0.4951171875 0.9658203125 0.01171875 0.01171875
1 0.376953125 0.048828125 0.0234375 0.015625