0 0.013671875 0.3203125 0.02734375 0.16015625
1 0 0.49834825390625 0.034763240234375 0.48211684765625 0.05475877734375 0.463265896484375 0.049880615234375 0.413608435546875 0.039378859375 0.367815498046875 0.02739528125 0.363099052734375 0.02998654296875 0.364293806640625 0.01672329296875 0.400196130859375 0 0.41300394140625 0 0.49834825390625
1 0.050231447265625 0.439630765625 0.04798666796875 0.46949578515625 0.02971494921875 0.481376857421875 0.02029398046875 0.50618514453125 0.04306917578125 0.537137875 0.086298470703125 0.542828744140625 0.095108734375 0.529193158203125 0.088178638671875 0.48430389453125 0.098005501953125 0.46030256640625 0.087514001953125 0.44974696484375 0.054583916015625 0.4326611015625 0.050231447265625 0.439630765625
1 0.1142578125 0.462890625 0.056640625 0.078125
0 0.05859375 0.619140625 0.11328125 0.1796875
0 0.232421875 0.595703125 0.12109375 0.171875
1 0.298828125 0.587890625 0.017578125 0.021484375
1 0.220703125 0.46875 0.033203125 0.037109375
1 0.1533203125 0.34765625 0.03515625 0.04296875
1 0.0830078125 0.3544921875 0.01171875 0.013671875
1 0.0966796875 0.3408203125 0.01171875 0.009765625
0 0.1751608125 0.338070287109375 0.187924095703125 0.33567953125 0.199633662109375 0.321924998046875 0.207158201171875 0.2757213515625 0.204061423828125 0.234558298828125 0.1975374453125 0.195744640625 0.17327471875 0.171541265625 0.135182041015625 0.1480299765625 0.109439166015625 0.16570846484375 0.08628908203125 0.1913469765625 0.04827356640625 0.218039939453125 0.054695705078125 0.26999641015625 0.077746490234375 0.294799134765625 0.12473369140625 0.30860269921875 0.155755220703125 0.32541561328125 0.1751608125 0.338070287109375
1 0.232421875 0.2607421875 0.0078125 0.013671875
1 0.337890625 0.3701171875 0.109375 0.18359375
1 0.3134765625 0.2978515625 0.01171875 0.009765625
1 0.2490234375 0.443359375 0.0078125 0.0078125
1 0.259765625 0.4091796875 0.009765625 0.013671875
0 0.439453125 0.5712890625 0.1640625 0.21875
1 0.498046875 0.3369140625 0.017578125 0.021484375
0 0.42248559765625 0.172800548828125 0.37846694140625 0.146996142578125 0.325563583984375 0.18576509375 0.295214859375 0.22208627734375 0.3032418359375 0.25320059375 0.3454545625 0.29773216796875 0.374577697265625 0.338360267578125 0.398035408203125 0.3469537734375 0.421974662109375 0.328602734375 0.443595302734375 0.291111234375 0.460548232421875 0.240795958984375 0.446942087890625 0.205185232421875 0.42248559765625 0.172800548828125
1 0.314453125 0.1728515625 0.01171875 0.01171875
1 0.58984375 0.35546875 0.021484375 0.025390625
1 0.5712890625 0.3076171875 0.009765625 0.01953125
1 0.546169779296875 0.18810807421875 0.522439849609375 0.18361943359375 0.488068142578125 0.145148568359375 0.459773921875 0.113576181640625 0.460230251953125 0.11491834765625 0.442703849609375 0.16787716015625 0.45264013671875 0.23061241015625 0.47545926171875 0.2725792265625 0.50713537890625 0.308445212890625 0.53592185546875 0.32628348828125 0.560977376953125 0.306324423828125 0.577378689453125 0.266153236328125 0.578127421875 0.22275305859375 0.557671818359375 0.219032087890625 0.546169779296875 0.18810807421875
1 0.51171875 0.1162109375 0.015625 0.0234375
0 0.515122896484375 0.181575615234375 0.542387630859375 0.191120962890625 0.55965628125 0.21448819140625 0.573598611328125 0.2473083359375 0.588501115234375 0.267022142578125 0.615494421875 0.268430525390625 0.6610067890625 0.2480313046875 0.68563278125 0.19328734765625 0.677692904296875 0.12580184375 0.6570186640625 0.0715541953125 0.629153767578125 0.049245763671875 0.5974385078125 0.04239498828125 0.577480712890625 0.05045847265625 0.546294892578125 0.084940869140625 0.51043580859375 0.095603740234375 0.5178853359375 0.120796234375 0.5113728359375 0.1586428515625 0.515122896484375 0.181575615234375
0 0.642578125 0.4921875 0.1640625 0.1953125
1 0.69757494921875 0.3200444140625 0.69205128125 0.3377476171875 0.678615265625 0.329352048828125 0.66154334765625 0.3088237421875 0.661539845703125 0.353518802734375 0.683807017578125 0.389919853515625 0.69759368359375 0.397017861328125 0.719154369140625 0.37928462890625 0.717456392578125 0.33481480859375 0.69757494921875 0.3200444140625
1 0.691567806640625 0.27786837109375 0.67696401171875 0.31441787890625 0.674330365234375 0.3420877890625 0.684106931640625 0.348469052734375 0.6994934921875 0.33286570703125 0.71335030859375 0.3430149375 0.726838021484375 0.352864060546875 0.73968781640625 0.354812783203125 0.7508526875 0.34170144921875 0.755931990234375 0.318548189453125 0.751622943359375 0.302020880859375 0.724171109375 0.287782732421875 0.691567806640625 0.27786837109375
1 0.740234375 0.2783203125 0.015625 0.017578125
1 0.73828125 0.369140625 0.0234375 0.029296875
1 0.8046875 0.2900390625 0.015625 0.017578125