0 0.0703125 0.26171875 0.099609375 0.1640625
1 0.123046875 0.306640625 0.013671875 0.017578125
1 0.1640625 0.3212890625 0.01171875 0.01171875
1 0.0546875 0.423828125 0.009765625 0.01171875
1 0.0830078125 0.4189453125 0.013671875 0.01953125
1 0.1005859375 0.4111328125 0.009765625 0.013671875
1 0.115234375 0.4150390625 0.01171875 0.01171875
0 0.275390625 0.3037109375 0.162109375 0.1953125
1 0.3251953125 0.33984375 0.0234375 0.01953125
0 0.4765625 0.322265625 0.166015625 0.15234375
0 0.6923828125 0.373046875 0.1875 0.197265625
0 0.9130859375 0.3955078125 0.173828125 0.197265625
1 0.9140625 0.5283203125 0.060546875 0.072265625
1 0.9072265625 0.60546875 0.021484375 0.0234375
1 0.974609375 0.6044921875 0.05078125 0.158203125
1 0.771484375 0.544921875 0.009765625 0.015625
1 0.78515625 0.546875 0.01171875 0.01171875
1 0.8271484375 0.5576171875 0.0078125 0.009765625
1 0.81640625 0.5849609375 0.01171875 0.015625
0 0.892578125 0.7216796875 0.134765625 0.162109375
1 0.8125 0.7412109375 0.01171875 0.01171875
1 0.7431640625 0.7392578125 0.01171875 0.013671875
0 0.671875 0.6728515625 0.125 0.169921875
1 0.6142578125 0.5478515625 0.013671875 0.009765625
1 0.6123046875 0.5224609375 0.009765625 0.013671875
1 0.6728515625 0.4921875 0.01171875 0.01953125
1 0.693359375 0.513671875 0.0078125 0.01171875
1 0.5380859375 0.4736328125 0.154296875 0.18359375
1 0.4560546875 0.46484375 0.0078125 0.013671875
1 0.4501953125 0.5205078125 0.01171875 0.009765625
1 0.47265625 0.5341796875 0.009765625 0.009765625
0 0.447265625 0.6474609375 0.173828125 0.205078125
1 0.4072265625 0.7470703125 0.015625 0.017578125
0 0.21484375 0.603515625 0.126953125 0.177734375
1 0.2802734375 0.5771484375 0.02734375 0.029296875
1 0.208984375 0.697265625 0.01171875 0.013671875
1 0.2431640625 0.4716796875 0.119140625 0.140625
1 0.1611328125 0.4794921875 0.01171875 0.01171875
1 0.0966796875 0.6318359375 0.013671875 0.013671875
1 0.1025390625 0.599609375 0.021484375 0.021484375
1 0.056640625 0.61328125 0.015625 0.01953125
1 0.05859375 0.58984375 0.015625 0.015625
0 0.0341796875 0.537109375 0.068359375 0.1015625
1 0.37890625 0.478515625 0.009765625 0.013671875