1 0.248046875 0.3076171875 0.013671875 0.013671875
1 0.2783203125 0.369140625 0.013671875 0.021484375
1 0.23046875 0.4345703125 0.0234375 0.03125
0 0.231715140625 0.416109259765625 0.24516689453125 0.3867928515625 0.261246609375 0.360651517578125 0.263330466796875 0.34137940625 0.250698361328125 0.33426505078125 0.229387322265625 0.3231771953125 0.20399340625 0.316945193359375 0.171209595703125 0.317536306640625 0.171213283203125 0.317719546875 0.16535541796875 0.324756974609375 0.15482357421875 0.358354150390625 0.166012439453125 0.393188154296875 0.1818682890625 0.409423470703125 0.203455423828125 0.4327185703125 0.219649408203125 0.440759291015625 0.22414737109375 0.432140755859375 0.231715140625 0.416109259765625
1 0.15234375 0.43359375 0.03125 0.03515625
1 0.0595703125 0.4765625 0.013671875 0.015625
1 0.0244140625 0.5048828125 0.015625 0.01953125
1 0.048828125 0.5126953125 0.013671875 0.009765625
0 0.03125 0.6650390625 0.056640625 0.158203125
1 0.091796875 0.6806640625 0.052734375 0.06640625
1 0.111328125 0.53125 0.048828125 0.08203125
1 0.1650390625 0.529296875 0.009765625 0.013671875
0 0.2109375 0.67578125 0.15625 0.193359375
1 0.2333984375 0.51953125 0.015625 0.015625
1 0.2568359375 0.4638671875 0.0234375 0.060546875
1 0.25015096875 0.47917615234375 0.240572841796875 0.5134493671875 0.254187607421875 0.554325796875 0.270419275390625 0.55341878125 0.287371349609375 0.532826431640625 0.29907461328125 0.50787540234375 0.307171744140625 0.470185599609375 0.29949680078125 0.44379168359375 0.274627857421875 0.413676986328125 0.274325107421875 0.414256962890625 0.259855833984375 0.433375287109375 0.25015096875 0.47917615234375
1 0.3076171875 0.5361328125 0.052734375 0.06640625
1 0.330078125 0.521484375 0.025390625 0.025390625
1 0.34765625 0.4931640625 0.037109375 0.060546875
1 0.384765625 0.490234375 0.033203125 0.03515625
1 0.365234375 0.4677734375 0.0078125 0.009765625
1 0.3095703125 0.470703125 0.0078125 0.009765625
1 0.40625 0.455078125 0.021484375 0.0234375
0 0.50094984375 0.335914625 0.487609306640625 0.316956244140625 0.461553119140625 0.292603083984375 0.4375888671875 0.274115650390625 0.41537384765625 0.263043162109375 0.39106815625 0.242180763671875 0.390727953125 0.2417290546875 0.373108990234375 0.265110203125 0.3525318671875 0.320335908203125 0.3552717890625 0.349236134765625 0.36602238671875 0.397554880859375 0.399565595703125 0.43810144140625 0.42757919140625 0.43578239453125 0.465114736328125 0.419874576171875 0.485566052734375 0.393544046875 0.50094984375 0.335914625
1 0.5068359375 0.337890625 0.0078125 0.013671875
1 0.5498046875 0.3095703125 0.015625 0.015625
1 0.5634765625 0.470703125 0.080078125 0.078125
1 0.4833984375 0.4912109375 0.0546875 0.0703125
1 0.4560546875 0.4521484375 0.009765625 0.009765625
1 0.3950590859375 0.601232337890625 0.417456138671875 0.60737257421875 0.423999568359375 0.589361115234375 0.412685021484375 0.573817919921875 0.388219796875 0.556408955078125 0.364563498046875 0.560492244140625 0.352912341796875 0.576034638671875 0.35529553515625 0.6146023359375 0.366554619140625 0.628604416015625 0.37864418359375 0.615181982421875 0.3851748828125 0.601139921875 0.3950590859375 0.601232337890625
0 0.41535263671875 0.597989203125 0.389634869140625 0.5994751171875 0.37842038671875 0.61720552734375 0.35883264453125 0.66765330859375 0.363648248046875 0.689645021484375 0.40020287109375 0.7252361953125 0.415371416015625 0.740486880859375 0.440478986328125 0.731820263671875 0.48155660546875 0.703413615234375 0.509009458984375 0.67226065625 0.50884482421875 0.636454833984375 0.479913640625 0.59192146484375 0.457026203125 0.564884328125 0.43827498046875 0.55491651953125 0.428846248046875 0.562025564453125 0.41535263671875 0.597989203125
1 0.5986328125 0.5546875 0.0859375 0.056640625
1 0.6416015625 0.58984375 0.046875 0.046875
0 0.70270625 0.73405680078125 0.722581064453125 0.692138494140625 0.725282248046875 0.65902990625 0.722981490234375 0.5989312734375 0.688505923828125 0.592753556640625 0.653607345703125 0.611455189453125 0.63154968359375 0.599789150390625 0.60251048828125 0.59000355078125 0.584682453125 0.601348046875 0.575201982421875 0.6389330859375 0.581767755859375 0.688855185546875 0.6075801640625 0.726687578125 0.64474727734375 0.7574026484375 0.68393336328125 0.75775532421875 0.70270625 0.73405680078125
1 0.6298828125 0.47265625 0.013671875 0.013671875
1 0.69140625 0.5166015625 0.044921875 0.044921875
1 0.6943359375 0.47265625 0.03515625 0.02734375
0 0.559066484375 0.385328296875 0.592520716796875 0.41252309375 0.6332032265625 0.43079705078125 0.676896373046875 0.423902916015625 0.696649021484375 0.39478039453125 0.71106351953125 0.359296390625 0.703765470703125 0.341691640625 0.683524970703125 0.31950562109375 0.650620705078125 0.28816718359375 0.612405384765625 0.311899916015625 0.56802035546875 0.35045453125 0.559066484375 0.385328296875
1 0.690511716796875 0.403649732421875 0.690188859375 0.440609365234375 0.720970033203125 0.48412851171875 0.744518990234375 0.492553642578125 0.77166526171875 0.4677665078125 0.7865531484375 0.412789837890625 0.770562384765625 0.36375313671875 0.7473523515625 0.34424841796875 0.711140751953125 0.31167568359375 0.702619189453125 0.3261681875 0.7025521953125 0.37154871484375 0.690511716796875 0.403649732421875
1 0.7578125 0.3505859375 0.02734375 0.029296875
1 0.833984375 0.4267578125 0.0546875 0.0546875
0 0.88671875 0.3232421875 0.134765625 0.1875
1 0.923828125 0.50390625 0.060546875 0.05078125
1 0.9658203125 0.4638671875 0.013671875 0.013671875
0 0.912109375 0.66796875 0.16796875 0.177734375
1 0.7861328125 0.6845703125 0.06640625 0.107421875
1 0.9033203125 0.5693359375 0.009765625 0.021484375
1 0.404296875 0.2255859375 0.111328125 0.09375
1 0.1689453125 0.2607421875 0.009765625 0.01171875
1 0.11328125 0.251953125 0.01171875 0.009765625