0 0.4091796875 0.341796875 0.1748046875 0.220703125
1 0.5068359375 0.3974609375 0.0234375 0.0263671875
1 0.373046875 0.494140625 0.021484375 0.0263671875
1 0.341796875 0.564453125 0.0986328125 0.0673828125
1 0.44921875 0.521484375 0.0205078125 0.0234375
0 0.4169921875 0.677734375 0.158203125 0.205078125
0 0.658203125 0.6630859375 0.1376953125 0.1640625
1 0.701171875 0.525390625 0.0341796875 0.0361328125
1 0.7177734375 0.4990234375 0.0107421875 0.009765625
1 0.728515625 0.5029296875 0.0126953125 0.0126953125
1 0.7392578125 0.5205078125 0.005859375 0.0078125
1 0.7568359375 0.544921875 0.0107421875 0.013671875
1 0.7578125 0.580078125 0.0078125 0.0126953125
1 0.830078125 0.6171875 0.0126953125 0.0185546875
1 0.798828125 0.689453125 0.0107421875 0.0107421875
0 0.9079539609375 0.6187454453125 0.893786771484375 0.60565629296875 0.8848711171875 0.598492154296875 0.8748211640625 0.605334791015625 0.86076047265625 0.61982515625 0.834440505859375 0.6445714375 0.814566654296875 0.66997813671875 0.81727631640625 0.685260203125 0.827908990234375 0.70840701171875 0.85662816796875 0.72421553515625 0.88746121875 0.724684392578125 0.909062138671875 0.71952428515625 0.91753170703125 0.70607612109375 0.920776869140625 0.697751896484375 0.92374775 0.68363527734375 0.92284553515625 0.659151556640625 0.91856855078125 0.636040916015625 0.9079539609375 0.6187454453125
1 0.9267578125 0.7236328125 0.013671875 0.015625
1 0.9443359375 0.6298828125 0.048828125 0.078125
1 0.8994140625 0.556640625 0.017578125 0.0205078125
1 0.9716796875 0.513671875 0.015625 0.0126953125
1 0.9873046875 0.513671875 0.013671875 0.025390625
0 0.861328125 0.310546875 0.1533203125 0.2080078125
1 0.96875 0.376953125 0.015625 0.015625
1 0.9853515625 0.3818359375 0.029296875 0.072265625
0 0.634765625 0.349609375 0.119140625 0.134765625