1 0.9248046875 0.306640625 0.015625 0.015625
1 0.896484375 0.3544921875 0.015625 0.015625
1 0.8330078125 0.490234375 0.015625 0.0263671875
1 0.8251953125 0.4736328125 0.0126953125 0.0185546875
1 0.76171875 0.310546875 0.013671875 0.013671875
0 0.918583623046875 0.321672185546875 0.9090008515625 0.312394171875 0.87120024609375 0.29254677734375 0.822985990234375 0.282430181640625 0.79018675390625 0.282430181640625 0.780002169921875 0.316375439453125 0.767814228515625 0.372649015625 0.771502458984375 0.4105916171875 0.80118312890625 0.4687928671875 0.824002740234375 0.463194712890625 0.849795244140625 0.437534830078125 0.87605593359375 0.398844736328125 0.89579616015625 0.373805083984375 0.89258415234375 0.355440619140625 0.902350783203125 0.345419130859375 0.918583623046875 0.321672185546875
1 0.9736328125 0.525390625 0.052734375 0.046875
1 0.9521484375 0.623046875 0.013671875 0.013671875
1 0.8779296875 0.544921875 0.0126953125 0.0185546875
0 0.841796875 0.697265625 0.162109375 0.1923828125
1 0.681640625 0.693359375 0.021484375 0.021484375
1 0.6787109375 0.728515625 0.0126953125 0.017578125
1 0.7001953125 0.6806640625 0.0185546875 0.0205078125
1 0.7021484375 0.580078125 0.109375 0.1435546875
1 0.71484375 0.6572265625 0.009765625 0.0126953125
0 0.587890625 0.681640625 0.125 0.181640625
1 0.705078125 0.365234375 0.009765625 0.013671875
1 0.6904296875 0.373046875 0.009765625 0.0185546875
1 0.45703125 0.7509765625 0.0126953125 0.015625
1 0.482421875 0.6904296875 0.013671875 0.015625
1 0.4677734375 0.6826171875 0.0205078125 0.021484375
1 0.482421875 0.662109375 0.0126953125 0.0126953125
1 0.462890625 0.6630859375 0.0185546875 0.0185546875
1 0.5361328125 0.490234375 0.009765625 0.015625
1 0.552734375 0.517578125 0.009765625 0.0126953125
0 0.591796875 0.375 0.123046875 0.1904296875
1 0.51953125 0.365234375 0.015625 0.015625
0 0.3603515625 0.369140625 0.1171875 0.1904296875
1 0.4287109375 0.4833984375 0.0625 0.125
1 0.380859375 0.494140625 0.0283203125 0.0263671875
1 0.33609724609375 0.498447412109375 0.312909916015625 0.5263899609375 0.2949469921875 0.565192580078125 0.306095076171875 0.578814888671875 0.32077968359375 0.58214109765625 0.347216193359375 0.579365462890625 0.39732329296875 0.58022012109375 0.456275720703125 0.579218107421875 0.470458984375 0.56960385546875 0.460995771484375 0.55066202734375 0.441215357421875 0.547977484375 0.41754075 0.528667267578125 0.38624151953125 0.51292304296875 0.35453840234375 0.49249828515625 0.33609724609375 0.498447412109375
1 0.27231324609375 0.61866641015625 0.31001941015625 0.63117283984375 0.326693310546875 0.622450755859375 0.32972246484375 0.60871726171875 0.31345747265625 0.586612654296875 0.30613225 0.57307473828125 0.303406515625 0.54176981640625 0.309680830078125 0.52223856640625 0.3106855234375 0.51195183984375 0.298102736328125 0.505054279296875 0.298213251953125 0.50544008203125 0.284524296875 0.527973357421875 0.26880987890625 0.540546767578125 0.248696912109375 0.54969483984375 0.235459064453125 0.557728373046875 0.229618779296875 0.5655529296875 0.22603001171875 0.57547126953125 0.23520186328125 0.590376908203125 0.27231324609375 0.61866641015625
1 0.279296875 0.5244140625 0.015625 0.0283203125
1 0.244140625 0.529296875 0.0341796875 0.0341796875
1 0.1904296875 0.4951171875 0.0078125 0.0185546875
1 0.2138671875 0.509765625 0.0126953125 0.013671875
1 0.2548828125 0.4873046875 0.009765625 0.015625
1 0.16015625 0.505859375 0.0126953125 0.0126953125
1 0.1298828125 0.5146484375 0.0126953125 0.0185546875
0 0.125 0.716796875 0.1220703125 0.1591796875
1 0.2744140625 0.6552734375 0.0185546875 0.0283203125
0 0.361328125 0.7119140625 0.1435546875 0.1669921875
0 0.107421875 0.36328125 0.150390625 0.166015625
1 0.1005859375 0.529296875 0.0185546875 0.0205078125
1 0.123046875 0.568359375 0.009765625 0.021484375
1 0.818359375 0.5244140625 0.0126953125 0.009765625
1 0.7919921875 0.5302734375 0.005859375 0.0126953125
1 0.779296875 0.58984375 0.0185546875 0.015625
1 0.2412109375 0.326171875 0.0107421875 0.015625
1 0.248046875 0.3701171875 0.0107421875 0.0126953125
1 0.748046875 0.71484375 0.009765625 0.013671875
1 0.1015625 0.4970703125 0.021484375 0.021484375