0 0.3251953125 0.853515625 0.154296875 0.1484375
0 0.3583984375 0.60546875 0.150390625 0.12890625
0 0.39453125 0.396484375 0.181640625 0.115234375
0 0.365234375 0.1787109375 0.201171875 0.17578125
0 0.4248046875 0.0341796875 0.142578125 0.068359375
1 0.58984375 0.0146484375 0.025390625 0.01953125
1 0.5947265625 0.0498046875 0.01953125 0.013671875
0 0.6708984375 0.1708984375 0.18359375 0.140625
0 0.640625 0.4140625 0.181640625 0.154296875
1 0.537109375 0.4326171875 0.015625 0.01171875
1 0.5439453125 0.4599609375 0.015625 0.01171875
0 0.650390625 0.6796875 0.169921875 0.130859375
0 0.6376953125 0.8798828125 0.1328125 0.123046875
1 0.484375 0.869140625 0.013671875 0.009765625
1 0.4833984375 0.626953125 0.01953125 0.01953125
1 0.5205078125 0.29296875 0.01171875 0.013671875