0 0.1728515625 0.71875 0.150390625 0.21875
0 0.376953125 0.6865234375 0.142578125 0.23046875
1 0.435546875 0.630859375 0.01171875 0.017578125
0 0.5625 0.6318359375 0.1953125 0.224609375
1 0.5048828125 0.5205078125 0.0078125 0.013671875
1 0.4755859375 0.509765625 0.009765625 0.01171875
1 0.4921875 0.484375 0.017578125 0.015625
1 0.6162109375 0.4833984375 0.037109375 0.05859375
0 0.771484375 0.5654296875 0.16015625 0.193359375
0 0.9404296875 0.5263671875 0.119140625 0.185546875
1 0.8974609375 0.4189453125 0.015625 0.015625
1 0.89453125 0.3828125 0.015625 0.015625
1 0.697265625 0.427734375 0.060546875 0.06640625
1 0.7431640625 0.43359375 0.01171875 0.013671875
0 0.9169921875 0.248046875 0.125 0.20703125
1 0.845703125 0.2294921875 0.009765625 0.013671875
0 0.744140625 0.3056640625 0.193359375 0.189453125
0 0.517578125 0.3525390625 0.16796875 0.228515625
0 0.310546875 0.4033203125 0.185546875 0.205078125
0 0.0849609375 0.4453125 0.169921875 0.234375
0 0.2021484375 0.521484375 0.03125 0.025390625