1 0.0068359375 0.736328125 0.013671875 0.0234375
1 0.00390625 0.615234375 0.0078125 0.0234375
1 0.0244140625 0.6640625 0.0078125 0.009765625
1 0.0390625 0.646484375 0.015625 0.015625
1 0.0283203125 0.5986328125 0.015625 0.013671875
1 0.0595703125 0.59765625 0.01953125 0.0234375
1 0.09765625 0.5087890625 0.056640625 0.05859375
1 0.0654296875 0.4833984375 0.017578125 0.015625
1 0.0849609375 0.462890625 0.013671875 0.013671875
1 0.0986328125 0.482421875 0.01171875 0.01171875
1 0.109375 0.46875 0.017578125 0.015625
1 0.140625 0.470703125 0.01171875 0.01171875
1 0.166015625 0.509765625 0.01953125 0.0234375
1 0.13671875 0.54296875 0.01171875 0.015625
1 0.1826171875 0.4951171875 0.01171875 0.01171875
1 0.2109375 0.5029296875 0.01171875 0.017578125
1 0.220703125 0.513671875 0.015625 0.01953125
1 0.2392578125 0.5048828125 0.01171875 0.01171875
1 0.248046875 0.4921875 0.017578125 0.01953125
1 0.2666015625 0.509765625 0.017578125 0.017578125
0 0.1904296875 0.4423828125 0.09765625 0.068359375
1 0.015625 0.4248046875 0.021484375 0.02734375
0 0.1910368359375 0.396124033203125 0.2128474765625 0.37779512890625 0.217863419921875 0.336436099609375 0.209595970703125 0.28331665625 0.20068944140625 0.24910314453125 0.19387450390625 0.235587048828125 0.157867703125 0.23108362109375 0.113330955078125 0.24088448828125 0.08179900390625 0.261138916015625 0.05621726953125 0.287938052734375 0.0457902578125 0.327159330078125 0.053667349609375 0.37501613671875 0.071178642578125 0.4097343515625 0.1064922265625 0.41207216015625 0.1444930703125 0.409777701171875 0.1650969296875 0.410106021484375 0.1910368359375 0.396124033203125
0 0.38671875 0.3818359375 0.154296875 0.197265625
1 0.306640625 0.5703125 0.02734375 0.029296875
1 0.244140625 0.6279296875 0.013671875 0.01953125
1 0.296875 0.6142578125 0.015625 0.017578125
1 0.2080078125 0.654296875 0.015625 0.017578125
1 0.224609375 0.638671875 0.01171875 0.013671875
1 0.1708984375 0.6923828125 0.033203125 0.03515625
0 0.148441998046875 0.58364265234375 0.123745677734375 0.557939083984375 0.08547573046875 0.5892006875 0.06116941796875 0.614453294921875 0.047910154296875 0.638239111328125 0.02510925390625 0.6711344921875 0.014457328125 0.68899693359375 0.034503970703125 0.7313063515625 0.0729633203125 0.7691908125 0.105807373046875 0.737521240234375 0.14028542578125 0.707682296875 0.15660363671875 0.695664181640625 0.177149283203125 0.66702348828125 0.1644264609375 0.6233449296875 0.148441998046875 0.58364265234375
1 0.107421875 0.7783203125 0.076171875 0.083984375
1 0.1513671875 0.783203125 0.029296875 0.03125
1 0.177734375 0.7978515625 0.0234375 0.02734375
1 0.212890625 0.7509765625 0.0078125 0.013671875
1 0.390625 0.7353515625 0.01171875 0.01171875
0 0.31640625 0.712890625 0.162109375 0.197265625
1 0.39453125 0.666015625 0.0078125 0.01171875
1 0.4443359375 0.564453125 0.015625 0.021484375
1 0.4482421875 0.599609375 0.005859375 0.009765625
1 0.3466796875 0.5634765625 0.0078125 0.009765625
1 0.4794921875 0.5185546875 0.0390625 0.064453125
1 0.5009765625 0.5888671875 0.04296875 0.05078125
1 0.52734375 0.544921875 0.029296875 0.03515625
1 0.5693359375 0.61328125 0.03125 0.044921875
1 0.5595703125 0.5654296875 0.060546875 0.06640625
1 0.6103515625 0.5673828125 0.029296875 0.029296875
0 0.63671875 0.4111328125 0.14453125 0.162109375
1 0.568359375 0.4140625 0.0078125 0.013671875
1 0.716796875 0.66015625 0.041015625 0.041015625
1 0.7197265625 0.6357421875 0.01171875 0.017578125
1 0.73046875 0.6357421875 0.01171875 0.017578125
1 0.7470703125 0.615234375 0.025390625 0.03125
1 0.7161886953125 0.621272875 0.737566896484375 0.60233380859375 0.7690127265625 0.596384857421875 0.788772638671875 0.586312939453125 0.79244268359375 0.575694865234375 0.757757150390625 0.557290873046875 0.74528998046875 0.53956841796875 0.73619575390625 0.5170939609375 0.722143908203125 0.512035830078125 0.692674208984375 0.532324416015625 0.673482185546875 0.561054908203125 0.652737736328125 0.601635501953125 0.64632210546875 0.629750984375 0.6545223046875 0.64105267578125 0.654309615234375 0.64324012109375 0.664513916015625 0.6467059140625 0.688325556640625 0.6405986796875 0.7161886953125 0.621272875
1 0.8212890625 0.5947265625 0.005859375 0.013671875
1 0.853515625 0.634765625 0.01171875 0.013671875
1 0.85013048828125 0.5990863125 0.843689625 0.592694833984375 0.835496919921875 0.59253110546875 0.81881473828125 0.604596990234375 0.80523169921875 0.61956839453125 0.8028949765625 0.63515551171875 0.8096031953125 0.649893873046875 0.822325375 0.656891017578125 0.8302136484375 0.64960676953125 0.84072508203125 0.6424490703125 0.847664115234375 0.633016345703125 0.851120951171875 0.61494928125 0.85013048828125 0.5990863125
1 0.8681640625 0.65234375 0.01171875 0.013671875
1 0.8896484375 0.6474609375 0.009765625 0.013671875
1 0.908203125 0.6630859375 0.01171875 0.01171875
1 0.8896484375 0.619140625 0.05078125 0.0546875
1 0.923828125 0.6240234375 0.0078125 0.009765625
1 0.9658203125 0.63671875 0.01171875 0.013671875
1 0.9345703125 0.7373046875 0.01171875 0.01171875
1 0.8857421875 0.783203125 0.029296875 0.03125
1 0.9013671875 0.8447265625 0.017578125 0.0234375
1 0.703125 0.8310546875 0.021484375 0.02734375
1 0.6865234375 0.849609375 0.015625 0.017578125
1 0.701171875 0.78125 0.01171875 0.013671875
1 0.6826171875 0.7685546875 0.01171875 0.01953125
1 0.658203125 0.7744140625 0.015625 0.017578125
1 0.6796875 0.724609375 0.01171875 0.01171875
1 0.6884765625 0.7158203125 0.01171875 0.01171875
1 0.650390625 0.861328125 0.029296875 0.033203125
1 0.626953125 0.8115234375 0.03125 0.04296875
1 0.6416015625 0.7939453125 0.0078125 0.01171875
1 0.630859375 0.7578125 0.015625 0.01953125
1 0.6103515625 0.7373046875 0.0078125 0.013671875
1 0.5087890625 0.7607421875 0.0078125 0.013671875
1 0.4951171875 0.7939453125 0.009765625 0.01171875
1 0.4521484375 0.775390625 0.01171875 0.013671875
1 0.4638671875 0.75 0.009765625 0.01171875
1 0.478515625 0.6923828125 0.025390625 0.033203125
1 0.484264841796875 0.706795080078125 0.465203537109375 0.722510806640625 0.46549954296875 0.7245627734375 0.4878066953125 0.734756185546875 0.510996658203125 0.727062560546875 0.521074390625 0.687037353515625 0.522943744140625 0.65186528515625 0.513634279296875 0.6430800703125 0.502545603515625 0.6564403671875 0.492582154296875 0.6809283125 0.484264841796875 0.706795080078125
1 0.509765625 0.6962890625 0.015625 0.0234375
0 0.610704349609375 0.71205841796875 0.584522439453125 0.682420572265625 0.55306504296875 0.67959137890625 0.52911465234375 0.690413591796875 0.51594876171875 0.71909006640625 0.502655380859375 0.751573033203125 0.492665275390625 0.782812728515625 0.50299519921875 0.8174560859375 0.5198198046875 0.837585203125 0.538257806640625 0.84969415234375 0.5535259453125 0.8581175859375 0.579542888671875 0.8434981171875 0.591014462890625 0.82554541796875 0.601686998046875 0.77684555078125 0.608090837890625 0.735535482421875 0.610704349609375 0.71205841796875
0 0.8369140625 0.455078125 0.169921875 0.171875
1 0.732421875 0.7685546875 0.015625 0.01953125
1 0.75390625 0.7578125 0.01953125 0.01953125
0 0.8477810625 0.761647490234375 0.817833115234375 0.722950384765625 0.78646932421875 0.6964878203125 0.76589091015625 0.69593784375 0.753752529296875 0.71978835546875 0.758191341796875 0.757163380859375 0.740853552734375 0.77942483984375 0.732977703125 0.827968365234375 0.759099087890625 0.8904575234375 0.786229578125 0.886187912109375 0.814600810546875 0.878921138671875 0.836209228515625 0.86417516796875 0.853503859375 0.83684444140625 0.85616502734375 0.798336662109375 0.8477810625 0.761647490234375
1 0.8505859375 0.9375 0.03125 0.041015625
1 0.2255859375 0.8349609375 0.02734375 0.03125
1 0.4267578125 0.8193359375 0.013671875 0.015625