0 0.0263671875 0.4580078125 0.052734375 0.138671875
1 0.046875 0.4033203125 0.025390625 0.041015625
1 0.0732421875 0.4443359375 0.017578125 0.021484375
1 0.0478515625 0.4326171875 0.0078125 0.013671875
1 0.095703125 0.4345703125 0.01171875 0.01171875
0 0.1767578125 0.4287109375 0.158203125 0.18359375
1 0.2353515625 0.5087890625 0.025390625 0.021484375
0 0.375 0.3603515625 0.162109375 0.19140625
1 0.3583984375 0.513671875 0.181640625 0.185546875
1 0.3798828125 0.4658203125 0.017578125 0.01953125
1 0.453125 0.3994140625 0.01171875 0.01171875
0 0.5966796875 0.3447265625 0.1796875 0.2265625
1 0.642578125 0.3193359375 0.033203125 0.029296875
0 0.7978515625 0.30859375 0.150390625 0.138671875
1 0.7294921875 0.44140625 0.01171875 0.01171875
1 0.732421875 0.4267578125 0.009765625 0.01171875
1 0.85546875 0.412109375 0.037109375 0.048828125
1 0.8349609375 0.423828125 0.009765625 0.01171875
0 0.9765625 0.537109375 0.046875 0.125
0 0.841796875 0.587890625 0.177734375 0.20703125
0 0.6484375 0.607421875 0.146484375 0.201171875
1 0.5712890625 0.6083984375 0.01171875 0.013671875
0 0.44921875 0.666015625 0.173828125 0.201171875
0 0.2568359375 0.6962890625 0.181640625 0.208984375
0 0.0673828125 0.693359375 0.095703125 0.123046875
1 0.0244140625 0.6103515625 0.009765625 0.01171875
1 0.08984375 0.572265625 0.087890625 0.099609375
1 0.076171875 0.5810546875 0.013671875 0.017578125
1 0.18359375 0.5595703125 0.0078125 0.013671875
1 0.029296875 0.5986328125 0.015625 0.017578125
1 0.529296875 0.4970703125 0.0078125 0.01171875
1 0.494140625 0.5029296875 0.009765625 0.01171875