0 0.0361328125 0.466796875 0.072265625 0.171875
1 0.0966796875 0.599609375 0.015625 0.021484375
1 0.1201171875 0.5947265625 0.017578125 0.017578125
1 0.1220703125 0.6103515625 0.015625 0.017578125
0 0.0751953125 0.7333984375 0.1015625 0.166015625
1 0.1533203125 0.76953125 0.0078125 0.013671875
0 0.2451171875 0.705078125 0.193359375 0.1953125
1 0.326171875 0.658203125 0.013671875 0.017578125
1 0.26953125 0.5126953125 0.064453125 0.072265625
1 0.3134765625 0.51953125 0.009765625 0.009765625
0 0.181640625 0.40234375 0.205078125 0.220703125
1 0.3193359375 0.4033203125 0.01953125 0.01953125
1 0.3291015625 0.419921875 0.0078125 0.013671875
1 0.4521484375 0.7265625 0.015625 0.015625
1 0.396484375 0.697265625 0.0078125 0.009765625
1 0.5625 0.6884765625 0.015625 0.01953125
1 0.541015625 0.6533203125 0.009765625 0.01171875
1 0.5478515625 0.6640625 0.009765625 0.01171875
0 0.503966390625 0.746869658203125 0.53168044140625 0.725492880859375 0.54991961328125 0.6783196328125 0.535628939453125 0.6529428359375 0.518638689453125 0.612978044921875 0.494179505859375 0.575215869140625 0.483115904296875 0.5679177421875 0.459086568359375 0.578560796875 0.43283328515625 0.59251886328125 0.401394873046875 0.60468499609375 0.38574416796875 0.656107662109375 0.40284116796875 0.702245880859375 0.425017986328125 0.719684986328125 0.45236926171875 0.717490109375 0.463551259765625 0.7366746015625 0.486771767578125 0.752961275390625 0.503966390625 0.746869658203125
1 0.58210303125 0.601517087890625 0.580753625 0.573066607421875 0.552511171875 0.5364327578125 0.5280144453125 0.511519451171875 0.50078162109375 0.5075435703125 0.494543392578125 0.55314705859375 0.502624056640625 0.5865231171875 0.52086751171875 0.600761623046875 0.566976740234375 0.608423818359375 0.58210303125 0.601517087890625
1 0.552629599609375 0.488654232421875 0.50960584375 0.466769333984375 0.505622685546875 0.4401408203125 0.513233072265625 0.416027599609375 0.49228658203125 0.4009018125 0.4575402890625 0.411392205078125 0.433454337890625 0.4041072734375 0.415945939453125 0.456880044921875 0.404937224609375 0.470389544921875 0.431329875 0.498942681640625 0.459506763671875 0.52916632421875 0.474014609375 0.53442830078125 0.49391377734375 0.510590921875 0.516489921875 0.508741748046875 0.53372161328125 0.51811590234375 0.558578220703125 0.5139134296875 0.552629599609375 0.488654232421875
0 0.365578560546875 0.409848814453125 0.370603833984375 0.439179466796875 0.39786120703125 0.426861755859375 0.433975517578125 0.405537203125 0.45669458203125 0.41296723046875 0.457753853515625 0.40277676953125 0.43366155859375 0.375038734375 0.43293370703125 0.352091435546875 0.454311115234375 0.3454768125 0.434392169921875 0.327430830078125 0.420312337890625 0.294395650390625 0.395408599609375 0.286312052734375 0.359826591796875 0.2879823359375 0.306494076171875 0.313313080078125 0.306414953125 0.314032462890625 0.312986857421875 0.349782671875 0.32829960546875 0.3967031953125 0.3622549140625 0.388989048828125 0.365578560546875 0.409848814453125
1 0.47265625 0.349609375 0.009765625 0.021484375
1 0.470855939453125 0.354855220703125 0.469008783203125 0.3332613125 0.444240953125 0.32670432421875 0.451475615234375 0.34182223046875 0.45336278515625 0.350143978515625 0.425996595703125 0.354634599609375 0.429881498046875 0.370563125 0.42585701953125 0.370393099609375 0.442588845703125 0.38368086328125 0.45077463671875 0.387016630859375 0.4684136015625 0.377035494140625 0.470855939453125 0.354855220703125
1 0.521484375 0.3818359375 0.033203125 0.03125
1 0.546875 0.3623046875 0.04296875 0.0390625
1 0.5947265625 0.4580078125 0.07421875 0.087890625
1 0.6318359375 0.501953125 0.009765625 0.01171875
1 0.6435546875 0.4306640625 0.0078125 0.01171875
1 0.71875 0.4228515625 0.009765625 0.013671875
1 0.734375 0.48046875 0.091796875 0.068359375
1 0.7177734375 0.39453125 0.009765625 0.01171875
0 0.6259765625 0.3251953125 0.16796875 0.189453125
1 0.6318359375 0.623046875 0.015625 0.015625
1 0.734375 0.6396484375 0.009765625 0.013671875
1 0.751953125 0.66015625 0.01953125 0.01953125
1 0.8037109375 0.6005859375 0.0234375 0.03125
0 0.730208962890625 0.637940794921875 0.76735840625 0.620946857421875 0.776197568359375 0.587866830078125 0.7575165078125 0.559544349609375 0.7312720546875 0.515005359375 0.72545996875 0.51510433203125 0.7013433359375 0.514303064453125 0.6668428515625 0.496450087890625 0.644771646484375 0.527573873046875 0.6201655859375 0.571061708984375 0.6190623671875 0.59178763671875 0.654295466796875 0.63398462890625 0.683454326171875 0.652488603515625 0.720390615234375 0.67968313671875 0.730782322265625 0.663496998046875 0.730208962890625 0.637940794921875
1 0.845703125 0.541015625 0.025390625 0.037109375
0 1 0.552504423828125 0.989231810546875 0.525955205078125 0.964309455078125 0.515687755859375 0.937182123046875 0.510933888671875 0.9135308515625 0.4936861640625 0.88147585546875 0.5055913984375 0.85842391015625 0.51836241796875 0.85419932421875 0.5421738046875 0.844603 0.566364033203125 0.848497107421875 0.6004019453125 0.86574778515625 0.626631119140625 0.905991783203125 0.666525515625 0.93584670703125 0.6780925546875 0.949650298828125 0.665002158203125 0.96702775390625 0.63328481640625 0.991697576171875 0.59095806640625 1 0.55491133984375 1 0.552504423828125
1 0.865234375 0.4267578125 0.029296875 0.033203125
1 0.890625 0.451171875 0.03125 0.041015625
1 0.939453125 0.431640625 0.10546875 0.109375
1 0.9443359375 0.34765625 0.080078125 0.087890625
1 0.837890625 0.3828125 0.015625 0.021484375
0 0.83203125 0.2705078125 0.1640625 0.181640625