1 0.0654296875 0.3212890625 0.017578125 0.033203125
1 0.26259127734375 0.278881865234375 0.248154162109375 0.250313638671875 0.24805879296875 0.248634927734375 0.232827677734375 0.282734369140625 0.229728966796875 0.302312818359375 0.223802015625 0.32731479296875 0.23329188671875 0.329199294921875 0.247819341796875 0.30782562109375 0.26259127734375 0.278881865234375
0 0.193359375 0.234375 0.115234375 0.15234375
0 0.1171875 0.587890625 0.216796875 0.228515625
0 0.3662109375 0.6376953125 0.126953125 0.15234375
1 0.330078125 0.4599609375 0.083984375 0.123046875
1 0.380859375 0.490234375 0.01953125 0.021484375
1 0.458984375 0.4912109375 0.01171875 0.01171875
1 0.4189453125 0.5107421875 0.05859375 0.083984375
0 0.435546875 0.33984375 0.150390625 0.169921875
1 0.3720703125 0.2373046875 0.0078125 0.009765625
1 0.6337890625 0.2958984375 0.013671875 0.017578125
0 0.6279296875 0.3916015625 0.140625 0.1796875
1 0.5966796875 0.533203125 0.033203125 0.033203125
1 0.654296875 0.533203125 0.0078125 0.0078125
1 0.6669921875 0.568359375 0.01171875 0.009765625
1 0.5234375 0.6806640625 0.0078125 0.009765625
0 0.6005859375 0.69921875 0.173828125 0.197265625
1 0.755859375 0.66015625 0.068359375 0.09765625
1 0.8310546875 0.6123046875 0.087890625 0.09375
0 0.87130334375 0.774552712890625 0.88940451953125 0.74428925 0.89993093359375 0.710913486328125 0.87893859765625 0.68220551171875 0.862264353515625 0.6599913984375 0.844134298828125 0.651195251953125 0.83094587890625 0.639648251953125 0.792896123046875 0.662413958984375 0.772310900390625 0.684855771484375 0.76570387109375 0.757917458984375 0.76738882421875 0.786667236328125 0.777981275390625 0.800100896484375 0.816567322265625 0.792226123046875 0.8423629296875 0.780942208984375 0.858144119140625 0.777055857421875 0.87130334375 0.774552712890625
1 0.751953125 0.7744140625 0.009765625 0.009765625
0 0.8798828125 0.4306640625 0.1484375 0.177734375
1 0.6142578125 0.578125 0.0078125 0.013671875