0 0.07421875 0.3662109375 0.1484375 0.244140625
1 0.14453125 0.3330078125 0.013671875 0.015625
0 0.1201171875 0.6494140625 0.173828125 0.203125
1 0.365234375 0.5830078125 0.015625 0.017578125
0 0.381991119140625 0.635082546875 0.36476312890625 0.5985041640625 0.34957744921875 0.577380224609375 0.311829171875 0.540982841796875 0.31136096484375 0.541404015625 0.29680530859375 0.547073197265625 0.25383323046875 0.57851748046875 0.24418771875 0.61550189453125 0.260997890625 0.659995306640625 0.3026614375 0.699354337890625 0.350741021484375 0.700330990234375 0.383729982421875 0.67687809375 0.3883506640625 0.6566889140625 0.381991119140625 0.635082546875
0 0.5693359375 0.5634765625 0.142578125 0.1953125
1 0.4873046875 0.5859375 0.013671875 0.025390625
1 0.3291015625 0.4462890625 0.0234375 0.021484375
1 0.2783203125 0.4541015625 0.015625 0.021484375
1 0.259765625 0.4404296875 0.013671875 0.013671875
0 0.25390625 0.3310546875 0.1875 0.220703125
1 0.4052734375 0.302734375 0.015625 0.017578125
0 0.490234375 0.2734375 0.181640625 0.220703125
1 0.5126953125 0.4111328125 0.0234375 0.025390625
1 0.5908203125 0.3984375 0.01171875 0.013671875
1 0.625 0.4013671875 0.013671875 0.013671875
1 0.6259765625 0.4814453125 0.025390625 0.033203125
1 0.806640625 0.515625 0.01953125 0.0234375
1 0.814453125 0.5517578125 0.021484375 0.025390625
0 0.75390625 0.5380859375 0.119140625 0.138671875
1 0.771484375 0.4560546875 0.017578125 0.02734375
1 0.779296875 0.4111328125 0.021484375 0.0234375
1 0.8212890625 0.4033203125 0.021484375 0.0234375
1 0.880859375 0.4150390625 0.015625 0.015625
1 0.9248046875 0.474609375 0.015625 0.015625
1 0.9560546875 0.4853515625 0.0234375 0.0234375
1 0.93359375 0.44140625 0.013671875 0.013671875
1 0.9541015625 0.396484375 0.01953125 0.015625
1 0.8662109375 0.330078125 0.021484375 0.015625
1 0.921875 0.2666015625 0.013671875 0.025390625
1 0.85546875 0.1513671875 0.01953125 0.021484375
1 0.634765625 0.296875 0.01171875 0.015625
0 0.7266334375 0.160601361328125 0.693437998046875 0.15500558203125 0.66016434375 0.16294537109375 0.61573848046875 0.207993123046875 0.615554111328125 0.207786912109375 0.6269830859375 0.274042546875 0.645120333984375 0.3117045546875 0.67285301953125 0.33253621875 0.726862255859375 0.326930763671875 0.75610700390625 0.3085489765625 0.771383974609375 0.263669517578125 0.770361298828125 0.2066522421875 0.7563276640625 0.17906989453125 0.7266334375 0.160601361328125
1 0.2548828125 0.5 0.01953125 0.015625
1 0.38671875 0.51171875 0.01171875 0.013671875
1 0.3662109375 0.443359375 0.01171875 0.01171875
1 0.46875 0.4169921875 0.013671875 0.01953125