1 0.0537109375 0.6474609375 0.03515625 0.037109375
0 0.0634765625 0.7099609375 0.107421875 0.09375
1 0.095703125 0.59765625 0.03125 0.05078125
1 0.103515625 0.5283203125 0.01171875 0.013671875
1 0.0390625 0.552734375 0.01953125 0.015625
1 0.0693359375 0.576171875 0.0078125 0.013671875
1 0.1357421875 0.5166015625 0.01171875 0.009765625
1 0.0908203125 0.45703125 0.01171875 0.009765625
0 0.0556640625 0.380859375 0.111328125 0.18359375
1 0.12109375 0.44140625 0.013671875 0.009765625
1 0.1259765625 0.4248046875 0.01171875 0.01953125
1 0.1416015625 0.431640625 0.009765625 0.013671875
1 0.15625 0.40625 0.009765625 0.013671875
0 0.2392578125 0.3916015625 0.158203125 0.21875
1 0.1669921875 0.2822265625 0.009765625 0.013671875
1 0.3193359375 0.4375 0.005859375 0.01171875
1 0.341796875 0.4375 0.013671875 0.015625
1 0.3681640625 0.4306640625 0.009765625 0.013671875
1 0.244140625 0.5224609375 0.009765625 0.013671875
1 0.2041015625 0.5478515625 0.01171875 0.005859375
1 0.275390625 0.5166015625 0.009765625 0.009765625
1 0.3115234375 0.5546875 0.009765625 0.013671875
1 0.3427734375 0.5498046875 0.009765625 0.01171875
1 0.3681640625 0.55078125 0.009765625 0.01171875
1 0.3828125 0.548828125 0.005859375 0.01171875
1 0.3291015625 0.4580078125 0.009765625 0.009765625
1 0.40234375 0.552734375 0.0078125 0.013671875
1 0.447265625 0.537109375 0.080078125 0.099609375
1 0.474609375 0.52734375 0.009765625 0.01171875
1 0.4833984375 0.525390625 0.005859375 0.009765625
1 0.4970703125 0.5 0.033203125 0.0390625
1 0.53515625 0.5546875 0.005859375 0.009765625
1 0.55078125 0.4736328125 0.0078125 0.01171875
1 0.5634765625 0.4267578125 0.009765625 0.015625
0 0.5048828125 0.3935546875 0.119140625 0.189453125
0 0.27734375 0.7021484375 0.1328125 0.158203125
1 0.185546875 0.7138671875 0.0078125 0.009765625
0 0.48046875 0.7216796875 0.173828125 0.216796875
1 0.625 0.69921875 0.013671875 0.015625
1 0.6337890625 0.7216796875 0.005859375 0.013671875
0 0.73046875 0.7080078125 0.13671875 0.15234375
1 0.75 0.6064453125 0.0078125 0.015625
0 0.9443359375 0.685546875 0.111328125 0.1484375
1 0.9814453125 0.552734375 0.037109375 0.125
0 0.9443359375 0.41796875 0.111328125 0.158203125
1 0.8857421875 0.470703125 0.009765625 0.01953125
1 0.861328125 0.40234375 0.01171875 0.013671875
0 0.7412109375 0.4052734375 0.162109375 0.1953125
1 0.634765625 0.4638671875 0.015625 0.0234375
1 0.103515625 0.068359375 0.20703125 0.12890625
1 0.34765625 0.0771484375 0.28125 0.15234375
1 0.6181640625 0.0537109375 0.255859375 0.107421875
1 0.8330078125 0.044921875 0.181640625 0.08984375
1 0.935546875 0.0048828125 0.0078125 0.009765625
1 0.9443359375 0.015625 0.01953125 0.021484375
1 0.4091796875 0.80859375 0.01171875 0.015625
1 0.662109375 0.5576171875 0.005859375 0.013671875
1 0.615234375 0.546875 0.009765625 0.0078125
1 0.5146484375 0.548828125 0.015625 0.009765625
1 0.796875 0.55078125 0.009765625 0.013671875