1 0.8955078125 0.1484375 0.03515625 0.03515625
1 0.818359375 0.041015625 0.04296875 0.05078125
1 0.7783203125 0.0625 0.015625 0.01953125
1 0.7568359375 0.00390625 0.044921875 0.0078125
1 0.767578125 0.02734375 0.013671875 0.013671875
1 0.7421875 0.0126953125 0.013671875 0.01953125
1 0.7431640625 0.0400390625 0.01953125 0.029296875
1 0.685546875 0.05078125 0.029296875 0.037109375
1 0.7880859375 0.1162109375 0.05078125 0.03515625
1 0.8017578125 0.140625 0.015625 0.021484375
1 0.7998046875 0.16796875 0.01953125 0.017578125
1 0.8193359375 0.185546875 0.021484375 0.01953125
1 0.8203125 0.208984375 0.015625 0.021484375
1 0.7236328125 0.3369140625 0.015625 0.021484375
1 0.70703125 0.326171875 0.015625 0.01953125
1 0.7509765625 0.4736328125 0.0390625 0.044921875
1 0.744140625 0.4267578125 0.013671875 0.021484375
1 0.6865234375 0.4755859375 0.013671875 0.013671875
1 0.6806640625 0.419921875 0.013671875 0.01953125
1 0.650390625 0.3974609375 0.017578125 0.025390625
1 0.6376953125 0.748046875 0.0234375 0.08203125
1 0.6181640625 0.8505859375 0.048828125 0.0625
1 0.5634765625 0.9814453125 0.0546875 0.033203125
1 0.5087890625 0.46484375 0.009765625 0.01171875
1 0.580078125 0.3544921875 0.013671875 0.01953125
1 0.5625 0.3134765625 0.013671875 0.017578125
0 0.2890625 0.669921875 0.115234375 0.15625
0 0.3076171875 0.3740234375 0.09375 0.115234375
1 0.2255859375 0.5068359375 0.03125 0.03515625
1 0.16796875 0.4716796875 0.0078125 0.009765625
1 0.146484375 0.5029296875 0.01171875 0.013671875
1 0.1416015625 0.609375 0.01953125 0.021484375
1 0.21875 0.7197265625 0.015625 0.021484375
0 0.09765625 0.6982421875 0.103515625 0.119140625
1 0.0205078125 0.4794921875 0.037109375 0.05078125
0 0.06640625 0.3818359375 0.126953125 0.140625
1 0.08203125 0.2861328125 0.0546875 0.0546875
1 0.2470703125 0.2451171875 0.01953125 0.0234375
1 0.34375 0.056640625 0.033203125 0.05859375
1 0.044921875 0.162109375 0.013671875 0.013671875
1 0.11328125 0.16015625 0.009765625 0.025390625
1 0.14453125 0.1181640625 0.015625 0.015625
1 0.7353515625 0.794921875 0.01953125 0.029296875
1 0.6103515625 0.451171875 0.025390625 0.015625
1 0.4990234375 0.451171875 0.01171875 0.009765625
1 0.7216796875 0.0302734375 0.013671875 0.01953125
1 0.6884765625 0.1025390625 0.02734375 0.03125
1 0.7041015625 0.017578125 0.009765625 0.01953125
1 0.5390625 0.326171875 0.013671875 0.009765625