1 0.1005859375 0.310546875 0.201171875 0.369140625
1 0.1953125 0.361328125 0.1171875 0.107421875
1 0.060546875 0.544921875 0.013671875 0.0263671875
1 0.28125 0.365234375 0.0205078125 0.029296875
1 0.2841796875 0.3173828125 0.0185546875 0.029296875
1 0.255859375 0.2998046875 0.015625 0.013671875
1 0.2548828125 0.3330078125 0.017578125 0.0205078125
1 0.3720703125 0.369140625 0.013671875 0.025390625
1 0.228515625 0.4921875 0.015625 0.0205078125
1 0.283203125 0.4951171875 0.015625 0.0185546875
1 0.2421875 0.568359375 0.0205078125 0.0185546875
1 0.267578125 0.576171875 0.0234375 0.033203125
1 0.251953125 0.6572265625 0.111328125 0.140625
1 0.306640625 0.798828125 0.0595703125 0.048828125
1 0.26953125 0.919921875 0.048828125 0.0498046875
1 0.3818359375 0.6259765625 0.025390625 0.0283203125
1 0.368682484375 0.54990113671875 0.30842044140625 0.5293370625 0.30002320703125 0.531758375 0.30200798046875 0.55572434375 0.306874216796875 0.595003857421875 0.3118293671875 0.63102414453125 0.329573265625 0.645357107421875 0.35849941015625 0.63236038671875 0.38081868359375 0.610383712890625 0.40255172265625 0.628823865234375 0.426343376953125 0.61094633984375 0.414211697265625 0.57271371875 0.368682484375 0.54990113671875
0 0.4075324921875 0.62437909765625 0.39087516796875 0.6432653359375 0.37012623046875 0.66103234375 0.364179447265625 0.68811286328125 0.36531876953125 0.720267087890625 0.372374734375 0.73849424609375 0.39997016015625 0.74763494921875 0.4234754765625 0.74652175 0.43468183203125 0.725487478515625 0.44060450390625 0.6847591953125 0.43963095703125 0.647937162109375 0.4075324921875 0.62437909765625
1 0.5068359375 0.4873046875 0.072265625 0.0595703125
1 0.521484375 0.521484375 0.0126953125 0.025390625
1 0.5244140625 0.384765625 0.046875 0.072265625
1 0.49609375 0.40625 0.0107421875 0.0263671875
1 0.5107421875 0.431640625 0.0205078125 0.0263671875
0 0.393307533203125 0.39882933203125 0.40694625390625 0.42243762890625 0.429119345703125 0.454841017578125 0.46334273828125 0.4787949296875 0.48823001171875 0.437767248046875 0.48461160546875 0.3929177109375 0.466151861328125 0.35793627734375 0.42168209765625 0.33333333203125 0.39550178515625 0.36095437890625 0.393307533203125 0.39882933203125
1 0.4326171875 0.326171875 0.015625 0.017578125
1 0.462890625 0.2900390625 0.029296875 0.037109375
1 0.4853515625 0.30859375 0.013671875 0.021484375
1 0.494140625 0.326171875 0.0107421875 0.0126953125
1 0.318359375 0.328125 0.0126953125 0.013671875
1 0.349609375 0.396484375 0.009765625 0.015625
1 0.5419921875 0.30859375 0.0361328125 0.041015625
1 0.5634765625 0.390625 0.0107421875 0.013671875
1 0.5517578125 0.490234375 0.0078125 0.0205078125
1 0.5546875 0.521484375 0.0126953125 0.013671875
1 0.48046875 0.5849609375 0.009765625 0.0126953125
1 0.6025390625 0.359375 0.015625 0.0283203125
1 0.6181640625 0.326171875 0.0263671875 0.0341796875
1 0.6494140625 0.333984375 0.0283203125 0.03125
1 0.6845703125 0.34375 0.0185546875 0.021484375
1 0.685546875 0.3681640625 0.025390625 0.0283203125
1 0.6015625 0.2646484375 0.03125 0.046875
1 0.630859375 0.2841796875 0.0283203125 0.056640625
1 0.666015625 0.2509765625 0.048828125 0.130859375
1 0.69921875 0.279296875 0.0205078125 0.0517578125
0 0.66951648046875 0.482861931640625 0.68388912890625 0.44363466015625 0.67654983984375 0.375518421875 0.67328860546875 0.34915525390625 0.63289387890625 0.34103330859375 0.62029501953125 0.365093716796875 0.59714234765625 0.391239873046875 0.56822826171875 0.417946646484375 0.569058642578125 0.435185185546875 0.620608482421875 0.460491416015625 0.66951648046875 0.482861931640625
1 0.712890625 0.369140625 0.0107421875 0.013671875
1 0.7470703125 0.3466796875 0.0126953125 0.0234375
1 0.7392578125 0.376953125 0.013671875 0.025390625
1 0.751953125 0.4228515625 0.0107421875 0.0185546875
1 0.740234375 0.447265625 0.015625 0.0205078125
1 0.71484375 0.4267578125 0.0107421875 0.0185546875
1 0.7958984375 0.2685546875 0.025390625 0.0361328125
1 0.791015625 0.318359375 0.009765625 0.015625
1 0.7802734375 0.3505859375 0.0107421875 0.015625
1 0.80859375 0.3974609375 0.0185546875 0.017578125
1 0.9150390625 0.27734375 0.017578125 0.021484375
1 0.8740234375 0.3427734375 0.0263671875 0.03125
1 0.8984375 0.3603515625 0.0263671875 0.015625
1 0.7763671875 0.5625 0.0654296875 0.0859375
1 0.6630859375 0.67578125 0.0126953125 0.0126953125
1 0.73828125 0.6953125 0.015625 0.0205078125
1 0.966796875 0.4453125 0.013671875 0.0234375
1 0.9921875 0.349609375 0.015625 0.0205078125
1 0.94140625 0.353515625 0.0107421875 0.0283203125
1 0.833984375 0.525390625 0.013671875 0.009765625
0 0.85282238671875 0.49404417578125 0.89075309765625 0.4855806328125 0.928560232421875 0.45133463671875 0.94166696875 0.40387490234375 0.913524486328125 0.36655655078125 0.86496913671875 0.357510287109375 0.847240306640625 0.40087488671875 0.839052552734375 0.45140697265625 0.85282238671875 0.49404417578125
1 0.4462890625 0.6796875 0.009765625 0.0107421875
0 0.70149061328125 0.726681556640625 0.6950367109375 0.66462161328125 0.68208934765625 0.66799437109375 0.657480875 0.685164087890625 0.65712370703125 0.683865017578125 0.656058982421875 0.68018633203125 0.6422186953125 0.6615291640625 0.619325990234375 0.66056315234375 0.58296373046875 0.70826250390625 0.58006569140625 0.738324955078125 0.59057051953125 0.78420530859375 0.620308205078125 0.8289327734375 0.65483941015625 0.82920253515625 0.69058340625 0.796933775390625 0.70149061328125 0.726681556640625
0 0.8828125 0.7529296875 0.1298828125 0.1455078125
1 0.81640625 0.763671875 0.015625 0.015625
1 0.9267578125 0.5205078125 0.0107421875 0.0126953125