0 0.623046875 0.8720703125 0.15625 0.138671875
1 0.4599609375 0.8623046875 0.0283203125 0.025390625
1 0.4169921875 0.923828125 0.1220703125 0.0673828125
0 0.22879894921875 0.950934515625 0.27521279296875 0.97285630859375 0.29979413671875 0.98144418359375 0.348492658203125 0.9782194921875 0.37780008203125 0.970786765625 0.372621888671875 0.95188508203125 0.36126784375 0.93041087890625 0.35497142578125 0.90678123046875 0.38963788671875 0.8891115546875 0.41271369921875 0.8709196875 0.41242283984375 0.869502314453125 0.372621888671875 0.857199208984375 0.36670826171875 0.8354944296875 0.35576865234375 0.82052047265625 0.322720751953125 0.816058123046875 0.2742754140625 0.83017758984375 0.2334135078125 0.847599736328125 0.224330572265625 0.88010095703125 0.22879894921875 0.950934515625
1 0.46484375 0.818359375 0.013671875 0.021484375
1 0.451171875 0.802734375 0.009765625 0.0126953125
1 0.490234375 0.7578125 0.0126953125 0.009765625
1 0.462890625 0.7373046875 0.0107421875 0.009765625
1 0.462890625 0.759765625 0.015625 0.015625
1 0.484375 0.697265625 0.0126953125 0.013671875
1 0.4873046875 0.6826171875 0.013671875 0.017578125
1 0.4951171875 0.666015625 0.025390625 0.015625
1 0.443359375 0.716796875 0.0126953125 0.0078125
1 0.502605673828125 0.619854962890625 0.48149203125 0.61863651953125 0.439801251953125 0.6234130859375 0.395993080078125 0.63517139453125 0.37924985546875 0.655597828125 0.38141396484375 0.65979230078125 0.396502458984375 0.66304863671875 0.40192630078125 0.669751203125 0.411334755859375 0.683646873046875 0.411651234375 0.71527777734375 0.424756462890625 0.716953984375 0.438496154296875 0.70918104296875 0.45294716796875 0.688546638671875 0.479887033203125 0.666649712890625 0.5013427734375 0.644183123046875 0.51131486328125 0.629147 0.502605673828125 0.619854962890625
0 0.23433581640625 0.64632161328125 0.229487666015625 0.700746888671875 0.2515869140625 0.715202048828125 0.30901572265625 0.724913419921875 0.3596809296875 0.71606671484375 0.406066140625 0.689361572265625 0.39544753125 0.660748517578125 0.37694709765625 0.651069923828125 0.371233904296875 0.623612015625 0.33296109375 0.57863588671875 0.29461142578125 0.57932309765625 0.24979655078125 0.60962818359375 0.23433581640625 0.64632161328125
1 0.416015625 0.591796875 0.0654296875 0.041015625
1 0.4833984375 0.611328125 0.0126953125 0.015625
1 0.4658203125 0.5791015625 0.0390625 0.03125
1 0.557389625 0.496279115234375 0.534833744140625 0.482066966796875 0.5111701875 0.491591841796875 0.4869550546875 0.51077496484375 0.4611650625 0.50294551171875 0.42154646484375 0.48625691796875 0.405047380859375 0.49431694921875 0.40700502734375 0.52388169921875 0.4193718046875 0.5501008203125 0.434710466796875 0.566600658203125 0.45387851953125 0.566828974609375 0.481112255859375 0.564056396484375 0.485919716796875 0.57187115625 0.4876543203125 0.60445601953125 0.50008439453125 0.613141095703125 0.51827136328125 0.593729654296875 0.528229890625 0.559465197265625 0.55264998046875 0.55498589453125 0.59116391796875 0.55184710546875 0.586672935546875 0.527364095703125 0.557389625 0.496279115234375
0 0.6162109375 0.654296875 0.146484375 0.109375
1 0.455078125 0.474609375 0.015625 0.0126953125
1 0.4482421875 0.45703125 0.017578125 0.0107421875
1 0.482421875 0.4794921875 0.009765625 0.0126953125
1 0.4951171875 0.43359375 0.0283203125 0.033203125
0 0.6396484375 0.412109375 0.1455078125 0.1123046875
1 0.4375 0.251953125 0.0234375 0.0205078125
1 0.4765625 0.3271484375 0.015625 0.0126953125
1 0.348506220703125 0.29993919140625 0.336688005859375 0.31826669140625 0.3326114609375 0.3310931171875 0.35379744140625 0.35839391796875 0.37249228515625 0.366906060546875 0.39576853125 0.387298583984375 0.422625505859375 0.39472113671875 0.46115903515625 0.370304814453125 0.48389425390625 0.34645476171875 0.484896287109375 0.335198734375 0.464115849609375 0.332460755859375 0.44986677734375 0.313247115234375 0.438111859375 0.29272687109375 0.409291208984375 0.289089626953125 0.348506220703125 0.29993919140625
0 0.2334903671875 0.368798150390625 0.208012333984375 0.39546373046875 0.211183146484375 0.427391900390625 0.227016119140625 0.449110244140625 0.260302130859375 0.46674601171875 0.27883270703125 0.489180953125 0.337018048828125 0.48272705078125 0.35168908984375 0.47155535546875 0.37307098828125 0.43287037109375 0.365306712890625 0.41520521484375 0.360209900390625 0.39035486328125 0.38005762890625 0.36912819140625 0.34389618359375 0.3543701171875 0.29895622265625 0.3459992578125 0.269130376953125 0.34227950390625 0.2334903671875 0.368798150390625
1 0.2353515625 0.322265625 0.0341796875 0.0283203125
0 0.310546875 0.2041015625 0.140625 0.1142578125
1 0.4375 0.193359375 0.0205078125 0.015625
1 0.443359375 0.1669921875 0.0126953125 0.009765625
1 0.47265625 0.14453125 0.0185546875 0.015625
1 0.58203125 0.1328125 0.015625 0.015625
0 0.68558455078125 0.1350515859375 0.642865970703125 0.11798434765625 0.6002965859375 0.115091958984375 0.5858455703125 0.12499548046875 0.58362419140625 0.13807734765625 0.5684678828125 0.15501686328125 0.5426793984375 0.192348904296875 0.53626543359375 0.205150462890625 0.55617494921875 0.22054488671875 0.595570505859375 0.24644074609375 0.623752169921875 0.261241771484375 0.65155707421875 0.25381921875 0.6835786796875 0.221620912109375 0.706555025390625 0.19238394140625 0.717616705078125 0.17019540234375 0.68558455078125 0.1350515859375
1 0.58984375 0.283203125 0.009765625 0.009765625
1 0.5556640625 0.052734375 0.0126953125 0.009765625
1 0.4814453125 0.02734375 0.0263671875 0.0126953125