0 0.099609375 0.63671875 0.140625 0.173828125
0 0.3486328125 0.65234375 0.146484375 0.1845703125
1 0.16627219921875 0.47632589453125 0.1221505625 0.47669059765625 0.115345142578125 0.4897928125 0.11441718359375 0.50763919140625 0.13541666796875 0.5528549375 0.14656914453125 0.555523908203125 0.16927422265625 0.576046791015625 0.190723560546875 0.58135157421875 0.221509015625 0.5352783203125 0.22487273046875 0.48235104296875 0.20474921484375 0.47870551171875 0.16627219921875 0.47632589453125
1 0.064453125 0.439453125 0.0625 0.0517578125
1 0.1083984375 0.462890625 0.009765625 0.0126953125
0 0.109375 0.3115234375 0.173828125 0.212890625
1 0.2529296875 0.2646484375 0.0107421875 0.017578125
1 0.2685546875 0.36328125 0.0107421875 0.017578125
1 0.30859375 0.447265625 0.0361328125 0.0595703125
1 0.26953125 0.482421875 0.015625 0.0361328125
0 0.3701171875 0.353515625 0.125 0.125
1 0.412109375 0.2822265625 0.013671875 0.0185546875
1 0.486328125 0.291015625 0.041015625 0.0439453125
1 0.486328125 0.3232421875 0.009765625 0.015625
1 0.45703125 0.498046875 0.0810546875 0.099609375
1 0.537109375 0.4873046875 0.021484375 0.037109375
0 0.583984375 0.6181640625 0.150390625 0.208984375
1 0.6298828125 0.46875 0.0439453125 0.0390625
1 0.6787109375 0.509765625 0.0498046875 0.025390625
1 0.728515625 0.5048828125 0.017578125 0.013671875
1 0.7548828125 0.513671875 0.0283203125 0.03125
0 0.587890625 0.3115234375 0.1640625 0.2373046875
0 0.849609375 0.30859375 0.150390625 0.171875
1 0.90625 0.5068359375 0.0126953125 0.0107421875
0 0.8310546875 0.685546875 0.1904296875 0.2470703125