0 0.056640625 0.3681640625 0.1123046875 0.1533203125
1 0.046875 0.498046875 0.0419921875 0.0234375
0 0.0458984375 0.6630859375 0.091796875 0.126953125
1 0.0908203125 0.751953125 0.0234375 0.0341796875
1 0.2216796875 0.4716796875 0.0126953125 0.015625
1 0.1357421875 0.5029296875 0.009765625 0.0078125
1 0.16796875 0.509765625 0.021484375 0.0107421875
1 0.1611328125 0.5498046875 0.013671875 0.0126953125
1 0.2060546875 0.529296875 0.0078125 0.0126953125
1 0.2138671875 0.505859375 0.0205078125 0.015625
1 0.20194137109375 0.474721498046875 0.16705729296875 0.475988619140625 0.13496274609375 0.4792558828125 0.12847945703125 0.4835599921875 0.131731951171875 0.492240548828125 0.131712962890625 0.492901234375 0.15605016796875 0.50217255078125 0.16929253515625 0.508856578125 0.166660337890625 0.535198447265625 0.16768482421875 0.551152583984375 0.17811595703125 0.55487316796875 0.19791937890625 0.55380980078125 0.20228316796875 0.54125433984375 0.20284378515625 0.505618248046875 0.21636465625 0.49434558203125 0.2303295 0.487116609375 0.224406828125 0.48219039453125 0.20194137109375 0.474721498046875
1 0.2734375 0.498046875 0.013671875 0.0126953125
1 0.2978515625 0.501953125 0.025390625 0.017578125
1 0.3056640625 0.5283203125 0.015625 0.015625
0 0.2412109375 0.36328125 0.1220703125 0.154296875
0 0.2412109375 0.662109375 0.115234375 0.15625
1 0.3583984375 0.548828125 0.03125 0.0654296875
1 0.3974609375 0.634765625 0.029296875 0.046875
1 0.392578125 0.55078125 0.0205078125 0.017578125
1 0.3828125 0.505859375 0.0107421875 0.0185546875
1 0.4384765625 0.525390625 0.025390625 0.0185546875
1 0.4609375 0.52734375 0.015625 0.0126953125
1 0.46875 0.552734375 0.013671875 0.0205078125
1 0.455078125 0.5029296875 0.013671875 0.0126953125
1 0.4775390625 0.525390625 0.015625 0.0205078125
1 0.490234375 0.5244140625 0.0126953125 0.0126953125
1 0.498046875 0.498046875 0.017578125 0.015625
1 0.515625 0.4970703125 0.015625 0.013671875
0 0.4765625 0.65625 0.0859375 0.126953125
1 0.5380859375 0.6552734375 0.0107421875 0.0205078125
1 0.568359375 0.548828125 0.013671875 0.0126953125
1 0.60546875 0.525390625 0.0107421875 0.0107421875
1 0.59765625 0.5546875 0.0205078125 0.0185546875
1 0.615234375 0.5556640625 0.0078125 0.0107421875
1 0.625 0.5234375 0.021484375 0.017578125
1 0.6337890625 0.509765625 0.0078125 0.0107421875
1 0.64453125 0.49609375 0.0126953125 0.0126953125
1 0.642578125 0.52734375 0.013671875 0.009765625
1 0.6875 0.5283203125 0.017578125 0.009765625
1 0.7099609375 0.525390625 0.0126953125 0.0126953125
1 0.7138671875 0.4970703125 0.013671875 0.0263671875
1 0.7412109375 0.505859375 0.0234375 0.021484375
0 0.7109375 0.623046875 0.091796875 0.1455078125
1 0.7880859375 0.5224609375 0.015625 0.013671875
1 0.771484375 0.50390625 0.0126953125 0.013671875
1 0.767578125 0.484375 0.0078125 0.0126953125
1 0.7919921875 0.494140625 0.009765625 0.0126953125
1 0.814453125 0.5 0.015625 0.0126953125
1 0.822265625 0.525390625 0.013671875 0.0126953125
1 0.861328125 0.5244140625 0.013671875 0.0126953125
1 0.8447265625 0.498046875 0.0078125 0.015625
1 0.91015625 0.4970703125 0.015625 0.015625
1 0.9052734375 0.462890625 0.013671875 0.021484375
0 0.8935546875 0.369140625 0.1611328125 0.1611328125
1 0.9794921875 0.556640625 0.0390625 0.0439453125
0 0.92578125 0.6552734375 0.109375 0.1298828125
0 0.689453125 0.359375 0.095703125 0.1376953125
0 0.466796875 0.3798828125 0.1220703125 0.162109375