1 0.2255859375 0.87109375 0.052734375 0.041015625
0 0.263671875 0.9384765625 0.099609375 0.0625
1 0.396484375 0.939453125 0.0625 0.044921875
1 0.45703125 0.927734375 0.04296875 0.03515625
1 0.5517578125 0.9345703125 0.013671875 0.009765625
1 0.689453125 0.8974609375 0.017578125 0.017578125
1 0.6484375 0.7607421875 0.056640625 0.046875
0 0.49178361328125 0.829070498046875 0.509095505859375 0.8536453515625 0.547188103515625 0.873041744140625 0.579050390625 0.866699765625 0.599934998046875 0.868409818359375 0.615836173828125 0.867683212890625 0.622901998046875 0.863557404296875 0.60888269921875 0.8209535546875 0.606436564453125 0.7798410625 0.608403041015625 0.752407138671875 0.589811396484375 0.750701716796875 0.5603580859375 0.769169603515625 0.523420337890625 0.77115618359375 0.498540990234375 0.780662830078125 0.49178361328125 0.829070498046875
1 0.58984375 0.912109375 0.015625 0.01171875
1 0.4111328125 0.7587890625 0.021484375 0.015625
1 0.4375 0.7998046875 0.068359375 0.076171875
1 0.47832240625 0.72763158203125 0.4488845 0.725499353515625 0.448747375 0.726228236328125 0.4498686171875 0.733768498046875 0.5093506796875 0.77637140234375 0.530537009765625 0.7700126953125 0.5525126328125 0.770674833984375 0.588896734375 0.754869560546875 0.611333923828125 0.73830915625 0.598072447265625 0.733156681640625 0.571439462890625 0.732892255859375 0.53887025390625 0.7351633828125 0.522796578125 0.7376744375 0.47832240625 0.72763158203125
1 0.49104520703125 0.659425275390625 0.47402926171875 0.65631172265625 0.45172944140625 0.63580310546875 0.4315966953125 0.62494390234375 0.41307587890625 0.623001888671875 0.390915716796875 0.62886497265625 0.41272053125 0.668074267578125 0.40406576171875 0.717773412109375 0.40443351953125 0.716835740234375 0.455075203125 0.731360322265625 0.488563173828125 0.7351658828125 0.541111537109375 0.744186607421875 0.561717662109375 0.727201048828125 0.572358095703125 0.708113650390625 0.5564183359375 0.700078771484375 0.5435362265625 0.659682583984375 0.520173267578125 0.650019525390625 0.49104520703125 0.659425275390625
1 0.4912109375 0.65625 0.015625 0.013671875
1 0.549833076171875 0.5696672421875 0.52086553515625 0.56222299609375 0.483113208984375 0.54996256640625 0.44134025390625 0.54672758203125 0.4084405859375 0.55104951171875 0.3710351640625 0.5525237734375 0.36744542578125 0.572788349609375 0.387915642578125 0.62446179296875 0.413508302734375 0.62755877734375 0.43127141015625 0.619219333984375 0.44495279296875 0.62258961328125 0.486455794921875 0.6341240234375 0.50126101953125 0.62392123828125 0.513427314453125 0.602300671875 0.531837462890625 0.581271845703125 0.549833076171875 0.5696672421875
1 0.435546875 0.6240234375 0.021484375 0.015625
1 0.5205078125 0.5625 0.021484375 0.01953125
1 0.4912109375 0.607421875 0.02734375 0.015625
1 0.2451171875 0.6396484375 0.017578125 0.015625
1 0.340597318359375 0.68105812890625 0.345588884765625 0.670183759765625 0.33640994921875 0.646584728515625 0.317602208984375 0.63842196875 0.283924630859375 0.632209576171875 0.276193931640625 0.638966154296875 0.274942869140625 0.645465126953125 0.28799621875 0.656145595703125 0.304274119140625 0.665701642578125 0.312639498046875 0.67825753125 0.328083611328125 0.684874373046875 0.340597318359375 0.68105812890625
1 0.23828125 0.7294921875 0.015625 0.015625
0 0.342642822265625 0.682188287109375 0.322423091796875 0.684102591796875 0.305940390625 0.67172151953125 0.294450255859375 0.65693402734375 0.280167568359375 0.657062763671875 0.27284468359375 0.669633513671875 0.281066537109375 0.687774267578125 0.28054709765625 0.70708603515625 0.262787755859375 0.717959205078125 0.242630423828125 0.72972779296875 0.232407826171875 0.74184961328125 0.2266163203125 0.76847152734375 0.26395348046875 0.77972133984375 0.308485255859375 0.78060819140625 0.343035232421875 0.790377091796875 0.34761719140625 0.782022537109375 0.354317734375 0.744932134765625 0.354168349609375 0.695591529296875 0.342642822265625 0.682188287109375
1 0.3779296875 0.87890625 0.013671875 0.01171875
1 0.2880859375 0.8154296875 0.017578125 0.013671875
1 0.3017578125 0.62890625 0.015625 0.015625
1 0.24609375 0.578125 0.130859375 0.083984375
1 0.2734375 0.443359375 0.03125 0.025390625
0 0.332762416015625 0.58216273046875 0.357190087890625 0.568917837890625 0.374740916015625 0.55297558203125 0.401939615234375 0.553110658203125 0.40410780859375 0.53690516015625 0.3796085625 0.513348865234375 0.366791255859375 0.479973595703125 0.365200671875 0.4564139375 0.334182966796875 0.46173984765625 0.301826330078125 0.483074669921875 0.28340233203125 0.4983763046875 0.25826348828125 0.497525587890625 0.25045071484375 0.535325572265625 0.2869483828125 0.55846275 0.305565232421875 0.565945025390625 0.30440932421875 0.581498787109375 0.305820646484375 0.601127482421875 0.315142185546875 0.60555753515625 0.332762416015625 0.58216273046875
1 0.470703125 0.4677734375 0.033203125 0.033203125
1 0.553500677734375 0.471596974609375 0.581733396484375 0.46923197265625 0.608994953125 0.458395154296875 0.6056227890625 0.439583265625 0.57176274609375 0.420898564453125 0.549347515625 0.4130588046875 0.534970244140625 0.420674798828125 0.5198163515625 0.437756177734375 0.5114815234375 0.455313263671875 0.50556562109375 0.473770712890625 0.50617883203125 0.474229740234375 0.528515125 0.472099740234375 0.553500677734375 0.471596974609375
1 0.546875 0.404296875 0.03125 0.033203125
1 0.589671857421875 0.34598530078125 0.59429780859375 0.33533622265625 0.5866842734375 0.324610271484375 0.56278982421875 0.327144505859375 0.542176626953125 0.342230408203125 0.5199990625 0.346609685546875 0.476898966796875 0.344012927734375 0.472658525390625 0.34728794140625 0.47365423046875 0.361913431640625 0.476064427734375 0.38068930078125 0.464747466796875 0.397747072265625 0.452684029296875 0.415894146484375 0.46418000390625 0.43353421875 0.496887703125 0.451345373046875 0.51586280078125 0.45341168359375 0.51955167578125 0.41909226171875 0.530328970703125 0.4016095859375 0.539432490234375 0.386196212890625 0.561869126953125 0.3686783984375 0.57874619921875 0.3559896796875 0.589671857421875 0.34598530078125
1 0.658203125 0.447265625 0.021484375 0.01953125
1 0.6591796875 0.501953125 0.02734375 0.025390625
1 0.6396484375 0.5078125 0.017578125 0.013671875
1 0.6611328125 0.5283203125 0.01171875 0.013671875
1 0.6845703125 0.541015625 0.021484375 0.021484375
1 0.6748046875 0.4599609375 0.013671875 0.01171875
0 0.59295673828125 0.629296818359375 0.630834517578125 0.647261939453125 0.656756537109375 0.64415105078125 0.684677943359375 0.628908369140625 0.700659900390625 0.6121385859375 0.720226931640625 0.570654693359375 0.67928308203125 0.551148357421875 0.65983259375 0.52992756640625 0.616567984375 0.516874478515625 0.597113748046875 0.514375587890625 0.6010188828125 0.5378705078125 0.60310071875 0.554956779296875 0.554397154296875 0.552833958984375 0.570185392578125 0.59215411328125 0.574430181640625 0.625126744140625 0.59295673828125 0.629296818359375
1 0.589237685546875 0.637180501953125 0.5946726875 0.625302375 0.5755893984375 0.62107764453125 0.582888373046875 0.6087740078125 0.5903451015625 0.5974807109375 0.569926939453125 0.587861197265625 0.569459720703125 0.57660612890625 0.565852927734375 0.56559890234375 0.548125244140625 0.56053759765625 0.532385361328125 0.579802400390625 0.53867418359375 0.60042675390625 0.54873615625 0.6232798125 0.573691693359375 0.64042411328125 0.589237685546875 0.637180501953125
1 0.708984375 0.30859375 0.02734375 0.021484375
1 0.697265625 0.2822265625 0.013671875 0.01171875
1 0.6884765625 0.2646484375 0.0234375 0.021484375
1 0.7392578125 0.2705078125 0.015625 0.015625
1 0.7275390625 0.228515625 0.0234375 0.017578125
0 0.60416221484375 0.297181427734375 0.582843564453125 0.304884267578125 0.595097603515625 0.34273933984375 0.60356507421875 0.3661676328125 0.632905701171875 0.38491678515625 0.665059783203125 0.38768490234375 0.685549859375 0.38103234765625 0.7092490625 0.36124073046875 0.715567037109375 0.33569212109375 0.70801063671875 0.322513177734375 0.688905955078125 0.2957803046875 0.67526653125 0.29428730859375 0.63618284375 0.29666001171875 0.60416221484375 0.297181427734375
1 0.42863303515625 0.317563916015625 0.420310068359375 0.33775197265625 0.436101599609375 0.3638032109375 0.459841494140625 0.384031427734375 0.470827505859375 0.385501724609375 0.47518455859375 0.359320609375 0.485459015625 0.33616909375 0.502691990234375 0.320903951171875 0.517873884765625 0.312240796875 0.520628896484375 0.29143826953125 0.491137080078125 0.295319779296875 0.45840763671875 0.309252884765625 0.465511478515625 0.3251150703125 0.42863303515625 0.317563916015625
1 0.349609375 0.3544921875 0.025390625 0.025390625
1 0.3212890625 0.3662109375 0.013671875 0.0078125
1 0.310546875 0.3544921875 0.021484375 0.021484375
1 0.3916015625 0.3837890625 0.01171875 0.009765625
1 0.384765625 0.3486328125 0.029296875 0.0234375
1 0.4169921875 0.224609375 0.025390625 0.017578125
1 0.361328125 0.2431640625 0.021484375 0.015625
1 0.37109375 0.2314453125 0.015625 0.015625
1 0.3544921875 0.2216796875 0.01171875 0.01171875
1 0.2724609375 0.2861328125 0.01953125 0.015625
1 0.2841796875 0.203125 0.017578125 0.013671875
1 0.3271484375 0.1943359375 0.013671875 0.01171875
1 0.3916015625 0.181640625 0.01953125 0.013671875
1 0.3642578125 0.1650390625 0.01171875 0.009765625
1 0.41015625 0.154296875 0.013671875 0.01171875
0 0.3457409140625 0.320247087890625 0.341913052734375 0.339744107421875 0.36527521875 0.3345145 0.38332203515625 0.330535994140625 0.4107159296875 0.3397524140625 0.4165756484375 0.33362718359375 0.439435875 0.320559611328125 0.46039494140625 0.32176473046875 0.470661056640625 0.29182923828125 0.455117544921875 0.2677360625 0.429984857421875 0.237231083984375 0.40391879296875 0.22357822265625 0.3944583359375 0.2177463828125 0.37686508984375 0.225550841796875 0.373345078125 0.239933431640625 0.362457451171875 0.247374962890625 0.3543506328125 0.248853400390625 0.339392525390625 0.249292568359375 0.323464490234375 0.2534379453125 0.303464580078125 0.268376876953125 0.325113498046875 0.290246767578125 0.334578611328125 0.31193246484375 0.3457409140625 0.320247087890625
1 0.5634765625 0.173828125 0.021484375 0.021484375
1 0.521484375 0.1279296875 0.048828125 0.037109375
1 0.580078125 0.0751953125 0.013671875 0.015625
1 0.3486328125 0.0380859375 0.021484375 0.017578125
0 0.346572716796875 0 0.33332541796875 0.02745148828125 0.3331799921875 0.028013234375 0.3579986640625 0.033540255859375 0.340106521484375 0.063723150390625 0.342800583984375 0.09892066015625 0.3566807578125 0.118964634765625 0.423748341796875 0.13530025 0.463413615234375 0.126016291015625 0.50531984375 0.103947265625 0.52393127734375 0.09412314453125 0.51722198828125 0.066695005859375 0.47757771875 0.02434194140625 0.447985724609375 0.0061053125 0.431857478515625 0.005490484375 0.4185247265625 0.003927091796875 0.414538908203125 0 0.346572716796875 0
1 0.7578125 0.2001953125 0.021484375 0.015625
1 0.81640625 0.2021484375 0.017578125 0.013671875
1 0.83203125 0.1767578125 0.015625 0.015625
1 0.744140625 0.1787109375 0.013671875 0.01171875
0 0.758000353515625 0.135975306640625 0.7725861875 0.111495900390625 0.76054891796875 0.10392794140625 0.73355720703125 0.087207474609375 0.737819087890625 0.0627820546875 0.682058466796875 0.04809486328125 0.65375233203125 0.0661204609375 0.6303842265625 0.1142051640625 0.6328297890625 0.138819623046875 0.6885325234375 0.168913923828125 0.727189953125 0.16428130078125 0.758352177734375 0.134397421875 0.758000353515625 0.135975306640625
1 0.73452112890625 0.087975236328125 0.74223166796875 0.094333865234375 0.765476197265625 0.107318171875 0.791802869140625 0.106369146484375 0.857820072265625 0.0973381484375 0.879438005859375 0.089780068359375 0.887068525390625 0.071103658203125 0.84446220703125 0.062047404296875 0.757669322265625 0.0435990078125 0.738354919921875 0.07011262890625 0.73452112890625 0.087975236328125
1 0.8916015625 0.177734375 0.017578125 0.01171875
0 0.5263671875 0.98828125 0.099609375 0.0234375
1 0.33203125 0.4345703125 0.0234375 0.017578125
1 0.2978515625 0.4267578125 0.01953125 0.015625
1 0.2802734375 0.3505859375 0.013671875 0.0078125
1 0.298828125 0.3056640625 0.013671875 0.009765625
1 0.3369140625 0.3173828125 0.017578125 0.013671875
1 0.15625 0.4755859375 0.02734375 0.025390625
1 0.0595703125 0.212890625 0.025390625 0.04296875
1 0.0869140625 0.09765625 0.03125 0.0390625
1 0.923828125 0.6953125 0.01953125 0.013671875
1 0.9404296875 0.6962890625 0.013671875 0.009765625
1 0.916015625 0.708984375 0.015625 0.015625
1 0.8955078125 0.6611328125 0.013671875 0.01171875
1 0.984375 0.5888671875 0.01171875 0.01171875
1 0.9814453125 0.607421875 0.015625 0.015625
1 0.6767578125 0.640625 0.01171875 0.01171875
1 0.736328125 0.423828125 0.013671875 0.01171875
1 0.6455078125 0.392578125 0.013671875 0.01171875