0 0.02734375 0.322265625 0.0546875 0.1669921875
1 0.0712890625 0.380859375 0.048828125 0.1201171875
1 0.119140625 0.427734375 0.029296875 0.029296875
0 0.1953125 0.3212890625 0.150390625 0.189453125
1 0.318359375 0.3369140625 0.0078125 0.0078125
1 0.384765625 0.2822265625 0.015625 0.021484375
1 0.2666015625 0.537109375 0.013671875 0.015625
1 0.271484375 0.498046875 0.025390625 0.033203125
0 0.1923828125 0.607421875 0.107421875 0.099609375
1 0.2392578125 0.662109375 0.0107421875 0.0205078125
1 0.1884765625 0.66796875 0.0107421875 0.013671875
1 0.2255859375 0.705078125 0.015625 0.0205078125
0 0.0224609375 0.6162109375 0.044921875 0.1015625
0 0.50567451171875 0.3421116796875 0.50554591015625 0.28262308203125 0.49322032421875 0.2405063125 0.47120748046875 0.232097693359375 0.428907857421875 0.230145908203125 0.4096127109375 0.246250482421875 0.395280751953125 0.26685206640625 0.38318122265625 0.29766133984375 0.371924630859375 0.317619919921875 0.3607112421875 0.35024701953125 0.363873013671875 0.381843974609375 0.384624966796875 0.4076217421875 0.42111143359375 0.42496409765625 0.465099947265625 0.4183840234375 0.50044909765625 0.38470132421875 0.50567451171875 0.3421116796875
1 0.537109375 0.3642578125 0.005859375 0.0078125
0 0.634765625 0.3271484375 0.1357421875 0.201171875
0 0.859375 0.30859375 0.181640625 0.1875
1 0.9765625 0.6376953125 0.0185546875 0.0185546875
0 0.82667120703125 0.54951265625 0.81275016796875 0.56490992578125 0.81208104296875 0.594509548828125 0.82324118359375 0.61992696484375 0.8609935625 0.64766857421875 0.890751591796875 0.64247095703125 0.91734583984375 0.5950815546875 0.91566096875 0.54571357421875 0.855304984375 0.5155218515625 0.84695296484375 0.53246233203125 0.82667120703125 0.54951265625
1 0.755859375 0.4931640625 0.0419921875 0.0498046875
1 0.7080078125 0.525390625 0.009765625 0.0234375
1 0.606786908203125 0.49268716796875 0.60038298828125 0.55639816015625 0.60380397265625 0.605675046875 0.60840446484375 0.62527327734375 0.61406390625 0.62736169921875 0.619407873046875 0.6224654921875 0.622511373046875 0.613467453125 0.63356601953125 0.58123955078125 0.645534939453125 0.564671478515625 0.65341977734375 0.537383990234375 0.64816321875 0.520186310546875 0.6198780703125 0.50205761328125 0.606786908203125 0.49268716796875
0 0.6860401796875 0.55165600390625 0.65791779296875 0.5352995859375 0.64683903125 0.555898490234375 0.62820296484375 0.5919000234375 0.61428393359375 0.6304240078125 0.61191787890625 0.674426921875 0.62796887109375 0.68977194921875 0.656905060546875 0.698156453125 0.702862775390625 0.6786479765625 0.72072723828125 0.644133390625 0.720715181640625 0.611592025390625 0.705929099609375 0.571689599609375 0.6860401796875 0.55165600390625
1 0.556640625 0.52734375 0.0126953125 0.0126953125
1 0.498046875 0.52734375 0.0107421875 0.015625
1 0.470703125 0.560546875 0.021484375 0.0390625
0 0.455329298828125 0.52651186328125 0.420727638671875 0.526420771484375 0.38197056640625 0.55037937109375 0.35998283984375 0.58643984765625 0.361127185546875 0.6085471328125 0.39231991796875 0.654638470703125 0.4238632890625 0.67064659375 0.47037760546875 0.656074513671875 0.473944267578125 0.627861369140625 0.47034645703125 0.59120879296875 0.46524060546875 0.56095812890625 0.455329298828125 0.52651186328125
1 0.390625 0.677734375 0.0107421875 0.0126953125
1 0.310546875 0.5478515625 0.005859375 0.0078125
1 0.021484375 0.767578125 0.013671875 0.013671875
1 0.115234375 0.6923828125 0.0078125 0.0126953125