1 0.8759765625 0.232421875 0.0390625 0.052734375
0 0.9423828125 0.271484375 0.0625 0.099609375
1 0.94140625 0.404296875 0.044921875 0.0625
1 0.9287109375 0.46484375 0.03515625 0.041015625
1 0.93359375 0.55859375 0.009765625 0.013671875
1 0.89453125 0.6962890625 0.017578125 0.017578125
1 0.7587890625 0.65234375 0.046875 0.056640625
0 0.768075212890625 0.56504655078125 0.749096109375 0.594173064453125 0.750476802734375 0.612791642578125 0.7779408671875 0.61130425390625 0.81900440625 0.61446752734375 0.86135709765625 0.62922823046875 0.86560559375 0.62223548828125 0.8666096015625 0.606349416015625 0.865264296875 0.58543814453125 0.872161380859375 0.553691392578125 0.853432751953125 0.51526608203125 0.829163775390625 0.4975279375 0.780645546875 0.503439455078125 0.77070614453125 0.528149099609375 0.768075212890625 0.56504655078125
1 0.9111328125 0.59765625 0.01171875 0.015625
1 0.759765625 0.416015625 0.015625 0.021484375
1 0.80078125 0.4423828125 0.07421875 0.068359375
1 0.75327928125 0.59333128125 0.76971713671875 0.5572285625 0.769438626953125 0.535244728515625 0.7761661171875 0.5141726015625 0.734607806640625 0.453956076171875 0.727088263671875 0.452703408203125 0.72635709765625 0.45282779296875 0.72797523828125 0.482298427734375 0.7372403828125 0.52694109765625 0.734449185546875 0.542968501953125 0.73160999609375 0.575493111328125 0.7314095703125 0.602126654296875 0.736329814453125 0.61547603515625 0.75327928125 0.59333128125
1 0.66957190625 0.415667125 0.63074912890625 0.393181333984375 0.624500189453125 0.415235796875 0.62611867578125 0.433787685546875 0.636624859375 0.454106884765625 0.65674116796875 0.476761232421875 0.659557275390625 0.49382892578125 0.649644603515625 0.522788396484375 0.658898451171875 0.54631644140625 0.6990636640625 0.559901599609375 0.706819130859375 0.575979158203125 0.72608932421875 0.56567346875 0.743431921875 0.545366919921875 0.73532966796875 0.492669125 0.73210912890625 0.45911983984375 0.718470580078125 0.408232380859375 0.71941452734375 0.40788104296875 0.66957190625 0.415667125
1 0.65625 0.4931640625 0.013671875 0.015625
1 0.568786923828125 0.55104134765625 0.580703828125 0.53325100390625 0.602050751953125 0.515210662109375 0.623880357421875 0.50342355078125 0.634339974609375 0.48879864453125 0.6235316484375 0.44710066015625 0.620400654296875 0.43336254296875 0.629048837890625 0.41574768359375 0.626398978515625 0.39010487109375 0.575090658203125 0.3687359453125 0.554766521484375 0.37197147265625 0.552639669921875 0.40934546875 0.54774421875 0.442164697265625 0.550249671875 0.483987748046875 0.561849365234375 0.521948296875 0.568786923828125 0.55104134765625
1 0.625 0.4375 0.015625 0.021484375
1 0.5615234375 0.521484375 0.01953125 0.021484375
1 0.607421875 0.4931640625 0.015625 0.02734375
1 0.6435546875 0.2470703125 0.015625 0.017578125
1 0.6878465703125 0.331336296875 0.6815002734375 0.315779056640625 0.66909229296875 0.307195822265625 0.6598217890625 0.290753623046875 0.649370759765625 0.27751586328125 0.642850943359375 0.2786533125 0.635960474609375 0.286264916015625 0.64158416796875 0.32004578515625 0.649417443359375 0.33899312109375 0.672852685546875 0.34858251953125 0.683812513671875 0.34378149609375 0.6878465703125 0.331336296875
1 0.734375 0.2421875 0.015625 0.015625
0 0.7341845234375 0.24667892578125 0.72206593359375 0.266627796875 0.7108844765625 0.284194669921875 0.691566583984375 0.28437699609375 0.673572083984375 0.275839794921875 0.660875447265625 0.282942173828125 0.66049746484375 0.2972204375 0.675082173828125 0.308966900390625 0.687173697265625 0.325663169921875 0.68490680078125 0.345846412109375 0.698106853515625 0.357604103515625 0.7474373359375 0.358614578125 0.78463903125 0.352562373046875 0.79307227734375 0.34812691796875 0.783907845703125 0.313411712890625 0.78379831640625 0.2688712421875 0.773201841796875 0.23134343359375 0.74648290625 0.236669439453125 0.7341845234375 0.24667892578125
1 0.8818359375 0.3837890625 0.01171875 0.013671875
1 0.8193359375 0.2939453125 0.01171875 0.017578125
1 0.6318359375 0.3046875 0.015625 0.015625
1 0.58203125 0.2470703125 0.08203125 0.130859375
1 0.447265625 0.2724609375 0.025390625 0.03125
0 0.48653585546875 0.301561125 0.464639580078125 0.333540490234375 0.4587731484375 0.364460521484375 0.482301458984375 0.36646203515625 0.515447951171875 0.379859869140625 0.538573087890625 0.40476649609375 0.554813958984375 0.402881458984375 0.5551535859375 0.375684544921875 0.571399716796875 0.358414619140625 0.5850689140625 0.33422182421875 0.608767671875 0.317012572265625 0.6045009765625 0.307615138671875 0.58489990234375 0.305861462890625 0.569328337890625 0.306745744140625 0.562172109375 0.2880011484375 0.539675427734375 0.25110523828125 0.50174484765625 0.25825712109375 0.502156703125 0.283406984375 0.48653585546875 0.301561125
1 0.46875 0.470703125 0.033203125 0.033203125
1 0.43774909375 0.60455228515625 0.456499267578125 0.608252248046875 0.46781021484375 0.58118397265625 0.470667583984375 0.552996828125 0.47160633203125 0.52802385546875 0.474125830078125 0.50572813671875 0.47367757421875 0.5051070078125 0.455119689453125 0.510699884765625 0.437419814453125 0.518727029296875 0.420076564453125 0.533580501953125 0.412210814453125 0.547822666015625 0.4196581796875 0.570371306640625 0.43774909375 0.60455228515625
1 0.4033203125 0.5458984375 0.033203125 0.03125
1 0.418763359375 0.518136662109375 0.45314193359375 0.515047306640625 0.451407099609375 0.49603903515625 0.434169486328125 0.46302547265625 0.416732734375 0.451223384765625 0.39837788671875 0.46296827734375 0.38112520703125 0.473985814453125 0.36239426171875 0.47124830078125 0.347788373046875 0.46999749609375 0.344439853515625 0.47418013671875 0.346284015625 0.517318986328125 0.341518353515625 0.539416744140625 0.326074998046875 0.559763515625 0.323124134765625 0.583610099609375 0.333715578125 0.591409666015625 0.34444376953125 0.5869702734375 0.35463730078125 0.57622087890625 0.367618634765625 0.559567826171875 0.385525353515625 0.537440333984375 0.4010952578125 0.528607203125 0.418763359375 0.518136662109375
1 0.4453125 0.6572265625 0.01953125 0.021484375
1 0.4990234375 0.6591796875 0.025390625 0.02734375
1 0.5048828125 0.640625 0.013671875 0.017578125
1 0.525390625 0.6611328125 0.013671875 0.01171875
1 0.5380859375 0.685546875 0.021484375 0.021484375
1 0.45703125 0.6748046875 0.01171875 0.013671875
0 0.627654806640625 0.59519912109375 0.623808701171875 0.576602607421875 0.590915173828125 0.571783013671875 0.55187655078125 0.55531094921875 0.5531490546875 0.604044142578125 0.536101716796875 0.6016644296875 0.512678529296875 0.597349845703125 0.514837517578125 0.61684473046875 0.527133544921875 0.66033055859375 0.54801164453125 0.680148439453125 0.56680044140625 0.721426484375 0.6086195078125 0.702586427734375 0.625665662109375 0.686899576171875 0.641393318359375 0.6592484453125 0.6449561328125 0.633384666015625 0.627654806640625 0.59519912109375
1 0.564439619140625 0.5669877578125 0.57538222265625 0.570786103515625 0.586627423828125 0.571449677734375 0.595889125 0.592032615234375 0.607310837890625 0.5847741171875 0.61973998828125 0.577690982421875 0.6236310234375 0.59684509765625 0.635602197265625 0.591618224609375 0.63911662890625 0.576131208984375 0.62241047265625 0.550880263671875 0.5997365 0.54042098046875 0.57922504296875 0.533773173828125 0.559688474609375 0.54917444140625 0.564439619140625 0.5669877578125
1 0.3056640625 0.7060546875 0.01953125 0.02734375
1 0.279296875 0.693359375 0.01171875 0.013671875
1 0.26171875 0.6845703125 0.021484375 0.0234375
1 0.2666015625 0.7353515625 0.015625 0.015625
1 0.224609375 0.72265625 0.015625 0.0234375
0 0.35760996484375 0.706795509765625 0.37781217578125 0.683445328125 0.384821318359375 0.663074474609375 0.3826147890625 0.630876978515625 0.364380556640625 0.601213603515625 0.341103609375 0.592338541015625 0.303468166015625 0.579425708984375 0.2953944375 0.600606677734375 0.29431426171875 0.632613330078125 0.29125981640625 0.671649654296875 0.292514544921875 0.68531305859375 0.318909923828125 0.7048813828125 0.331954982421875 0.712666638671875 0.35760996484375 0.706795509765625
1 0.32088424609375 0.499565923828125 0.336447822265625 0.482601986328125 0.359775125 0.47273314453125 0.386028294921875 0.468833677734375 0.384749953125 0.4578236796875 0.364939134765625 0.433734369140625 0.33916746484375 0.4174905859375 0.3188372265625 0.42545995703125 0.325743615234375 0.462464568359375 0.310007822265625 0.455084974609375 0.2955056328125 0.487566267578125 0.29111001171875 0.516985849609375 0.311957451171875 0.5145943125 0.32088424609375 0.499565923828125
1 0.3564453125 0.3466796875 0.0234375 0.025390625
1 0.369140625 0.318359375 0.0078125 0.013671875
1 0.3583984375 0.3076171875 0.021484375 0.021484375
1 0.3857421875 0.3896484375 0.009765625 0.01171875
1 0.3505859375 0.3818359375 0.021484375 0.02734375
1 0.2265625 0.412109375 0.017578125 0.025390625
1 0.2451171875 0.3564453125 0.015625 0.021484375
1 0.2333984375 0.3671875 0.015625 0.015625
1 0.2236328125 0.349609375 0.01171875 0.01171875
1 0.2900390625 0.2685546875 0.015625 0.01953125
1 0.20703125 0.279296875 0.013671875 0.017578125
1 0.1982421875 0.322265625 0.01171875 0.013671875
1 0.18359375 0.38671875 0.013671875 0.01953125
1 0.1669921875 0.3583984375 0.009765625 0.01171875
1 0.15625 0.4033203125 0.01171875 0.013671875
0 0.314848109375 0.33132157421875 0.293330904296875 0.321479435546875 0.271842171875 0.2994521328125 0.25655646875 0.31918827734375 0.25213373828125 0.3350415390625 0.25143358203125 0.349989705078125 0.249813888671875 0.358069484375 0.242183474609375 0.368825580078125 0.227741642578125 0.372094046875 0.219631326171875 0.38954840625 0.225297169921875 0.399109201171875 0.238493037109375 0.425409572265625 0.268554744140625 0.451070814453125 0.292372978515625 0.467032443359375 0.322483080078125 0.45729033984375 0.321643931640625 0.436313431640625 0.335108478515625 0.413684748046875 0.34133504296875 0.407932822265625 0.332598115234375 0.380382251953125 0.3368909765625 0.3624076171875 0.34252751171875 0.339140279296875 0.32296665625 0.342627287109375 0.314848109375 0.33132157421875
1 0.1728515625 0.5576171875 0.021484375 0.021484375
1 0.1279296875 0.5146484375 0.037109375 0.048828125
1 0.0732421875 0.5732421875 0.015625 0.013671875
1 0.041015625 0.3408203125 0.017578125 0.021484375
0 0 0.404178068359375 0.0054245859375 0.40987946875 0.00675505078125 0.423237474609375 0.00708830859375 0.439373994140625 0.024805708984375 0.469279755859375 0.066460435546875 0.509657150390625 0.093767302734375 0.516844103515625 0.1039147421875 0.4984069609375 0.12671176953125 0.456892271484375 0.1366865703125 0.41739506640625 0.12152393359375 0.3500526015625 0.101725255859375 0.3358247265625 0.066580123046875 0.33251679296875 0.036089564453125 0.3498794453125 0.03099653125 0.324968095703125 0.03043233203125 0.325103693359375 0 0.33914003125 0 0.404178068359375
1 0.1962890625 0.751953125 0.015625 0.021484375
1 0.1962890625 0.810546875 0.01171875 0.017578125
1 0.1708984375 0.8271484375 0.015625 0.015625
1 0.173828125 0.73828125 0.01171875 0.013671875
0 0.083194208984375 0.726317412109375 0.099441060546875 0.75359682421875 0.106797787109375 0.76576433984375 0.1315280234375 0.751607951171875 0.12994423828125 0.75193218359375 0.160367421875 0.721296251953125 0.16567400390625 0.682725560546875 0.136556431640625 0.626506091796875 0.111988404296875 0.6236313203125 0.0635031953125 0.646156671875 0.04498633203125 0.67414390625 0.05869812890625 0.730152361328125 0.083194208984375 0.726317412109375
1 0.09115465625 0.85073815625 0.101336435546875 0.78488862109375 0.10274478125 0.758582521484375 0.090168125 0.73511492578125 0.08394503125 0.7272945859375 0.066018236328125 0.730816048828125 0.0391715703125 0.749664783203125 0.056102412109375 0.836766416015625 0.064413703125 0.87952430078125 0.08322044140625 0.872220890625 0.09115465625 0.85073815625
1 0.1708984375 0.88671875 0.009765625 0.017578125
1 0.21484375 0.9970703125 0.0078125 0.005859375
0 0.98828125 0.5341796875 0.0234375 0.099609375
1 0.4375 0.3310546875 0.015625 0.0234375
1 0.4306640625 0.296875 0.015625 0.01953125
1 0.3544921875 0.27734375 0.0078125 0.013671875
1 0.30859375 0.294921875 0.009765625 0.013671875
1 0.3203125 0.333984375 0.01171875 0.017578125
1 0.482421875 0.15625 0.025390625 0.02734375
1 0.220703125 0.0546875 0.041015625 0.025390625
1 0.10546875 0.080078125 0.0390625 0.03125
1 0.6875 0.9267578125 0.015625 0.01953125
1 0.6884765625 0.943359375 0.009765625 0.013671875
1 0.7021484375 0.9189453125 0.015625 0.015625
1 0.654296875 0.8974609375 0.01171875 0.013671875
1 0.580078125 0.9853515625 0.01171875 0.01171875
1 0.5986328125 0.9833984375 0.015625 0.015625
1 0.6376953125 0.6796875 0.01171875 0.01171875
1 0.4189453125 0.734375 0.01171875 0.013671875
1 0.3896484375 0.6435546875 0.01171875 0.013671875