1 0.015625 0.4326171875 0.021484375 0.0234375
1 0.0888671875 0.439453125 0.009765625 0.013671875
1 0.115234375 0.447265625 0.009765625 0.0234375
0 0.08203125 0.3515625 0.1640625 0.15625
1 0.0791015625 0.2421875 0.0078125 0.009765625
1 0.1318359375 0.22265625 0.017578125 0.01953125
0 0.3095703125 0.3291015625 0.169921875 0.2265625
1 0.328125 0.44921875 0.009765625 0.0078125
1 0.3564453125 0.41796875 0.0078125 0.01171875
0 0.5615234375 0.30859375 0.1484375 0.193359375
0 0.7890625 0.3125 0.162109375 0.185546875
0 0.970703125 0.318359375 0.05078125 0.109375
1 0.953125 0.421875 0.005859375 0.005859375
1 0.9716796875 0.4462890625 0.01953125 0.021484375
0 0.9560546875 0.6005859375 0.087890625 0.158203125
0 0.7998046875 0.6220703125 0.173828125 0.208984375
1 0.7666015625 0.46484375 0.02734375 0.025390625
0 0.55078125 0.6162109375 0.14453125 0.17578125
1 0.51953125 0.75390625 0.01953125 0.0234375
0 0.3271484375 0.62109375 0.11328125 0.140625
1 0.3701171875 0.6123046875 0.005859375 0.009765625
0 0.09765625 0.6279296875 0.134765625 0.177734375
1 0.171875 0.48046875 0.013671875 0.01953125
1 0.0517578125 0.7978515625 0.029296875 0.0234375
1 0.0439453125 0.9931640625 0.025390625 0.013671875
1 0.326171875 0.494140625 0.013671875 0.021484375