1 0.12890625 0.4658203125 0.009765625 0.009765625
1 0.0751953125 0.5244140625 0.013671875 0.01953125
0 0.206148880859375 0.472953072265625 0.2101803125 0.44173865625 0.211978556640625 0.3981132578125 0.205987677734375 0.36626509375 0.189365111328125 0.339035427734375 0.16525172265625 0.309233240234375 0.1502924453125 0.313602865234375 0.10103734765625 0.352553744140625 0.096651884765625 0.38789752734375 0.088442068359375 0.432629193359375 0.09249820703125 0.4515412578125 0.1201348984375 0.45605205078125 0.155175330078125 0.473205080078125 0.194803626953125 0.487625828125 0.206148880859375 0.472953072265625
1 0.2392578125 0.43359375 0.01953125 0.03515625
1 0.1591796875 0.525390625 0.009765625 0.015625
1 0.2314453125 0.47265625 0.009765625 0.0078125
1 0.23046875 0.5107421875 0.03125 0.04296875
1 0.2666015625 0.5185546875 0.052734375 0.0625
1 0.1748046875 0.55859375 0.005859375 0.013671875
1 0.0654296875 0.673828125 0.037109375 0.03515625
0 0.1923828125 0.7099609375 0.119140625 0.18359375
1 0.255859375 0.6865234375 0.017578125 0.02734375
1 0.26953125 0.6806640625 0.013671875 0.021484375
1 0.291015625 0.708984375 0.0078125 0.009765625
1 0.306640625 0.6533203125 0.005859375 0.01171875
1 0.322265625 0.62109375 0.01171875 0.021484375
0 0.3916015625 0.6884765625 0.1171875 0.1484375
1 0.4013671875 0.591796875 0.033203125 0.041015625
1 0.431640625 0.5400390625 0.01171875 0.013671875
1 0.369140625 0.51953125 0.01171875 0.01171875
1 0.4384765625 0.5126953125 0.005859375 0.01171875
1 0.447265625 0.515625 0.01171875 0.013671875
1 0.4755859375 0.5009765625 0.013671875 0.015625
1 0.4990234375 0.55078125 0.0078125 0.013671875
1 0.4189453125 0.509765625 0.005859375 0.01953125
0 0.349609375 0.384765625 0.126953125 0.15625
0 0.623046875 0.6865234375 0.126953125 0.15625
1 0.572265625 0.4892578125 0.033203125 0.033203125
0 0.5732421875 0.3564453125 0.158203125 0.201171875
1 0.6708984375 0.4580078125 0.044921875 0.0703125
1 0.654296875 0.49609375 0.01171875 0.009765625
1 0.7470703125 0.4990234375 0.029296875 0.015625
0 0.81640625 0.6787109375 0.177734375 0.201171875
0 0.9736328125 0.6796875 0.052734375 0.12109375
1 0.9189453125 0.51171875 0.033203125 0.04296875
0 0.9560546875 0.3798828125 0.083984375 0.13671875
1 0.9296875 0.291015625 0.013671875 0.015625
0 0.79296875 0.373046875 0.142578125 0.16015625
1 0.830078125 0.4951171875 0.01171875 0.01171875
1 0.9072265625 0.486328125 0.01171875 0.013671875
1 0.626953125 0.455078125 0.009765625 0.013671875
1 0.474609375 0.6396484375 0.0078125 0.013671875
1 0.021484375 0.0849609375 0.04296875 0.041015625
1 0.888671875 0.029296875 0.02734375 0.029296875
1 0.943359375 0.220703125 0.025390625 0.0390625