0 0.6005859375 0.8955078125 0.1875 0.171875
0 0.6083984375 0.6845703125 0.171875 0.123046875
0 0.578125 0.462890625 0.142578125 0.126953125
0 0.541015625 0.2412109375 0.177734375 0.142578125
1 0.5244140625 0.1708984375 0.01953125 0.017578125
1 0.4296875 0.2939453125 0.015625 0.015625
0 0.53515625 0.048828125 0.1484375 0.09765625
0 0.2490234375 0.048828125 0.087890625 0.068359375
1 0.33984375 0.0859375 0.009765625 0.005859375
1 0.310546875 0.0625 0.013671875 0.015625
1 0.1982421875 0.177734375 0.013671875 0.01171875
0 0.2529296875 0.2470703125 0.158203125 0.119140625
1 0.3349609375 0.22265625 0.01171875 0.0078125
1 0.3330078125 0.263671875 0.0078125 0.01171875
1 0.353515625 0.240234375 0.009765625 0.005859375
1 0.353515625 0.326171875 0.029296875 0.02734375
1 0.34765625 0.3974609375 0.01171875 0.0078125
0 0.2724609375 0.46484375 0.162109375 0.123046875
0 0.30859375 0.71484375 0.19921875 0.15234375
1 0.2734375 0.7890625 0.009765625 0.009765625
0 0.2998046875 0.9384765625 0.189453125 0.123046875
1 0.4267578125 0.9931640625 0.009765625 0.01171875
1 0.453125 0.984375 0.013671875 0.01171875
1 0.4521484375 0.9697265625 0.005859375 0.009765625