0 0.1455078125 0.3466796875 0.123046875 0.1591796875
1 0.009765625 0.505859375 0.017578125 0.021484375
1 0.0322265625 0.5166015625 0.013671875 0.03125
1 0.060546875 0.5478515625 0.0283203125 0.0361328125
1 0.095703125 0.5439453125 0.037109375 0.0234375
1 0.107421875 0.5146484375 0.0126953125 0.015625
1 0.1806640625 0.5439453125 0.0126953125 0.017578125
0 0.166015625 0.6650390625 0.146484375 0.177734375
1 0.251953125 0.416015625 0.041015625 0.072265625
1 0.247997142578125 0.532154224609375 0.253922828125 0.511487669921875 0.2566837265625 0.4797614453125 0.243649330078125 0.45726433984375 0.22277229296875 0.407684703125 0.21445191796875 0.381705326171875 0.20014407421875 0.4064790703125 0.18161801953125 0.4440164453125 0.154453607421875 0.480934927734375 0.141444830078125 0.50811591796875 0.139600212890625 0.54007322265625 0.158290533203125 0.556349263671875 0.19695517578125 0.58304197265625 0.224223572265625 0.586234888671875 0.231968255859375 0.5728724609375 0.24193733203125 0.543913162109375 0.247997142578125 0.532154224609375
1 0.2470703125 0.552734375 0.0205078125 0.0361328125
1 0.2890625 0.501953125 0.0654296875 0.1953125
1 0.328125 0.509765625 0.017578125 0.0205078125
1 0.3466796875 0.470703125 0.0576171875 0.0625
1 0.3720703125 0.501953125 0.0107421875 0.017578125
0 0.38671875 0.3408203125 0.1328125 0.1845703125
1 0.4580078125 0.4951171875 0.107421875 0.181640625
1 0.509765625 0.5009765625 0.009765625 0.017578125
1 0.521484375 0.5361328125 0.0234375 0.025390625
1 0.521484375 0.505859375 0.017578125 0.0263671875
1 0.5517578125 0.5078125 0.0439453125 0.0419921875
1 0.6279296875 0.5263671875 0.015625 0.0234375
0 0.39453125 0.6474609375 0.138671875 0.15625
0 0.6357421875 0.6416015625 0.140625 0.1640625
1 0.7021484375 0.4892578125 0.013671875 0.0185546875
1 0.6962890625 0.5302734375 0.0185546875 0.015625
1 0.6875 0.51953125 0.0185546875 0.013671875
1 0.759765625 0.4853515625 0.013671875 0.0126953125
1 0.7939453125 0.517578125 0.013671875 0.0126953125
1 0.802734375 0.4970703125 0.0107421875 0.0126953125
1 0.8310546875 0.5224609375 0.013671875 0.015625
0 0.8623046875 0.640625 0.15625 0.1826171875
1 0.90234375 0.76953125 0.060546875 0.0859375
1 0.970703125 0.482421875 0.025390625 0.021484375
1 0.9736328125 0.5244140625 0.0126953125 0.0126953125
1 0.984375 0.5146484375 0.0107421875 0.015625
1 0.943359375 0.501953125 0.0107421875 0.015625
0 0.81640625 0.345703125 0.125 0.130859375
0 0.6279296875 0.3095703125 0.109375 0.1142578125