0 0.111328125 0.7412109375 0.205078125 0.19921875
0 0.388671875 0.701171875 0.173828125 0.21875
1 0.48828125 0.791015625 0.009765625 0.01171875
1 0.5380859375 0.66015625 0.013671875 0.009765625
0 0.646484375 0.703125 0.1875 0.224609375
0 0.8701171875 0.6572265625 0.158203125 0.16796875
0 0.84375 0.34375 0.107421875 0.185546875
1 0.7880859375 0.466796875 0.052734375 0.052734375
1 0.9189453125 0.4501953125 0.03125 0.041015625
1 0.78515625 0.212890625 0.04296875 0.037109375
0 0.6484375 0.3388671875 0.103515625 0.19140625
0 0.3720703125 0.3583984375 0.13671875 0.177734375
0 0.1240234375 0.3818359375 0.134765625 0.17578125
1 0.0498046875 0.455078125 0.0234375 0.037109375
1 0.056640625 0.486328125 0.021484375 0.017578125