0 0.3642578125 0.607421875 0.140625 0.0986328125
1 0.419921875 0.771484375 0.0419921875 0.0283203125
1 0.4091796875 0.751953125 0.0078125 0.009765625
1 0.5341796875 0.623046875 0.009765625 0.0107421875
1 0.546875 0.61328125 0.0126953125 0.009765625
1 0.5087890625 0.603515625 0.0126953125 0.0107421875
1 0.509765625 0.5908203125 0.015625 0.009765625
1 0.458984375 0.5947265625 0.0126953125 0.009765625
1 0.458984375 0.529296875 0.0185546875 0.0126953125
1 0.517578125 0.5458984375 0.009765625 0.005859375
1 0.533203125 0.572265625 0.015625 0.0126953125
0 0.7109375 0.646484375 0.099609375 0.087890625
1 0.4619140625 0.466796875 0.015625 0.015625
1 0.4912109375 0.439453125 0.017578125 0.009765625
1 0.4306640625 0.375 0.009765625 0.009765625
1 0.49609375 0.4150390625 0.0126953125 0.021484375
1 0.4716796875 0.3515625 0.0185546875 0.013671875
1 0.4765625 0.2802734375 0.015625 0.0107421875
0 0.35966194140625 0.371505171875 0.3999361015625 0.3653844765625 0.42810450390625 0.35354817578125 0.472839505859375 0.32291666796875 0.45227020703125 0.284082935546875 0.44531491015625 0.267397279296875 0.405184220703125 0.24364420703125 0.353045427734375 0.2309045859375 0.316391783203125 0.244601779296875 0.31375626953125 0.313846390625 0.3360616796875 0.35795355859375 0.35966194140625 0.371505171875
1 0.7255859375 0.4541015625 0.015625 0.0126953125
1 0.6630859375 0.271484375 0.0234375 0.0185546875
0 0.77506242578125 0.31774851953125 0.74259607421875 0.29307022265625 0.713993109375 0.271481361328125 0.66739138671875 0.282467689453125 0.58955171875 0.29584719921875 0.579903978515625 0.30632716015625 0.568545578125 0.35063014453125 0.579277048828125 0.384648076171875 0.62057130859375 0.421856916015625 0.656808609375 0.4357357578125 0.726044078125 0.431988248046875 0.76606706640625 0.39835612109375 0.788596322265625 0.35307355859375 0.77506242578125 0.31774851953125
1 0.64453125 0.2373046875 0.0185546875 0.0126953125
0 0.673828125 0.1171875 0.140625 0.115234375
1 0.8046875 0.197265625 0.0341796875 0.025390625
1 0.8330078125 0.154296875 0.0205078125 0.013671875
1 0.787109375 0.115234375 0.0126953125 0.015625
1 0.818359375 0.0361328125 0.0185546875 0.015625
0 0.40625 0.0859375 0.1484375 0.1376953125
1 0.099609375 0.7236328125 0.025390625 0.0234375
1 0.056640625 0.7744140625 0.037109375 0.025390625