0 0.05859375 0.43359375 0.1171875 0.1875
1 0.1630859375 0.5693359375 0.1171875 0.154296875
1 0.2216796875 0.3212890625 0.0234375 0.0234375
1 0.31640625 0.4287109375 0.021484375 0.033203125
1 0.2880859375 0.3701171875 0.01171875 0.017578125
1 0.3271484375 0.5361328125 0.126953125 0.119140625
0 0.2722175390625 0.364432455078125 0.236557974609375 0.331988884765625 0.212261751953125 0.353940634765625 0.183496208984375 0.379662494140625 0.18927241796875 0.4303563828125 0.20697945703125 0.472059150390625 0.241279392578125 0.519309068359375 0.266329982421875 0.5162332421875 0.29869908984375 0.48862344140625 0.3094454921875 0.46856133203125 0.30261566796875 0.412773658203125 0.32338000390625 0.394673697265625 0.313686462890625 0.3728868984375 0.2722175390625 0.364432455078125
1 0.494140625 0.533203125 0.05078125 0.0625
1 0.4541015625 0.5595703125 0.015625 0.01953125
1 0.416015625 0.56640625 0.02734375 0.025390625
1 0.4140625 0.646484375 0.1015625 0.15625
0 0.5009765625 0.7060546875 0.111328125 0.166015625
1 0.544921875 0.689453125 0.021484375 0.021484375
1 0.5673828125 0.68359375 0.015625 0.017578125
1 0.5400390625 0.5517578125 0.015625 0.017578125
1 0.5576171875 0.43359375 0.04296875 0.0546875
1 0.5908203125 0.52734375 0.046875 0.05078125
1 0.3095703125 0.6396484375 0.021484375 0.0234375
0 0.267578125 0.76171875 0.1484375 0.185546875
1 0.3310546875 0.71484375 0.015625 0.01953125
1 0.14453125 0.7587890625 0.119140625 0.1953125
0 0.0634765625 0.763671875 0.083984375 0.142578125
0 0.4490826640625 0.487167615234375 0.47492146875 0.48217905078125 0.51991006640625 0.439417404296875 0.53122829296875 0.4052964453125 0.514461212890625 0.39022658203125 0.480889537109375 0.36614363671875 0.44206465234375 0.353384322265625 0.423033162109375 0.3545868828125 0.425110916015625 0.414607560546875 0.425608673828125 0.458310091796875 0.43327012109375 0.4843050625 0.4490826640625 0.487167615234375
1 0.440059150390625 0.33615122265625 0.46548398046875 0.364629525390625 0.49938196484375 0.393540259765625 0.546487294921875 0.407926326171875 0.553586578125 0.39000955078125 0.54045206640625 0.341596908203125 0.49858708203125 0.29214166796875 0.438099943359375 0.29264939453125 0.440059150390625 0.33615122265625
1 0.59375 0.3173828125 0.01171875 0.01953125
0 0.6669921875 0.3984375 0.12890625 0.154296875
1 0.75 0.51953125 0.0390625 0.04296875
1 0.736328125 0.541015625 0.017578125 0.01953125
1 0.763671875 0.263671875 0.181640625 0.2109375
1 0.91796875 0.3291015625 0.021484375 0.021484375
0 0.82087375390625 0.402904033203125 0.830087791015625 0.433636357421875 0.8647905546875 0.459519060546875 0.91700899609375 0.452789193359375 0.94015546484375 0.405105787109375 0.946243224609375 0.366333748046875 0.931272123046875 0.34014671484375 0.90543259765625 0.324836734375 0.882128998046875 0.2975932578125 0.840459 0.33880046484375 0.8282316953125 0.363317677734375 0.82087375390625 0.402904033203125
1 0.8515625 0.2802734375 0.01171875 0.013671875
1 0.8583984375 0.2978515625 0.01171875 0.013671875
1 0.9765625 0.4365234375 0.046875 0.06640625
1 0.8623046875 0.5009765625 0.013671875 0.015625
1 0.8193359375 0.517578125 0.017578125 0.0234375
1 0.919921875 0.509765625 0.02734375 0.044921875
1 0.966796875 0.50390625 0.037109375 0.0625
0 0.939453125 0.6591796875 0.12109375 0.146484375
0 0.73046875 0.6728515625 0.115234375 0.146484375
1 0.8427734375 0.7080078125 0.0078125 0.015625
1 0.9443359375 0.5498046875 0.01171875 0.013671875
1 0.8876953125 0.533203125 0.01171875 0.013671875
1 0.7421875 0.46875 0.013671875 0.02734375
1 0.642578125 0.609375 0.013671875 0.017578125
1 0.9970703125 0.5146484375 0.005859375 0.017578125
1 0.01953125 0.6083984375 0.017578125 0.021484375
1 0.03125 0.5986328125 0.01171875 0.013671875
1 0.107421875 0.58203125 0.01953125 0.015625