0 0.3701171875 0.0400390625 0.126953125 0.07421875
1 0.326171875 0.0791015625 0.01953125 0.013671875
1 0.3916015625 0.1064453125 0.017578125 0.009765625
1 0.482421875 0.1318359375 0.044921875 0.037109375
1 0.48492986328125 0.0353522578125 0.46940762109375 0.068302974609375 0.468854150390625 0.0678781171875 0.484462935546875 0.10994973046875 0.51222783984375 0.1333089140625 0.5269713125 0.139893146484375 0.536252734375 0.133018669921875 0.54783844140625 0.112147173828125 0.545786033203125 0.083408869140625 0.523905216796875 0.0557029375 0.494942447265625 0.0304790234375 0.48492986328125 0.0353522578125
0 0.6552734375 0.021484375 0.126953125 0.04296875
0 0.642578125 0.189453125 0.16796875 0.126953125
1 0.6826171875 0.31640625 0.013671875 0.01171875
1 0.501953125 0.21875 0.0390625 0.029296875
0 0.3701171875 0.216796875 0.13671875 0.123046875
1 0.5068359375 0.2607421875 0.01171875 0.009765625
1 0.5693359375 0.380859375 0.01953125 0.017578125
1 0.6279296875 0.4697265625 0.0234375 0.021484375
0 0.67484376953125 0.442003943359375 0.707302375 0.434155880859375 0.725372919921875 0.4148143125 0.730118232421875 0.401062869140625 0.738312501953125 0.371630234375 0.7352291796875 0.3527363046875 0.697766111328125 0.334951458984375 0.649833685546875 0.319831814453125 0.641679783203125 0.327372705078125 0.6306279453125 0.34095212890625 0.59463179296875 0.352194330078125 0.59783674609375 0.394401015625 0.602892630859375 0.40638699609375 0.62176401953125 0.426313109375 0.641192310546875 0.439818580078125 0.67484376953125 0.442003943359375
1 0.5162453359375 0.381070263671875 0.531850037109375 0.386349634765625 0.559794119140625 0.37595273046875 0.58186387109375 0.36291866015625 0.60502080859375 0.350357310546875 0.624461765625 0.342507849609375 0.64144197265625 0.332107171875 0.64293035546875 0.3211149140625 0.630567802734375 0.304242052734375 0.603789103515625 0.292933861328125 0.575358302734375 0.295800166015625 0.543936859375 0.3163835703125 0.54504462890625 0.316471521484375 0.533300408203125 0.3364492578125 0.52527226171875 0.36674808984375 0.5162453359375 0.381070263671875
1 0.5312517890625 0.359499982421875 0.534466740234375 0.355133529296875 0.53420068359375 0.339402560546875 0.531900578125 0.313655087890625 0.520434720703125 0.304332087890625 0.501886447265625 0.29610010546875 0.472690310546875 0.291273841796875 0.45547185546875 0.291686138671875 0.45568741015625 0.30069441015625 0.470367681640625 0.311255818359375 0.483271171875 0.324196642578125 0.502283880859375 0.343104625 0.52024719921875 0.357106783203125 0.5312517890625 0.359499982421875
1 0.46484375 0.3154296875 0.021484375 0.013671875
1 0.52734375 0.3017578125 0.015625 0.015625
1 0.472254177734375 0.324417494140625 0.44144982421875 0.349807138671875 0.41073186328125 0.359596748046875 0.400287380859375 0.366940771484375 0.40918880078125 0.383137095703125 0.438815626953125 0.389673619140625 0.45109 0.406735591796875 0.477424955078125 0.426364498046875 0.49664684375 0.4446854140625 0.52216604296875 0.4498141640625 0.53371590234375 0.439344947265625 0.54961520703125 0.4264893828125 0.57238820703125 0.418696189453125 0.585604537109375 0.407572587890625 0.57348012890625 0.39147160546875 0.539827599609375 0.387509322265625 0.520095345703125 0.371889671875 0.52118909765625 0.36042235546875 0.502446896484375 0.338728341796875 0.483457666015625 0.32314784765625 0.472254177734375 0.324417494140625
1 0.515625 0.4716796875 0.013671875 0.015625
1 0.3232421875 0.466796875 0.01953125 0.015625
0 0.34512803515625 0.446274337890625 0.366519921875 0.46128183984375 0.3962237109375 0.47547796484375 0.412092220703125 0.474791205078125 0.428608345703125 0.46670794140625 0.444193576171875 0.4486658046875 0.4588845234375 0.422745451171875 0.44439504296875 0.398000115234375 0.418440345703125 0.377132298828125 0.394200681640625 0.35849485546875 0.377170826171875 0.36040373828125 0.352090921875 0.369704322265625 0.33388309765625 0.38510186328125 0.33179912109375 0.413524984375 0.332652244140625 0.429803552734375 0.34512803515625 0.446274337890625
1 0.4775390625 0.5400390625 0.044921875 0.064453125
1 0.5322265625 0.5234375 0.09765625 0.072265625
1 0.734375 0.5380859375 0.01953125 0.01953125
1 0.6630859375 0.662109375 0.021484375 0.015625
0 0.745987900390625 0.609712869140625 0.75785050390625 0.597062068359375 0.755202171875 0.582523265625 0.736786658203125 0.5668900703125 0.710377220703125 0.5536723671875 0.686184517578125 0.542006810546875 0.663783376953125 0.538811935546875 0.6202721953125 0.550146912109375 0.598864314453125 0.558273759765625 0.6209939765625 0.5913326640625 0.6400446328125 0.6272342421875 0.66989371484375 0.628278791015625 0.7083498671875 0.639183248046875 0.730790720703125 0.635418673828125 0.745987900390625 0.609712869140625
1 0.59870274609375 0.62199643359375 0.644519595703125 0.620274373046875 0.64877878125 0.60813183984375 0.625231345703125 0.588218763671875 0.6086412265625 0.567361572265625 0.591181826171875 0.532077203125 0.5812455546875 0.527838587890625 0.571501681640625 0.53858779296875 0.56053348828125 0.571242119140625 0.562097267578125 0.591520689453125 0.563546076171875 0.61622848046875 0.58499678515625 0.62072497265625 0.59870274609375 0.62199643359375
1 0.5234375 0.6083984375 0.08984375 0.103515625
1 0.6279296875 0.65625 0.033203125 0.02734375
1 0.66379271875 0.644324201171875 0.680463498046875 0.636945884765625 0.669963568359375 0.6260986171875 0.629234998046875 0.628647361328125 0.587087859375 0.620743283203125 0.562484228515625 0.6282181640625 0.5603979140625 0.627801201171875 0.56113351953125 0.63881385546875 0.56824706640625 0.652714580078125 0.574195439453125 0.66989530078125 0.581355701171875 0.677402125 0.602191943359375 0.6711818125 0.626389955078125 0.651791892578125 0.66379271875 0.644324201171875
1 0.6273893828125 0.73352115234375 0.636009744140625 0.718611357421875 0.602906634765625 0.678570306640625 0.579709822265625 0.665203478515625 0.54789591015625 0.634384939453125 0.526829384765625 0.6190491328125 0.512199953125 0.6222141796875 0.483223224609375 0.65730970703125 0.44591137109375 0.69424213671875 0.453479615234375 0.721800615234375 0.48622191796875 0.743698072265625 0.53128087890625 0.747671494140625 0.59252923046875 0.744526119140625 0.6273893828125 0.73352115234375
1 0.3525390625 0.7451171875 0.021484375 0.017578125
1 0.4013671875 0.75390625 0.0625 0.029296875
1 0.353515625 0.6005859375 0.013671875 0.013671875
0 0.440379228515625 0.580303072265625 0.414283595703125 0.570539119140625 0.39017646875 0.570700115234375 0.371852142578125 0.572817185546875 0.357764091796875 0.58311609375 0.358533470703125 0.602605529296875 0.34104604296875 0.61490370703125 0.359016994140625 0.62977131640625 0.3940449140625 0.6370275859375 0.431456263671875 0.628082404296875 0.448384240234375 0.620399728515625 0.457810158203125 0.6102353671875 0.456062416015625 0.5983103046875 0.440379228515625 0.580303072265625
0 0.681640625 0.7880859375 0.171875 0.13671875
0 0.435600943359375 0.7542195 0.415689544921875 0.76155826171875 0.389134345703125 0.769891484375 0.365927150390625 0.7780096328125 0.36578142578125 0.797891103515625 0.379025494140625 0.82049803125 0.419601361328125 0.832024828125 0.449213896484375 0.834545232421875 0.458981865234375 0.834276658203125 0.464160228515625 0.8284140234375 0.476301318359375 0.81111377734375 0.497161703125 0.770194763671875 0.49720819921875 0.770102912109375 0.489963990234375 0.760936697265625 0.46594251171875 0.75230792578125 0.435600943359375 0.7542195
1 0.541015625 0.7646484375 0.025390625 0.02734375
1 0.5495157421875 0.77863237109375 0.546247568359375 0.77276872265625 0.510934283203125 0.7742923125 0.495295287109375 0.787450015625 0.4896038828125 0.813585748046875 0.4593028671875 0.831561546875 0.427076392578125 0.834048408203125 0.422722162109375 0.8408355703125 0.434914111328125 0.8495002734375 0.482570451171875 0.863671197265625 0.52042951171875 0.8834544765625 0.56245372265625 0.8941674140625 0.59149670703125 0.880291392578125 0.612482791015625 0.8764695 0.62329870703125 0.874513908203125 0.6240611875 0.869193953125 0.609883611328125 0.854201109375 0.589204486328125 0.822846556640625 0.56667103125 0.802959568359375 0.5495157421875 0.77863237109375
0 0.6826171875 0.955078125 0.099609375 0.078125
1 0.5947265625 0.9912109375 0.021484375 0.01171875
1 0.51171875 0.990234375 0.033203125 0.01953125
1 0.3525390625 0.93359375 0.10546875 0.046875
0 0.43351648828125 1 0.440184751953125 0.98790740234375 0.4367169375 0.9627711953125 0.434751697265625 0.93572494140625 0.434720603515625 0.93432536328125 0.418635978515625 0.933134419921875 0.390328380859375 0.942152564453125 0.358632560546875 0.9531524140625 0.33898035546875 0.96552330078125 0.323074314453125 0.977328876953125 0.322034771484375 0.990521658203125 0.32881747265625 1 0.43351648828125 1
1 0.39453125 0.875 0.01953125 0.013671875
1 0.3828125 0.845703125 0.015625 0.01171875
1 0.408203125 0.68359375 0.01171875 0.009765625