0 0.1513671875 0.4619140625 0.091796875 0.12890625
0 0.3818359375 0.396484375 0.08984375 0.111328125
0 0.61328125 0.4189453125 0.111328125 0.134765625
0 0.8671875 0.3984375 0.14453125 0.119140625
0 0.845703125 0.7216796875 0.12890625 0.185546875
0 0.6181640625 0.7705078125 0.119140625 0.146484375
0 0.4052734375 0.73828125 0.109375 0.146484375
0 0.15625 0.751953125 0.09375 0.162109375
1 0.275390625 0.5771484375 0.052734375 0.076171875
1 0.3525390625 0.5849609375 0.033203125 0.0546875
1 0.4150390625 0.5966796875 0.07421875 0.0546875
1 0.609375 0.568359375 0.02734375 0.060546875
1 0.896484375 0.5615234375 0.06640625 0.056640625
1 0.6796875 0.625 0.03125 0.05078125
1 0.7158203125 0.56640625 0.02734375 0.03515625
1 0.2265625 0.4296875 0.0234375 0.015625
1 0.255859375 0.447265625 0.0234375 0.044921875
1 0.755859375 0.4765625 0.029296875 0.033203125
1 0.162109375 0.595703125 0.05078125 0.03515625
1 0.2578125 0.78515625 0.04296875 0.056640625
1 0.70703125 0.806640625 0.021484375 0.025390625
1 0.7421875 0.7294921875 0.052734375 0.05078125
1 0.66796875 0.5390625 0.0234375 0.029296875
1 0.513671875 0.5908203125 0.01953125 0.029296875
1 0.6474609375 0.5966796875 0.03515625 0.04296875
1 0.2314453125 0.6357421875 0.03515625 0.05078125
1 0.3076171875 0.7021484375 0.021484375 0.02734375