1 0.0830078125 0.3486328125 0.009765625 0.0107421875
1 0.123046875 0.384765625 0.0107421875 0.013671875
1 0.06640625 0.349609375 0.0126953125 0.0126953125
0 0 0.417745037109375 0.00347724609375 0.42652472265625 0.04375040234375 0.43513562109375 0.065752193359375 0.425921908203125 0.0912734296875 0.389170203125 0.08865218359375 0.37233555078125 0.077295123046875 0.3567547578125 0.062105154296875 0.35659266796875 0.05425347265625 0.34138294140625 0.03934280859375 0.33808084765625 0.011288740234375 0.338280447265625 0.003825875 0.35012109765625 0 0.387434091796875 0 0.417745037109375
1 0.017578125 0.5439453125 0.03515625 0.072265625
0 0.021484375 0.6630859375 0.0419921875 0.1669921875
1 0.2001953125 0.560546875 0.0126953125 0.0205078125
1 0.1494140625 0.5244140625 0.0078125 0.0078125
1 0.123046875 0.53125 0.0078125 0.0078125
0 0.197265625 0.650390625 0.1455078125 0.1640625
0 0.287910115234375 0.347353501953125 0.256924349609375 0.339794185546875 0.24271194921875 0.32767087890625 0.22093621484375 0.282235939453125 0.220700111328125 0.28153801171875 0.20301046484375 0.290648576171875 0.177930291015625 0.309343921875 0.150078166015625 0.3481371640625 0.15224428515625 0.39644820703125 0.183292341796875 0.444577064453125 0.229379662109375 0.46173455859375 0.27100513671875 0.449540251953125 0.293444974609375 0.416065189453125 0.30129565234375 0.369565275390625 0.287910115234375 0.347353501953125
1 0.3466796875 0.474609375 0.017578125 0.0283203125
1 0.2890625 0.533203125 0.0078125 0.009765625
1 0.333984375 0.521484375 0.0048828125 0.009765625
1 0.30859375 0.529296875 0.009765625 0.0078125
1 0.309413580078125 0.629286693359375 0.344379943359375 0.622954443359375 0.382487984375 0.603526341796875 0.398978025390625 0.584683642578125 0.3976498203125 0.56351808984375 0.376127267578125 0.543496548828125 0.350777833984375 0.52044753125 0.34220578515625 0.522343052734375 0.3064668125 0.53515223046875 0.30560780078125 0.561248822265625 0.30537571484375 0.60170717578125 0.31013997265625 0.6285539375 0.309413580078125 0.629286693359375
1 0.279296875 0.625 0.0078125 0.0126953125
1 0.447265625 0.5234375 0.005859375 0.0078125
1 0.4658203125 0.5341796875 0.029296875 0.0390625
1 0.5478515625 0.560546875 0.0361328125 0.087890625
1 0.498046875 0.693359375 0.0439453125 0.109375
0 0.46811704296875 0.74347484765625 0.47446972265625 0.713388953125 0.472582908203125 0.676191166015625 0.489328140625 0.63033559375 0.484945666015625 0.60702803515625 0.436311447265625 0.59150886328125 0.40593553125 0.588812263671875 0.371670443359375 0.632283361328125 0.357398767578125 0.66276711328125 0.368232380859375 0.69341563671875 0.4119003984375 0.72288666015625 0.447392216796875 0.7593302578125 0.45640639453125 0.764850642578125 0.46811704296875 0.74347484765625
1 0.580078125 0.6767578125 0.0078125 0.013671875
1 0.5302734375 0.6708984375 0.0078125 0.009765625
1 0.587890625 0.525390625 0.0107421875 0.015625
1 0.619140625 0.525390625 0.0126953125 0.0126953125
1 0.63786008203125 0.51577503515625 0.638710052734375 0.513474955078125 0.617074974609375 0.538177029296875 0.59571719140625 0.570151748046875 0.5905259375 0.5993602109375 0.60097274609375 0.60914994921875 0.622580697265625 0.61589747265625 0.64323619921875 0.606894076171875 0.65558891015625 0.60045599609375 0.656864873046875 0.586344736328125 0.65392312890625 0.555799361328125 0.63786008203125 0.51577503515625
0 0.7218585234375 0.63767119921875 0.70208715234375 0.595212833984375 0.6632748203125 0.56162524609375 0.658658251953125 0.567183212890625 0.654203439453125 0.581666880859375 0.64800548046875 0.60494630859375 0.6210183984375 0.622975876953125 0.600648228515625 0.65957352734375 0.601708181640625 0.711530939453125 0.631015103515625 0.73337164453125 0.671713244140625 0.75665107421875 0.71384809765625 0.7350394375 0.730785228515625 0.67506992578125 0.7218585234375 0.63767119921875
1 0.59765625 0.390625 0.0107421875 0.013671875
1 0.7119140625 0.40234375 0.0107421875 0.015625
0 0.67046139453125 0.284421484375 0.63400205859375 0.26424723046875 0.62562592578125 0.280191052734375 0.604930234375 0.313746490234375 0.60562347265625 0.360725978515625 0.614101080078125 0.412592298828125 0.64624626171875 0.432617857421875 0.67768514453125 0.437041189453125 0.693051939453125 0.416762447265625 0.706683626953125 0.38295516796875 0.71677577734375 0.333450546875 0.699101201171875 0.307927302734375 0.67046139453125 0.284421484375
0 0.4560546875 0.3798828125 0.099609375 0.1484375
1 0.369140625 0.3623046875 0.005859375 0.0078125
1 0.743460447265625 0.470963005859375 0.73311511328125 0.491714623046875 0.7510569375 0.56040487890625 0.76693512109375 0.58695558984375 0.80264294921875 0.566972896484375 0.803366328125 0.548403474609375 0.77865387109375 0.51280516015625 0.78051657421875 0.498253171875 0.801939662109375 0.48971461328125 0.80821196484375 0.452094853515625 0.796885046875 0.44356969140625 0.756086435546875 0.461463958984375 0.743460447265625 0.470963005859375
1 0.832237212890625 0.492613490234375 0.79672128125 0.49039914453125 0.781009287109375 0.49676694921875 0.77898341015625 0.512976626953125 0.79647312109375 0.53417834765625 0.817212013671875 0.53772960546875 0.83642578125 0.52726203515625 0.84434779296875 0.50140791015625 0.832237212890625 0.492613490234375
0 0.87109375 0.3896484375 0.1201171875 0.1640625
1 0.954034248046875 0.378216361328125 0.97172087890625 0.37151036328125 0.98339441796875 0.3564426328125 0.99964132421875 0.3501907578125 0.987561888671875 0.33497433203125 0.953739873046875 0.331804859375 0.93060780078125 0.337354787109375 0.930063255859375 0.346591275390625 0.93045408203125 0.34550352734375 0.94423144921875 0.37063158984375 0.954034248046875 0.378216361328125
1 0.921875 0.294921875 0.015625 0.0205078125
1 0.990234375 0.548828125 0.0185546875 0.0263671875
1 0.923828125 0.529296875 0.009765625 0.009765625
1 0.904296875 0.744140625 0.013671875 0.017578125
0 0.93867448828125 0.690835583984375 0.93134223046875 0.661882984375 0.9191241484375 0.6120099765625 0.902263375 0.5775034296875 0.856055490234375 0.585409701171875 0.8194846328125 0.60915262890625 0.78871889453125 0.633736818359375 0.7894322265625 0.648592892578125 0.803473830078125 0.69997294140625 0.820947466796875 0.75166243359375 0.83556375390625 0.76006435546875 0.870950078125 0.746850619140625 0.890387892578125 0.73556723828125 0.92275109375 0.72108491015625 0.93867448828125 0.690835583984375
1 0.69140625 0.533203125 0.0078125 0.009765625