0 0.119228787109375 0.308917763671875 0.083488181640625 0.343001 0.067159017578125 0.38396689453125 0.068110712890625 0.41550473828125 0.091380931640625 0.457995755859375 0.121467873046875 0.47279941796875 0.168794986328125 0.4658821015625 0.194931595703125 0.452710564453125 0.195220947265625 0.41922562109375 0.19083319921875 0.391506619140625 0.173035798828125 0.37590723828125 0.1553050859375 0.34717399609375 0.150173611328125 0.297453703125 0.119228787109375 0.308917763671875
1 0.1787109375 0.482421875 0.0185546875 0.021484375
1 0.090523048828125 0.561633451171875 0.090248390625 0.572007919921875 0.100240072265625 0.595003857421875 0.114833125 0.59435130859375 0.139056169921875 0.58649359765625 0.148492884765625 0.56203432421875 0.155419244140625 0.52426034375 0.1484375 0.51041666796875 0.135233560546875 0.519213263671875 0.11558476171875 0.542524173828125 0.090523048828125 0.561633451171875
0 0.085069443359375 0.569058642578125 0.054226345703125 0.585574302734375 0.03462388671875 0.627806111328125 0.041724310546875 0.686282310546875 0.07802892578125 0.731936607421875 0.10697654296875 0.732515310546875 0.141343857421875 0.715181326171875 0.17929868359375 0.70134819921875 0.195695666015625 0.6749267578125 0.1907823359375 0.6211389609375 0.17041015625 0.57573935546875 0.15128128515625 0.578661505859375 0.127029984375 0.59568051953125 0.10290301171875 0.59543336328125 0.085069443359375 0.569058642578125
1 0.326282642578125 0.55745442578125 0.3446112734375 0.56214283203125 0.36125013671875 0.555545005859375 0.362157751953125 0.5280912421875 0.351799859375 0.50902868359375 0.326388888671875 0.4972993828125 0.326101798828125 0.518681279296875 0.33345314453125 0.544905296875 0.325023509765625 0.55056273046875 0.326282642578125 0.55745442578125
1 0.308777986328125 0.5676254453125 0.31813783984375 0.560703607421875 0.323825412109375 0.56911289453125 0.32548014453125 0.57578305859375 0.33015950390625 0.57044512109375 0.324731896484375 0.55096962890625 0.332000732421875 0.54463704296875 0.331984908203125 0.534166123046875 0.32465277734375 0.52391975390625 0.30510796484375 0.543821736328125 0.301896837890625 0.561413423828125 0.308777986328125 0.5676254453125
0 0.25913944921875 0.598616236328125 0.2413228359375 0.62944125 0.257210060546875 0.71834460546875 0.298936630859375 0.760265962890625 0.33859705078125 0.75273980078125 0.366455078125 0.731654791015625 0.4066128203125 0.6933458125 0.421530263671875 0.623196072265625 0.406114365234375 0.58856728515625 0.3549318671875 0.56435516796875 0.324439154296875 0.561764564453125 0.30626989453125 0.56354437890625 0.30179398046875 0.55787037109375 0.25913944921875 0.598616236328125
0 0.26945665234375 0.3495038828125 0.27107408203125 0.396395458984375 0.292717828125 0.453007451171875 0.313918501953125 0.47946656640625 0.367953830078125 0.47852617578125 0.399029767578125 0.453326943359375 0.41154197265625 0.39784824609375 0.389056169921875 0.380875953125 0.3648817265625 0.37792366015625 0.357931630859375 0.36548755859375 0.34484298046875 0.334034107421875 0.32535016015625 0.320606373046875 0.26945665234375 0.3495038828125
1 0.4267578125 0.37890625 0.025390625 0.0439453125
1 0.5087890625 0.5009765625 0.009765625 0.009765625
1 0.544921875 0.5166015625 0.0185546875 0.017578125
1 0.505859375 0.5224609375 0.0205078125 0.0126953125
1 0.45630787109375 0.46682098828125 0.455754033203125 0.509456681640625 0.44181993359375 0.536756728515625 0.444667109375 0.551165544921875 0.471835666015625 0.56619827734375 0.501286259765625 0.57854244921875 0.52889788671875 0.59301004296875 0.528753208984375 0.57706253515625 0.519855640625 0.55900065234375 0.49894205859375 0.543643904296875 0.48371265625 0.52179783984375 0.478216099609375 0.486935462890625 0.46745921875 0.46713746484375 0.45630787109375 0.46682098828125
1 0.5859375 0.54296875 0.0185546875 0.025390625
1 0.55098922265625 0.55818684765625 0.558450205078125 0.582454728515625 0.56070624609375 0.57873384375 0.574208578125 0.565278982421875 0.5770229765625 0.54637767578125 0.577320240234375 0.5294792265625 0.568459970703125 0.52928632421875 0.55875537890625 0.54783046484375 0.55098922265625 0.55818684765625
1 0.567535400390625 0.53603485546875 0.55886049609375 0.527468833984375 0.532641375 0.538097994140625 0.51156051171875 0.54305012890625 0.515816017578125 0.549913193359375 0.51960471875 0.559635115234375 0.5349821875 0.59088059375 0.55211498046875 0.576031720703125 0.559740984375 0.55116253125 0.567535400390625 0.53603485546875
0 0.541015625 0.4072265625 0.103515625 0.162109375
0 0.52734375 0.6650390625 0.099609375 0.142578125
1 0.630859375 0.6171875 0.025390625 0.03125
1 0.6494140625 0.416015625 0.009765625 0.013671875
1 0.64572256640625 0.417588974609375 0.63744212890625 0.40702160546875 0.63752576953125 0.4073787734375 0.622011537109375 0.4304952734375 0.595496283203125 0.45702673046875 0.5859058515625 0.48186426953125 0.58240650390625 0.51035035546875 0.60580218359375 0.52991174609375 0.62588387890625 0.532533998046875 0.63723641796875 0.531887478515625 0.6591378671875 0.50844696484375 0.678214744140625 0.47420548828125 0.67440569921875 0.458964783203125 0.65325927734375 0.439465181640625 0.64572256640625 0.417588974609375
1 0.6875 0.4326171875 0.009765625 0.0126953125
1 0.7236328125 0.4921875 0.0390625 0.0625
1 0.69270833203125 0.44483024609375 0.685516357421875 0.462397822265625 0.6719066484375 0.50146936328125 0.65950294921875 0.53017698828125 0.664745189453125 0.557237412109375 0.6900770390625 0.573519482421875 0.70324480859375 0.60277566796875 0.71175469140625 0.598667474609375 0.710688837890625 0.5744312421875 0.705426251953125 0.534710166015625 0.70270792578125 0.5059814453125 0.7066616484375 0.47766866796875 0.706971345703125 0.45568094140625 0.69270833203125 0.44483024609375
1 0.693359375 0.615234375 0.0283203125 0.03125
0 0.804910166015625 0.662769458984375 0.796500876953125 0.637570228515625 0.78470866015625 0.618946216796875 0.759548611328125 0.59837962890625 0.758712203125 0.600376458984375 0.74418357421875 0.605117609375 0.716750533203125 0.627590603515625 0.69658745703125 0.63008927734375 0.68794080859375 0.6399694375 0.683028609375 0.66605330078125 0.68871505078125 0.70591001171875 0.70586141015625 0.727016119140625 0.741424560546875 0.74573507421875 0.76159780859375 0.737958744140625 0.784284802734375 0.71953516796875 0.80461403125 0.69074315234375 0.804910166015625 0.662769458984375
0 0.719191939453125 0.3853925546875 0.693832962890625 0.3903356484375 0.692092330078125 0.41765830078125 0.707344337890625 0.450923212890625 0.731491654296875 0.45955705078125 0.753879123046875 0.45955705078125 0.79748761328125 0.456402814453125 0.80043764453125 0.40141993359375 0.79359492578125 0.356874818359375 0.771765814453125 0.332659685546875 0.75931690234375 0.332139755859375 0.720775462890625 0.344135802734375 0.719191939453125 0.3853925546875
1 0.7021484375 0.373046875 0.017578125 0.0283203125
1 0.8671875 0.45703125 0.015625 0.0107421875
1 0.869140625 0.5234375 0.009765625 0.0126953125
1 0.8837890625 0.5283203125 0.0107421875 0.015625
0 0.943359375 0.421875 0.0986328125 0.1328125
1 0.986328125 0.513671875 0.0126953125 0.0205078125
1 0.947265625 0.5302734375 0.0126953125 0.017578125
1 0.93375425 0.54735725390625 0.92126351953125 0.547655646484375 0.93113991015625 0.5620584375 0.95122273828125 0.573894736328125 0.966559515625 0.580355419921875 0.98725721484375 0.57298900390625 0.980168095703125 0.54221221484375 0.977155896484375 0.52901656640625 0.959780091796875 0.5177469140625 0.95434909375 0.526294849609375 0.95338157421875 0.542891890625 0.93375425 0.54735725390625
0 0.9296875 0.638671875 0.1123046875 0.119140625
1 0.177881310546875 0.38547242578125 0.20771619921875 0.38803590234375 0.21480080078125 0.41814356640625 0.23455810546875 0.42400595703125 0.243230748046875 0.3695068359375 0.23941153125 0.32121823046875 0.2392261640625 0.31822826171875 0.222924126953125 0.28650053125 0.207208705078125 0.286693431640625 0.193250869140625 0.30695408984375 0.17949422265625 0.33479817578125 0.154803240234375 0.34375 0.177881310546875 0.38547242578125