1 0.9326171875 0.337890625 0.03515625 0.048828125
0 0.98046875 0.392578125 0.0390625 0.09375
1 0.951171875 0.521484375 0.037109375 0.05859375
1 0.923828125 0.576171875 0.03125 0.0390625
1 0.9033203125 0.6689453125 0.0078125 0.013671875
1 0.830078125 0.791015625 0.017578125 0.017578125
1 0.7099609375 0.71484375 0.041015625 0.052734375
0 0.742105486328125 0.632213115234375 0.71623458203125 0.655435013671875 0.71274938671875 0.67377652734375 0.739662599609375 0.67944804296875 0.77850821875 0.69313155859375 0.81559742578125 0.718350984375 0.82151101171875 0.71269610546875 0.826592427734375 0.697611193359375 0.83070519921875 0.677064267578125 0.845583935546875 0.64818435546875 0.837438669921875 0.60622103125 0.818587607421875 0.582806025390625 0.7701925859375 0.575958669921875 0.754196533203125 0.59725384765625 0.742105486328125 0.632213115234375
1 0.8720703125 0.7001953125 0.009765625 0.013671875
1 0.7734375 0.4853515625 0.013671875 0.01953125
1 0.8056640625 0.5224609375 0.068359375 0.060546875
1 0.7204930859375 0.65570459765625 0.74571490625 0.625086478515625 0.751135720703125 0.603779642578125 0.763087845703125 0.585166732421875 0.73853078515625 0.516245953125 0.73159167578125 0.513089767578125 0.730853232421875 0.513020673828125 0.724788673828125 0.541905927734375 0.722183744140625 0.587425431640625 0.71533945703125 0.602184298828125 0.704179021484375 0.63286582421875 0.69709215625 0.6585399765625 0.698389673828125 0.67270794140625 0.7204930859375 0.65570459765625
1 0.685620837890625 0.46242913671875 0.653940666015625 0.43066145703125 0.6421965390625 0.450347087890625 0.638958294921875 0.46868573046875 0.643847494140625 0.49103176953125 0.6574149765625 0.518120673828125 0.655717685546875 0.535335662109375 0.638647517578125 0.5607427734375 0.641496541015625 0.585864193359375 0.67677705859375 0.60938196875 0.6801070859375 0.6269189609375 0.70138797265625 0.621951921875 0.723395357421875 0.606825896484375 0.729208373046875 0.55382671875 0.734780767578125 0.520587060546875 0.734777583984375 0.4679036328125 0.735780298828125 0.467808578125 0.685620837890625 0.46242913671875
1 0.65234375 0.5341796875 0.01171875 0.013671875
1 0.55323259375 0.567105521484375 0.56934791796875 0.55300569140625 0.5946366484375 0.541105048828125 0.61877315625 0.5353694921875 0.63266157421875 0.52395006640625 0.633013765625 0.48087550390625 0.63354514453125 0.466795142578125 0.646457708984375 0.45201880859375 0.650534990234375 0.426563919921875 0.60650564453125 0.392643552734375 0.586036619140625 0.390508556640625 0.574309134765625 0.426058595703125 0.561086251953125 0.4564925 0.552681732421875 0.497538923828125 0.55406126171875 0.537208220703125 0.55323259375 0.567105521484375
1 0.63671875 0.47265625 0.013671875 0.01953125
1 0.5537109375 0.537109375 0.017578125 0.01953125
1 0.60546875 0.521484375 0.01171875 0.02734375
1 0.7041015625 0.29296875 0.013671875 0.015625
1 0.725099232421875 0.385701642578125 0.722995689453125 0.3690319609375 0.713232005859375 0.35752976953125 0.70853294140625 0.339248443359375 0.70186420703125 0.32375682421875 0.695272154296875 0.323168064453125 0.686646443359375 0.328736921875 0.683335380859375 0.362822255859375 0.685997814453125 0.383151376953125 0.7061526015625 0.39847951171875 0.717981578125 0.396678693359375 0.725099232421875 0.385701642578125
1 0.79296875 0.3115234375 0.013671875 0.013671875
0 0.791769197265625 0.315922046875 0.774900390625 0.332054654296875 0.759553291015625 0.346128978515625 0.740846451171875 0.341305251953125 0.725674689453125 0.32840162890625 0.71157244921875 0.331975869140625 0.707511857421875 0.34566978515625 0.718559396484375 0.360790796875 0.725917599609375 0.380047671875 0.718504138671875 0.398956470703125 0.728211294921875 0.413729953125 0.775599353515625 0.4274736640625 0.813099857421875 0.431256189453125 0.822393728515625 0.429154556640625 0.8225265234375 0.393250310546875 0.8339486484375 0.350199171875 0.833426150390625 0.3112075234375 0.80623916796875 0.3094366796875 0.791769197265625 0.315922046875
1 0.8984375 0.486328125 0.009765625 0.013671875
1 0.861328125 0.3837890625 0.01171875 0.015625
1 0.6787109375 0.3447265625 0.013671875 0.013671875
1 0.64453125 0.27734375 0.068359375 0.125
1 0.5078125 0.2666015625 0.021484375 0.029296875
0 0.53835439453125 0.30483798828125 0.508927349609375 0.330060509765625 0.4952581171875 0.358408623046875 0.517466689453125 0.36643151171875 0.54601612890625 0.387951767578125 0.561906986328125 0.41799494921875 0.578082345703125 0.42037758984375 0.58544948046875 0.394195291015625 0.60561182421875 0.381718630859375 0.625076810546875 0.36188803515625 0.652422134765625 0.35139886328125 0.65073305859375 0.341217337890625 0.632253759765625 0.33445028515625 0.616983912109375 0.331274216796875 0.614922986328125 0.31131616015625 0.602742224609375 0.269854876953125 0.5642530546875 0.26694591015625 0.55814161328125 0.291345408203125 0.53835439453125 0.30483798828125
1 0.4775390625 0.462890625 0.029296875 0.029296875
1 0.41281012109375 0.58487803125 0.429963775390625 0.59330482421875 0.44789509765625 0.570086365234375 0.457950474609375 0.543599216796875 0.465320716796875 0.51972014453125 0.473524919921875 0.498836228515625 0.47325269921875 0.49812024609375 0.453879615234375 0.498719416015625 0.43470526953125 0.5018919765625 0.4141086171875 0.511750568359375 0.4028247421875 0.523471634765625 0.404182326171875 0.54717946875 0.41281012109375 0.58487803125
1 0.39453125 0.51953125 0.029296875 0.02734375
1 0.416837318359375 0.49649308203125 0.4508440546875 0.502406822265625 0.45408803515625 0.483597234375 0.445982318359375 0.447247158203125 0.432194314453125 0.43133425390625 0.411425091796875 0.43792836328125 0.391908732421875 0.444105166015625 0.37452455078125 0.43661300390625 0.360740078125 0.4316245390625 0.356423109375 0.434797998046875 0.34703927734375 0.47694423046875 0.336716681640625 0.497055583984375 0.3165334140625 0.512712021484375 0.307511146484375 0.534982310546875 0.31572301953125 0.5452573828125 0.32723465625 0.54374591796875 0.339863 0.536001080078125 0.356712130859375 0.523275283203125 0.3797357109375 0.5065363671875 0.397061265625 0.502034005859375 0.416837318359375 0.49649308203125
1 0.40625 0.6376953125 0.017578125 0.01953125
1 0.4580078125 0.6533203125 0.0234375 0.025390625
1 0.46875 0.63671875 0.01171875 0.015625
1 0.482421875 0.662109375 0.013671875 0.009765625
1 0.48828125 0.689453125 0.01953125 0.01953125
1 0.4140625 0.6572265625 0.009765625 0.013671875
0 0.598665728515625 0.62499478515625 0.59976380859375 0.606036486328125 0.56923850390625 0.59286764453125 0.535793373046875 0.5668529140625 0.5244094375 0.614254912109375 0.508558890625 0.607544109375 0.487050525390625 0.597314173828125 0.484090298828125 0.61670357421875 0.484712388671875 0.66189010546875 0.499749841796875 0.686436357421875 0.507214880859375 0.73117078515625 0.552485162109375 0.723796259765625 0.573010537109375 0.713055794921875 0.59535892578125 0.69041746875 0.605494380859375 0.6663571015625 0.598665728515625 0.62499478515625
1 0.54490618359375 0.581383404296875 0.55449284375 0.58788448046875 0.565183126953125 0.591435916015625 0.56880198828125 0.613714611328125 0.581713154296875 0.60965959765625 0.595552041015625 0.60603471484375 0.59435304296875 0.625543244140625 0.607269123046875 0.62359283984375 0.61467213671875 0.6095431328125 0.60507065625 0.58082872265625 0.585876341796875 0.564857375 0.567784375 0.553127330078125 0.544927357421875 0.562947376953125 0.54490618359375 0.581383404296875
1 0.2587890625 0.6484375 0.017578125 0.02734375
1 0.236328125 0.62890625 0.009765625 0.013671875
1 0.2216796875 0.6162109375 0.01953125 0.021484375
1 0.212890625 0.6669921875 0.013671875 0.013671875
1 0.1767578125 0.6435546875 0.013671875 0.021484375
0 0.308939169921875 0.66289587109375 0.33449648046875 0.645570044921875 0.34653915625 0.62770741015625 0.352741138671875 0.59603592578125 0.34280566796875 0.562663939453125 0.3226188984375 0.54806676953125 0.289607939453125 0.525853162109375 0.276327279296875 0.544222771484375 0.266999978515625 0.57485925390625 0.253946267578125 0.611774900390625 0.251621890625 0.625297482421875 0.27205321484375 0.651030658203125 0.28263880078125 0.661926947265625 0.308939169921875 0.66289587109375
1 0.32709981640625 0.453222146484375 0.3465236640625 0.440864390625 0.371610353515625 0.43736937109375 0.39797822265625 0.44039759765625 0.3995930390625 0.429431896484375 0.386692029296875 0.4010359921875 0.36600270703125 0.37867550390625 0.344302580078125 0.381111470703125 0.341396140625 0.418642685546875 0.328106513671875 0.40744182421875 0.3056916953125 0.435062900390625 0.29383150390625 0.46234236328125 0.31458755859375 0.46542803125 0.32709981640625 0.453222146484375
1 0.4013671875 0.314453125 0.021484375 0.0234375
1 0.4208984375 0.291015625 0.005859375 0.013671875
1 0.4130859375 0.27734375 0.01953125 0.01953125
1 0.4189453125 0.3642578125 0.0078125 0.01171875
1 0.38671875 0.34765625 0.01953125 0.02734375
1 0.2587890625 0.34375 0.013671875 0.0234375
1 0.291015625 0.2958984375 0.013671875 0.01953125
1 0.27734375 0.302734375 0.013671875 0.013671875
1 0.2724609375 0.283203125 0.009765625 0.01171875
1 0.357421875 0.2216796875 0.013671875 0.017578125
1 0.2744140625 0.2109375 0.01171875 0.015625
1 0.25390625 0.25 0.009765625 0.013671875
1 0.2236328125 0.30859375 0.01171875 0.01953125
1 0.21484375 0.27734375 0.0078125 0.01171875
1 0.1923828125 0.318359375 0.009765625 0.013671875
0 0.364814197265625 0.28914831640625 0.34657750390625 0.274072478515625 0.331522068359375 0.24723404296875 0.311649123046875 0.26234146484375 0.30327396875 0.276509853515625 0.298728798828125 0.290767458984375 0.29507309375 0.29815271875 0.284918796875 0.3065674140625 0.270123119140625 0.3059866875 0.2577716328125 0.32074719921875 0.26076990234375 0.3314486484375 0.26670909375 0.360268197265625 0.28910485546875 0.392835595703125 0.307980328125 0.414417958984375 0.339585896484375 0.412800876953125 0.344204564453125 0.392321552734375 0.363067052734375 0.373948802734375 0.370570158203125 0.370004421875 0.369261548828125 0.34113133203125 0.378060310546875 0.3248802421875 0.38952681640625 0.3038645625 0.3697299765625 0.30217003125 0.364814197265625 0.28914831640625
1 0.1689453125 0.470703125 0.01953125 0.01953125
1 0.13671875 0.41796875 0.03125 0.044921875
1 0.0693359375 0.4599609375 0.013671875 0.01171875
1 0.09765625 0.2275390625 0.015625 0.01953125
0 0.031511982421875 0.236734998046875 0.025372029296875 0.247801900390625 0.045601744140625 0.28494471484375 0.043429568359375 0.298191908203125 0.039575033203125 0.31386484375 0.048948546875 0.347337189453125 0.078733484375 0.397119794921875 0.103249771484375 0.411129396484375 0.117823328125 0.395946833984375 0.150588359375 0.36174702734375 0.17044590625 0.326177326171875 0.173229435546875 0.25720512109375 0.157787826171875 0.238337775390625 0.124696392578125 0.226046326171875 0.09075098828125 0.23492582421875 0.09227902734375 0.2095451328125 0.09169895703125 0.2095300859375 0.055239765625 0.21580187890625 0.031511982421875 0.236734998046875
1 0.140625 0.6650390625 0.013671875 0.01953125
1 0.1259765625 0.7216796875 0.01171875 0.015625
1 0.09765625 0.73046875 0.013671875 0.013671875
1 0.1240234375 0.6455078125 0.009765625 0.013671875
0 0.038821265625 0.610728556640625 0.0474540859375 0.641283439453125 0.051410955078125 0.65494041796875 0.078962470703125 0.647667052734375 0.077348734375 0.64757032421875 0.1146644375 0.625852384765625 0.12977303125 0.589969404296875 0.11619828515625 0.5281293828125 0.093211439453125 0.51899389453125 0.04054833203125 0.528202818359375 0.015418787109375 0.550443892578125 0.0141673125 0.60809278125 0.038821265625 0.610728556640625
1 0 0.75178548828125 0.001084005859375 0.751667283203125 0.0143080078125 0.732970080078125 0.041185966796875 0.671999552734375 0.04935484375 0.6469543203125 0.0432805859375 0.621031283203125 0.03929359375 0.61186676171875 0.021066216796875 0.6106284375 0 0.618326009765625 0 0.75178548828125
1 0.08203125 0.7880859375 0.009765625 0.015625
1 0.095703125 0.9091796875 0.005859375 0.009765625
0 0.9755859375 0.6630859375 0.03515625 0.09765625
1 0.4833984375 0.3203125 0.013671875 0.021484375
1 0.4853515625 0.28515625 0.013671875 0.017578125
1 0.4169921875 0.2470703125 0.005859375 0.013671875
1 0.3681640625 0.2529296875 0.0078125 0.013671875
1 0.369140625 0.29296875 0.01171875 0.015625
1 0.5712890625 0.1630859375 0.0234375 0.025390625
1 0.3447265625 0.00390625 0.041015625 0.0078125
1 0.2265625 0.0029296875 0.03515625 0.005859375
1 0.5703125 0.9609375 0.013671875 0.017578125
1 0.5673828125 0.9775390625 0.0078125 0.013671875
1 0.5869140625 0.95703125 0.013671875 0.013671875
1 0.5458984375 0.923828125 0.009765625 0.013671875
1 0.4521484375 0.990234375 0.009765625 0.009765625
1 0.470703125 0.9921875 0.013671875 0.013671875
1 0.5859375 0.708984375 0.009765625 0.01171875
1 0.361328125 0.7060546875 0.009765625 0.013671875
1 0.3564453125 0.6103515625 0.009765625 0.013671875