0 0.562470966796875 0.090683892578125 0.554086583984375 0.048151833984375 0.55301832421875 0.035341408203125 0.532112033203125 0.01865796484375 0.510486833984375 0.011841017578125 0.476650771484375 0.0161894296875 0.45370238671875 0.02426290234375 0.4533778125 0.04854009765625 0.45706771484375 0.07344251953125 0.46076246875 0.084874775390625 0.485993458984375 0.10353771484375 0.52160741796875 0.117999755859375 0.54238080859375 0.11983126171875 0.562470966796875 0.090683892578125
1 0.49609375 0.1220703125 0.017578125 0.015625
1 0.6533203125 0.12890625 0.0625 0.046875
1 0.7509765625 0.1650390625 0.064453125 0.064453125
0 0.810899080078125 0.15057769921875 0.81111868359375 0.1249838359375 0.8111365703125 0.096026380859375 0.800217953125 0.074676111328125 0.804835482421875 0.0460374140625 0.7664130078125 0.03926249609375 0.723248576171875 0.03165144140625 0.710509583984375 0.029405212890625 0.70690939453125 0.055382607421875 0.6970940234375 0.075954330078125 0.69069537890625 0.09041525390625 0.68802388671875 0.1071896171875 0.687650859375 0.130817666015625 0.69276344921875 0.144057291015625 0.716082306640625 0.1419099140625 0.73924445703125 0.13680593359375 0.765204580078125 0.13820087109375 0.78872234375 0.149927564453125 0.804805654296875 0.158201900390625 0.810899080078125 0.15057769921875
0 0.792241078125 0.279249263671875 0.779783048828125 0.2462854921875 0.76748282421875 0.2286316328125 0.7348749140625 0.216407935546875 0.67620529296875 0.224091240234375 0.652682443359375 0.24955370703125 0.66008223828125 0.280085796875 0.6694569453125 0.3119843671875 0.68814653125 0.32582598828125 0.7191646015625 0.331847134765625 0.759375013671875 0.332552333984375 0.79527055859375 0.31005103515625 0.792241078125 0.279249263671875
1 0.5888671875 0.25390625 0.037109375 0.02734375
1 0.58203125 0.267578125 0.015625 0.01171875
1 0.617936474609375 0.2201770625 0.594305951171875 0.2282193203125 0.603970064453125 0.247242873046875 0.61526204296875 0.261193166015625 0.636330326171875 0.259496357421875 0.65142823828125 0.240329865234375 0.648909431640625 0.226697083984375 0.617936474609375 0.2201770625
1 0.6005859375 0.1376953125 0.021484375 0.015625
1 0.5625 0.1806640625 0.029296875 0.01953125
1 0.57214623828125 0.17950692578125 0.56878322265625 0.20002366796875 0.568354984375 0.219011279296875 0.569881615234375 0.234341265625 0.5933356953125 0.231493224609375 0.616152517578125 0.212228806640625 0.633344427734375 0.207021431640625 0.6483749609375 0.195874326171875 0.652843107421875 0.17255461328125 0.64453398046875 0.1536157265625 0.6232260234375 0.13637058984375 0.613227947265625 0.136744248046875 0.60596753515625 0.14757934375 0.5816425546875 0.13983510546875 0.545674994140625 0.134320326171875 0.547466587890625 0.1620960546875 0.56137508203125 0.172503552734375 0.57214623828125 0.17950692578125
1 0.4931640625 0.1640625 0.12109375 0.076171875
1 0.521484375 0.2822265625 0.0546875 0.05078125
0 0.45256053515625 0.192693408203125 0.428962619140625 0.201189482421875 0.421659408203125 0.212482546875 0.42112890234375 0.22768301953125 0.421492287109375 0.246020587890625 0.425892583984375 0.258682236328125 0.438438572265625 0.2697906171875 0.460742646484375 0.283524931640625 0.4824367109375 0.290818123046875 0.494083595703125 0.29356316796875 0.5040355546875 0.280995375 0.503003701171875 0.264331296875 0.525435970703125 0.256912375 0.520239935546875 0.234773509765625 0.495840263671875 0.21049815625 0.471813189453125 0.197606828125 0.45256053515625 0.192693408203125
1 0.5107421875 0.33984375 0.08984375 0.0703125
1 0.4521484375 0.353515625 0.01171875 0.01171875
1 0.56395885546875 0.350961796875 0.542641439453125 0.36372916796875 0.5201284453125 0.37873633203125 0.527088291015625 0.395572494140625 0.54615254296875 0.41146894140625 0.564139998046875 0.42752901953125 0.576419162109375 0.4332493359375 0.598580330078125 0.41655772265625 0.60017254296875 0.397050912109375 0.586933453125 0.379389431640625 0.576207908203125 0.35963699609375 0.56395885546875 0.350961796875
1 0.5771484375 0.341796875 0.017578125 0.015625
1 0.615004478515625 0.423445962890625 0.638298099609375 0.413474900390625 0.66581241796875 0.38614901953125 0.69469676953125 0.382317462890625 0.702901046875 0.3623871796875 0.66277169921875 0.337456486328125 0.63583946484375 0.32014974609375 0.615136568359375 0.299132931640625 0.60133620703125 0.308552259765625 0.596994001953125 0.32385373046875 0.589218458984375 0.345796041015625 0.571896689453125 0.355843166015625 0.574969755859375 0.37088023828125 0.587358919921875 0.38577322265625 0.59938386328125 0.413687796875 0.615004478515625 0.423445962890625
1 0.6571794140625 0.39445124609375 0.660059837890625 0.414364744140625 0.671368001953125 0.434812130859375 0.6801515546875 0.4527475546875 0.69456262109375 0.451612248046875 0.7075880234375 0.457050966796875 0.7184144921875 0.48048012109375 0.73557466015625 0.486797572265625 0.764049107421875 0.481402623046875 0.797121615234375 0.475564212890625 0.8085112265625 0.460022537109375 0.802040755859375 0.44999920703125 0.779530677734375 0.435579419921875 0.756822646484375 0.4182067734375 0.739017568359375 0.39543303125 0.70937092578125 0.381946556640625 0.66926137890625 0.38335625 0.657442505859375 0.394486619140625 0.6571794140625 0.39445124609375
0 0.67014176953125 0.503079732421875 0.68853290625 0.5131290078125 0.70560632421875 0.51538385546875 0.716457197265625 0.509694677734375 0.71707213671875 0.490106447265625 0.70479306640625 0.47876876171875 0.692153974609375 0.467126115234375 0.683358787109375 0.45740078515625 0.6764196875 0.44023866015625 0.665058548828125 0.434449751953125 0.6336759765625 0.436189013671875 0.620449537109375 0.451427923828125 0.631626326171875 0.463205705078125 0.647124154296875 0.476194390625 0.658386666015625 0.4940610078125 0.67014176953125 0.503079732421875
1 0.627867673828125 0.555361130859375 0.660643708984375 0.561819876953125 0.69825925390625 0.556030541015625 0.703105998046875 0.5288973828125 0.697988640625 0.519427576171875 0.67170348828125 0.50532458984375 0.6579601796875 0.49150857421875 0.643409564453125 0.472648080078125 0.631450974609375 0.461075841796875 0.610667994140625 0.452267630859375 0.61036147265625 0.469627666015625 0.606152826171875 0.484970134765625 0.597561748046875 0.502095138671875 0.57870071484375 0.518007216796875 0.590397158203125 0.53373641796875 0.627867673828125 0.555361130859375
1 0.570858259765625 0.425864537109375 0.545375095703125 0.419606439453125 0.511384673828125 0.425929392578125 0.485922423828125 0.43920820703125 0.474086845703125 0.4550017890625 0.49624824609375 0.478584984375 0.497092240234375 0.50284780078125 0.476233939453125 0.531403322265625 0.487622671875 0.539257474609375 0.518936427734375 0.535346537109375 0.54274724609375 0.53947341015625 0.544234228515625 0.56324176953125 0.536991615234375 0.595054759765625 0.550188482421875 0.605033783203125 0.56943348046875 0.58521117578125 0.586816787109375 0.557422931640625 0.587078736328125 0.53858687890625 0.5845250546875 0.519514197265625 0.6024981953125 0.502107076171875 0.612475640625 0.489373916015625 0.617096146484375 0.4714735 0.6175697578125 0.455602826171875 0.594134984375 0.436845974609375 0.570858259765625 0.425864537109375
0 0.45149715625 0.446261560546875 0.485994953125 0.442837681640625 0.49382366015625 0.4340493203125 0.495164916015625 0.425553990234375 0.4905722890625 0.412080732421875 0.470409833984375 0.394573900390625 0.4447701328125 0.380885884765625 0.401593517578125 0.3744451875 0.3708194140625 0.383835453125 0.34566609375 0.395924615234375 0.357983369140625 0.4307072578125 0.3742704609375 0.44857196875 0.40429435546875 0.458974708984375 0.429243296875 0.450335814453125 0.45149715625 0.446261560546875
0 0.41917283984375 0.544676376953125 0.401306740234375 0.549236005859375 0.352640986328125 0.5619005390625 0.3137995390625 0.576391935546875 0.31334327734375 0.5756816171875 0.322645294921875 0.60029268359375 0.348162796875 0.627698705078125 0.3731282578125 0.641884845703125 0.4103582734375 0.648425630859375 0.439243333984375 0.624004154296875 0.45529801953125 0.597377263671875 0.43271334375 0.5604756953125 0.41917283984375 0.544676376953125
1 0.494140625 0.5888671875 0.01171875 0.009765625
1 0.5107421875 0.6201171875 0.009765625 0.0078125
1 0.626953125 0.578125 0.009765625 0.0078125
0 0.718344318359375 0.656236484375 0.718036123046875 0.63285777734375 0.6936996796875 0.618034236328125 0.6586003984375 0.611795703125 0.645774560546875 0.602073083984375 0.62365894140625 0.595171072265625 0.60438103125 0.596830076171875 0.5891566875 0.611346677734375 0.56421689453125 0.65658558984375 0.587569833984375 0.682478748046875 0.602501697265625 0.69637212109375 0.644353560546875 0.708076330078125 0.6880087890625 0.71384392578125 0.70792944921875 0.69959716015625 0.718344318359375 0.656236484375
1 0.4094112265625 0.682207193359375 0.422997232421875 0.700254880859375 0.440247873046875 0.71581409375 0.460970794921875 0.735203765625 0.47294703125 0.751612380859375 0.485942046875 0.760764345703125 0.506231890625 0.7485549140625 0.538368318359375 0.7295014453125 0.5716049921875 0.714580943359375 0.583762453125 0.700447248046875 0.57747846875 0.68122915625 0.556646111328125 0.648233974609375 0.528898201171875 0.638496984375 0.49440028515625 0.618995880859375 0.477333564453125 0.614807623046875 0.44547398828125 0.6213419453125 0.42801880078125 0.63009755078125 0.3957031328125 0.659332259765625 0.394807177734375 0.6635594765625 0.4094112265625 0.682207193359375
1 0.3984375 0.7080078125 0.013671875 0.01171875
1 0.3515625 0.654296875 0.009765625 0.0078125
1 0.46346465625 0.74583981640625 0.438470501953125 0.71903591015625 0.413469955078125 0.738283220703125 0.399094890625 0.760959720703125 0.405253228515625 0.78666 0.394755962890625 0.79541212109375 0.3713700859375 0.804552494140625 0.356408435546875 0.816343451171875 0.361080841796875 0.8229628359375 0.393512146484375 0.8298006015625 0.440544224609375 0.82590119921875 0.475229357421875 0.83267637109375 0.50196254296875 0.8324145703125 0.50776568359375 0.819325490234375 0.531217986328125 0.794061763671875 0.5304396640625 0.779021646484375 0.51334458984375 0.76705145703125 0.488402009765625 0.755179474609375 0.46346465625 0.74583981640625
0 0.31921889453125 0.826986078125 0.35871884765625 0.81549477734375 0.3798533515625 0.80512555859375 0.4012106796875 0.789847591796875 0.404688857421875 0.76692809765625 0.392373478515625 0.73799455859375 0.36589401953125 0.723306404296875 0.349446271484375 0.71117123046875 0.293118466796875 0.710572353515625 0.28614848046875 0.7157265 0.286007541015625 0.714713693359375 0.268224314453125 0.7507895546875 0.2806818203125 0.774605466796875 0.28265671875 0.786032376953125 0.299851033203125 0.8109993671875 0.31921889453125 0.826986078125
1 0.5072881875 0.89369875390625 0.5503565625 0.901725330078125 0.5719263828125 0.902884330078125 0.619799033203125 0.904555875 0.63909665625 0.89086401171875 0.649790751953125 0.874871908203125 0.62731015625 0.866783537109375 0.5952690234375 0.86587710546875 0.58015740625 0.862251193359375 0.561027525390625 0.845491107421875 0.542080095703125 0.841984890625 0.523414322265625 0.831625509765625 0.50838441015625 0.82065576171875 0.49631762109375 0.825270208984375 0.474458708984375 0.848009875 0.46018000390625 0.86403008203125 0.452926015625 0.871218404296875 0.477826732421875 0.883765208984375 0.5072881875 0.89369875390625
1 0.455078125 0.8583984375 0.01171875 0.009765625
0 0.5408580859375 0.83989634375 0.558624869140625 0.851479978515625 0.578532734375 0.86368905078125 0.61150080078125 0.866302373046875 0.63265097265625 0.862120734375 0.6621643125 0.848799662109375 0.6735383046875 0.82716039453125 0.669481306640625 0.80708075390625 0.6544471875 0.79312160546875 0.633065189453125 0.780455197265625 0.605561568359375 0.7632368515625 0.58571082421875 0.765360443359375 0.556367009765625 0.776838333984375 0.531284455078125 0.79181018359375 0.5299218203125 0.79208133984375 0.53419498046875 0.821474484375 0.5408580859375 0.83989634375
0 0.615302251953125 1 0.62522680859375 0.991470521484375 0.626374126953125 0.977645884765625 0.617681490234375 0.966623814453125 0.62025621484375 0.9608810546875 0.601849927734375 0.9376983046875 0.570293853515625 0.922251814453125 0.54278203125 0.926262951171875 0.513289880859375 0.94277566015625 0.493337697265625 0.955597369140625 0.48988564453125 0.98747091015625 0.485568015625 1 0.615302251953125 1
1 0.4598893125 0.90215005859375 0.437261541015625 0.888390802734375 0.40292215234375 0.9070448125 0.3802060546875 0.931813080078125 0.38288962890625 0.952426404296875 0.3956443984375 0.965239001953125 0.4380282734375 0.974571724609375 0.458160259765625 0.97778916015625 0.4648580078125 0.958953048828125 0.4678390625 0.94469884765625 0.47087264453125 0.926605841796875 0.4598893125 0.90215005859375
0 0.279892515625 0.96890241796875 0.33286180078125 0.97616909765625 0.3733685078125 0.946394513671875 0.386335244140625 0.91833984765625 0.3816260625 0.90645101171875 0.360623107421875 0.887642748046875 0.328397169921875 0.866129296875 0.2929147578125 0.86250794921875 0.2485157890625 0.889625818359375 0.23531942578125 0.92236399609375 0.2371221171875 0.9439669609375 0.264697240234375 0.966223080078125 0.279892515625 0.96890241796875
1 0.361328125 0.7138671875 0.01171875 0.017578125
1 0.62890625 0.0908203125 0.015625 0.01171875
1 0.5322265625 0.5458984375 0.009765625 0.0078125
1 0.44875029296875 0.542898869140625 0.469731611328125 0.538730611328125 0.482593353515625 0.523178568359375 0.4993278046875 0.49975751953125 0.49828215625 0.480713857421875 0.4910203046875 0.4699367265625 0.46663387890625 0.45665333203125 0.44586096875 0.4494335 0.419085658203125 0.450239697265625 0.405260119140625 0.455656857421875 0.390526796875 0.473880400390625 0.3846073671875 0.50094561328125 0.38578973828125 0.5158118203125 0.3994561875 0.530119279296875 0.424249302734375 0.54071435546875 0.44875029296875 0.542898869140625