1 0.234375 0.30078125 0.021484375 0.02734375
1 0.03125 0.421875 0.029296875 0.03125
1 0.0244140625 0.4462890625 0.021484375 0.017578125
1 0.1044921875 0.4423828125 0.015625 0.0234375
1 0.1416015625 0.4365234375 0.015625 0.017578125
1 0.18359375 0.455078125 0.03125 0.041015625
1 0.2236328125 0.462890625 0.041015625 0.052734375
1 0.2646484375 0.4072265625 0.037109375 0.0546875
1 0.2421875 0.4755859375 0.013671875 0.01953125
1 0.2548828125 0.4814453125 0.015625 0.01953125
1 0.190557921875 0.21916888671875 0.182115384765625 0.19550360546875 0.1582443046875 0.15724153125 0.123989962890625 0.11781846484375 0.11537476953125 0.117796751953125 0.082968021484375 0.134432541015625 0.052919212890625 0.17160584375 0.043572931640625 0.224464134765625 0.0546361328125 0.270609212890625 0.08721934375 0.290043783203125 0.116718720703125 0.291734396484375 0.15639066015625 0.266306765625 0.182054251953125 0.247016787109375 0.190557921875 0.21916888671875
0 0.092409310546875 0.364822419921875 0.132828859375 0.374823044921875 0.16438621484375 0.385779783203125 0.20294368359375 0.366506134765625 0.20490570703125 0.335360720703125 0.18392655078125 0.28598567578125 0.15745223828125 0.260106796875 0.133745380859375 0.28474867578125 0.105178060546875 0.2941849375 0.080188638671875 0.290875818359375 0.08432821875 0.339083431640625 0.092409310546875 0.364822419921875
0 0.3310546875 0.361328125 0.111328125 0.109375
1 0.353515625 0.435546875 0.0390625 0.0625
1 0.369140625 0.46875 0.0234375 0.041015625
1 0.4111328125 0.4462890625 0.052734375 0.07421875
1 0.3291015625 0.2724609375 0.013671875 0.015625
1 0.3310546875 0.29296875 0.015625 0.021484375
1 0.4462890625 0.3525390625 0.064453125 0.0859375
0 0.521484375 0.390625 0.11328125 0.134765625
1 0.501953125 0.490234375 0.064453125 0.09375
1 0.5390625 0.51171875 0.033203125 0.060546875
1 0.5537109375 0.4677734375 0.013671875 0.017578125
1 0.5771484375 0.35546875 0.015625 0.029296875
1 0.498046875 0.564453125 0.087890625 0.0703125
0 0.484375 0.6435546875 0.09765625 0.134765625
1 0.638671875 0.5341796875 0.134765625 0.158203125
1 0.6005859375 0.357421875 0.01171875 0.01171875
1 0.5615234375 0.3115234375 0.01171875 0.01171875
1 0.7412109375 0.3525390625 0.015625 0.01953125
0 0.7115911953125 0.32981462109375 0.705208853515625 0.32534027734375 0.678722921875 0.36098517578125 0.664803333984375 0.406210359375 0.680751140625 0.453821111328125 0.710104205078125 0.48299608984375 0.745921189453125 0.454114873046875 0.770147326171875 0.42757568359375 0.761796177734375 0.374326279296875 0.742143107421875 0.36261979296875 0.7100141796875 0.327965619140625 0.7115911953125 0.32981462109375
1 0.7685546875 0.5703125 0.017578125 0.013671875
1 0.7744140625 0.5029296875 0.013671875 0.017578125
1 0.8564453125 0.4111328125 0.017578125 0.0234375
0 0.869805775390625 0.51633713671875 0.91543103515625 0.51387797265625 0.94193279296875 0.4790083984375 0.9388804453125 0.416719201171875 0.91691890625 0.3804198203125 0.91571048828125 0.37952153125 0.8775643515625 0.395413603515625 0.84603493359375 0.420068056640625 0.838375890625 0.46543652734375 0.869805775390625 0.51633713671875
1 0.9501953125 0.5576171875 0.044921875 0.046875
1 0.9912109375 0.50390625 0.017578125 0.04296875
0 0.964258884765625 0.6006090703125 0.926513609375 0.55065928515625 0.891748451171875 0.53879110546875 0.8676019140625 0.5556138046875 0.864943767578125 0.56715328125 0.87709262890625 0.59148555078125 0.9183912734375 0.621890931640625 0.964258884765625 0.6006090703125
1 0.810546875 0.5302734375 0.015625 0.017578125
1 0.83203125 0.53515625 0.015625 0.013671875
0 0.869140625 0.71875 0.14453125 0.158203125
0 0.68359375 0.681640625 0.125 0.158203125
1 0.615234375 0.6484375 0.013671875 0.01953125
1 0.3955078125 0.630859375 0.01171875 0.01171875
1 0.3486328125 0.6220703125 0.013671875 0.017578125
1 0.3291015625 0.55078125 0.01171875 0.021484375
1 0.24609375 0.5576171875 0.072265625 0.0546875
0 0.234428818359375 0.58168316015625 0.212534400390625 0.599189646484375 0.21330848828125 0.5994425078125 0.225193826171875 0.64375516015625 0.232507978515625 0.6710746015625 0.249715123046875 0.7025562109375 0.28235516796875 0.69861907421875 0.33780793359375 0.668573138671875 0.34481340625 0.64564636328125 0.333213974609375 0.59940766015625 0.309132232421875 0.553721810546875 0.292131701171875 0.55294164453125 0.2664344453125 0.570078037109375 0.234428818359375 0.58168316015625
1 0.15625 0.556640625 0.052734375 0.0703125
0 0.083984375 0.578125 0.1328125 0.15234375
1 0.193359375 0.498046875 0.009765625 0.01171875
1 0.23828125 0.9189453125 0.06640625 0.0625
1 0.421875 0.958984375 0.01953125 0.01953125
1 0.4765625 0.9326171875 0.015625 0.01953125
1 0.2861328125 0.4921875 0.013671875 0.01171875
1 0.1650390625 0.6240234375 0.044921875 0.037109375
1 0.5830078125 0.505859375 0.009765625 0.013671875
1 0.6962890625 0.541015625 0.009765625 0.01171875
1 0.48828125 0.3154296875 0.009765625 0.01171875