1 0.6845703125 0.12109375 0.025390625 0.021484375
0 0.70703125 0.228515625 0.169921875 0.125
0 0.71484375 0.369140625 0.19921875 0.154296875
1 0.5546875 0.0888671875 0.029296875 0.021484375
1 0.5546875 0.11328125 0.037109375 0.029296875
1 0.548828125 0.1552734375 0.025390625 0.01953125
1 0.5751953125 0.21484375 0.056640625 0.03125
1 0.55078125 0.263671875 0.017578125 0.009765625
1 0.6025390625 0.376953125 0.021484375 0.021484375
1 0.595703125 0.353515625 0.013671875 0.009765625
1 0.6064453125 0.46875 0.013671875 0.013671875
0 0.7392578125 0.6103515625 0.16015625 0.1328125
0 0.7255859375 0.82421875 0.1640625 0.130859375
1 0.5693359375 0.98046875 0.04296875 0.03515625
1 0.390625 0.990234375 0.0234375 0.01953125
0 0.4248046875 0.841796875 0.169921875 0.134765625
0 0.4072265625 0.611328125 0.14453125 0.103515625
1 0.552734375 0.52734375 0.03515625 0.025390625
1 0.5849609375 0.572265625 0.05859375 0.048828125
1 0.5751953125 0.6318359375 0.033203125 0.04296875
1 0.5517578125 0.666015625 0.03515625 0.029296875
0 0.412109375 0.39453125 0.115234375 0.099609375
1 0.41015625 0.45703125 0.01953125 0.01953125
1 0.4228515625 0.2861328125 0.021484375 0.015625
0 0.3974609375 0.177734375 0.14453125 0.119140625
1 0.3857421875 0.2021484375 0.013671875 0.013671875