0 0.875 0.2333984375 0.1796875 0.197265625
1 0.72265625 0.3759765625 0.076171875 0.076171875
0 0.6396484375 0.2578125 0.208984375 0.265625
1 0.5302734375 0.3544921875 0.015625 0.021484375
0 0.423828125 0.3466796875 0.1640625 0.1796875
1 0.451171875 0.4404296875 0.05078125 0.05078125
0 0.20703125 0.392578125 0.158203125 0.201171875
1 0.044921875 0.3701171875 0.08984375 0.173828125
0 0.03125 0.484375 0.0625 0.13671875
1 0.083984375 0.630859375 0.16796875 0.21484375
1 0.18359375 0.724609375 0.0234375 0.0234375
1 0.123046875 0.771484375 0.0234375 0.029296875
1 0.1142578125 0.7470703125 0.025390625 0.01953125
0 0.0849609375 0.78515625 0.083984375 0.1328125
1 0.2919921875 0.6943359375 0.015625 0.017578125
0 0.4990234375 0.6513671875 0.236328125 0.267578125
1 0.3896484375 0.51953125 0.017578125 0.015625
1 0.609375 0.486328125 0.013671875 0.015625
1 0.6455078125 0.4775390625 0.056640625 0.068359375
1 0.648850853515625 0.5645875625 0.64254712109375 0.571555439453125 0.63956926953125 0.581263724609375 0.64095430859375 0.592718990234375 0.64616058984375 0.607673361328125 0.66307915234375 0.61462198828125 0.67426071875 0.60693849609375 0.682699263671875 0.59168133984375 0.683675111328125 0.592284740234375 0.674705845703125 0.5794685234375 0.665968859375 0.568598439453125 0.6617753515625 0.560589421875 0.65528316015625 0.56105609375 0.648850853515625 0.5645875625
0 0.668975189453125 0.5633988046875 0.671543078125 0.592925689453125 0.6640572734375 0.621535154296875 0.66609898046875 0.657420138671875 0.67514176171875 0.6880715703125 0.720800017578125 0.727269779296875 0.757492982421875 0.72953305078125 0.789933154296875 0.699964814453125 0.81222665234375 0.661945912109375 0.82393797265625 0.62772455859375 0.811488947265625 0.59392496484375 0.798993171875 0.552804259765625 0.788175556640625 0.53456101953125 0.769979251953125 0.51558898046875 0.753619740234375 0.51041270703125 0.71542678125 0.519273185546875 0.69038796484375 0.520998537109375 0.665717544921875 0.52146759765625 0.668975189453125 0.5633988046875
1 0.9599609375 0.4716796875 0.01171875 0.015625
0 0.92578125 0.5498046875 0.1484375 0.181640625
1 0.8515625 0.40625 0.009765625 0.013671875
1 0.8583984375 0.427734375 0.01171875 0.01171875
0 0.313867966796875 0.697382046875 0.291273916015625 0.705351353515625 0.27880434375 0.672996458984375 0.268370224609375 0.64216828515625 0.26539508203125 0.6416515546875 0.23315182421875 0.666338982421875 0.222763375 0.68944169921875 0.2274063828125 0.741654775390625 0.2447137890625 0.765871857421875 0.305277373046875 0.7773425234375 0.333263640625 0.755855427734375 0.32891794921875 0.7110713984375 0.313867966796875 0.697382046875