0 0.060546875 0.4150390625 0.1201171875 0.138671875
1 0.1298828125 0.451171875 0.021484375 0.037109375
1 0.1005859375 0.5205078125 0.078125 0.0732421875
1 0.09765625 0.572265625 0.046875 0.0625
0 0.072265625 0.66015625 0.130859375 0.1279296875
1 0.119140625 0.8212890625 0.103515625 0.228515625
1 0.197265625 0.5625 0.0126953125 0.0185546875
1 0.2099609375 0.5419921875 0.017578125 0.0341796875
1 0.232421875 0.501953125 0.021484375 0.048828125
0 0.2194294609375 0.3635551015625 0.189484126953125 0.3677248671875 0.193292205078125 0.387815876953125 0.209847263671875 0.411603009765625 0.22494523046875 0.4553071953125 0.24242647265625 0.471007978515625 0.269417576171875 0.468865396484375 0.29001839453125 0.434728767578125 0.290905826171875 0.38459166796875 0.28838820703125 0.334099771484375 0.26686249609375 0.32549327734375 0.25374219921875 0.346867421875 0.2194294609375 0.3635551015625
1 0.283104951171875 0.530461171875 0.302001953125 0.52168588671875 0.305401837890625 0.553721271484375 0.31628353515625 0.556027474609375 0.33978174609375 0.52475336328125 0.335844494140625 0.497035865234375 0.318985873046875 0.469523326171875 0.290960080078125 0.469523326171875 0.24739841796875 0.51069568359375 0.256613755859375 0.52557319140625 0.283104951171875 0.530461171875
1 0.293559080078125 0.515370095703125 0.26355303515625 0.53254175 0.242240462890625 0.520120287109375 0.236463759765625 0.52718012890625 0.242567275390625 0.58255483984375 0.24906606640625 0.5927699921875 0.2670523828125 0.58091001171875 0.276607453125 0.5885106640625 0.282448744140625 0.61522059765625 0.276969142578125 0.633766671875 0.2865087109375 0.63607459765625 0.307922041015625 0.600325865234375 0.345594619140625 0.549499833984375 0.338993779296875 0.52971540234375 0.31313683203125 0.529274484375 0.293559080078125 0.515370095703125
0 0.189570673828125 0.609528287109375 0.1942158046875 0.67355599609375 0.224859974609375 0.69936342578125 0.27064861328125 0.6995907734375 0.303143859375 0.67180955078125 0.31539351953125 0.630156662109375 0.288401125 0.60400132421875 0.264696232421875 0.581753955078125 0.236674314453125 0.58360718359375 0.21651010546875 0.581006462890625 0.21733553515625 0.57922384765625 0.189570673828125 0.609528287109375
1 0.3193359375 0.6396484375 0.0078125 0.0107421875
1 0.2138671875 0.5771484375 0.009765625 0.0126953125
1 0.40234375 0.759765625 0.0498046875 0.0888671875
1 0.5380859375 0.6806640625 0.0078125 0.013671875
1 0.431640625 0.544921875 0.0185546875 0.0205078125
0 0.473763279296875 0.59008659765625 0.458994708984375 0.53659612109375 0.45168469921875 0.5339540625 0.427321015625 0.571108216796875 0.39181728515625 0.606145626953125 0.39135483984375 0.652810501953125 0.40426070703125 0.677231455078125 0.442634703125 0.704735380859375 0.476370029296875 0.72182436328125 0.499978041015625 0.7038724921875 0.506816560546875 0.63285728125 0.497825986328125 0.615749353515625 0.473763279296875 0.59008659765625
1 0.3583984375 0.4267578125 0.0078125 0.0107421875
1 0.451171875 0.490234375 0.009765625 0.0107421875
1 0.4599609375 0.478515625 0.048828125 0.0419921875
0 0.36654369140625 0.418300298828125 0.36665943359375 0.439814814453125 0.390997541015625 0.482140962890625 0.39109067578125 0.48271363671875 0.407060185546875 0.47831066796875 0.43667715625 0.456565876953125 0.4768030234375 0.448325376953125 0.48257559375 0.40513840625 0.466587998046875 0.354513888671875 0.43374566015625 0.33745659765625 0.41097457421875 0.342957900390625 0.39422652734375 0.36250602734375 0.376029912109375 0.38574098046875 0.36654369140625 0.418300298828125
1 0.4931640625 0.5263671875 0.0048828125 0.0107421875
1 0.509765625 0.525390625 0.0185546875 0.0234375
1 0.45703125 0.5263671875 0.013671875 0.0126953125
1 0.541015625 0.5419921875 0.0205078125 0.0205078125
1 0.546875 0.466796875 0.03125 0.0283203125
1 0.56623716015625 0.617916908203125 0.59092248828125 0.60511067578125 0.59051468359375 0.588434365234375 0.610125505859375 0.57787543359375 0.609894025390625 0.55807291796875 0.59453938671875 0.55807291796875 0.56438892578125 0.5639238515625 0.55433756640625 0.569573447265625 0.532167787109375 0.61667028515625 0.5418981484375 0.63333333203125 0.56623716015625 0.617916908203125
0 0.59515335546875 0.58545042578125 0.58738335546875 0.6114667734375 0.58326732421875 0.6148775078125 0.581712962890625 0.615740740234375 0.587408673828125 0.646532599609375 0.60219907421875 0.6761381171875 0.6157543046875 0.69324122265625 0.639889865234375 0.69464940234375 0.668208369140625 0.67890866015625 0.68167679296875 0.64782865625 0.672126375 0.61833164453125 0.67437789453125 0.5859712578125 0.674221462890625 0.556039013671875 0.644659650390625 0.55398341015625 0.614341001953125 0.554724875 0.59515335546875 0.58545042578125
1 0.788027162109375 0.59819878515625 0.80590066796875 0.566733779296875 0.83220908203125 0.54130899609375 0.81711455859375 0.510103201171875 0.789048935546875 0.508288724609375 0.76186342578125 0.5266665859375 0.746447904296875 0.504486962890625 0.759571216796875 0.457449203125 0.738537447265625 0.43737341015625 0.718050732421875 0.41190642578125 0.68389214453125 0.39650848828125 0.668672537109375 0.39967729296875 0.65950520703125 0.42000827734375 0.64797483984375 0.461922099609375 0.61515299609375 0.4797112109375 0.575183255859375 0.4895572109375 0.53858024609375 0.5123456796875 0.54990113671875 0.54583413671875 0.56816798046875 0.566946775390625 0.587146146484375 0.5631972578125 0.61412669921875 0.55781209765625 0.66748498828125 0.550851578125 0.681553216796875 0.58772585546875 0.709743923828125 0.589713138671875 0.71964066015625 0.6197695625 0.754605517578125 0.64772416796875 0.781512224609375 0.622976546875 0.788027162109375 0.59819878515625
1 0.7099609375 0.6171875 0.017578125 0.021484375
0 0.850881619140625 0.55545548828125 0.84366862109375 0.558389998046875 0.8252477578125 0.56668233984375 0.807407408203125 0.562962962890625 0.80213216015625 0.567487703125 0.79271918359375 0.598712384765625 0.78717357421875 0.629962384765625 0.8000171796875 0.65127917578125 0.836236798828125 0.682208478515625 0.854294162109375 0.67278645703125 0.879247142578125 0.63969545703125 0.903208189453125 0.61386116015625 0.8973596640625 0.588383728515625 0.86609429296875 0.566582271484375 0.850881619140625 0.55545548828125
1 0.8276783125 0.429083478515625 0.81142397265625 0.410006751953125 0.79023256640625 0.432335068359375 0.776112197265625 0.45186511328125 0.76912525390625 0.49117115234375 0.78155562890625 0.504792390625 0.80889576171875 0.5064826875 0.83027886328125 0.507996962890625 0.855813259765625 0.522960068359375 0.89756673046875 0.5171308359375 0.885135453125 0.472368103515625 0.865953232421875 0.452320841796875 0.8276783125 0.429083478515625
0 0.7919921875 0.302092978515625 0.77616283203125 0.311805556640625 0.72962962890625 0.30802469140625 0.72924985546875 0.31016951171875 0.7144079140625 0.33505256640625 0.709632705078125 0.369648197265625 0.735791015625 0.4177167734375 0.7557373046875 0.432430314453125 0.77363462109375 0.453803771484375 0.80462239453125 0.440573158203125 0.824420392578125 0.41599512890625 0.83000669140625 0.35758463671875 0.81160572265625 0.321846064453125 0.7919921875 0.302092978515625
0 0.594305451171875 0.291940517578125 0.566288701171875 0.31147865625 0.55570798046875 0.324477099609375 0.546053447265625 0.367988384765625 0.561373595703125 0.396995908203125 0.58432798046875 0.444451333984375 0.636608951171875 0.47527591796875 0.65706896875 0.44591359375 0.67022414453125 0.40537333203125 0.6730504921875 0.36292644921875 0.66066519921875 0.31468736328125 0.635968244140625 0.301103326171875 0.594305451171875 0.291940517578125
0 0.9541015625 0.3564453125 0.091796875 0.162109375
0 0.966796875 0.599609375 0.0654296875 0.154296875
1 0.892578125 0.650390625 0.0107421875 0.0205078125
1 0.931640625 0.5654296875 0.009765625 0.0126953125
1 0.9326171875 0.4697265625 0.068359375 0.0654296875