1 0.6533203125 0.990234375 0.013671875 0.01171875
1 0.52734375 0.994140625 0.015625 0.01171875
1 0.5615234375 0.9658203125 0.021484375 0.013671875
0 0.637146904296875 0.878787294921875 0.634367533203125 0.876136458984375 0.624902994140625 0.864651162109375 0.5929825 0.85470543359375 0.571909009765625 0.854179763671875 0.530965857421875 0.87345728125 0.508591798828125 0.887117814453125 0.499045302734375 0.904929837890625 0.49986551953125 0.945082091796875 0.50453375 0.965643359375 0.535044515625 0.982817822265625 0.5822351015625 0.982809193359375 0.618971953125 0.982004056640625 0.6718112890625 0.971085107421875 0.678843177734375 0.971019583984375 0.660231421875 0.92162419140625 0.649459189453125 0.896275884765625 0.637146904296875 0.878787294921875
1 0.431640625 0.9462890625 0.017578125 0.015625
1 0.4423828125 0.908203125 0.015625 0.015625
0 0.2958984375 0.8642578125 0.1953125 0.150390625
1 0.470703125 0.84765625 0.1171875 0.1015625
1 0.453125 0.8388671875 0.0234375 0.015625
1 0.576171875 0.7734375 0.03515625 0.0234375
1 0.5361328125 0.775390625 0.060546875 0.056640625
1 0.5498046875 0.8251953125 0.10546875 0.08203125
1 0.62890625 0.828125 0.017578125 0.01171875
1 0.517578125 0.7294921875 0.015625 0.009765625
1 0.681640625 0.80859375 0.021484375 0.015625
1 0.55078125 0.6396484375 0.046875 0.033203125
0 0.67914263671875 0.66109516015625 0.672934017578125 0.64303245703125 0.670765900390625 0.637560818359375 0.658676572265625 0.633260359375 0.61813712109375 0.63648128125 0.58103958203125 0.643154263671875 0.54931256640625 0.661025681640625 0.530110279296875 0.68545955859375 0.522954041015625 0.71108351171875 0.537434568359375 0.735022482421875 0.57314929296875 0.757191306640625 0.59837481640625 0.7737149453125 0.627571212890625 0.78273161328125 0.662426626953125 0.785413466796875 0.68043523046875 0.7597515703125 0.6877331171875 0.727175146484375 0.6893520625 0.710719173828125 0.688029021484375 0.686888654296875 0.67914263671875 0.66109516015625
1 0.384765625 0.732421875 0.03515625 0.03125
0 0.32421875 0.6533203125 0.1796875 0.150390625
1 0.4833984375 0.6689453125 0.025390625 0.021484375
1 0.48046875 0.6845703125 0.017578125 0.015625
1 0.4755859375 0.650390625 0.013671875 0.0078125
1 0.5029296875 0.6357421875 0.015625 0.021484375
1 0.505859375 0.6162109375 0.01171875 0.013671875
1 0.494140625 0.609375 0.013671875 0.0078125
1 0.5 0.5966796875 0.015625 0.015625
1 0.6279296875 0.587890625 0.015625 0.013671875
1 0.658203125 0.6162109375 0.017578125 0.01171875
1 0.646484375 0.568359375 0.01171875 0.01171875
1 0.626953125 0.560546875 0.017578125 0.017578125
1 0.5205078125 0.5751953125 0.140625 0.103515625
1 0.5400390625 0.515625 0.107421875 0.091796875
1 0.486328125 0.4638671875 0.103515625 0.083984375
1 0.4580078125 0.4052734375 0.1171875 0.068359375
0 0.3828125 0.453125 0.142578125 0.13671875
0 0.68359375 0.498046875 0.19921875 0.15234375
1 0.6201171875 0.3896484375 0.125 0.091796875
1 0.5673828125 0.3408203125 0.0859375 0.060546875
1 0.4990234375 0.3525390625 0.037109375 0.037109375
0 0.4169921875 0.248046875 0.185546875 0.1796875
1 0.544921875 0.2138671875 0.091796875 0.076171875
1 0.5654296875 0.27734375 0.16015625 0.107421875
0 0.7265625 0.30859375 0.205078125 0.169921875
1 0.7236328125 0.203125 0.10546875 0.076171875
1 0.5908203125 0.1875 0.017578125 0.017578125
1 0.59765625 0.1708984375 0.017578125 0.01171875
1 0.6396484375 0.166015625 0.021484375 0.021484375
1 0.61328125 0.11328125 0.021484375 0.015625
1 0.6484375 0.083984375 0.017578125 0.013671875
1 0.6103515625 0.0283203125 0.0703125 0.04296875
0 0.4814453125 0.056640625 0.154296875 0.11328125
0 0.7490234375 0.0986328125 0.158203125 0.140625
1 0.5556640625 0.3896484375 0.017578125 0.01171875
1 0.578125 0.4453125 0.01171875 0.0078125