0 0.3154296875 0.1298828125 0.208984375 0.158203125
1 0.3759765625 0.189453125 0.017578125 0.017578125
1 0.4501953125 0.234375 0.021484375 0.021484375
1 0.46875 0.1376953125 0.033203125 0.017578125
1 0.443359375 0.0751953125 0.037109375 0.03515625
0 0.5888671875 0.0869140625 0.212890625 0.173828125
0 0.6416015625 0.26953125 0.197265625 0.1640625
0 0.337890625 0.3359375 0.158203125 0.140625
1 0.6181640625 0.421875 0.044921875 0.03125
1 0.64453125 0.361328125 0.017578125 0.013671875
0 0.6796875 0.5078125 0.1796875 0.146484375
1 0.736328125 0.64453125 0.0234375 0.015625
0 0.67404940625 0.73988856640625 0.714742380859375 0.74543818359375 0.75820248828125 0.73812428515625 0.7759917109375 0.720208603515625 0.781562845703125 0.692399943359375 0.76214341796875 0.6587042890625 0.7264207578125 0.6437557734375 0.705230365234375 0.632004421875 0.68678664453125 0.671807869140625 0.668945376953125 0.718788279296875 0.67404940625 0.73988856640625
0 0.76171875 0.8935546875 0.171875 0.1484375
0 0.4833984375 0.94921875 0.169921875 0.1015625
1 0.580078125 0.869140625 0.021484375 0.025390625
0 0.46875 0.796875 0.197265625 0.171875
1 0.5859375 0.7353515625 0.021484375 0.021484375
0 0.3857421875 0.5537109375 0.142578125 0.119140625