0 0.96484375 0.626953125 0.0703125 0.16015625
1 0.912109375 0.5966796875 0.01171875 0.015625
1 0.869140625 0.591796875 0.01171875 0.01171875
1 0.951171875 0.466796875 0.005859375 0.009765625
1 0.9248046875 0.4775390625 0.01171875 0.01953125
1 0.9091796875 0.4892578125 0.009765625 0.013671875
1 0.89453125 0.4892578125 0.009765625 0.009765625
0 0.765625 0.6357421875 0.150390625 0.185546875
1 0.7080078125 0.61328125 0.021484375 0.017578125
0 0.5654296875 0.6669921875 0.15625 0.140625
0 0.3447265625 0.669921875 0.17578125 0.1875
0 0.1201171875 0.703125 0.171875 0.1875
1 0.091796875 0.5732421875 0.056640625 0.0703125
1 0.0791015625 0.4970703125 0.01953125 0.0234375
1 0.015625 0.5126953125 0.03125 0.158203125
1 0.2255859375 0.5224609375 0.0078125 0.013671875
1 0.2119140625 0.5234375 0.009765625 0.009765625
1 0.1689453125 0.5234375 0.005859375 0.009765625
1 0.171875 0.494140625 0.01171875 0.013671875
0 0.0654296875 0.3798828125 0.125 0.15625
1 0.1376953125 0.341796875 0.009765625 0.009765625
1 0.2060546875 0.3271484375 0.01171875 0.013671875
0 0.2919921875 0.3740234375 0.115234375 0.1640625
1 0.3779296875 0.4814453125 0.013671875 0.009765625
1 0.3857421875 0.5048828125 0.01171875 0.013671875
1 0.333984375 0.5498046875 0.01171875 0.01953125
1 0.30859375 0.533203125 0.005859375 0.009765625
1 0.4697265625 0.53515625 0.14453125 0.17578125
1 0.55078125 0.5244140625 0.0078125 0.013671875
1 0.54296875 0.4677734375 0.009765625 0.009765625
1 0.5185546875 0.4599609375 0.0078125 0.0078125
0 0.515625 0.34375 0.162109375 0.197265625
1 0.5302734375 0.2373046875 0.013671875 0.017578125
0 0.751953125 0.3310546875 0.11328125 0.169921875
1 0.6943359375 0.3720703125 0.02734375 0.029296875
1 0.7353515625 0.23828125 0.01171875 0.013671875
1 0.755859375 0.4658203125 0.109375 0.134765625
1 0.833984375 0.4375 0.009765625 0.01171875
1 0.859375 0.2744140625 0.013671875 0.013671875
1 0.861328125 0.3076171875 0.01953125 0.01953125
1 0.90234375 0.2822265625 0.013671875 0.017578125
1 0.90625 0.3056640625 0.013671875 0.013671875
0 0.951171875 0.34765625 0.080078125 0.09765625
1 0.623046875 0.4912109375 0.01171875 0.013671875