0 0.2998046875 0.9658203125 0.095703125 0.068359375
1 0.3720703125 0.94921875 0.052734375 0.06640625
1 0.3935546875 0.9833984375 0.029296875 0.033203125
1 0.392578125 0.912109375 0.01953125 0.009765625
1 0.44140625 0.9853515625 0.0546875 0.029296875
1 0.53515625 0.9931640625 0.025390625 0.01171875
0 0.61768644140625 0.9961950703125 0.634859154296875 0.991429798828125 0.639423763671875 0.964406703125 0.6275254765625 0.935806044921875 0.602582328125 0.9236030703125 0.57557082421875 0.91352344921875 0.536756021484375 0.907756498046875 0.5272302734375 0.9152106328125 0.52401525390625 0.938147681640625 0.52990459765625 0.963465744140625 0.565326380859375 0.998023525390625 0.57657410546875 0.99763074609375 0.61768644140625 0.9961950703125
1 0.50390625 0.884765625 0.05078125 0.048828125
1 0.5478515625 0.8505859375 0.09375 0.099609375
1 0.4443359375 0.884765625 0.013671875 0.013671875
1 0.46484375 0.875 0.021484375 0.015625
1 0.419921875 0.8505859375 0.01953125 0.01953125
1 0.287109375 0.8623046875 0.015625 0.013671875
0 0.3046875 0.7978515625 0.1640625 0.125
1 0.3046875 0.7314453125 0.015625 0.015625
1 0.2587890625 0.7119140625 0.01171875 0.009765625
1 0.4443359375 0.796875 0.13671875 0.080078125
1 0.423828125 0.7080078125 0.0859375 0.07421875
1 0.517578125 0.7236328125 0.099609375 0.056640625
0 0.489994162109375 0.75322336328125 0.512188599609375 0.768483658203125 0.52334349609375 0.789511064453125 0.53601969921875 0.802146029296875 0.565754783203125 0.8035776953125 0.6004264296875 0.800072423828125 0.61906979296875 0.784565869140625 0.618424984375 0.758535369140625 0.6074896796875 0.732258025390625 0.5925268984375 0.714564685546875 0.566565587890625 0.727649556640625 0.53756554296875 0.743777443359375 0.507745345703125 0.748683083984375 0.489994162109375 0.75322336328125
1 0.5009765625 0.6943359375 0.01953125 0.013671875
1 0.4248046875 0.625 0.021484375 0.01171875
1 0.353515625 0.6748046875 0.04296875 0.029296875
1 0.279296875 0.646484375 0.013671875 0.009765625
0 0.314773154296875 0.545014423828125 0.3009087578125 0.549551068359375 0.28425515625 0.562341669921875 0.26118678515625 0.588383236328125 0.257939623046875 0.60805064453125 0.260244630859375 0.638544330078125 0.270261318359375 0.639586990234375 0.2964880390625 0.654933572265625 0.3232515703125 0.65715211328125 0.368735052734375 0.6456773125 0.40079011328125 0.636507228515625 0.401267056640625 0.624359341796875 0.3885491171875 0.592012580078125 0.37389128125 0.57175531640625 0.345762267578125 0.552751107421875 0.314773154296875 0.545014423828125
1 0.216796875 0.62890625 0.01171875 0.009765625
1 0.46484375 0.5556640625 0.078125 0.0703125
0 0.5625 0.59375 0.162109375 0.09375
1 0.5810546875 0.52734375 0.037109375 0.025390625
1 0.599609375 0.49609375 0.0859375 0.046875
1 0.4404296875 0.484375 0.044921875 0.02734375
1 0.4296875 0.51171875 0.013671875 0.005859375
1 0.41796875 0.5546875 0.009765625 0.005859375
1 0.419921875 0.4580078125 0.009765625 0.005859375
1 0.43359375 0.4609375 0.01171875 0.005859375
1 0.45703125 0.4404296875 0.044921875 0.03515625
0 0.5615234375 0.41015625 0.138671875 0.111328125
1 0.4345703125 0.3037109375 0.046875 0.04296875
1 0.5380859375 0.29296875 0.021484375 0.01953125
1 0.471842677734375 0.20409469921875 0.42900959765625 0.196224224609375 0.42015445703125 0.21248374609375 0.420547126953125 0.232053904296875 0.4291997890625 0.257600283203125 0.438568736328125 0.277576279296875 0.455954470703125 0.29310944921875 0.471231736328125 0.306197353515625 0.4962225390625 0.297862970703125 0.523605591796875 0.266521650390625 0.53216125 0.241720650390625 0.52519701953125 0.22455505859375 0.503365498046875 0.207838068359375 0.471842677734375 0.20409469921875
0 0.617150279296875 0.149150115234375 0.58741836328125 0.1488800703125 0.557067146484375 0.1544357890625 0.51978236328125 0.17265348828125 0.50116023828125 0.184588150390625 0.500298869140625 0.2167151484375 0.5003162890625 0.217006783203125 0.521995052734375 0.23919485546875 0.53793851171875 0.256194365234375 0.56604347265625 0.26141696484375 0.609765466796875 0.26458413671875 0.635772419921875 0.26130453515625 0.662814236328125 0.220813375 0.66759083203125 0.185662513671875 0.637470634765625 0.16422070703125 0.617150279296875 0.149150115234375
1 0.5341796875 0.1572265625 0.01953125 0.015625
1 0.44921875 0.17578125 0.076171875 0.046875
1 0.4716796875 0.1982421875 0.01171875 0.01171875
1 0.38671875 0.1982421875 0.009765625 0.0078125
1 0.5234375 0.119140625 0.033203125 0.03515625
0 0.5634765625 0.048828125 0.150390625 0.09765625
1 0.453125 0.037109375 0.0546875 0.03515625
1 0.3173828125 0.25390625 0.03125 0.01953125
0 0.246790646484375 0.151431435546875 0.2208535234375 0.170425453125 0.213917908203125 0.179608646484375 0.221850734375 0.202920033203125 0.225048060546875 0.22884239453125 0.237562931640625 0.263181326171875 0.238057291015625 0.263346826171875 0.263234873046875 0.26647576171875 0.294364068359375 0.2565635234375 0.32536915625 0.240195521484375 0.333409044921875 0.22366680078125 0.350608345703125 0.191611662109375 0.33829669140625 0.154041013671875 0.313879099609375 0.14241321875 0.269176810546875 0.139363521484375 0.246790646484375 0.151431435546875
1 0.37890625 0.1572265625 0.060546875 0.068359375
1 0.45703125 0.119140625 0.099609375 0.0625
1 0.396484375 0.0654296875 0.07421875 0.05859375
1 0.33203125 0.10546875 0.146484375 0.08984375
0 0.302734375 0.037109375 0.171875 0.06640625
1 0.2197265625 0.16015625 0.017578125 0.009765625
0 0.2919921875 0.3984375 0.1484375 0.12109375
1 0.291015625 0.4951171875 0.017578125 0.017578125
1 0.2109375 0.341796875 0.021484375 0.01953125
1 0.3427734375 0.314453125 0.01171875 0.005859375
1 0.421875 0.5302734375 0.009765625 0.005859375