0 0.5185546875 0.9384765625 0.197265625 0.123046875
1 0.396484375 0.828125 0.162109375 0.12890625
1 0.6484375 0.7958984375 0.025390625 0.025390625
1 0.5517578125 0.6904296875 0.03515625 0.025390625
1 0.6064453125 0.7236328125 0.017578125 0.013671875
1 0.4462890625 0.66796875 0.12890625 0.13671875
0 0.459430515625 0.73069311328125 0.453753041015625 0.7552849609375 0.49715880078125 0.7943359609375 0.536782224609375 0.816305125 0.58659462890625 0.827348646484375 0.615182400390625 0.801429349609375 0.63955354296875 0.779560806640625 0.611015140625 0.7407053125 0.606941693359375 0.698579828125 0.586287498046875 0.686662048828125 0.5661162265625 0.70542067578125 0.51134807421875 0.6927968671875 0.4902725625 0.701387337890625 0.459430515625 0.73069311328125
1 0.466796875 0.501953125 0.064453125 0.0546875
1 0.435546875 0.5390625 0.021484375 0.015625
1 0.4248046875 0.5771484375 0.02734375 0.029296875
1 0.345703125 0.5703125 0.162109375 0.115234375
0 0.294921875 0.4775390625 0.173828125 0.126953125
1 0.31640625 0.435546875 0.021484375 0.021484375
1 0.32421875 0.4130859375 0.017578125 0.017578125
1 0.4521484375 0.455078125 0.017578125 0.017578125
1 0.572265625 0.44921875 0.056640625 0.046875
1 0.482421875 0.4072265625 0.0546875 0.05078125
1 0.341796875 0.6748046875 0.025390625 0.0234375
0 0.2158203125 0.7041015625 0.1953125 0.1640625
1 0.26953125 0.6455078125 0.021484375 0.017578125
1 0.205078125 0.8271484375 0.201171875 0.134765625
0 0.1923828125 0.9072265625 0.146484375 0.09765625
0 0.508633787109375 0.568004892578125 0.533685515625 0.5783415859375 0.577096609375 0.583404775390625 0.6365713046875 0.591745015625 0.639756607421875 0.572943484375 0.63112549609375 0.53299757421875 0.61068367578125 0.497092453125 0.59744900390625 0.47884199609375 0.56233188671875 0.486531609375 0.515101904296875 0.526803943359375 0.50743977734375 0.551979755859375 0.508633787109375 0.568004892578125
1 0.596428529296875 0.4633916875 0.60581194140625 0.51174272265625 0.63102099609375 0.54847700390625 0.656685671875 0.57673934765625 0.699744400390625 0.583235001953125 0.70657197265625 0.523132291015625 0.661763734375 0.476327166015625 0.614989232421875 0.458204107421875 0.596428529296875 0.4633916875
1 0.69140625 0.42578125 0.01953125 0.013671875
0 0.6181640625 0.3447265625 0.1640625 0.140625
1 0.5068359375 0.2490234375 0.044921875 0.04296875
1 0.484375 0.2607421875 0.021484375 0.01953125
1 0.7626953125 0.2626953125 0.22265625 0.19921875
1 0.7138671875 0.1025390625 0.021484375 0.021484375
0 0.6702431171875 0.1878535859375 0.695904123046875 0.178256009765625 0.74124129296875 0.141121609375 0.71658294921875 0.115097953125 0.7040578046875 0.0877996484375 0.6795791328125 0.07017326953125 0.640383146484375 0.0721748984375 0.590541490234375 0.090210294921875 0.578390177734375 0.14143921484375 0.600503666015625 0.178657353515625 0.630104505859375 0.191033318359375 0.6702431171875 0.1878535859375
1 0.7548828125 0.1728515625 0.015625 0.013671875
1 0.7392578125 0.1640625 0.013671875 0.01171875
1 0.61328125 0.033203125 0.0703125 0.052734375
1 0.537109375 0.1396484375 0.015625 0.015625
1 0.515625 0.1806640625 0.025390625 0.01953125
1 0.5341796875 0.0810546875 0.044921875 0.03125
1 0.544921875 0.03515625 0.064453125 0.041015625
0 0.3876953125 0.0556640625 0.154296875 0.111328125
0 0.3525390625 0.2529296875 0.154296875 0.126953125
1 0.3291015625 0.1376953125 0.015625 0.009765625
1 0.4970703125 0.0537109375 0.013671875 0.01171875
1 0.5078125 0.111328125 0.013671875 0.01171875
1 0.556640625 0.2626953125 0.02734375 0.015625
1 0.40625 0.3466796875 0.017578125 0.015625
1 0.5361328125 0.00390625 0.017578125 0.0078125
1 0.341796875 0.966796875 0.0234375 0.01953125
1 0.3525390625 0.9560546875 0.013671875 0.01171875
1 0.3779296875 0.8818359375 0.017578125 0.01953125