1 0.00390625 0.3046875 0.0078125 0.01953125
1 0.009765625 0.3701171875 0.01953125 0.029296875
1 0.0322265625 0.373046875 0.013671875 0.01953125
1 0.05078125 0.3193359375 0.013671875 0.01953125
1 0.0908203125 0.3447265625 0.015625 0.017578125
1 0.0224609375 0.4912109375 0.044921875 0.123046875
0 0.0380859375 0.6552734375 0.048828125 0.08984375
0 0.1962890625 0.6318359375 0.16796875 0.162109375
1 0.1728515625 0.4521484375 0.017578125 0.021484375
1 0.1083984375 0.4697265625 0.009765625 0.009765625
1 0.0927734375 0.501953125 0.013671875 0.015625
1 0.2353515625 0.498046875 0.01953125 0.029296875
1 0.2421875 0.4111328125 0.123046875 0.1484375
1 0.3076171875 0.4072265625 0.009765625 0.017578125
1 0.314453125 0.3984375 0.0078125 0.013671875
1 0.3203125 0.390625 0.015625 0.025390625
1 0.3154296875 0.4560546875 0.009765625 0.01171875
1 0.2919921875 0.4580078125 0.015625 0.013671875
1 0.0908203125 0.3310546875 0.0078125 0.009765625
0 0.15192101953125 0.3732584453125 0.17762481640625 0.366986853515625 0.187869365234375 0.360426619140625 0.190785720703125 0.32703 0.18901011328125 0.294572015625 0.186247599609375 0.2767269609375 0.164138884765625 0.260861541015625 0.14284444921875 0.258489263671875 0.131384732421875 0.260199939453125 0.1150719921875 0.247957951171875 0.094807119140625 0.232684953125 0.058100267578125 0.249323224609375 0.058089318359375 0.250518751953125 0.066282150390625 0.276175849609375 0.0759559140625 0.303930861328125 0.091255126953125 0.3271380859375 0.103798369140625 0.3573894453125 0.116151255859375 0.37240925390625 0.15192101953125 0.3732584453125
1 0.1728515625 0.240234375 0.01171875 0.013671875
1 0.193359375 0.2880859375 0.01171875 0.01171875
1 0.2001953125 0.30078125 0.015625 0.015625
1 0.220703125 0.3037109375 0.021484375 0.029296875
1 0.232421875 0.291015625 0.013671875 0.017578125
1 0.197265625 0.2529296875 0.015625 0.015625
1 0.1708984375 0.2275390625 0.0078125 0.009765625
1 0.2568359375 0.2744140625 0.01171875 0.013671875
1 0.2333984375 0.2041015625 0.01953125 0.025390625
1 0.220703125 0.1806640625 0.015625 0.017578125
1 0.2509765625 0.3408203125 0.0078125 0.01171875
1 0.4091796875 0.4111328125 0.009765625 0.013671875
1 0.4169921875 0.41015625 0.009765625 0.013671875
1 0.392578125 0.4423828125 0.0078125 0.009765625
1 0.369140625 0.572265625 0.009765625 0.009765625
0 0.41796875 0.537109375 0.126953125 0.150390625
1 0.46484375 0.42578125 0.009765625 0.01171875
1 0.4169921875 0.38671875 0.005859375 0.009765625
1 0.4482421875 0.392578125 0.009765625 0.009765625
1 0.419921875 0.439453125 0.009765625 0.01171875
1 0.5126953125 0.416015625 0.013671875 0.017578125
1 0.4931640625 0.4140625 0.005859375 0.0078125
1 0.5283203125 0.3828125 0.015625 0.021484375
1 0.3798828125 0.21484375 0.009765625 0.013671875
1 0.3984375 0.240234375 0.00390625 0.005859375
1 0.3955078125 0.2578125 0.013671875 0.013671875
1 0.4072265625 0.2373046875 0.0078125 0.013671875
1 0.4189453125 0.2607421875 0.01171875 0.015625
1 0.4306640625 0.25 0.013671875 0.01953125
1 0.4287109375 0.19921875 0.013671875 0.01953125
0 0.33424580078125 0.188312603515625 0.30762812109375 0.17699287890625 0.3063275234375 0.18303766796875 0.3008330625 0.231667658203125 0.291020123046875 0.269245044921875 0.298352482421875 0.30097601171875 0.310762521484375 0.327840919921875 0.32236408203125 0.325379056640625 0.341975482421875 0.321371498046875 0.368734736328125 0.321244533203125 0.404278837890625 0.316940263671875 0.41091642578125 0.3101712578125 0.40277441015625 0.28452680078125 0.391603572265625 0.262366560546875 0.39461288671875 0.24475878125 0.379795990234375 0.223361513671875 0.37116463671875 0.19735978515625 0.356553029296875 0.16237148828125 0.349273251953125 0.167680947265625 0.3476043359375 0.19926913671875 0.33424580078125 0.188312603515625
1 0.4521484375 0.2158203125 0.013671875 0.021484375
1 0.4453125 0.1826171875 0.015625 0.0234375
1 0.46484375 0.2431640625 0.01171875 0.01171875
1 0.453125 0.2470703125 0.0078125 0.013671875
1 0.46875 0.181640625 0.015625 0.01953125
1 0.470703125 0.1962890625 0.013671875 0.015625
1 0.4794921875 0.2294921875 0.0078125 0.01171875
1 0.486328125 0.2138671875 0.009765625 0.01171875
1 0.4912109375 0.2236328125 0.005859375 0.009765625
1 0.4990234375 0.2099609375 0.01171875 0.01171875
1 0.5009765625 0.2275390625 0.017578125 0.01953125
1 0.5126953125 0.2490234375 0.017578125 0.02734375
1 0.513671875 0.193359375 0.0078125 0.013671875
1 0.505859375 0.171875 0.009765625 0.015625
1 0.5205078125 0.1435546875 0.017578125 0.0234375
1 0.6005859375 0.265625 0.021484375 0.021484375
1 0.61328125 0.2294921875 0.005859375 0.0078125
1 0.6181640625 0.154296875 0.0078125 0.01171875
0 0.516111083984375 0.23568891015625 0.534880904296875 0.273402044921875 0.56518534765625 0.28004931640625 0.58726013671875 0.269466966796875 0.602594103515625 0.255652615234375 0.62184068359375 0.26761806640625 0.6284708203125 0.265304775390625 0.622179224609375 0.238928078125 0.613973861328125 0.224966884765625 0.61138020703125 0.1894930234375 0.610963765625 0.14882337890625 0.60136017578125 0.13546046875 0.578468267578125 0.144366517578125 0.5356311796875 0.1447662109375 0.518797833984375 0.158500482421875 0.525375259765625 0.19521729296875 0.513920962890625 0.218273 0.516111083984375 0.23568891015625
1 0.62890625 0.2177734375 0.0078125 0.013671875
1 0.6328125 0.208984375 0.01171875 0.013671875
1 0.638671875 0.220703125 0.015625 0.017578125
1 0.62632124609375 0.2642610546875 0.63788031640625 0.29059846484375 0.649533283203125 0.29945059765625 0.655389478515625 0.2905295859375 0.6569413203125 0.26850008984375 0.65234342578125 0.242077677734375 0.6554014296875 0.21730004296875 0.65404555078125 0.203330828125 0.6483843203125 0.2105773671875 0.64214544140625 0.227481337890625 0.630474060546875 0.23914471875 0.62652435546875 0.262920708984375 0.62632124609375 0.2642610546875
1 0.6591796875 0.228515625 0.01171875 0.01953125
1 0.6630859375 0.212890625 0.013671875 0.009765625
1 0.6748046875 0.20703125 0.015625 0.015625
1 0.6796875 0.1923828125 0.009765625 0.01171875
1 0.7177734375 0.328125 0.0390625 0.041015625
1 0.6513671875 0.3291015625 0.015625 0.0234375
1 0.625 0.3447265625 0.0078125 0.009765625
1 0.6181640625 0.330078125 0.009765625 0.013671875
1 0.6884765625 0.349609375 0.009765625 0.01171875
1 0.6826171875 0.3564453125 0.01171875 0.009765625
1 0.7060546875 0.392578125 0.0078125 0.009765625
0 0.6103515625 0.5166015625 0.16796875 0.19140625
1 0.6884765625 0.513671875 0.009765625 0.013671875
1 0.6767578125 0.6064453125 0.009765625 0.01171875
1 0.74609375 0.3740234375 0.01171875 0.01171875
1 0.6865234375 0.2607421875 0.01171875 0.015625
1 0.712890625 0.1953125 0.05859375 0.076171875
0 0.741302158203125 0.229062439453125 0.759415482421875 0.2605611796875 0.77578645703125 0.260036806640625 0.807389640625 0.24786945703125 0.833454830078125 0.221186611328125 0.84468686328125 0.209929396484375 0.84110537890625 0.192087142578125 0.8416241953125 0.1666166328125 0.834950224609375 0.130993056640625 0.81845641796875 0.111607650390625 0.80679965234375 0.089810638671875 0.79792608984375 0.087502080078125 0.779746396484375 0.08305748046875 0.73218287109375 0.088255978515625 0.732686384765625 0.08856218359375 0.70465614453125 0.132313298828125 0.716842484375 0.145958990234375 0.731556009765625 0.189628029296875 0.741302158203125 0.229062439453125
1 0.8427734375 0.1044921875 0.01171875 0.015625
1 0.8740234375 0.1669921875 0.033203125 0.033203125
1 0.8740234375 0.12109375 0.015625 0.0234375
1 0.91796875 0.12109375 0.0234375 0.02734375
1 0.9140625 0.1591796875 0.064453125 0.056640625
1 0.9208984375 0.1904296875 0.0234375 0.01953125
1 0.8779296875 0.2041015625 0.01171875 0.01171875
1 0.8427734375 0.1826171875 0.009765625 0.01171875
1 0.9580078125 0.26953125 0.01953125 0.029296875
1 0.9287109375 0.25 0.009765625 0.01171875
1 0.869140625 0.283203125 0.029296875 0.044921875
1 0.830078125 0.3046875 0.123046875 0.130859375
1 0.939453125 0.3203125 0.01171875 0.01171875
0 0.974609375 0.46484375 0.05078125 0.1171875
1 0.7861328125 0.41796875 0.044921875 0.05078125
0 0.91827680859375 0.4808727578125 0.91225790625 0.45456177734375 0.87847705078125 0.431485548828125 0.843559076171875 0.414842580078125 0.815137103515625 0.404971787109375 0.79999599609375 0.441450873046875 0.779366451171875 0.473256201171875 0.771963541015625 0.501336029296875 0.781301595703125 0.535860822265625 0.808033130859375 0.549811119140625 0.841608130859375 0.557943345703125 0.878658591796875 0.571226583984375 0.896438955078125 0.568399267578125 0.9088440625 0.517332888671875 0.91827680859375 0.4808727578125
1 0.9462890625 0.2490234375 0.009765625 0.0078125
1 0.1650390625 0.958984375 0.080078125 0.08203125
1 0.08984375 0.9736328125 0.01953125 0.037109375
1 0.3056640625 0.9375 0.033203125 0.033203125
1 0.337890625 0.9462890625 0.072265625 0.068359375
1 0.5537109375 0.8896484375 0.052734375 0.06640625
1 0.7021484375 0.8515625 0.0625 0.06640625
1 0.77734375 0.8525390625 0.017578125 0.01953125
1 0.787109375 0.828125 0.03125 0.044921875
1 0.8857421875 0.8125 0.126953125 0.126953125
1 0.8583984375 0.9052734375 0.126953125 0.08984375
1 0.9892578125 0.8642578125 0.021484375 0.095703125
1 0.984375 0.7978515625 0.01171875 0.013671875
1 0.9970703125 0.8134765625 0.005859375 0.017578125
1 0.017578125 0.3447265625 0.021484375 0.013671875
1 0.0517578125 0.3896484375 0.009765625 0.013671875