1 0.10546875 0.431640625 0.0234375 0.0205078125
0 0.23967246484375 0.39189263671875 0.24121351953125 0.34480406640625 0.22382657421875 0.32365382421875 0.186963923828125 0.314670138671875 0.14635519921875 0.30898471875 0.12103174609375 0.33333333203125 0.118392701171875 0.3419053828125 0.12239583203125 0.362149677734375 0.12362299609375 0.39926421875 0.12826166796875 0.4474344140625 0.128075654296875 0.482895515625 0.146337115234375 0.47319533984375 0.16526253515625 0.48487275390625 0.18104512890625 0.493284626953125 0.207421357421875 0.457113921875 0.231699787109375 0.43546248046875 0.23967246484375 0.39189263671875
1 0.02734375 0.466796875 0.048828125 0.0341796875
1 0.04296875 0.5 0.0517578125 0.029296875
0 0 0.7217210234375 0.045925564453125 0.71054825390625 0.06431232421875 0.68018525390625 0.0770205546875 0.636417341796875 0.08458762109375 0.607017126953125 0.077585048828125 0.577467068359375 0.056712962890625 0.533530369140625 0.02786044921875 0.541692501953125 0 0.58421516796875 0 0.585219287109375 0 0.7217210234375
1 0.079018890625 0.47877225390625 0.1015289140625 0.499144 0.116217396484375 0.529910025390625 0.1367600859375 0.545471298828125 0.15757016796875 0.53869564453125 0.141414259765625 0.485070822265625 0.12554641015625 0.481061232421875 0.130641068359375 0.4426342734375 0.123346560546875 0.43959435546875 0.08952598046875 0.45476121484375 0.079018890625 0.47877225390625
0 0.29033745703125 0.666027681640625 0.269519625 0.62466414453125 0.2353554375 0.585389798828125 0.184663318359375 0.566001501953125 0.177280970703125 0.58463541796875 0.16461666015625 0.61181037890625 0.14892190625 0.633038125 0.1262659140625 0.66161334375 0.12878741015625 0.680202478515625 0.14078130078125 0.700806740234375 0.166713169921875 0.7289772109375 0.201045283203125 0.755663029296875 0.215954654296875 0.75907324609375 0.2511716171875 0.75358073046875 0.29033745703125 0.666027681640625
1 0.15234375 0.615234375 0.0126953125 0.0185546875
1 0.310546875 0.6171875 0.037109375 0.052734375
1 0.3095703125 0.53125 0.0830078125 0.1171875
1 0.3017578125 0.4599609375 0.0205078125 0.0205078125
1 0.251953125 0.46484375 0.048828125 0.0546875
1 0.298828125 0.3310546875 0.0126953125 0.0205078125
1 0.2744140625 0.341796875 0.0078125 0.0078125
0 0.43669136328125 0.30703676171875 0.408792162109375 0.29036458203125 0.345515822265625 0.292562279296875 0.326427642578125 0.3194375546875 0.30756293359375 0.386110767578125 0.323911314453125 0.443600501953125 0.34698583203125 0.48260788671875 0.371818421875 0.48535673046875 0.411201275390625 0.4764161015625 0.445938998046875 0.42439305078125 0.449687654296875 0.395666267578125 0.441698185546875 0.34490051953125 0.43669136328125 0.30703676171875
1 0.438492064453125 0.32275132421875 0.440283720703125 0.3477578671875 0.44905598828125 0.384190365234375 0.44982458203125 0.43632192578125 0.45726247265625 0.479686810546875 0.47877655859375 0.47770612890625 0.476668423828125 0.42463762109375 0.492736494140625 0.3977950703125 0.495416873046875 0.341721091796875 0.49066065234375 0.2869853671875 0.462060029296875 0.296284240234375 0.438492064453125 0.32275132421875
1 0.51171875 0.3349609375 0.0126953125 0.033203125
1 0.5341796875 0.380859375 0.0185546875 0.0234375
1 0.49488983984375 0.403371982421875 0.480242693359375 0.435366029296875 0.479320384765625 0.477092978515625 0.46527777734375 0.4819223984375 0.43245830078125 0.48513110546875 0.404702484375 0.512936439453125 0.40055080078125 0.533339189453125 0.44148762890625 0.5597959375 0.48598451953125 0.56287546875 0.51422216015625 0.570386560546875 0.573554791015625 0.54961178515625 0.58186203125 0.52227492578125 0.552655578125 0.48979345703125 0.560812974609375 0.430925857421875 0.550717955078125 0.404477720703125 0.49488983984375 0.403371982421875
0 0.6197412890625 0.292605337890625 0.587185330078125 0.2818097578125 0.538029099609375 0.287477955078125 0.518013443359375 0.36395123828125 0.54398794140625 0.3738546484375 0.538539341796875 0.39491188671875 0.56730143359375 0.43168023828125 0.59570441796875 0.456478380859375 0.626073443359375 0.4579061953125 0.653747880859375 0.43008363671875 0.6832669375 0.379980986328125 0.677926845703125 0.342830275390625 0.6568739140625 0.318824404296875 0.6197412890625 0.292605337890625
1 0.64465396484375 0.50330343359375 0.679668123046875 0.5143590859375 0.71114288671875 0.51604352734375 0.71216724609375 0.48991746484375 0.691628431640625 0.44939270703125 0.66832010546875 0.43827160546875 0.6419245 0.465312224609375 0.62451430078125 0.478629298828125 0.64465396484375 0.50330343359375
1 0.6904296875 0.556640625 0.0283203125 0.0390625
1 0.638525908203125 0.456313037109375 0.624485884765625 0.449458154296875 0.5999284375 0.44303385546875 0.580337767578125 0.4688740078125 0.57301096484375 0.50937465625 0.58363301953125 0.529846298828125 0.604917173828125 0.556656126953125 0.63202969921875 0.53905388671875 0.629280857421875 0.493832328125 0.639219576171875 0.4559082890625 0.638525908203125 0.456313037109375
1 0.646484375 0.541015625 0.0341796875 0.060546875
1 0.552734375 0.6005859375 0.0185546875 0.0205078125
0 0.600814576171875 0.724037560546875 0.65026144921875 0.760108369140625 0.68293495703125 0.73727712890625 0.701441849609375 0.643914654296875 0.684385591796875 0.616474455078125 0.656765408203125 0.5831766015625 0.61675251953125 0.55436664453125 0.59020931640625 0.57295800390625 0.5613245078125 0.6281587578125 0.5715706640625 0.68339223828125 0.600814576171875 0.724037560546875
1 0.779296875 0.576171875 0.0205078125 0.0283203125
0 0.76512509375 0.690689759765625 0.782980943359375 0.7165678046875 0.815688037109375 0.73806595703125 0.858134919921875 0.733162478515625 0.88777927734375 0.698707216796875 0.87718434765625 0.60010368359375 0.84770016796875 0.57538476953125 0.794868912109375 0.575326208984375 0.7810588203125 0.606247244140625 0.737820095703125 0.613665330078125 0.734678560546875 0.62293664453125 0.76512509375 0.690689759765625
1 0.93359375 0.619140625 0.0107421875 0.0126953125
1 0.939453125 0.63671875 0.013671875 0.013671875
1 0.953125 0.4853515625 0.09375 0.130859375
1 0.7802734375 0.4501953125 0.0185546875 0.033203125
1 0.767578125 0.484375 0.0126953125 0.013671875
1 0.8988844453125 0.452577298828125 0.881527208984375 0.4282786328125 0.861015521484375 0.4352316875 0.841981595703125 0.44674203515625 0.837248625 0.457759796875 0.854882294921875 0.484908923828125 0.874212033203125 0.49476927734375 0.898827607421875 0.49809337890625 0.8988844453125 0.452577298828125
0 0.934964294921875 0.368532642578125 0.93157087109375 0.330758447265625 0.90500475390625 0.290238853515625 0.84834862890625 0.288330509765625 0.8045634921875 0.269400353515625 0.80012633203125 0.272907021484375 0.77848694921875 0.3368951171875 0.76156632421875 0.36953331640625 0.768544353515625 0.40012538671875 0.782492662109375 0.43867807421875 0.80716507421875 0.461593708984375 0.81993918359375 0.46407903515625 0.846987123046875 0.443336984375 0.875966228515625 0.4304952734375 0.904522931640625 0.41349757421875 0.934964294921875 0.368532642578125
1 0.762309080078125 0.36673108203125 0.78103815234375 0.33943211328125 0.768415177734375 0.29751226171875 0.753721529296875 0.269772376953125 0.6956690234375 0.26971381640625 0.68131251953125 0.310374642578125 0.676168775390625 0.358722236328125 0.69180281640625 0.39697868359375 0.717787646484375 0.40931230859375 0.74658719921875 0.39806030859375 0.762309080078125 0.36673108203125
1 0.7054126875 0.0577188046875 0.6750901640625 0.022566 0.67410455859375 0.023160205078125 0.672617755859375 0.03550416015625 0.645944423828125 0.07870542578125 0.618749224609375 0.153285865234375 0.6032417734375 0.241803419921875 0.624037646484375 0.27160666015625 0.66178514453125 0.2676866328125 0.718044705078125 0.2399226328125 0.74395461328125 0.20675912109375 0.724270935546875 0.112985009765625 0.7054126875 0.0577188046875
0 0.457376146484375 0.617406236328125 0.428240740234375 0.574955908203125 0.427645244140625 0.573385140625 0.40091119921875 0.55746734375 0.371315931640625 0.573464369140625 0.34866898046875 0.61209628515625 0.333684689453125 0.65571435546875 0.340201564453125 0.718593267578125 0.406686611328125 0.78089519921875 0.476329986328125 0.750509810546875 0.482811982421875 0.664365630859375 0.471051896484375 0.632703994140625 0.457376146484375 0.617406236328125
1 0.1318359375 0.595703125 0.013671875 0.0126953125
1 0.1181640625 0.369140625 0.0126953125 0.0107421875