0 0.9296875 0.66796875 0.140625 0.1875
0 0.716796875 0.666015625 0.162109375 0.19921875
0 0.93359375 0.3896484375 0.130859375 0.125
1 0.904296875 0.3232421875 0.015625 0.01953125
1 0.8564453125 0.328125 0.025390625 0.029296875
1 0.763671875 0.412109375 0.013671875 0.01171875
1 0.7099609375 0.431640625 0.013671875 0.013671875
0 0.6923828125 0.3701171875 0.091796875 0.111328125
1 0.75 0.46484375 0.029296875 0.029296875
1 0.71190330078125 0.4855600703125 0.6975826875 0.470273763671875 0.67523984765625 0.4596198203125 0.673943548828125 0.470382251953125 0.6785958515625 0.5071025625 0.6811979453125 0.53775990625 0.70355959765625 0.541662287109375 0.727990359375 0.537685388671875 0.75101343359375 0.517710439453125 0.756643826171875 0.49912967578125 0.755936509765625 0.498962490234375 0.737081013671875 0.489777720703125 0.71190330078125 0.4855600703125
1 0.66796875 0.4755859375 0.013671875 0.013671875
1 0.61328125 0.4609375 0.01171875 0.015625
1 0.640625 0.4423828125 0.04296875 0.107421875
1 0.546875 0.537109375 0.099609375 0.0859375
1 0.58549129296875 0.46320948046875 0.569487400390625 0.414697478515625 0.55523615234375 0.36619641796875 0.54520395703125 0.328558470703125 0.54437881640625 0.3290672578125 0.53158841015625 0.3324805703125 0.5207209921875 0.356313640625 0.509636720703125 0.386144744140625 0.488498021484375 0.39698288671875 0.476674169921875 0.4124214140625 0.486567619140625 0.451609248046875 0.5071834375 0.4707434296875 0.52802798828125 0.471952505859375 0.57814233203125 0.467209767578125 0.58549129296875 0.46320948046875
0 0.52658713671875 0.345597384765625 0.52129612890625 0.292837466796875 0.507014232421875 0.2832231796875 0.460810763671875 0.2675876875 0.431368658203125 0.28652245703125 0.417796439453125 0.314341740234375 0.420614619140625 0.35496071484375 0.444989326171875 0.3926752265625 0.463395490234375 0.40708901953125 0.497701056640625 0.390917765625 0.518316978515625 0.38046791015625 0.52658713671875 0.345597384765625
1 0.435546875 0.4072265625 0.013671875 0.01171875
1 0.408851337890625 0.412497251953125 0.380311078125 0.37838313671875 0.35293896875 0.374866986328125 0.326455423828125 0.409591861328125 0.32742771875 0.447966744140625 0.336784892578125 0.494944134765625 0.348185197265625 0.49507741015625 0.3619848125 0.480918736328125 0.383617724609375 0.433227578125 0.408162546875 0.429970837890625 0.408851337890625 0.412497251953125
1 0.336511259765625 0.530503076171875 0.366649287109375 0.531691953125 0.38493708203125 0.5516438515625 0.40510801953125 0.57539871484375 0.440474302734375 0.563752193359375 0.475606271484375 0.54691403515625 0.475656978515625 0.523050044921875 0.4443125 0.48118190234375 0.41455787109375 0.44554151953125 0.38571099609375 0.43099243359375 0.37489755078125 0.44669200390625 0.355803783203125 0.49017475390625 0.324877990234375 0.503322044921875 0.313487498046875 0.524648109375 0.336511259765625 0.530503076171875
1 0.359375 0.5380859375 0.009765625 0.013671875
1 0.5576171875 0.6123046875 0.005859375 0.013671875
0 0.49944547265625 0.640012998046875 0.477831109375 0.654053517578125 0.46675552734375 0.662679517578125 0.467600037109375 0.683544158203125 0.494626875 0.716212255859375 0.51791718359375 0.730199150390625 0.54862830859375 0.715115580078125 0.553665865234375 0.677596431640625 0.54434885546875 0.632632052734375 0.53330916796875 0.631570701171875 0.49944547265625 0.640012998046875
1 0.4470615234375 0.56199328515625 0.42226698046875 0.567868326171875 0.379607875 0.5941574921875 0.350527390625 0.62252615234375 0.348409140625 0.6384129140625 0.370389279296875 0.637325853515625 0.36719058203125 0.654638259765625 0.371503037109375 0.665844068359375 0.385157123046875 0.675528263671875 0.4061206796875 0.700134802734375 0.434120572265625 0.72597305078125 0.4772095 0.74716276953125 0.47979939453125 0.74361667578125 0.475052439453125 0.700610357421875 0.4710228984375 0.66358844140625 0.48827114453125 0.645399755859375 0.49531576953125 0.61625011328125 0.47582677734375 0.58211332421875 0.4470615234375 0.56199328515625
0 0.393396181640625 0.687865990234375 0.36681912109375 0.651778919921875 0.349586537109375 0.62291101953125 0.3613925703125 0.595398560546875 0.33005501171875 0.60878884375 0.299677455078125 0.608902412109375 0.2779843671875 0.640884171875 0.281037931640625 0.709322580078125 0.313243896484375 0.75909655859375 0.35104736328125 0.749431927734375 0.3748089375 0.724445310546875 0.393396181640625 0.687865990234375
1 0.2255859375 0.5380859375 0.013671875 0.01953125
1 0.1669921875 0.484375 0.005859375 0.009765625
1 0.22265625 0.48828125 0.009765625 0.009765625
0 0.080078125 0.70703125 0.146484375 0.15625
0 0.0576171875 0.392578125 0.115234375 0.0859375
0 0.271484375 0.3701171875 0.119140625 0.15625