1 0.9814453125 0.4462890625 0.0234375 0.03125
0 0.9677734375 0.548828125 0.064453125 0.109375
0 0.8115234375 0.54296875 0.15625 0.171875
1 0.8251953125 0.634765625 0.01171875 0.01953125
0 0.5673828125 0.4697265625 0.16015625 0.203125
0 0.3583984375 0.4580078125 0.146484375 0.18359375
0 0.166015625 0.4326171875 0.162109375 0.19140625
1 0.744140625 0.626953125 0.01953125 0.01953125
1 0.873046875 0.3681640625 0.017578125 0.02734375
1 0.775390625 0.40234375 0.013671875 0.01953125
1 0.509765625 0.615234375 0.01171875 0.015625
1 0.423828125 0.5810546875 0.01171875 0.013671875
1 0.3154296875 0.61328125 0.017578125 0.025390625
1 0.9716796875 0.7275390625 0.015625 0.015625
1 0.857421875 0.70703125 0.017578125 0.01953125
1 0.7265625 0.6875 0.015625 0.01953125
0 0.93359375 0.828125 0.08203125 0.142578125
1 0.87109375 0.826171875 0.01171875 0.013671875
0 0.755859375 0.810546875 0.185546875 0.193359375
1 0.7880859375 0.7119140625 0.017578125 0.0234375
0 0.548828125 0.7822265625 0.14453125 0.203125
1 0.36328125 0.8349609375 0.021484375 0.017578125
0 0.30859375 0.7724609375 0.1328125 0.18359375
0 0.10546875 0.7158203125 0.16015625 0.189453125
1 0.0341796875 0.5400390625 0.017578125 0.017578125
1 0.201171875 0.080078125 0.017578125 0.02734375
1 0.08984375 0.033203125 0.029296875 0.033203125
1 0.5771484375 0.12109375 0.029296875 0.0390625
1 0.70703125 0.138671875 0.015625 0.013671875
1 0.9931640625 0.224609375 0.013671875 0.01953125
1 0.439453125 0.2666015625 0.01171875 0.017578125