0 0.0751953125 0.365234375 0.150390625 0.19140625
0 0.3017578125 0.3388671875 0.1796875 0.1875
0 0.5146484375 0.3486328125 0.13671875 0.189453125
0 0.7392578125 0.34765625 0.154296875 0.201171875
1 0.806640625 0.2724609375 0.005859375 0.01171875
1 0.822265625 0.2646484375 0.005859375 0.009765625
0 0.9453125 0.3671875 0.107421875 0.21484375
0 0.951171875 0.6650390625 0.09765625 0.134765625
0 0.7490234375 0.654296875 0.109375 0.115234375
1 0.783203125 0.56640625 0.056640625 0.0546875
1 0.64453125 0.6240234375 0.044921875 0.044921875
0 0.517578125 0.669921875 0.158203125 0.140625
1 0.6015625 0.626953125 0.009765625 0.01171875
0 0.3037109375 0.6630859375 0.15234375 0.205078125
1 0.3779296875 0.5068359375 0.0234375 0.044921875
0 0.0849609375 0.6953125 0.16796875 0.23046875
1 0.0810546875 0.537109375 0.013671875 0.015625