1 0.0947265625 0.3798828125 0.005859375 0.0107421875
1 0.0859375 0.5234375 0.015625 0.015625
1 0.0244140625 0.51171875 0.009765625 0.013671875
0 0.18630529296875 0.33345540234375 0.167462384765625 0.3161168984375 0.112005162109375 0.316115390625 0.09780092578125 0.328340505859375 0.09780092578125 0.361697349609375 0.099106400390625 0.4016128359375 0.104994033203125 0.43405942578125 0.125348126953125 0.462040654296875 0.167453341796875 0.47754961328125 0.20667069140625 0.483075931640625 0.23155833984375 0.451520001953125 0.225813123046875 0.407499337890625 0.212863498046875 0.381394375 0.18630529296875 0.33345540234375
1 0.0927734375 0.56640625 0.013671875 0.013671875
1 0.0517578125 0.6142578125 0.103515625 0.1435546875
1 0.0625 0.7216796875 0.0625 0.1357421875
0 0.138671875 0.703125 0.0908203125 0.140625
1 0.2236328125 0.7099609375 0.080078125 0.1611328125
1 0.154296875 0.5146484375 0.078125 0.0439453125
1 0.2421875 0.5927734375 0.119140625 0.1123046875
1 0.279296875 0.7568359375 0.017578125 0.0205078125
1 0.279296875 0.7138671875 0.0126953125 0.017578125
1 0.291015625 0.6708984375 0.0078125 0.0185546875
1 0.33203125 0.6708984375 0.0107421875 0.015625
1 0.3466796875 0.568359375 0.005859375 0.0205078125
1 0.314453125 0.3515625 0.009765625 0.013671875
1 0.3310546875 0.3515625 0.0107421875 0.015625
0 0.396484375 0.39453125 0.1220703125 0.1484375
1 0.5126953125 0.4033203125 0.0078125 0.0126953125
1 0.540936447265625 0.48403793359375 0.534944046875 0.445672337890625 0.52134214453125 0.425595349609375 0.483733939453125 0.38797416796875 0.470198767578125 0.392526673828125 0.45722190625 0.41371880078125 0.4442239140625 0.448107259765625 0.43891661328125 0.48868979296875 0.441625873046875 0.511680677734375 0.45585059375 0.54078852734375 0.467291541015625 0.543331701171875 0.48592826171875 0.5419555703125 0.51159948828125 0.533971634765625 0.539149181640625 0.50798973828125 0.540936447265625 0.48403793359375
1 0.4970703125 0.5322265625 0.009765625 0.0107421875
0 0.388671875 0.720703125 0.111328125 0.150390625
1 0.5048828125 0.7451171875 0.015625 0.0185546875
1 0.5556640625 0.7060546875 0.009765625 0.0078125
1 0.5732421875 0.658203125 0.0078125 0.0126953125
1 0.650390625 0.720703125 0.0126953125 0.017578125
1 0.6953125 0.6669921875 0.013671875 0.0234375
1 0.697265625 0.6884765625 0.0107421875 0.015625
1 0.7158203125 0.662109375 0.015625 0.017578125
1 0.73046875 0.6728515625 0.0126953125 0.017578125
1 0.7470703125 0.677734375 0.0126953125 0.0205078125
0 0.6780320625 0.652009015625 0.665377732421875 0.632649751953125 0.6433511015625 0.620484037109375 0.620187828125 0.613477333984375 0.589363892578125 0.608155205078125 0.589095857421875 0.608079576171875 0.579755810546875 0.623211091796875 0.572788033203125 0.655447861328125 0.565041732421875 0.68107237890625 0.5634012734375 0.734729642578125 0.579049580078125 0.74972324609375 0.606293423828125 0.75901065234375 0.629498958984375 0.745523673828125 0.64915220703125 0.71200716015625 0.668601927734375 0.69162321484375 0.6780320625 0.652009015625
1 0.78515625 0.669921875 0.009765625 0.0126953125
1 0.77734375 0.7197265625 0.009765625 0.017578125
0 0.8369140625 0.7001953125 0.1015625 0.1376953125
1 0.8916015625 0.681640625 0.015625 0.0185546875
1 0.9072265625 0.701171875 0.025390625 0.037109375
1 0.947265625 0.693359375 0.0126953125 0.0185546875
1 0.94921875 0.7236328125 0.013671875 0.013671875
1 0.9716796875 0.693359375 0.015625 0.025390625
1 0.9013671875 0.572265625 0.0107421875 0.0107421875
0 0.806640625 0.3935546875 0.1513671875 0.1611328125
0 0.599609375 0.392578125 0.1142578125 0.1689453125