0 0.3544921875 0.9755859375 0.169921875 0.048828125
1 0.4111328125 0.935546875 0.123046875 0.056640625
1 0.4541015625 0.884765625 0.03125 0.03125
0 0.3427734375 0.81640625 0.19921875 0.1640625
1 0.349609375 0.6923828125 0.009765625 0.009765625
1 0.291015625 0.6298828125 0.0234375 0.017578125
1 0.5537109375 0.73046875 0.015625 0.015625
1 0.513671875 0.728515625 0.033203125 0.02734375
0 0.62890625 0.7998046875 0.107421875 0.115234375
1 0.6796875 0.7490234375 0.01953125 0.01171875
1 0.689453125 0.798828125 0.013671875 0.01171875
1 0.7236328125 0.759765625 0.021484375 0.017578125
0 0.6494140625 0.96875 0.10546875 0.052734375
0 0.384950859375 0.507594826171875 0.342100453125 0.50535304296875 0.28276573828125 0.509631046875 0.2416113515625 0.524864525390625 0.23475875390625 0.547410302734375 0.235762396484375 0.58974303515625 0.253173701171875 0.60786778125 0.27472484765625 0.620727734375 0.306303091796875 0.63064864453125 0.326998275390625 0.640485576171875 0.360328103515625 0.649395697265625 0.39162753515625 0.64403753515625 0.41589492578125 0.621537966796875 0.430649869140625 0.583930638671875 0.42101733984375 0.54050828125 0.384950859375 0.507594826171875
1 0.3623046875 0.47265625 0.009765625 0.005859375
0 0.318359375 0.3779296875 0.2109375 0.1484375
0 0.2841796875 0.1552734375 0.19921875 0.193359375
1 0.6044921875 0.0146484375 0.01953125 0.01953125
0 0.62212722265625 0.1295849609375 0.614866451171875 0.10026198828125 0.5657373671875 0.077038240234375 0.516607173828125 0.0821627421875 0.49069921875 0.144477771484375 0.508181041015625 0.15162773828125 0.526604615234375 0.17067071875 0.542935458984375 0.1834837890625 0.572509654296875 0.182086517578125 0.5970866640625 0.169180533203125 0.62212722265625 0.1295849609375
1 0.4755859375 0.2451171875 0.052734375 0.044921875
1 0.5107421875 0.291015625 0.0234375 0.01171875
1 0.59817662890625 0.389077369140625 0.617406205078125 0.38312098046875 0.619094755859375 0.37732964453125 0.613837701171875 0.37234023828125 0.60464508984375 0.36987196875 0.571724560546875 0.36109235546875 0.5543619375 0.350308322265625 0.52659090234375 0.344346169921875 0.509801794921875 0.35078957421875 0.493690330078125 0.3802704140625 0.485255904296875 0.3939833359375 0.5492584140625 0.39592740234375 0.59817662890625 0.389077369140625
0 0.5455193515625 0.34961937890625 0.582733171875 0.365698708984375 0.6221342578125 0.376896537109375 0.666195029296875 0.37618733984375 0.680383017578125 0.359105033203125 0.686728609375 0.32965445703125 0.664061806640625 0.28516953515625 0.628385134765625 0.269756205078125 0.595923880859375 0.272038203125 0.557150080078125 0.28957171875 0.538552666015625 0.3108096640625 0.52419780859375 0.34000451171875 0.5455193515625 0.34961937890625
1 0.5234375 0.44140625 0.013671875 0.013671875
1 0.52734375 0.5 0.015625 0.01171875
1 0.5625 0.525390625 0.041015625 0.0234375
0 0.595996388671875 0.633646345703125 0.61796999609375 0.630962662109375 0.661773162109375 0.596630744140625 0.675541935546875 0.564047541015625 0.657760677734375 0.51866302734375 0.6293674609375 0.517073103515625 0.593055138671875 0.523218904296875 0.563234330078125 0.530422498046875 0.5295633515625 0.54271251171875 0.531886171875 0.57723623828125 0.558489966796875 0.6142276328125 0.595996388671875 0.633646345703125
1 0.6845703125 0.5966796875 0.013671875 0.009765625
1 0.560546875 0.685546875 0.005859375 0.005859375
1 0.80078125 0.958984375 0.013671875 0.013671875
1 0.71875 0.8701171875 0.013671875 0.0078125