1 0.0625 0.369140625 0.017578125 0.029296875
1 0.0107421875 0.4755859375 0.01953125 0.021484375
1 0.0439453125 0.5166015625 0.048828125 0.05859375
1 0.07421875 0.478515625 0.013671875 0.03125
1 0.091796875 0.484375 0.013671875 0.01953125
0 0.046875 0.6044921875 0.09375 0.134765625
1 0.2060546875 0.4736328125 0.01953125 0.025390625
1 0.16015625 0.455078125 0.013671875 0.015625
1 0.2373046875 0.4814453125 0.005859375 0.013671875
1 0.23828125 0.5009765625 0.013671875 0.009765625
1 0.2578125 0.427734375 0.0390625 0.0234375
1 0.361328125 0.4736328125 0.009765625 0.01171875
1 0.351173091796875 0.492757388671875 0.3526790625 0.4661690625 0.33147525390625 0.460006181640625 0.282052033203125 0.44108142578125 0.268271400390625 0.47801967578125 0.254508052734375 0.507223572265625 0.25865071484375 0.520610458984375 0.25695171484375 0.5198815546875 0.290636376953125 0.54569778125 0.325051017578125 0.549193302734375 0.342391373046875 0.536123412109375 0.351173091796875 0.492757388671875
0 0.267542966796875 0.53930824609375 0.24183533203125 0.517468125 0.225496578125 0.5023434375 0.20277883203125 0.487798529296875 0.176179818359375 0.490519658203125 0.14644961328125 0.50320410546875 0.113758927734375 0.530838287109375 0.1088859921875 0.563102052734375 0.107500017578125 0.604332439453125 0.10952203515625 0.643004337890625 0.1205751875 0.68039724609375 0.15437846484375 0.719425685546875 0.1527409765625 0.7203367421875 0.184366205078125 0.7108853828125 0.221065939453125 0.69694153125 0.277236453125 0.668076734375 0.287934869140625 0.61390590625 0.28471594921875 0.565418125 0.267542966796875 0.53930824609375
0 0.2613265703125 0.368998134765625 0.28282035546875 0.3364309140625 0.28940236328125 0.28411916796875 0.28171041796875 0.246886888671875 0.273146322265625 0.211487095703125 0.25369449609375 0.163897423828125 0.20064688671875 0.178835123046875 0.174477306640625 0.210212162109375 0.1471568515625 0.246345962890625 0.14567558203125 0.290332591796875 0.155928896484375 0.317318162109375 0.18388828515625 0.330228533203125 0.206380857421875 0.335963966796875 0.210455900390625 0.36325353515625 0.238841109375 0.378281728515625 0.2613265703125 0.368998134765625
1 0.201171875 0.3466796875 0.015625 0.0234375
1 0.3037109375 0.3134765625 0.013671875 0.01953125
1 0.309112451171875 0.307973306640625 0.305143990234375 0.333468474609375 0.311242244140625 0.34495892578125 0.320870615234375 0.36345728125 0.344995533203125 0.391407837890625 0.371565072265625 0.40353997265625 0.381629818359375 0.36052231640625 0.395248009765625 0.322783916015625 0.406959046875 0.284141859375 0.422688986328125 0.254263189453125 0.432894455078125 0.2259611171875 0.439827669921875 0.192691171875 0.42777103125 0.17869119140625 0.396896060546875 0.17066758203125 0.35439839453125 0.1636388203125 0.298084392578125 0.163574669921875 0.290498916015625 0.16656616015625 0.27982305078125 0.200783431640625 0.27884886328125 0.24005544921875 0.29048455078125 0.268282806640625 0.309112451171875 0.307973306640625
0 0.5059783203125 0.257827939453125 0.437624900390625 0.205326408203125 0.43438685546875 0.20355619140625 0.429721609375 0.242741697265625 0.409172666015625 0.277124525390625 0.39194407421875 0.3203703828125 0.3824743203125 0.359636962890625 0.393131576171875 0.37790294140625 0.42546102734375 0.40817891796875 0.453058751953125 0.4074055703125 0.483533615234375 0.361309671875 0.494692828125 0.3444026328125 0.5093683828125 0.29317733203125 0.5059783203125 0.257827939453125
1 0.5 0.392578125 0.0390625 0.056640625
1 0.381351060546875 0.53913275390625 0.396488990234375 0.540345203125 0.3952722734375 0.514247150390625 0.386328931640625 0.49812855859375 0.372404109375 0.4920332578125 0.3645085625 0.501903833984375 0.364802751953125 0.501745056640625 0.368892466796875 0.5242873046875 0.381351060546875 0.53913275390625
1 0.37238534375 0.466968990234375 0.370113142578125 0.486704611328125 0.388028560546875 0.505830439453125 0.40123696484375 0.50861471875 0.406310177734375 0.484031173828125 0.3913169375 0.463397609375 0.37238534375 0.466968990234375
1 0.4040878828125 0.472455828125 0.4006076875 0.5185487578125 0.40548758203125 0.52729690625 0.455936123046875 0.541886046875 0.501284650390625 0.539462833984375 0.51857192578125 0.5297998828125 0.515637224609375 0.496695763671875 0.497706826171875 0.46450285546875 0.48180334765625 0.435346427734375 0.465783361328125 0.422506421875 0.42976466796875 0.41975296484375 0.409368068359375 0.43098973046875 0.404434244140625 0.47120287890625 0.4040878828125 0.472455828125
1 0.54296875 0.484375 0.01953125 0.021484375
0 0.4443359375 0.6259765625 0.140625 0.177734375
1 0.51953125 0.6162109375 0.009765625 0.015625
1 0.5869140625 0.6611328125 0.01171875 0.015625
1 0.6025390625 0.494140625 0.013671875 0.01953125
1 0.646484375 0.49609375 0.02734375 0.029296875
1 0.6669921875 0.4912109375 0.017578125 0.021484375
1 0.596922044921875 0.4855662578125 0.631820271484375 0.488473130859375 0.643338119140625 0.4716831953125 0.621178345703125 0.44784899609375 0.629597390625 0.405331490234375 0.625761474609375 0.37950147265625 0.60348887109375 0.353155376953125 0.58257433203125 0.34934634765625 0.569407634765625 0.38123409375 0.563699884765625 0.428686625 0.5625770703125 0.47977881640625 0.57145091796875 0.49937075390625 0.596922044921875 0.4855662578125
1 0.6691020390625 0.452069744140625 0.69103851171875 0.452595046875 0.6965106953125 0.420645537109375 0.6700788046875 0.38794326953125 0.655186640625 0.37636448046875 0.633055154296875 0.37380933984375 0.59604525 0.38414439453125 0.57787580859375 0.3948683671875 0.585204298828125 0.408775779296875 0.617065505859375 0.42125594921875 0.633045646484375 0.436361845703125 0.6691020390625 0.452069744140625
1 0.6025390625 0.3427734375 0.0078125 0.01171875
1 0.736328125 0.326171875 0.009765625 0.01171875
0 0.618109978515625 0.24587977734375 0.604877 0.274638900390625 0.60290936328125 0.313319021484375 0.61386903515625 0.351459 0.631427998046875 0.370598916015625 0.67398890625 0.383776083984375 0.702419419921875 0.3881411328125 0.732356244140625 0.347868927734375 0.7306403046875 0.3199182578125 0.729095017578125 0.27316182421875 0.71838401171875 0.230252294921875 0.64597880859375 0.215843919921875 0.618109978515625 0.24587977734375
0 0.9206980625 0.233471701171875 0.869476419921875 0.245333376953125 0.832734037109375 0.323202578125 0.849005419921875 0.356890087890625 0.8624466171875 0.379494705078125 0.894412337890625 0.39383094921875 0.92862894921875 0.391898822265625 0.94738959375 0.36725304296875 0.9838559140625 0.338511140625 0.972406607421875 0.303444779296875 0.952200953125 0.26167439453125 0.921702724609375 0.231578896484375 0.9206980625 0.233471701171875
1 0.9501953125 0.3896484375 0.009765625 0.013671875
1 0.958984375 0.37109375 0.009765625 0.015625
1 0.9921875 0.353515625 0.015625 0.015625
1 0.8310546875 0.3466796875 0.017578125 0.03125
1 0.809941041015625 0.3373423203125 0.78313329296875 0.335580375 0.783110125 0.333875158203125 0.782553541015625 0.379617701171875 0.79885096484375 0.419151572265625 0.801352115234375 0.454037001953125 0.818555884765625 0.45228603125 0.830853919921875 0.42285529296875 0.859650345703125 0.40700883203125 0.880811939453125 0.402278044921875 0.859423458984375 0.374413982421875 0.845739296875 0.358395326171875 0.826414734375 0.361961634765625 0.809941041015625 0.3373423203125
0 0.632596609375 0.561922056640625 0.599834865234375 0.60335180859375 0.600416740234375 0.636256734375 0.620582134765625 0.698516125 0.643817056640625 0.721728865234375 0.67921716796875 0.71481230078125 0.7125346484375 0.678599560546875 0.72917551953125 0.653232146484375 0.74707238671875 0.61357418359375 0.74014925390625 0.588279150390625 0.711952380859375 0.55531708984375 0.683796453125 0.52611528515625 0.632596609375 0.561922056640625
1 0.701171875 0.4765625 0.013671875 0.013671875
1 0.6962890625 0.517578125 0.013671875 0.017578125
1 0.7412109375 0.4931640625 0.013671875 0.013671875
1 0.86328125 0.49609375 0.013671875 0.013671875
1 0.8798828125 0.501953125 0.013671875 0.013671875
1 0.77789156640625 0.658870724609375 0.810364447265625 0.714275712890625 0.885197900390625 0.735977892578125 0.91297297265625 0.73066667578125 0.908991244140625 0.68345529296875 0.903838880859375 0.612018703125 0.898972060546875 0.561697439453125 0.868801447265625 0.534322572265625 0.856655771484375 0.49585871875 0.900527255859375 0.44058239453125 0.892587357421875 0.4264816796875 0.8586232578125 0.402122408203125 0.831833982421875 0.416871943359375 0.812709439453125 0.460647955078125 0.7807098984375 0.48968130078125 0.743031333984375 0.501557251953125 0.719466158203125 0.532837517578125 0.749419138671875 0.586782427734375 0.77789156640625 0.658870724609375
0 0.97678968359375 0.7159471328125 0.993687693359375 0.633538953125 0.978531017578125 0.58808405078125 0.9122717421875 0.551275330078125 0.905993140625 0.622269796875 0.907154826171875 0.666707541015625 0.920364380859375 0.707979767578125 0.97678968359375 0.7159471328125
1 0.931640625 0.525390625 0.01953125 0.013671875
1 1 0.473090486328125 0.99876334765625 0.4706687578125 0.957288578125 0.468140515625 0.926151224609375 0.4813054921875 0.926981546875 0.511829990234375 0.94456276171875 0.531171568359375 0.96534128515625 0.543885193359375 0.99828043359375 0.5459042265625 0.999000224609375 0.532169822265625 1 0.51309297265625 1 0.473090486328125
0 0.0341796875 0.306640625 0.0546875 0.142578125
1 0.109375 0.4775390625 0.005859375 0.013671875