0 0.1279296875 0.376953125 0.138671875 0.15625
1 0.1376953125 0.5400390625 0.0263671875 0.0283203125
1 0.076171875 0.5830078125 0.0673828125 0.1220703125
0 0.11989904296875 0.775669427734375 0.152400263671875 0.7665864921875 0.16982241015625 0.7257245859375 0.183941876953125 0.677279248046875 0.17947952734375 0.64423134765625 0.1645055703125 0.63329173828125 0.142800791015625 0.627378111328125 0.130497685546875 0.58757716015625 0.1290803125 0.58728630078125 0.1108884453125 0.61036211328125 0.09321876953125 0.64502857421875 0.06958912109375 0.63873215625 0.04811491796875 0.627378111328125 0.029213234375 0.62219991796875 0.0217805078125 0.651507341796875 0.01855581640625 0.70020586328125 0.02714369140625 0.72478720703125 0.049065484375 0.77120105078125 0.11989904296875 0.775669427734375
1 0.181640625 0.53515625 0.021484375 0.013671875
1 0.197265625 0.548828125 0.0126953125 0.009765625
1 0.2421875 0.509765625 0.009765625 0.0126953125
1 0.2626953125 0.537109375 0.009765625 0.0107421875
1 0.240234375 0.537109375 0.017578125 0.015625
1 0.302734375 0.515625 0.013671875 0.013671875
1 0.3173828125 0.5126953125 0.017578125 0.013671875
1 0.333984375 0.5048828125 0.015625 0.0263671875
1 0.283203125 0.556640625 0.0078125 0.0126953125
1 0.333350287109375 0.520112966796875 0.311453361328125 0.54705283203125 0.29081895703125 0.561503845703125 0.283046015625 0.575243537109375 0.28472222265625 0.588348765625 0.316353126953125 0.588665244140625 0.330248796875 0.59807369921875 0.33695136328125 0.603497541015625 0.34020769921875 0.61858603515625 0.344402171875 0.62075014453125 0.36482860546875 0.604006919921875 0.3765869140625 0.560198748046875 0.38136348046875 0.51850796875 0.380145037109375 0.497394326171875 0.370853 0.48868513671875 0.355816876953125 0.4986572265625 0.333350287109375 0.520112966796875
0 0.310638427734375 0.593933859375 0.28393328515625 0.6403190703125 0.275086580078125 0.69098427734375 0.284797951171875 0.7484130859375 0.299253111328125 0.770512333984375 0.35367838671875 0.76566418359375 0.39037181640625 0.75020344921875 0.42067690234375 0.70538857421875 0.42136411328125 0.66703890625 0.376387984375 0.628766095703125 0.348930076171875 0.62305290234375 0.339251482421875 0.60455246875 0.310638427734375 0.593933859375
1 0.408203125 0.583984375 0.041015625 0.0654296875
1 0.388671875 0.5166015625 0.015625 0.0126953125
1 0.4208984375 0.5341796875 0.03125 0.0390625
1 0.517933033203125 0.465166255859375 0.503720884765625 0.442610375 0.472635904296875 0.413327064453125 0.44815289453125 0.40883608203125 0.44501410546875 0.44735001953125 0.440534802734375 0.471770109375 0.406270345703125 0.48172863671875 0.386858904296875 0.49991560546875 0.39554398046875 0.5123456796875 0.42812884375 0.514080283203125 0.435943603515625 0.518887744140625 0.433171025390625 0.54612148046875 0.433399341796875 0.565289533203125 0.4498991796875 0.5806281953125 0.47611830078125 0.59299497265625 0.50568305078125 0.594952619140625 0.51374308203125 0.57845353515625 0.49705448828125 0.5388349375 0.48922503515625 0.5130449453125 0.508408158203125 0.4888298125 0.517933033203125 0.465166255859375
0 0.345703125 0.3837890625 0.109375 0.146484375
1 0.525390625 0.544921875 0.0126953125 0.015625
1 0.54296875 0.5517578125 0.0107421875 0.017578125
1 0.5205078125 0.517578125 0.0126953125 0.0107421875
1 0.56640625 0.5048828125 0.033203125 0.0283203125
0 0.587890625 0.3603515625 0.1123046875 0.1455078125
1 0.748046875 0.5625 0.0205078125 0.0234375
1 0.6728515625 0.5234375 0.0126953125 0.017578125
1 0.664801265625 0.515103712890625 0.65354523828125 0.51610574609375 0.629695185546875 0.53884096484375 0.60527886328125 0.577374494140625 0.612701416015625 0.60423146875 0.633093939453125 0.62750771484375 0.64160608203125 0.64620255859375 0.6689068828125 0.6673885390625 0.68173330859375 0.663311994140625 0.70006080859375 0.651493779296875 0.710910373046875 0.590708791015625 0.70727312890625 0.561888140625 0.686752884765625 0.55013322265625 0.667539244140625 0.535884150390625 0.664801265625 0.515103712890625
0 0.63087180859375 0.61994237109375 0.60964513671875 0.639790099609375 0.58479478515625 0.634693287109375 0.56712962890625 0.62692901171875 0.52844464453125 0.64831091015625 0.51727294921875 0.662981951171875 0.510819046875 0.72116729296875 0.53325398828125 0.739697869140625 0.550889755859375 0.772983880859375 0.572608099609375 0.788816853515625 0.60453626953125 0.791987666015625 0.631201849609375 0.7665096328125 0.65772049609375 0.730869623046875 0.6540007421875 0.70104377734375 0.6456298828125 0.65610381640625 0.63087180859375 0.61994237109375
1 0.677734375 0.7646484375 0.0283203125 0.0341796875
0 0.7958984375 0.689453125 0.1142578125 0.140625
1 0.806640625 0.5625 0.015625 0.0205078125
1 0.8330078125 0.556640625 0.0107421875 0.0126953125
1 0.85546875 0.52734375 0.017578125 0.0205078125
1 0.8671875 0.41796875 0.017578125 0.017578125
0 0.74618078125 0.34844292578125 0.738758228515625 0.376247830078125 0.75355925390625 0.404429494140625 0.77945511328125 0.44382505078125 0.794849537109375 0.46373456640625 0.807651095703125 0.4573206015625 0.84498313671875 0.4315321171875 0.86192265234375 0.41637580859375 0.87500451953125 0.4141544296875 0.884908041015625 0.3997034140625 0.88201565234375 0.357134029296875 0.8649484140625 0.31441544921875 0.82980459765625 0.282383294921875 0.80761605859375 0.293444974609375 0.778379087890625 0.3164213203125 0.74618078125 0.34844292578125
1 0.716796875 0.41015625 0.009765625 0.009765625
1 0.947265625 0.4443359375 0.009765625 0.0126953125
1 0.97265625 0.5185546875 0.013671875 0.0263671875