1 0.5126953125 0.9951171875 0.013671875 0.009765625
1 0.4921875 0.8974609375 0.01953125 0.013671875
1 0.5107421875 0.9091796875 0.01171875 0.009765625
0 0.3271484375 0.8193359375 0.158203125 0.158203125
1 0.373046875 0.63671875 0.013671875 0.01171875
1 0.47265625 0.814453125 0.0078125 0.005859375
1 0.44140625 0.5673828125 0.0234375 0.017578125
1 0.478515625 0.609375 0.01171875 0.013671875
1 0.4619140625 0.611328125 0.013671875 0.0078125
0 0.3095703125 0.5791015625 0.1171875 0.099609375
1 0.4296875 0.484375 0.017578125 0.017578125
0 0.2568359375 0.3828125 0.14453125 0.138671875
1 0.3427734375 0.365234375 0.0546875 0.056640625
1 0.3291015625 0.2705078125 0.013671875 0.01171875
0 0.2421875 0.150390625 0.18359375 0.13671875
0 0.560546875 0.0849609375 0.169921875 0.14453125
1 0.626953125 0.0478515625 0.01171875 0.013671875
1 0.5224609375 0.0244140625 0.017578125 0.015625
1 0.4482421875 0.0712890625 0.01171875 0.0078125
1 0.443359375 0.05078125 0.009765625 0.0078125
1 0.4716796875 0.1318359375 0.0078125 0.00390625
1 0.4501953125 0.1767578125 0.005859375 0.005859375
1 0.44921875 0.20703125 0.0078125 0.005859375
1 0.5419921875 0.1826171875 0.0078125 0.009765625
1 0.5693359375 0.2041015625 0.013671875 0.01171875
1 0.5576171875 0.2109375 0.009765625 0.009765625
1 0.5361328125 0.220703125 0.01953125 0.013671875
1 0.501953125 0.232421875 0.009765625 0.005859375
1 0.498046875 0.2548828125 0.005859375 0.005859375
1 0.568359375 0.2451171875 0.0390625 0.021484375
0 0.6318359375 0.310546875 0.185546875 0.13671875
1 0.61328125 0.37890625 0.02734375 0.0234375
1 0.60546875 0.3984375 0.013671875 0.009765625
1 0.58984375 0.4033203125 0.013671875 0.017578125
1 0.5693359375 0.400390625 0.021484375 0.01953125
1 0.5556640625 0.4150390625 0.017578125 0.0234375
1 0.5048828125 0.3798828125 0.01171875 0.005859375
1 0.4873046875 0.3896484375 0.013671875 0.009765625
1 0.4609375 0.3349609375 0.046875 0.03125
1 0.5986328125 0.4619140625 0.02734375 0.021484375
1 0.5830078125 0.4580078125 0.009765625 0.01171875
1 0.54296875 0.435546875 0.009765625 0.005859375
1 0.490234375 0.46875 0.0546875 0.060546875
1 0.6103515625 0.4970703125 0.01171875 0.0078125
1 0.62109375 0.4931640625 0.013671875 0.017578125
1 0.6279296875 0.6318359375 0.01953125 0.015625
1 0.6318359375 0.6513671875 0.013671875 0.01171875
1 0.609375 0.6494140625 0.033203125 0.021484375
1 0.6162109375 0.62890625 0.0234375 0.017578125
1 0.5673828125 0.6328125 0.009765625 0.005859375
1 0.5654296875 0.64453125 0.005859375 0.005859375
1 0.53125 0.669921875 0.005859375 0.005859375
1 0.5341796875 0.681640625 0.005859375 0.005859375
1 0.51171875 0.681640625 0.009765625 0.005859375
1 0.599609375 0.7041015625 0.015625 0.01171875
1 0.6396484375 0.689453125 0.009765625 0.009765625
1 0.5625 0.6943359375 0.01171875 0.005859375
0 0.6455078125 0.7783203125 0.185546875 0.142578125
1 0.6337890625 0.8818359375 0.01953125 0.017578125
1 0.6220703125 0.8681640625 0.021484375 0.01171875
1 0.66796875 0.8681640625 0.013671875 0.01171875
1 0.6591796875 0.8486328125 0.013671875 0.01171875
1 0.6767578125 0.845703125 0.013671875 0.013671875
1 0.6318359375 0.90234375 0.01171875 0.009765625
0 0.6767578125 0.951171875 0.103515625 0.078125
1 0.630859375 0.9169921875 0.009765625 0.009765625
1 0.5625 0.927734375 0.005859375 0.005859375
1 0.5517578125 0.927734375 0.005859375 0.0078125
1 0.5615234375 0.9150390625 0.009765625 0.009765625
1 0.54296875 0.8740234375 0.013671875 0.01953125
1 0.55859375 0.990234375 0.009765625 0.009765625
1 0.5224609375 0.9130859375 0.009765625 0.005859375
0 0.408203125 0.9755859375 0.1171875 0.048828125
0 0.6796875 0.544921875 0.16015625 0.10546875
1 0.5595703125 0.59375 0.1171875 0.126953125