0 0.3359375 0.1845703125 0.162109375 0.1376953125
1 0.3515625 0.2958984375 0.013671875 0.009765625
0 0.3154296875 0.416015625 0.134765625 0.130859375
0 0.333984375 0.6455078125 0.166015625 0.1279296875
1 0.283203125 0.7138671875 0.0234375 0.0126953125
0 0.3173828125 0.8759765625 0.1845703125 0.173828125
1 0.537109375 0.923828125 0.111328125 0.107421875
1 0.6044921875 0.9775390625 0.115234375 0.044921875
0 0.6689453125 0.91015625 0.146484375 0.1328125
1 0.677734375 0.9853515625 0.0185546875 0.0107421875
1 0.5322265625 0.810546875 0.0126953125 0.013671875
0 0.662109375 0.666015625 0.1142578125 0.095703125
1 0.7333984375 0.5986328125 0.015625 0.0107421875
1 0.685546875 0.5771484375 0.0126953125 0.015625
0 0.6513671875 0.4169921875 0.103515625 0.130859375
1 0.705078125 0.36328125 0.0107421875 0.009765625
1 0.5166015625 0.3173828125 0.095703125 0.0498046875
1 0.556640625 0.349609375 0.1044921875 0.083984375
1 0.505859375 0.361328125 0.0341796875 0.0126953125
1 0.529296875 0.3759765625 0.0126953125 0.009765625
1 0.5341796875 0.236328125 0.09375 0.056640625
0 0.6533203125 0.1923828125 0.1123046875 0.1171875
1 0.646484375 0.255859375 0.015625 0.013671875
1 0.6396484375 0.2763671875 0.0126953125 0.009765625
1 0.728515625 0.30859375 0.015625 0.0107421875
1 0.708984375 0.3076171875 0.0107421875 0.009765625
1 0.525390625 0.1044921875 0.1591796875 0.1044921875
1 0.51953125 0.490234375 0.0283203125 0.017578125
1 0.5185546875 0.5068359375 0.0185546875 0.015625
1 0.45703125 0.466796875 0.037109375 0.0341796875
1 0.4375 0.5 0.017578125 0.0126953125
1 0.5009765625 0.638671875 0.0283203125 0.0341796875
1 0.53515625 0.6318359375 0.0078125 0.0185546875
1 0.501953125 0.912109375 0.013671875 0.0126953125
1 0.3056640625 0.9296875 0.015625 0.0107421875