1 0.0546875 0.4638671875 0.0185546875 0.0205078125
1 0.0673828125 0.466796875 0.009765625 0.013671875
1 0.0693359375 0.421875 0.013671875 0.013671875
1 0.0791015625 0.443359375 0.0107421875 0.0126953125
1 0.080078125 0.4609375 0.0107421875 0.013671875
1 0.1552734375 0.3828125 0.009765625 0.0205078125
1 0.1923828125 0.412109375 0.0126953125 0.013671875
1 0.142578125 0.5458984375 0.0595703125 0.0576171875
1 0.048828125 0.57421875 0.009765625 0.0126953125
1 0.056640625 0.5859375 0.0078125 0.0107421875
1 0.072265625 0.572265625 0.025390625 0.0283203125
1 0.0947265625 0.5751953125 0.0126953125 0.0107421875
1 0.099609375 0.564453125 0.0185546875 0.0107421875
1 0.107421875 0.5751953125 0.0107421875 0.0126953125
1 0.1005859375 0.5859375 0.009765625 0.009765625
1 0.029296875 0.564453125 0.0126953125 0.0107421875
1 0.14453125 0.576171875 0.0234375 0.0126953125
1 0.162109375 0.580078125 0.0107421875 0.009765625
1 0.1640625 0.56640625 0.009765625 0.009765625
1 0.123046875 0.576171875 0.0107421875 0.0107421875
0 0.150390625 0.689453125 0.1044921875 0.134765625
1 0.302734375 0.4892578125 0.046875 0.060546875
1 0.2333984375 0.4365234375 0.009765625 0.0107421875
1 0.240234375 0.408203125 0.0078125 0.005859375
1 0.19140625 0.3876953125 0.0078125 0.0078125
1 0.2451171875 0.4541015625 0.015625 0.0126953125
1 0.2607421875 0.43359375 0.0126953125 0.013671875
1 0.265625 0.44921875 0.0078125 0.009765625
1 0.2841796875 0.416015625 0.013671875 0.0126953125
1 0.30078125 0.4208984375 0.0078125 0.0107421875
0 0.345703125 0.4111328125 0.0859375 0.134765625
1 0.3974609375 0.474609375 0.015625 0.017578125
1 0.404296875 0.3984375 0.0078125 0.0107421875
1 0.41015625 0.4072265625 0.009765625 0.009765625
1 0.4169921875 0.4326171875 0.017578125 0.0107421875
1 0.4072265625 0.443359375 0.013671875 0.015625
1 0.4150390625 0.419921875 0.0078125 0.009765625
1 0.435546875 0.400390625 0.0048828125 0.005859375
1 0.4423828125 0.408203125 0.005859375 0.0078125
1 0.439453125 0.4345703125 0.021484375 0.0283203125
1 0.4208984375 0.4521484375 0.0078125 0.0126953125
1 0.451171875 0.44921875 0.0078125 0.0126953125
1 0.443359375 0.470703125 0.009765625 0.013671875
1 0.4658203125 0.4130859375 0.0126953125 0.0126953125
1 0.470703125 0.447265625 0.021484375 0.033203125
1 0.4794921875 0.4716796875 0.005859375 0.005859375
1 0.486328125 0.466796875 0.005859375 0.0078125
1 0.48828125 0.4814453125 0.005859375 0.0078125
1 0.5078125 0.458984375 0.017578125 0.017578125
1 0.509765625 0.4453125 0.0126953125 0.0126953125
1 0.505859375 0.5322265625 0.025390625 0.0234375
1 0.478515625 0.546875 0.017578125 0.017578125
1 0.45703125 0.572265625 0.0126953125 0.015625
1 0.458984375 0.599609375 0.015625 0.015625
1 0.462890625 0.583984375 0.009765625 0.015625
1 0.3603515625 0.544921875 0.021484375 0.017578125
1 0.3310546875 0.5732421875 0.013671875 0.0185546875
1 0.3447265625 0.572265625 0.005859375 0.0078125
1 0.3525390625 0.572265625 0.0078125 0.009765625
1 0.2099609375 0.5986328125 0.0263671875 0.048828125
1 0.2294921875 0.5654296875 0.046875 0.046875
0 0.3349609375 0.708984375 0.0986328125 0.1591796875
1 0.3486328125 0.6484375 0.013671875 0.0341796875
1 0.48828125 0.689453125 0.0234375 0.0361328125
1 0.4892578125 0.6435546875 0.0126953125 0.0234375
1 0.572265625 0.654296875 0.017578125 0.017578125
1 0.498046875 0.56640625 0.0205078125 0.017578125
1 0.6201171875 0.62109375 0.0390625 0.060546875
1 0.65625 0.576171875 0.0185546875 0.0234375
1 0.5986328125 0.548828125 0.0234375 0.013671875
1 0.609375 0.5732421875 0.0078125 0.015625
1 0.638671875 0.580078125 0.0107421875 0.009765625
1 0.7265625 0.544921875 0.021484375 0.025390625
1 0.6806640625 0.5166015625 0.0185546875 0.0498046875
1 0.6611328125 0.646484375 0.0185546875 0.0185546875
1 0.6416015625 0.685546875 0.0078125 0.0107421875
1 0.634765625 0.6962890625 0.0048828125 0.0078125
1 0.673828125 0.701171875 0.005859375 0.015625
1 0.740234375 0.54296875 0.0078125 0.0107421875
1 0.767578125 0.5322265625 0.0126953125 0.013671875
1 0.7568359375 0.509765625 0.0078125 0.0126953125
1 0.818359375 0.4189453125 0.009765625 0.0107421875
1 0.8173828125 0.4365234375 0.009765625 0.013671875
1 0.8046875 0.4404296875 0.009765625 0.0107421875
1 0.806640625 0.4619140625 0.0126953125 0.009765625
1 0.794921875 0.4716796875 0.015625 0.0107421875
1 0.787109375 0.4599609375 0.009765625 0.0107421875
1 0.794921875 0.4033203125 0.009765625 0.015625
1 0.705078125 0.376953125 0.0283203125 0.025390625
1 0.6669921875 0.4013671875 0.0126953125 0.017578125
1 0.673828125 0.3828125 0.0126953125 0.0185546875
1 0.6923828125 0.416015625 0.015625 0.0234375
1 0.673828125 0.4423828125 0.0126953125 0.013671875
1 0.689453125 0.447265625 0.0078125 0.009765625
1 0.701171875 0.431640625 0.009765625 0.0107421875
1 0.615234375 0.39453125 0.0341796875 0.0234375
1 0.607421875 0.3212890625 0.0107421875 0.0107421875
1 0.6142578125 0.3076171875 0.0048828125 0.0107421875
1 0.654296875 0.36328125 0.0078125 0.009765625
1 0.6904296875 0.3740234375 0.013671875 0.0078125
1 0.8681640625 0.4404296875 0.017578125 0.0263671875
1 0.8857421875 0.419921875 0.013671875 0.0234375
1 0.8544921875 0.3955078125 0.0126953125 0.015625
1 0.849609375 0.4501953125 0.0205078125 0.021484375
1 0.83984375 0.5517578125 0.0126953125 0.017578125
0 0.94140625 0.693359375 0.1171875 0.142578125
1 0.9619140625 0.5615234375 0.0498046875 0.0830078125
0 0.9384765625 0.416015625 0.099609375 0.107421875
1 0.9677734375 0.4951171875 0.064453125 0.0625
1 0.939453125 0.3251953125 0.0263671875 0.0263671875
1 0.833984375 0.439453125 0.0078125 0.013671875
1 0.37890625 0.5693359375 0.005859375 0.0078125
1 0.43359375 0.591796875 0.005859375 0.0078125
1 0.439453125 0.5869140625 0.005859375 0.0078125
1 0.4462890625 0.591796875 0.005859375 0.0078125
1 0.439453125 0.54296875 0.005859375 0.009765625
1 0.3623046875 0.59765625 0.0048828125 0.005859375
1 0.3671875 0.5947265625 0.0048828125 0.005859375
1 0.283203125 0.6142578125 0.005859375 0.0048828125
1 0.3193359375 0.6083984375 0.005859375 0.005859375
1 0.3076171875 0.5751953125 0.0078125 0.0048828125
1 0.0361328125 0.640625 0.0078125 0.0107421875
1 0.66015625 0.521484375 0.005859375 0.0107421875
1 0.6552734375 0.5263671875 0.0029296875 0.0078125
1 0.64453125 0.5166015625 0.0048828125 0.0078125
1 0.630859375 0.57421875 0.0048828125 0.005859375
1 0.763671875 0.576171875 0.0078125 0.0078125
1 0.7431640625 0.5869140625 0.009765625 0.0078125
1 0.810546875 0.634765625 0.0126953125 0.0107421875
1 0.794921875 0.57421875 0.005859375 0.013671875
1 0.8056640625 0.482421875 0.005859375 0.0107421875
1 0.8115234375 0.4931640625 0.005859375 0.009765625
1 0.818359375 0.5185546875 0.005859375 0.0078125
1 0.7802734375 0.53125 0.0048828125 0.0107421875
1 0.78515625 0.5390625 0.005859375 0.005859375
1 0.7861328125 0.4248046875 0.005859375 0.013671875
1 0.8388671875 0.39453125 0.005859375 0.009765625
1 0.869140625 0.380859375 0.0107421875 0.009765625
1 0.9873046875 0.0751953125 0.025390625 0.0390625
0 0.556640625 0.42578125 0.0810546875 0.140625
0 0.751953125 0.4150390625 0.064453125 0.1279296875
1 0.26953125 0.5439453125 0.0908203125 0.119140625
1 0.6416015625 0.474609375 0.091796875 0.1455078125
1 0.884765625 0.525390625 0.0830078125 0.1328125
1 0.8291015625 0.5712890625 0.052734375 0.078125
0 0.767578125 0.7060546875 0.072265625 0.169921875
1 0.693359375 0.623046875 0.078125 0.109375
1 0.423828125 0.6533203125 0.091796875 0.109375
1 0.537109375 0.578125 0.099609375 0.0810546875
0 0.1357421875 0.44921875 0.1044921875 0.125
0 0.533203125 0.7001953125 0.072265625 0.1484375