0 0.0556640625 0.2822265625 0.111328125 0.138671875
1 0.08203125 0.4248046875 0.044921875 0.0625
1 0.0390625 0.4150390625 0.009765625 0.01171875
1 0.13671875 0.4013671875 0.03515625 0.029296875
1 0.1201171875 0.427734375 0.013671875 0.015625
1 0.1669921875 0.4072265625 0.009765625 0.01171875
1 0.2109375 0.3955078125 0.0625 0.04296875
1 0.3076171875 0.4111328125 0.013671875 0.01953125
1 0.3232421875 0.400390625 0.01953125 0.01953125
1 0.322265625 0.345703125 0.017578125 0.0234375
0 0.2939453125 0.2568359375 0.138671875 0.142578125
1 0.30078125 0.1767578125 0.041015625 0.05078125
1 0.453125 0.3828125 0.015625 0.021484375
1 0.451171875 0.28515625 0.021484375 0.03515625
1 0.42578125 0.169921875 0.009765625 0.013671875
0 0.5087890625 0.2392578125 0.123046875 0.158203125
1 0.591796875 0.23046875 0.017578125 0.02734375
1 0.595703125 0.3525390625 0.021484375 0.03125
0 0.7265625 0.23046875 0.14453125 0.193359375
1 0.7119140625 0.0693359375 0.01953125 0.025390625
1 0.7353515625 0.1123046875 0.013671875 0.017578125
1 0.74609375 0.0869140625 0.015625 0.017578125
1 0.7509765625 0.109375 0.0078125 0.013671875
1 0.78125 0.1201171875 0.005859375 0.013671875
1 0.802734375 0.060546875 0.11328125 0.12109375
1 0.876953125 0.0634765625 0.109375 0.126953125
1 0.8515625 0.1708984375 0.052734375 0.060546875
1 0.8095703125 0.2509765625 0.0234375 0.025390625
1 0.857421875 0.2900390625 0.080078125 0.10546875
0 0.939453125 0.142578125 0.08984375 0.126953125
1 0.9775390625 0.3134765625 0.017578125 0.013671875
1 0.8974609375 0.3564453125 0.013671875 0.015625
1 0.9765625 0.490234375 0.046875 0.03515625
1 0.9736328125 0.59765625 0.052734375 0.171875
1 0.90625 0.6689453125 0.1640625 0.162109375
1 0.9111328125 0.8056640625 0.177734375 0.181640625
1 0.91796875 0.8974609375 0.0390625 0.056640625
1 0.9794921875 0.90625 0.03515625 0.048828125
1 0.9765625 0.9541015625 0.02734375 0.02734375
1 0.8583984375 0.9111328125 0.021484375 0.037109375
1 0.8291015625 0.8994140625 0.03515625 0.03515625
1 0.7978515625 0.7802734375 0.013671875 0.015625
1 0.8017578125 0.802734375 0.005859375 0.01171875
1 0.80859375 0.81640625 0.0078125 0.01171875
1 0.78515625 0.8896484375 0.029296875 0.025390625
1 0.783203125 0.9306640625 0.0390625 0.029296875
1 0.630859375 0.9462890625 0.01953125 0.02734375
1 0.66015625 0.951171875 0.037109375 0.044921875
1 0.6484375 0.9794921875 0.013671875 0.015625
1 0.5625 0.9599609375 0.025390625 0.041015625
1 0.580078125 0.982421875 0.029296875 0.02734375
1 0.412109375 0.9638671875 0.03125 0.04296875
1 0.3623046875 0.9873046875 0.017578125 0.021484375
1 0.076171875 0.9951171875 0.03515625 0.009765625
0 0.0703125 0.599609375 0.140625 0.189453125
0 0.2802734375 0.591796875 0.146484375 0.150390625
0 0.513671875 0.5361328125 0.11328125 0.130859375
1 0.4599609375 0.62890625 0.013671875 0.01953125
1 0.38671875 0.5166015625 0.01171875 0.0078125
1 0.5791015625 0.5537109375 0.013671875 0.0234375
1 0.619140625 0.583984375 0.01171875 0.017578125
1 0.359375 0.4423828125 0.015625 0.013671875
0 0.7333984375 0.5234375 0.08203125 0.119140625
1 0.759765625 0.4892578125 0.021484375 0.025390625
1 0.7763671875 0.5029296875 0.01171875 0.013671875
1 0.7919921875 0.583984375 0.021484375 0.03515625
1 0.5830078125 0.958984375 0.009765625 0.017578125