1 0.429624205078125 0.73879213671875 0.609251421875 0.820301197265625 0.720425830078125 0.77392578125 0.80948893359375 0.702071578125 0.82642204296875 0.645808466796875 0.777117693359375 0.541980884765625 0.716007185546875 0.43489357421875 0.63294210546875 0.42977340234375 0.58205234765625 0.42964455078125 0.53304940625 0.43047417578125 0.45653694140625 0.441643609375 0.402615017578125 0.463564271484375 0.387357736328125 0.462583189453125 0.365587021484375 0.509654857421875 0.3380895546875 0.539903427734375 0.317973572265625 0.54611319140625 0.285614390625 0.499602140625 0.20281455078125 0.51290328515625 0.166959033203125 0.544123896484375 0.263231818359375 0.66348831640625 0.429624205078125 0.73879213671875
1 0.6669921875 0.4208984375 0.037109375 0.03125
0 0.34487123828125 0.54623902734375 0.379107189453125 0.481746720703125 0.462195376953125 0.454601900390625 0.536852173828125 0.441165123046875 0.64485676953125 0.4447639375 0.651925796875 0.40949013671875 0.7186294375 0.41097005078125 0.71143984765625 0.324016806640625 0.7101297265625 0.1948694296875 0.63995386328125 0.098268107421875 0.50534497265625 0.06310281640625 0.415047099609375 0.096709828125 0.311840919921875 0.14832598046875 0.2560884453125 0.21123287890625 0.22004002734375 0.318067009765625 0.23032407421875 0.422236689453125 0.261353041015625 0.48386562109375 0.31062323046875 0.548891419921875 0.34487123828125 0.54623902734375
0 0.8251953125 0.0537109375 0.1357421875 0.107421875
0 0.6416015625 0.044921875 0.1064453125 0.0888671875
0 0.5634765625 0.017578125 0.068359375 0.03515625
0 0.458984375 0.044921875 0.1123046875 0.078125
0 0.3056640625 0.041015625 0.072265625 0.08203125
0 0.236328125 0.0498046875 0.083984375 0.099609375
0 0.146484375 0.04296875 0.09375 0.0859375
0 0.060546875 0.0478515625 0.1201171875 0.095703125
1 0.162109375 0.314453125 0.046875 0.0439453125
0 0.9501953125 0.203125 0.099609375 0.2158203125
0 0.955078125 0.0458984375 0.0888671875 0.091796875