0 0.857421875 0.3349609375 0.119140625 0.203125
0 0.650390625 0.3349609375 0.109375 0.216796875
1 0.583984375 0.380859375 0.009765625 0.015625
0 0.458984375 0.3603515625 0.166015625 0.2001953125
1 0.498046875 0.478515625 0.005859375 0.0126953125
1 0.525390625 0.494140625 0.0078125 0.0107421875
1 0.5048828125 0.5166015625 0.015625 0.0126953125
1 0.3828125 0.498046875 0.0283203125 0.0546875
0 0.2421875 0.392578125 0.134765625 0.173828125
0 0.056640625 0.4013671875 0.11328125 0.169921875
1 0.0947265625 0.517578125 0.0126953125 0.013671875
1 0.091796875 0.5537109375 0.0126953125 0.013671875
1 0.2939453125 0.5400390625 0.052734375 0.0595703125
1 0.2490234375 0.52734375 0.009765625 0.0126953125
0 0.048828125 0.68359375 0.0966796875 0.193359375
1 0.1162109375 0.712890625 0.0078125 0.0126953125
0 0.228515625 0.6533203125 0.169921875 0.1640625
0 0.4599609375 0.642578125 0.1376953125 0.208984375
0 0.671875 0.625 0.15625 0.181640625
0 0.912109375 0.6201171875 0.162109375 0.208984375
0 0.7978515625 0.525390625 0.0283203125 0.021484375