1 0.3388671875 0.947265625 0.0078125 0.0078125
1 0.3740234375 0.94140625 0.01953125 0.013671875
1 0.474609375 0.9794921875 0.10546875 0.041015625
1 0.5693359375 0.8984375 0.029296875 0.01953125
1 0.6240234375 0.9658203125 0.009765625 0.01171875
1 0.509765625 0.857421875 0.013671875 0.005859375
1 0.5 0.8505859375 0.015625 0.01171875
1 0.4775390625 0.787109375 0.1171875 0.10546875
0 0.29773453515625 0.886899953125 0.35529777734375 0.887226576171875 0.40036080078125 0.887667736328125 0.42143271484375 0.86304326953125 0.426472603515625 0.831770037109375 0.423810208984375 0.8132549921875 0.423920203125 0.813413779296875 0.41684796484375 0.801295630859375 0.383155626953125 0.784443927734375 0.357621927734375 0.770982486328125 0.33897273046875 0.76283202734375 0.311327220703125 0.768219453125 0.279764751953125 0.795547470703125 0.263067029296875 0.82127405078125 0.263215587890625 0.839425552734375 0.27398669140625 0.872189296875 0.29773453515625 0.886899953125
1 0.385476716796875 0.786296822265625 0.41048683984375 0.784040013671875 0.4248747578125 0.77750776953125 0.425626873046875 0.769053921875 0.414889369140625 0.763200560546875 0.390588841796875 0.75700853515625 0.35018030859375 0.750339943359375 0.316157419921875 0.738966189453125 0.316538013671875 0.752229474609375 0.337001537109375 0.764047080078125 0.34805465234375 0.77479744140625 0.36822744140625 0.782533365234375 0.38588534375 0.786470357421875 0.385476716796875 0.786296822265625
1 0.34375 0.7509765625 0.013671875 0.013671875
0 0.6162109375 0.8369140625 0.115234375 0.080078125
1 0.7587890625 0.640625 0.03125 0.02734375
1 0.490234375 0.646484375 0.021484375 0.01171875
1 0.4912109375 0.708984375 0.015625 0.013671875
1 0.525390625 0.6611328125 0.015625 0.009765625
1 0.5009765625 0.6201171875 0.01171875 0.005859375
1 0.498046875 0.609375 0.01171875 0.005859375
0 0.341796875 0.59765625 0.158203125 0.125
1 0.37109375 0.6943359375 0.009765625 0.005859375
1 0.4375 0.5087890625 0.083984375 0.0546875
1 0.509765625 0.560546875 0.064453125 0.05078125
0 0.663737119140625 0.568902076171875 0.644098103515625 0.572059484375 0.61952680078125 0.5851324375 0.59242673828125 0.59698630859375 0.594435263671875 0.60320798828125 0.6026576953125 0.632103345703125 0.61388208203125 0.655953 0.639474138671875 0.664148595703125 0.669422212890625 0.6612439765625 0.7037049453125 0.649403216796875 0.716911501953125 0.63571881640625 0.726218771484375 0.612095173828125 0.714807939453125 0.584575408203125 0.6965080078125 0.570474650390625 0.663737119140625 0.568902076171875
1 0.67272513671875 0.508983099609375 0.677018634765625 0.499277419921875 0.654487767578125 0.4953587265625 0.623741603515625 0.498316591796875 0.5989643359375 0.503657396484375 0.576857955078125 0.50298440625 0.534271140625 0.4896186953125 0.486950447265625 0.493152146484375 0.477761205078125 0.505539486328125 0.47994309375 0.533735712890625 0.487582966796875 0.561480025390625 0.51021100390625 0.623784828125 0.5406413515625 0.63860167578125 0.572494927734375 0.61416761328125 0.600193916015625 0.595176109375 0.6165914296875 0.584905033203125 0.631190822265625 0.570070115234375 0.6438177734375 0.55080144140625 0.6605102890625 0.528969447265625 0.67272513671875 0.508983099609375
1 0.6162109375 0.4931640625 0.04296875 0.02734375
1 0.5751953125 0.466796875 0.0703125 0.046875
1 0.5478515625 0.51171875 0.08203125 0.0625
1 0.5615234375 0.4384765625 0.0234375 0.0234375
1 0.560546875 0.4072265625 0.04296875 0.03125
1 0.53515625 0.390625 0.013671875 0.013671875
1 0.639168740234375 0.355701630859375 0.616030966796875 0.3642273125 0.58728290234375 0.382589998046875 0.59126365234375 0.398548060546875 0.611033884765625 0.408033296875 0.63256766796875 0.40987036328125 0.651811017578125 0.396409525390625 0.67037291796875 0.377896697265625 0.665566650390625 0.36136341015625 0.639168740234375 0.355701630859375
0 0.72922748828125 0.434953666015625 0.729705033203125 0.4118757421875 0.722011119140625 0.382974130859375 0.7056033203125 0.369771607421875 0.673860564453125 0.377117419921875 0.648693220703125 0.3909955625 0.63266095703125 0.411286646484375 0.625493015625 0.432646689453125 0.649743158203125 0.4605156328125 0.6798933828125 0.464408072265625 0.714807392578125 0.45445886328125 0.72922748828125 0.434953666015625
1 0.625 0.3193359375 0.1328125 0.078125
1 0.5009765625 0.330078125 0.1328125 0.12109375
0 0.3837890625 0.3984375 0.15234375 0.12890625
0 0.3681640625 0.203125 0.169921875 0.154296875
1 0.54296875 0.2080078125 0.02734375 0.0234375
1 0.59375 0.2333984375 0.017578125 0.009765625
1 0.59375 0.216796875 0.05078125 0.033203125
0 0.677734375 0.2392578125 0.1015625 0.109375
1 0.7138671875 0.12109375 0.015625 0.013671875
0 0.67578125 0.0419921875 0.083984375 0.0703125
1 0.736539091796875 0.039654623046875 0.715791267578125 0.056116021484375 0.69919204296875 0.070317154296875 0.7010867578125 0.08687534375 0.708198162109375 0.104981166015625 0.717404087890625 0.11474382421875 0.729765392578125 0.112276853515625 0.753263044921875 0.1019628046875 0.7746882890625 0.08468001171875 0.78658908203125 0.06333546875 0.784848404296875 0.0379323671875 0.772434724609375 0.0191790703125 0.7591876953125 0.014400349609375 0.746453841796875 0.0224262890625 0.736539091796875 0.039654623046875
1 0.583984375 0.1455078125 0.013671875 0.013671875
1 0.5576171875 0.103515625 0.033203125 0.0234375
1 0.5439453125 0.134765625 0.015625 0.009765625
1 0.5244140625 0.12890625 0.02734375 0.021484375
1 0.47265625 0.08984375 0.021484375 0.017578125
1 0.3173828125 0.0654296875 0.16796875 0.064453125
0 0.365234375 0.025390625 0.140625 0.05078125
1 0.078125 0.1552734375 0.025390625 0.03515625
1 0.498046875 0.884765625 0.01171875 0.005859375