0 0.5693359375 0.9716796875 0.107421875 0.056640625
0 0.6474609375 0.8359375 0.162109375 0.134765625
0 0.7216796875 0.666015625 0.205078125 0.17578125
1 0.8623046875 0.5185546875 0.033203125 0.02734375
1 0.994140625 0.42578125 0.01171875 0.0390625
1 0.7626953125 0.2666015625 0.07421875 0.060546875
1 0.830078125 0.306640625 0.01953125 0.013671875
1 0.8427734375 0.2978515625 0.0234375 0.01953125
1 0.8291015625 0.26953125 0.0234375 0.03125
1 0.8017578125 0.2783203125 0.015625 0.015625
1 0.822265625 0.240234375 0.015625 0.015625
1 0.708984375 0.1904296875 0.04296875 0.04296875
1 0.625 0.2099609375 0.12890625 0.048828125
1 0.57421875 0.2255859375 0.03515625 0.033203125
1 0.6748046875 0.2490234375 0.021484375 0.017578125
1 0.5673828125 0.16796875 0.068359375 0.048828125
1 0.462890625 0.1259765625 0.185546875 0.146484375
1 0.3330078125 0.142578125 0.03125 0.021484375
1 0.3486328125 0.1240234375 0.03125 0.025390625
1 0.3349609375 0.2548828125 0.03125 0.021484375
1 0.3427734375 0.3525390625 0.021484375 0.017578125
1 0.4365234375 0.3095703125 0.025390625 0.025390625
1 0.4736328125 0.3193359375 0.021484375 0.015625
1 0.48828125 0.3056640625 0.033203125 0.025390625
1 0.49609375 0.2861328125 0.01953125 0.013671875
1 0.4677734375 0.2626953125 0.013671875 0.01171875
1 0.4921875 0.3271484375 0.009765625 0.0078125
1 0.4794921875 0.3291015625 0.01171875 0.009765625
1 0.4443359375 0.328125 0.013671875 0.009765625
1 0.5322265625 0.3017578125 0.009765625 0.0078125
1 0.4814453125 0.2783203125 0.009765625 0.0078125
0 0.4208984375 0.5751953125 0.1875 0.154296875
1 0.4638671875 0.671875 0.02734375 0.0234375
0 0.353515625 0.7607421875 0.1484375 0.14453125
1 0.224609375 0.8564453125 0.013671875 0.01171875
1 0.5654296875 0.9208984375 0.01171875 0.01171875
1 0.59375 0.53125 0.02734375 0.017578125
1 0.7158203125 0.4296875 0.041015625 0.046875
1 0.720703125 0.38671875 0.017578125 0.015625
1 0.7373046875 0.4091796875 0.013671875 0.013671875
1 0.8359375 0.3203125 0.01171875 0.0078125