1 0.4853515625 0.06640625 0.099609375 0.0625
1 0.5 0.142578125 0.021484375 0.02734375
1 0.568359375 0.130859375 0.044921875 0.048828125
1 0.5302734375 0.1435546875 0.021484375 0.013671875
1 0.638671875 0.1826171875 0.076171875 0.044921875
1 0.65625 0.1357421875 0.134765625 0.07421875
1 0.7451171875 0.1455078125 0.0234375 0.01953125
1 0.564453125 0.2099609375 0.044921875 0.037109375
0 0.642578125 0.263671875 0.166015625 0.09765625
1 0.541151798828125 0.2793253359375 0.5588678515625 0.228205923828125 0.518057369140625 0.207547103515625 0.47456565234375 0.19595467578125 0.45097767578125 0.19431148828125 0.4317859921875 0.1970789140625 0.417874759765625 0.2033896640625 0.41836266015625 0.203254431640625 0.44968991796875 0.23401119921875 0.48206276953125 0.2670834765625 0.5124406640625 0.298282369140625 0.541151798828125 0.2793253359375
0 0.369140625 0.083984375 0.134765625 0.130859375
1 0.3955078125 0.2294921875 0.009765625 0.009765625
1 0.359375 0.3515625 0.029296875 0.0234375
1 0.384765625 0.33203125 0.009765625 0.009765625
0 0.46150694921875 0.269289576171875 0.447973533203125 0.234612236328125 0.448569728515625 0.232396806640625 0.40188871484375 0.231438705078125 0.364992271484375 0.230714322265625 0.33492537109375 0.243050009765625 0.318365140625 0.261064392578125 0.337146888671875 0.3101392421875 0.35515894140625 0.322617287109375 0.382050453125 0.327247416015625 0.400517421875 0.33729710546875 0.427818205078125 0.323091220703125 0.4557533984375 0.296571962890625 0.46150694921875 0.269289576171875
1 0.251953125 0.3427734375 0.189453125 0.146484375
1 0.43359375 0.34765625 0.025390625 0.021484375
1 0.427734375 0.3759765625 0.021484375 0.01953125
0 0.380859375 0.4541015625 0.13671875 0.11328125
1 0.47265625 0.568359375 0.017578125 0.015625
1 0.4609375 0.607421875 0.12109375 0.060546875
0 0.4052734375 0.681640625 0.126953125 0.09765625
1 0.55078125 0.55859375 0.048828125 0.0234375
1 0.6357421875 0.505859375 0.013671875 0.009765625
1 0.634765625 0.5146484375 0.01171875 0.005859375
1 0.68359375 0.49609375 0.01953125 0.009765625
1 0.68359375 0.341796875 0.015625 0.013671875
1 0.6181640625 0.3154296875 0.013671875 0.0078125
1 0.615234375 0.3525390625 0.009765625 0.005859375
1 0.658203125 0.3173828125 0.01171875 0.005859375
1 0.6201171875 0.384765625 0.009765625 0.005859375
0 0.73424826171875 0.444987611328125 0.73456005078125 0.415076828125 0.704758796875 0.384642513671875 0.677755291015625 0.3785151796875 0.622923453125 0.390605427734375 0.602067291015625 0.402259197265625 0.5719181328125 0.440873791015625 0.564141595703125 0.465748025390625 0.603898130859375 0.493428126953125 0.63660810546875 0.502473818359375 0.6654861640625 0.500702828125 0.6948449921875 0.485939373046875 0.7251155390625 0.46543376171875 0.73424826171875 0.444987611328125
1 0.615234375 0.58984375 0.015625 0.009765625
1 0.744140625 0.6435546875 0.013671875 0.0078125
1 0.7763671875 0.6201171875 0.021484375 0.015625
0 0.676909615234375 0.5822741328125 0.6417375625 0.588217169921875 0.60279231640625 0.62203903515625 0.59737606640625 0.6613373828125 0.6020547890625 0.699932625 0.62412820703125 0.7094834375 0.694065751953125 0.707347396484375 0.71681144140625 0.6952736640625 0.74157990625 0.67070715234375 0.73855534765625 0.632371310546875 0.732167224609375 0.59794024609375 0.676909615234375 0.5822741328125
1 0.607421875 0.744140625 0.052734375 0.046875
1 0.572265625 0.79296875 0.05078125 0.025390625
1 0.650390625 0.751953125 0.009765625 0.005859375
1 0.64453125 0.7646484375 0.009765625 0.005859375
1 0.642578125 0.7822265625 0.0078125 0.005859375
1 0.6689453125 0.78125 0.021484375 0.01953125
1 0.4814453125 0.7919921875 0.029296875 0.017578125
1 0.5068359375 0.8203125 0.037109375 0.01953125
0 0.7001953125 0.8564453125 0.15234375 0.107421875
1 0.3720703125 0.8125 0.025390625 0.01953125
0 0.4140625 0.8818359375 0.12109375 0.125
1 0.4423828125 0.9833984375 0.033203125 0.0234375
1 0.5419921875 0.9677734375 0.0078125 0.0078125
1 0.54461215234375 0.813939044921875 0.522615810546875 0.825695830078125 0.48603360546875 0.82712809375 0.468132205078125 0.828100474609375 0.468354611328125 0.845577380859375 0.48236448046875 0.872810970703125 0.506188443359375 0.886431158203125 0.52945408984375 0.892187966796875 0.55601718359375 0.861960802734375 0.56593601953125 0.843972537109375 0.554752595703125 0.8181220625 0.5507527578125 0.81265039453125 0.544789744140625 0.813590689453125 0.54461215234375 0.813939044921875
1 0.610887341796875 0.93235544140625 0.626070921875 0.917534044921875 0.6231166796875 0.886785333984375 0.616742498046875 0.8469891640625 0.61673402734375 0.8472371015625 0.610668869140625 0.84069958203125 0.593382083984375 0.838860978515625 0.566713533203125 0.84711098046875 0.55294921484375 0.858656671875 0.538691427734375 0.877705361328125 0.520875994140625 0.90414800390625 0.514454232421875 0.925411869140625 0.537078814453125 0.931273705078125 0.56487175 0.931398685546875 0.610887341796875 0.93235544140625
1 0.6416015625 0.9521484375 0.021484375 0.015625
1 0.68359375 0.982421875 0.015625 0.013671875
1 0.7900390625 0.9677734375 0.025390625 0.01953125
1 0.1923828125 0.50390625 0.01171875 0.009765625
1 0.0556640625 0.4716796875 0.056640625 0.046875
1 0.0576171875 0.7333984375 0.033203125 0.01953125
0 0.619851203125 0.02506158984375 0.597204703125 0.025696109375 0.566962140625 0.076046837890625 0.58354150390625 0.098356572265625 0.640591263671875 0.1151123359375 0.6603767421875 0.08423904296875 0.695935515625 0.0756633984375 0.697347626953125 0.02645625390625 0.65705647265625 0.010583984375 0.619851203125 0.02506158984375
1 0.566201439453125 0 0.567033859375 0.0007287265625 0.569189291015625 0.00119752734375 0.612640611328125 0.024196408203125 0.654714185546875 0.0077756171875 0.68680894921875 0.02486163671875 0.6996019375 0.07235062890625 0.72674783203125 0.12533512890625 0.767070466796875 0.13038866796875 0.864782013671875 0.075845255859375 0.929242814453125 0 0.566201439453125 0