0 0.8662109375 0.3134765625 0.134765625 0.119140625
1 0.921875 0.48828125 0.0126953125 0.0126953125
1 0.966796875 0.6474609375 0.009765625 0.015625
1 0.947265625 0.6728515625 0.017578125 0.021484375
1 0.9814453125 0.6318359375 0.015625 0.015625
1 0.974609375 0.60546875 0.005859375 0.0126953125
1 0.9619140625 0.623046875 0.0126953125 0.015625
0 0.86376410546875 0.68418209765625 0.90975748828125 0.67770664453125 0.93290201953125 0.672146267578125 0.948497177734375 0.6322301796875 0.959316224609375 0.61365137890625 0.957931857421875 0.56775294140625 0.94618236328125 0.54275655859375 0.90092592578125 0.521374662109375 0.871595595703125 0.517620322265625 0.8582275390625 0.52559919921875 0.8385498046875 0.5571554296875 0.8183349609375 0.592162181640625 0.815611435546875 0.627941744140625 0.838358109375 0.67109495703125 0.86376410546875 0.68418209765625
1 0.779296875 0.666015625 0.0107421875 0.0185546875
1 0.765625 0.6650390625 0.005859375 0.0126953125
1 0.7607421875 0.6318359375 0.0126953125 0.0185546875
1 0.74609375 0.6396484375 0.015625 0.0185546875
1 0.7490234375 0.6015625 0.0126953125 0.009765625
1 0.7587890625 0.587890625 0.009765625 0.0126953125
1 0.7548828125 0.572265625 0.005859375 0.009765625
1 0.744140625 0.5693359375 0.009765625 0.009765625
1 0.89453125 0.4921875 0.009765625 0.0126953125
1 0.904296875 0.4580078125 0.0078125 0.0078125
1 0.8955078125 0.4697265625 0.0048828125 0.0107421875
1 0.8720703125 0.462890625 0.009765625 0.0126953125
1 0.861328125 0.482421875 0.009765625 0.015625
1 0.896484375 0.4072265625 0.005859375 0.0126953125
1 0.775390625 0.376953125 0.009765625 0.009765625
1 0.779296875 0.388671875 0.009765625 0.009765625
1 0.8564603828125 0.42403107421875 0.855131173828125 0.42463991796875 0.82862759765625 0.41361038671875 0.819102345703125 0.419745048828125 0.813632541015625 0.440117228515625 0.82044361328125 0.45646259375 0.827663845703125 0.460995771484375 0.8414977265625 0.45788725 0.851307056640625 0.447148076171875 0.8564603828125 0.42403107421875
1 0.800319341796875 0.422285919921875 0.77210075390625 0.40736621484375 0.75865794921875 0.40640773828125 0.76210756640625 0.43290553515625 0.78231623046875 0.44537278125 0.783868482421875 0.47161840234375 0.78580729296875 0.500306431640625 0.79259500390625 0.51558079296875 0.796296296875 0.516203703125 0.82228672265625 0.50607940234375 0.84913164453125 0.4869651015625 0.8556511015625 0.47703169140625 0.85689742578125 0.47157017578125 0.838613251953125 0.458437822265625 0.819118169921875 0.458349408203125 0.80334397265625 0.43146781640625 0.800319341796875 0.422285919921875
1 0.76064573828125 0.485930265625 0.771403748046875 0.485245064453125 0.7797919375 0.47450991015625 0.791473765625 0.46193415625 0.791461708984375 0.45198567578125 0.78265908203125 0.445992677734375 0.763702015625 0.43143265234375 0.754665798828125 0.411075544921875 0.74122676171875 0.42818347265625 0.74156810546875 0.46712038671875 0.76064573828125 0.485930265625
0 0.775987412109375 0.3239595390625 0.77677408984375 0.278086419921875 0.763323748046875 0.24031153515625 0.73940248828125 0.230814767578125 0.688990162109375 0.233778212890625 0.67952835546875 0.2353780859375 0.66335630078125 0.288322240234375 0.651340060546875 0.322987798828125 0.6512243203125 0.354507861328125 0.688173646484375 0.404581404296875 0.698797380859375 0.40774739453125 0.726796693359375 0.38611593359375 0.7632251875 0.36048176953125 0.775987412109375 0.3239595390625
1 0.619140625 0.25 0.0126953125 0.013671875
1 0.58984375 0.3662109375 0.005859375 0.0126953125
1 0.69140625 0.4951171875 0.0126953125 0.021484375
1 0.673828125 0.458984375 0.0185546875 0.015625
1 0.6630859375 0.5068359375 0.005859375 0.009765625
1 0.62890625 0.509765625 0.009765625 0.009765625
1 0.619140625 0.515625 0.005859375 0.005859375
1 0.607421875 0.51171875 0.005859375 0.0126953125
1 0.6044921875 0.4921875 0.0029296875 0.009765625
1 0.6103515625 0.576171875 0.009765625 0.0126953125
1 0.66015625 0.681640625 0.015625 0.0185546875
1 0.6513671875 0.6650390625 0.009765625 0.0126953125
1 0.724609375 0.662109375 0.009765625 0.0126953125
1 0.7099609375 0.6416015625 0.005859375 0.009765625
1 0.6318359375 0.640625 0.005859375 0.009765625
1 0.5986328125 0.6357421875 0.005859375 0.0107421875
1 0.5595703125 0.62109375 0.013671875 0.015625
0 0.704349876953125 0.667684962890625 0.706834408203125 0.635086509765625 0.72175689453125 0.65247266015625 0.733001275390625 0.661232044921875 0.741249193359375 0.63442990234375 0.740324796875 0.60691180078125 0.737189919921875 0.576315623046875 0.7355511875 0.54877526171875 0.6851928359375 0.53133161328125 0.685363248046875 0.53062678125 0.66294334765625 0.5560136953125 0.640020560546875 0.578596123046875 0.640174279296875 0.606500029296875 0.64272210546875 0.6445089921875 0.66061323046875 0.6636108515625 0.68051730078125 0.67832142578125 0.692420373046875 0.68879651953125 0.704349876953125 0.667684962890625
1 0.44140625 0.6123046875 0.009765625 0.0205078125
1 0.431640625 0.6142578125 0.0048828125 0.0126953125
1 0.435546875 0.576171875 0.005859375 0.013671875
1 0.462890625 0.673828125 0.015625 0.0185546875
0 0.490041009765625 0.6386941328125 0.5060165703125 0.6476139609375 0.5148689296875 0.64488923046875 0.537911353515625 0.6220415625 0.5571309921875 0.590800837890625 0.544608177734375 0.553455900390625 0.526362318359375 0.537003650390625 0.4928517578125 0.524556884765625 0.4822688515625 0.5171997421875 0.448505802734375 0.526351421875 0.4483319140625 0.56693858203125 0.444696236328125 0.592583318359375 0.446194466796875 0.61801475 0.43648796484375 0.64192058984375 0.4379889765625 0.65742502734375 0.46500859765625 0.628399884765625 0.490041009765625 0.6386941328125
1 0.56640625 0.3681640625 0.005859375 0.005859375
1 0.548828125 0.3330078125 0.009765625 0.0078125
0 0.548440130859375 0.396987453125 0.55462173828125 0.38003296875 0.564626572265625 0.36080093359375 0.560001875 0.3468638203125 0.544133556640625 0.329816173828125 0.557037662109375 0.31814674609375 0.556385798828125 0.29487145703125 0.535763724609375 0.266071083984375 0.528721458984375 0.25950038671875 0.49998684765625 0.26316660546875 0.5 0.26374859765625 0.47385229296875 0.27800246484375 0.459009857421875 0.307094380859375 0.45526390234375 0.35305967578125 0.460983533203125 0.38098103515625 0.474087390625 0.400986865234375 0.497333359375 0.421146140625 0.521385732421875 0.41323061328125 0.548440130859375 0.396987453125
1 0.541015625 0.4580078125 0.0126953125 0.0126953125
1 0.57421875 0.462890625 0.009765625 0.0126953125
1 0.568359375 0.455078125 0.005859375 0.005859375
1 0.556640625 0.458984375 0.005859375 0.0078125
1 0.5576171875 0.4931640625 0.0107421875 0.017578125
1 0.5087890625 0.5048828125 0.0185546875 0.0185546875
1 0.599609375 0.4658203125 0.009765625 0.015625
1 0.609375 0.4599609375 0.009765625 0.015625
1 0.72265625 0.4736328125 0.009765625 0.009765625
1 0.6357421875 0.46875 0.009765625 0.0126953125
1 0.491529060546875 0.493786607421875 0.50078009765625 0.489731296875 0.516121501953125 0.468112111328125 0.53396925 0.451723177734375 0.55730153125 0.43647301953125 0.5567269375 0.4367448359375 0.5592135546875 0.429619546875 0.549138849609375 0.42239123046875 0.51573597265625 0.410594662109375 0.500556509765625 0.432857216796875 0.487880103515625 0.465763318359375 0.491529060546875 0.493786607421875
1 0.5146484375 0.4873046875 0.005859375 0.015625
1 0.439453125 0.458984375 0.009765625 0.009765625
1 0.447265625 0.4560546875 0.009765625 0.0126953125
1 0.409541376953125 0.37740907421875 0.39948393359375 0.389212216796875 0.375199751953125 0.418292078125 0.3614785546875 0.44151146875 0.3600548125 0.474962296875 0.338626333984375 0.49926237109375 0.342079650390625 0.50997058203125 0.3553824375 0.51225032421875 0.38852884375 0.51225032421875 0.415828205078125 0.51627604296875 0.45656680859375 0.52034888671875 0.4613805703125 0.51136363671875 0.46021001171875 0.49594359375 0.450382732421875 0.4871654921875 0.433587173828125 0.46583565625 0.427155671875 0.4349418671875 0.4215223515625 0.38688534765625 0.409541376953125 0.37740907421875
1 0.330078125 0.4921875 0.021484375 0.046875
1 0.318359375 0.47265625 0.0107421875 0.0126953125
1 0.314453125 0.486328125 0.005859375 0.0126953125
1 0.3037109375 0.4814453125 0.005859375 0.017578125
1 0.2998046875 0.5 0.005859375 0.0107421875
1 0.326171875 0.4599609375 0.015625 0.0185546875
1 0.291015625 0.4619140625 0.0078125 0.0078125
1 0.3564453125 0.369140625 0.005859375 0.0078125
1 0.384765625 0.37890625 0.0048828125 0.0078125
1 0.388671875 0.345703125 0.005859375 0.009765625
1 0.376953125 0.349609375 0.0048828125 0.0126953125
1 0.4033203125 0.2978515625 0.0078125 0.009765625
1 0.3525390625 0.322265625 0.0126953125 0.0205078125
1 0.255859375 0.3427734375 0.009765625 0.0107421875
1 0.2392578125 0.2998046875 0.005859375 0.005859375
0 0.230020748046875 0.280259189453125 0.241425486328125 0.288995642578125 0.2499621875 0.307028619140625 0.230111169921875 0.33065901953125 0.22909186328125 0.34430787890625 0.236628162109375 0.3470139765625 0.24619650390625 0.3436151875 0.2605432578125 0.33828629296875 0.274262810546875 0.36842820703125 0.292552806640625 0.378338505859375 0.314505734375 0.37603465234375 0.32326602734375 0.35665026953125 0.332903416015625 0.3261455703125 0.34566777734375 0.318542412109375 0.346451166015625 0.30328458203125 0.33805009765625 0.27770653515625 0.32026153515625 0.249922181640625 0.27994462890625 0.225582650390625 0.252464423828125 0.226516466796875 0.231545599609375 0.242911974609375 0.230020748046875 0.280259189453125
1 0.201171875 0.3271484375 0.015625 0.021484375
1 0.197265625 0.498046875 0.0205078125 0.025390625
1 0.21484375 0.4677734375 0.017578125 0.017578125
1 0.275390625 0.5 0.005859375 0.013671875
1 0.236328125 0.591796875 0.0107421875 0.0126953125
1 0.2275390625 0.5810546875 0.009765625 0.0126953125
1 0.3369140625 0.60546875 0.0078125 0.009765625
1 0.36328125 0.626953125 0.009765625 0.0126953125
1 0.3671875 0.6171875 0.009765625 0.009765625
1 0.3984375 0.630859375 0.0107421875 0.0126953125
1 0.412109375 0.6357421875 0.005859375 0.009765625
1 0.412109375 0.666015625 0.005859375 0.009765625
1 0.376953125 0.669921875 0.0048828125 0.0126953125
1 0.91796875 0.9267578125 0.1640625 0.146484375
1 0.54352786328125 0.71129115234375 0.539121275390625 0.669053818359375 0.52800533984375 0.648290814453125 0.500287845703125 0.651246623046875 0.480571228515625 0.66868208203125 0.46715705859375 0.68208871875 0.44805380859375 0.66403838671875 0.439088419921875 0.66403838671875 0.42464494140625 0.68841226171875 0.438518759765625 0.702365451171875 0.45822934765625 0.73517875390625 0.45700864453125 0.780146845703125 0.44347391015625 0.81936205859375 0.438999505859375 0.86722166015625 0.448581271484375 0.8748312109375 0.46568769140625 0.877254533203125 0.469907408203125 0.876543208984375 0.495100609375 0.8611794296875 0.494891130859375 0.819862396484375 0.513046453125 0.78611271875 0.543993537109375 0.7844188046875 0.567794234375 0.78642618359375 0.58827793359375 0.75861424609375 0.57065308984375 0.71711033984375 0.54352786328125 0.71129115234375
1 0.43359375 0.705078125 0.005859375 0.0126953125
1 0.548828125 0.703125 0.0126953125 0.013671875
1 0.4892578125 0.654296875 0.009765625 0.0126953125
1 0.3388671875 0.6552734375 0.009765625 0.021484375
0 0.241687162109375 0.60719883203125 0.24813126953125 0.642037599609375 0.26980477734375 0.641812548828125 0.29946635546875 0.64206975 0.31835033203125 0.642445505859375 0.328235013671875 0.625847962890625 0.330543046875 0.590574162109375 0.341017734375 0.564382796875 0.358989197265625 0.54398148046875 0.35705792578125 0.53306648828125 0.33325798046875 0.515601892578125 0.314185625 0.513843677734375 0.28275251953125 0.51517288671875 0.263574669921875 0.53691948828125 0.24062469921875 0.57380682421875 0.241687162109375 0.60719883203125
1 0.1943359375 0.611328125 0.013671875 0.015625
1 0.169921875 0.591796875 0.0107421875 0.0126953125
1 0.1650390625 0.619140625 0.005859375 0.0126953125
1 0.146484375 0.6044921875 0.0126953125 0.0185546875
1 0.1357421875 0.568359375 0.0126953125 0.021484375
1 0.05078125 0.6630859375 0.009765625 0.0126953125
0 0.10604971484375 0.554400158203125 0.07503707421875 0.54468778125 0.046284994140625 0.561346611328125 0.03310893359375 0.57551078515625 0.029377501953125 0.612866310546875 0.03099983203125 0.63311591796875 0.0436024609375 0.6504358359375 0.0568161953125 0.6603551796875 0.0815881796875 0.6778549375 0.08118580078125 0.678720984375 0.087051203125 0.66853740625 0.10503623046875 0.650176625 0.123732578125 0.62812962109375 0.124658654296875 0.60837934765625 0.1195769140625 0.58002688671875 0.10604971484375 0.554400158203125
1 0.0048828125 0.658203125 0.009765625 0.017578125
1 0.052734375 0.49609375 0.029296875 0.0498046875
1 0.0712890625 0.494140625 0.005859375 0.009765625
1 0.0625 0.45703125 0.013671875 0.017578125
1 0.048828125 0.458984375 0.015625 0.015625
1 0.01953125 0.4814453125 0.0078125 0.0107421875
1 0.1044921875 0.466796875 0.0126953125 0.013671875
1 0.1513671875 0.4736328125 0.0703125 0.1064453125
1 0.076171875 0.3984375 0.025390625 0.025390625
1 0.0185546875 0.435546875 0.037109375 0.083984375
1 0.009765625 0.384765625 0.009765625 0.013671875
0 0.058070806640625 0.318764267578125 0.064754533203125 0.346387322265625 0.07986186328125 0.377693583984375 0.100420162109375 0.38962934765625 0.12369791796875 0.37430676171875 0.141551830078125 0.359696501953125 0.165025498046875 0.32452719140625 0.161333248046875 0.302467126953125 0.152149341796875 0.278262041015625 0.13465410546875 0.255687572265625 0.09795615234375 0.25569460546875 0.08294753125 0.267874509765625 0.06311261328125 0.29497110546875 0.058070806640625 0.318764267578125
1 0.048687970703125 0.32712834375 0.060386375 0.30502306640625 0.076027953125 0.277993787109375 0.091813453125 0.26408078515625 0.09816562890625 0.25812696875 0.09255265625 0.247742453125 0.0924840859375 0.24816040625 0.057932912109375 0.2234740703125 0.02598816796875 0.204705384765625 0.0109478984375 0.216987767578125 0.00223343359375 0.25612963671875 0.00641547265625 0.299439984375 0.02302381640625 0.32011457421875 0.038564423828125 0.32606236328125 0.048687970703125 0.32712834375