0 0.021484375 0.275390625 0.04296875 0.125
0 0.20703125 0.3037109375 0.1142578125 0.150390625
1 0.291015625 0.380859375 0.009765625 0.015625
1 0.16796875 0.462890625 0.0107421875 0.013671875
1 0.1728515625 0.498046875 0.0107421875 0.0205078125
1 0.1943359375 0.494140625 0.0126953125 0.013671875
1 0.3427734375 0.4775390625 0.0185546875 0.0234375
1 0.3623046875 0.478515625 0.0078125 0.013671875
1 0.392578125 0.359375 0.0078125 0.0078125
1 0.41015625 0.388671875 0.0673828125 0.0830078125
0 0.4091796875 0.2705078125 0.1279296875 0.150390625
1 0.482421875 0.3212890625 0.0126953125 0.013671875
1 0.509765625 0.341796875 0.0078125 0.017578125
1 0.517578125 0.322265625 0.005859375 0.0126953125
1 0.455078125 0.48046875 0.005859375 0.013671875
1 0.5126953125 0.48828125 0.1142578125 0.1220703125
0 0.6474609375 0.3125 0.1220703125 0.173828125
1 0.6640625 0.3564453125 0.0107421875 0.009765625
0 0.8798828125 0.30078125 0.0986328125 0.126953125
1 0.8134765625 0.3583984375 0.0078125 0.0107421875
1 0.9287109375 0.373046875 0.0078125 0.013671875
1 0.9150390625 0.50390625 0.0185546875 0.0107421875
1 0.8056640625 0.48046875 0.0126953125 0.013671875
1 0.8046875 0.5087890625 0.095703125 0.1201171875
1 0.7392578125 0.5234375 0.0185546875 0.0078125
1 0.794921875 0.44140625 0.0078125 0.0107421875
1 0.7509765625 0.4306640625 0.0078125 0.0126953125
0 0.673828125 0.626953125 0.134765625 0.140625
0 0.8974609375 0.607421875 0.115234375 0.1796875
0 0.451171875 0.6376953125 0.1328125 0.1455078125
1 0.5029296875 0.5986328125 0.0048828125 0.0078125
0 0.208984375 0.6240234375 0.1767578125 0.1953125