1 0.6630859375 0.2958984375 0.12890625 0.12109375
1 0.6552734375 0.337890625 0.01171875 0.01171875
1 0.6259765625 0.3759765625 0.017578125 0.017578125
1 0.533203125 0.3916015625 0.017578125 0.015625
1 0.529296875 0.361328125 0.021484375 0.01953125
1 0.4912109375 0.3603515625 0.015625 0.017578125
0 0.4375 0.2734375 0.166015625 0.173828125
1 0.4453125 0.404296875 0.01953125 0.01953125
1 0.396484375 0.4130859375 0.01171875 0.013671875
1 0.3701171875 0.3818359375 0.017578125 0.021484375
1 0.37890625 0.4267578125 0.015625 0.01953125
1 0.1396484375 0.3515625 0.080078125 0.064453125
1 0.29296875 0.205078125 0.0078125 0.01171875
1 0.111328125 0.330078125 0.009765625 0.013671875
0 0.037109375 0.3701171875 0.07421875 0.201171875
0 0.078125 0.6640625 0.140625 0.1953125
0 0.267578125 0.6201171875 0.193359375 0.234375
0 0.48828125 0.5791015625 0.123046875 0.146484375
0 0.208300916015625 0.379453078125 0.232871583984375 0.385898234375 0.261255439453125 0.3571473203125 0.261481560546875 0.30163727734375 0.255311482421875 0.278797400390625 0.21912264453125 0.225023056640625 0.185710578125 0.211460677734375 0.1508376015625 0.260098744140625 0.14817933203125 0.312557244140625 0.17180108203125 0.341066810546875 0.208300916015625 0.379453078125