0 0.4580078125 0.9638671875 0.169921875 0.072265625
1 0.5927734375 0.9052734375 0.021484375 0.015625
1 0.587890625 0.8818359375 0.017578125 0.015625
1 0.603515625 0.8798828125 0.017578125 0.015625
0 0.7255859375 0.9287109375 0.166015625 0.099609375
1 0.763671875 0.8515625 0.013671875 0.0078125
0 0.7001953125 0.7587890625 0.193359375 0.19140625
1 0.654296875 0.6767578125 0.017578125 0.01171875
1 0.5087890625 0.7314453125 0.0703125 0.060546875
1 0.5166015625 0.6865234375 0.0078125 0.0078125
0 0.396484375 0.81640625 0.216796875 0.203125
1 0.400390625 0.6787109375 0.017578125 0.017578125
1 0.4169921875 0.6689453125 0.013671875 0.0078125
1 0.7255859375 0.5517578125 0.015625 0.015625
1 0.6953125 0.607421875 0.0078125 0.0078125
1 0.689453125 0.44140625 0.017578125 0.015625
1 0.6533203125 0.4619140625 0.01171875 0.009765625
1 0.6650390625 0.455078125 0.01171875 0.0078125
0 0.67916369140625 0.453200095703125 0.653541353515625 0.46704570703125 0.613286126953125 0.48333588671875 0.57510283203125 0.5071323046875 0.56761273046875 0.518066853515625 0.57783479296875 0.5422782734375 0.591332552734375 0.568771162109375 0.602948154296875 0.600417115234375 0.65408984765625 0.616962884765625 0.700519423828125 0.6006737109375 0.71834291015625 0.578804626953125 0.716625712890625 0.551419208984375 0.736002435546875 0.54057373046875 0.7526918828125 0.517641 0.74690128125 0.50034268359375 0.7260114375 0.47225977734375 0.67916369140625 0.453200095703125
1 0.537343654296875 0.4481326640625 0.512006615234375 0.47219086328125 0.5075560625 0.49935015234375 0.553043734375 0.5063833203125 0.586555734375 0.498886380859375 0.60111046484375 0.48089419921875 0.6095762109375 0.434925716796875 0.602934521484375 0.41968119140625 0.57446482421875 0.42053386328125 0.537343654296875 0.4481326640625
1 0.440248068359375 0.493333482421875 0.416271337890625 0.485303421875 0.4007822890625 0.505982740234375 0.41066467578125 0.54090682421875 0.40296049609375 0.56486196875 0.45541966796875 0.5832887109375 0.46873498046875 0.5945315234375 0.497744384765625 0.568641212890625 0.528455177734375 0.54099608984375 0.533969548828125 0.5265822890625 0.51048308984375 0.5062701328125 0.509028205078125 0.483665154296875 0.51870166796875 0.466599689453125 0.514933640625 0.441673525390625 0.48957447265625 0.44718040625 0.4669420390625 0.4898156640625 0.440248068359375 0.493333482421875
0 0.425090326171875 0.600846798828125 0.4043993046875 0.56436582421875 0.412224701171875 0.541779892578125 0.40205428125 0.54054293359375 0.373900001953125 0.564147462890625 0.350943494140625 0.56447471875 0.344702966796875 0.542985123046875 0.326312099609375 0.56258608984375 0.29303622265625 0.576087234375 0.2845192265625 0.6008461015625 0.285568263671875 0.63645183984375 0.30996437109375 0.69021831640625 0.31068226171875 0.690309982421875 0.346541720703125 0.684363005859375 0.393722341796875 0.66987146484375 0.38660197265625 0.63578669921875 0.40751656640625 0.632827611328125 0.43693045703125 0.628314994140625 0.425090326171875 0.600846798828125
1 0.349609375 0.5244140625 0.01953125 0.009765625
1 0.325757587890625 0.552726126953125 0.340999455078125 0.545756412109375 0.34935287109375 0.544014763671875 0.353365203125 0.57145515625 0.369359103515625 0.567848837890625 0.369118865234375 0.571869736328125 0.3826966171875 0.555372361328125 0.38617473828125 0.547246033203125 0.37650296484375 0.5294355625 0.354368693359375 0.52660649609375 0.3327458359375 0.528076505859375 0.325757587890625 0.552726126953125
1 0.3818359375 0.4765625 0.03125 0.033203125
1 0.36328125 0.451171875 0.037109375 0.04296875
1 0.4599609375 0.404296875 0.087890625 0.07421875
1 0.50390625 0.3681640625 0.01171875 0.009765625
1 0.4326171875 0.3544921875 0.01171875 0.005859375
1 0.4267578125 0.279296875 0.013671875 0.009765625
1 0.484375 0.265625 0.064453125 0.091796875
1 0.3984375 0.2802734375 0.01171875 0.01171875
0 0.328125 0.37109375 0.185546875 0.166015625
1 0.625 0.3701171875 0.015625 0.015625
1 0.6435546875 0.2685546875 0.013671875 0.0078125
1 0.6640625 0.2509765625 0.017578125 0.017578125
1 0.60546875 0.1982421875 0.03125 0.0234375
0 0.592673759765625 0.225377986328125 0.564029564453125 0.24356190625 0.519039328125 0.269025048828125 0.519036849609375 0.2748379765625 0.517814810546875 0.298936953125 0.499362439453125 0.333120603515625 0.530096287109375 0.355731634765625 0.573148064453125 0.3810929140625 0.59385158203125 0.382557681640625 0.636657048828125 0.348066388671875 0.65566709765625 0.319234908203125 0.6835021171875 0.28277885546875 0.667499802734375 0.2721062421875 0.641937486328125 0.27223349609375 0.625594484375 0.234793126953125 0.592673759765625 0.225377986328125
1 0.5478515625 0.1552734375 0.037109375 0.025390625
0 0.6728245078125 0.05329787109375 0.641415275390625 0.035369517578125 0.599525517578125 0.00996475 0.56210043359375 0.00065416796875 0.534489525390625 0.011295681640625 0.52378868359375 0.03603505078125 0.518562103515625 0.06307528515625 0.500904234375 0.08642194140625 0.51224821875 0.118679828125 0.52461498046875 0.1419511484375 0.54834901171875 0.14659065625 0.572368078125 0.156607697265625 0.606468767578125 0.1533082265625 0.63299501171875 0.1365179375 0.6735856875 0.096976322265625 0.685672005859375 0.067327818359375 0.6728245078125 0.05329787109375
1 0.4326171875 0.1337890625 0.033203125 0.029296875
1 0.4580078125 0.1083984375 0.041015625 0.029296875
1 0.439453125 0.0595703125 0.109375 0.103515625
1 0.35546875 0.052734375 0.087890625 0.078125
1 0.388671875 0.16015625 0.021484375 0.013671875
0 0.2763671875 0.1640625 0.1796875 0.162109375