0 0.8349609375 0.29296875 0.142578125 0.216796875
0 0.62890625 0.3173828125 0.134765625 0.228515625
1 0.568359375 0.37109375 0.01171875 0.017578125
0 0.4423828125 0.3662109375 0.189453125 0.21875
1 0.4951171875 0.478515625 0.0078125 0.013671875
1 0.5244140625 0.4912109375 0.009765625 0.01171875
1 0.5068359375 0.515625 0.017578125 0.013671875
1 0.3837890625 0.5126953125 0.03515625 0.05859375
0 0.2314453125 0.4248046875 0.154296875 0.189453125
0 0.056640625 0.4560546875 0.11328125 0.181640625
1 0.099609375 0.56640625 0.013671875 0.015625
1 0.1015625 0.603515625 0.013671875 0.015625
1 0.30078125 0.564453125 0.060546875 0.06640625
1 0.25390625 0.5576171875 0.01171875 0.013671875
0 0.07421875 0.7373046875 0.119140625 0.203125
1 0.14453125 0.7578125 0.009765625 0.013671875
0 0.2490234375 0.685546875 0.189453125 0.18359375
0 0.4775390625 0.646484375 0.162109375 0.224609375
0 0.685546875 0.603515625 0.177734375 0.19921875
0 0.9150390625 0.568359375 0.169921875 0.2265625
0 0.798828125 0.4892578125 0.03125 0.025390625