0 0.298828125 0.20703125 0.177734375 0.15625
1 0.328125 0.3154296875 0.015625 0.01171875
0 0.306640625 0.439453125 0.150390625 0.146484375
0 0.3525390625 0.6650390625 0.1796875 0.146484375
1 0.310546875 0.73828125 0.025390625 0.015625
0 0.3642578125 0.8955078125 0.205078125 0.1953125
1 0.5888671875 0.916015625 0.123046875 0.12109375
1 0.662109375 0.9609375 0.119140625 0.05859375
0 0.7177734375 0.88671875 0.162109375 0.150390625
1 0.7353515625 0.9599609375 0.01953125 0.013671875
1 0.5703125 0.8046875 0.013671875 0.015625
0 0.6806640625 0.6455078125 0.125 0.109375
1 0.744140625 0.5693359375 0.017578125 0.01171875
1 0.693359375 0.5537109375 0.013671875 0.017578125
0 0.6396484375 0.3994140625 0.119140625 0.142578125
1 0.6865234375 0.3388671875 0.01171875 0.01171875
1 0.494140625 0.31640625 0.1015625 0.060546875
1 0.5380859375 0.34375 0.11328125 0.095703125
1 0.4892578125 0.361328125 0.03515625 0.017578125
1 0.513671875 0.373046875 0.013671875 0.01171875
1 0.501953125 0.234375 0.099609375 0.068359375
0 0.6142578125 0.17578125 0.125 0.130859375
1 0.615234375 0.240234375 0.017578125 0.015625
1 0.611328125 0.2607421875 0.013671875 0.01171875
1 0.703125 0.2822265625 0.017578125 0.01171875
1 0.68359375 0.283203125 0.01171875 0.01171875
1 0.4765625 0.1044921875 0.169921875 0.123046875
1 0.5185546875 0.48828125 0.029296875 0.021484375
1 0.51953125 0.5048828125 0.01953125 0.017578125
1 0.453125 0.47265625 0.041015625 0.0390625
1 0.4375 0.5078125 0.01953125 0.015625
1 0.517578125 0.6376953125 0.033203125 0.037109375
1 0.55078125 0.626953125 0.009765625 0.01953125
1 0.5517578125 0.9091796875 0.015625 0.013671875
1 0.359375 0.9501953125 0.017578125 0.01171875