0 0.6875 0.0771484375 0.2265625 0.154296875
1 0.708984375 0.1669921875 0.013671875 0.01171875
0 0.3984375 0.1044921875 0.1875 0.15234375
1 0.4345703125 0.35546875 0.015625 0.013671875
0 0.441528453125 0.3412683984375 0.482254892578125 0.308237216796875 0.48189391796875 0.307721171875 0.4780408828125 0.292583111328125 0.4520679609375 0.24609924609375 0.416534712890625 0.23201836328125 0.3703243046875 0.243280853515625 0.326181140625 0.2798371875 0.31935233984375 0.327439369140625 0.338610080078125 0.363040623046875 0.35808565234375 0.370087306640625 0.380306001953125 0.36640831640625 0.418711298828125 0.35376652734375 0.441528453125 0.3412683984375
0 0.4287109375 0.5615234375 0.181640625 0.12109375
1 0.416015625 0.4765625 0.021484375 0.009765625
1 0.57421875 0.3369140625 0.01953125 0.01953125
1 0.572265625 0.28515625 0.021484375 0.013671875
1 0.5888671875 0.26953125 0.013671875 0.013671875
0 0.697265625 0.2763671875 0.203125 0.166015625
1 0.7080078125 0.4306640625 0.015625 0.013671875
0 0.7265625 0.517578125 0.203125 0.16015625
1 0.5869140625 0.5234375 0.021484375 0.021484375
1 0.58984375 0.6025390625 0.013671875 0.009765625
1 0.5830078125 0.6357421875 0.013671875 0.013671875
1 0.50390625 0.626953125 0.029296875 0.021484375
1 0.447265625 0.802734375 0.01953125 0.015625
1 0.41015625 0.8056640625 0.025390625 0.017578125
0 0.431640625 0.748046875 0.12890625 0.103515625
1 0.5107421875 0.775390625 0.025390625 0.013671875
1 0.5537109375 0.7880859375 0.01953125 0.017578125
1 0.556640625 0.830078125 0.021484375 0.01953125
1 0.5380859375 0.888671875 0.013671875 0.013671875
1 0.4736328125 0.9248046875 0.013671875 0.013671875
1 0.458984375 0.955078125 0.01953125 0.021484375
1 0.505859375 0.9375 0.013671875 0.013671875
1 0.5478515625 0.9638671875 0.013671875 0.01953125
1 0.6240234375 0.884765625 0.013671875 0.01953125
1 0.6796875 0.947265625 0.021484375 0.009765625
1 0.802734375 0.89453125 0.01953125 0.015625
1 0.685546875 0.658203125 0.013671875 0.009765625
0 0.815023150390625 0.700047130859375 0.775725330078125 0.650462470703125 0.77595247265625 0.65030460546875 0.70879785546875 0.653573859375 0.669206201171875 0.6669860703125 0.645150048828125 0.69197330078125 0.644131650390625 0.74626309375 0.658812384765625 0.77753003125 0.7014955234375 0.798162560546875 0.758212435546875 0.804096166015625 0.78729945703125 0.793528578125 0.80924914453125 0.766306435546875 0.81884871875 0.734040384765625 0.815023150390625 0.700047130859375
1 0.529296875 0.2568359375 0.013671875 0.015625
1 0.501953125 0.3857421875 0.013671875 0.009765625
1 0.5732421875 0.3740234375 0.009765625 0.009765625
1 0.5859375 0.4794921875 0.01953125 0.009765625