0 0.1787109375 0.4169921875 0.130859375 0.185546875
1 0.2626953125 0.5400390625 0.0625 0.1064453125
1 0.0751953125 0.7080078125 0.013671875 0.015625
1 0.109375 0.70703125 0.009765625 0.0107421875
1 0.1767578125 0.8232421875 0.0263671875 0.03125
0 0.177734375 0.6875 0.1220703125 0.1611328125
1 0.267578125 0.755859375 0.009765625 0.015625
1 0.302734375 0.7197265625 0.0126953125 0.0185546875
1 0.3154296875 0.712890625 0.0126953125 0.015625
1 0.330078125 0.705078125 0.009765625 0.013671875
1 0.2958984375 0.6845703125 0.009765625 0.0126953125
1 0.341796875 0.7001953125 0.009765625 0.013671875
1 0.3798828125 0.662109375 0.021484375 0.029296875
0 0.38463451171875 0.7315917109375 0.4072659609375 0.729518021484375 0.42842804296875 0.715902123046875 0.43684573046875 0.69184027734375 0.43482349609375 0.664228705078125 0.422418181640625 0.642370583984375 0.4049485625 0.635562203125 0.39637716015625 0.637702201171875 0.38671551953125 0.648853443359375 0.381170685546875 0.66617580078125 0.36276455078125 0.68761023046875 0.373267119140625 0.71377848828125 0.38463451171875 0.7315917109375
1 0.560546875 0.55859375 0.0078125 0.0107421875
1 0.5439453125 0.677734375 0.021484375 0.021484375
1 0.5693359375 0.701171875 0.009765625 0.015625
1 0.5810546875 0.7060546875 0.009765625 0.0126953125
0 0.4111328125 0.4111328125 0.1142578125 0.181640625
1 0.3369140625 0.4208984375 0.0078125 0.0126953125
1 0.482421875 0.388671875 0.015625 0.025390625
1 0.5205078125 0.431640625 0.009765625 0.0107421875
1 0.548828125 0.53515625 0.0888671875 0.1435546875
0 0.625 0.412109375 0.046875 0.107421875
1 0.646484375 0.525390625 0.103515625 0.115234375
0 0.681842841796875 0.599736513671875 0.65568116015625 0.590992388671875 0.61119084765625 0.5729232421875 0.60730679296875 0.57681633984375 0.57986193359375 0.6004960625 0.562968552734375 0.64029619140625 0.56682876953125 0.66684422265625 0.58020389453125 0.69075520703125 0.59641499609375 0.72507299609375 0.60995205859375 0.741203265625 0.63957856640625 0.744960455078125 0.66903408984375 0.722731876953125 0.693559126953125 0.69856770703125 0.69684721484375 0.667359357421875 0.69135775 0.625969986328125 0.681842841796875 0.599736513671875
1 0.794921875 0.56640625 0.056640625 0.0810546875
0 0.8408203125 0.6904296875 0.1279296875 0.162109375
1 0.9130859375 0.697265625 0.017578125 0.021484375
1 0.748046875 0.533203125 0.009765625 0.0126953125
1 0.7216796875 0.5234375 0.009765625 0.015625
1 0.787109375 0.509765625 0.005859375 0.0126953125
1 0.849609375 0.53125 0.009765625 0.009765625
1 0.830078125 0.537109375 0.0126953125 0.009765625
1 0.869140625 0.533203125 0.0078125 0.015625
1 0.8828125 0.5322265625 0.005859375 0.0126953125
1 0.958984375 0.53515625 0.0126953125 0.0185546875
1 0.9619140625 0.5166015625 0.009765625 0.0185546875
1 0.9775390625 0.5263671875 0.009765625 0.009765625
1 0.9482421875 0.5263671875 0.005859375 0.0126953125
1 0.9306640625 0.439453125 0.0126953125 0.021484375
0 0.9755859375 0.4169921875 0.048828125 0.041015625
0 0.8125 0.380859375 0.0732421875 0.078125
0 0.9677734375 0.7041015625 0.0625 0.1484375
1 0.9296875 0.646484375 0.009765625 0.0126953125
1 0.9619140625 0.5615234375 0.009765625 0.009765625
1 0.037109375 0.5673828125 0.0126953125 0.021484375