0 0.396484375 0.880859375 0.162109375 0.154296875
0 0.380859375 0.630859375 0.15625 0.134765625
0 0.376953125 0.4189453125 0.185546875 0.125
0 0.3056640625 0.2099609375 0.208984375 0.18359375
0 0.337890625 0.0517578125 0.14453125 0.0859375
1 0.4951171875 0.0087890625 0.025390625 0.017578125
1 0.5078125 0.0400390625 0.01953125 0.015625
0 0.6044921875 0.14453125 0.189453125 0.1484375
0 0.6220703125 0.388671875 0.1875 0.1640625
1 0.5234375 0.427734375 0.017578125 0.01171875
1 0.53515625 0.4521484375 0.017578125 0.01171875
0 0.681640625 0.6474609375 0.17578125 0.138671875
0 0.7080078125 0.8466796875 0.138671875 0.12890625
1 0.5546875 0.865234375 0.013671875 0.01171875
1 0.5078125 0.6279296875 0.021484375 0.021484375
1 0.48046875 0.29296875 0.01171875 0.013671875