0 0.03125 0.369140625 0.0625 0.1328125
1 0.0673828125 0.3994140625 0.017578125 0.0205078125
1 0.0400390625 0.509765625 0.037109375 0.041015625
0 0.0234375 0.6689453125 0.046875 0.125
0 0.173828125 0.65234375 0.1376953125 0.181640625
1 0.181640625 0.49609375 0.025390625 0.033203125
1 0.1669921875 0.5224609375 0.0078125 0.0078125
1 0.171875 0.541015625 0.005859375 0.0107421875
0 0.162109375 0.380859375 0.154296875 0.1611328125
1 0.2724609375 0.517578125 0.015625 0.0126953125
1 0.3359375 0.5048828125 0.0185546875 0.025390625
0 0.4000638125 0.714731798828125 0.42426990234375 0.713736291015625 0.429205677734375 0.69489052734375 0.43129314453125 0.647018298828125 0.440823669921875 0.61059441015625 0.437717013671875 0.59567556640625 0.414747126953125 0.571259783203125 0.389550263671875 0.54144620703125 0.386381603515625 0.54177173046875 0.3767425703125 0.55988377734375 0.352251001953125 0.585885830078125 0.32752950390625 0.60909081640625 0.322990296875 0.637399072265625 0.342212818359375 0.647181919921875 0.33101464453125 0.674120921875 0.3436259921875 0.695935984375 0.356066830078125 0.7059909609375 0.37750728515625 0.705608603515625 0.4000638125 0.714731798828125
1 0.3251953125 0.7080078125 0.041015625 0.048828125
1 0.4052734375 0.4775390625 0.025390625 0.0185546875
0 0.384765625 0.3759765625 0.1201171875 0.150390625
1 0.5263671875 0.3896484375 0.0234375 0.029296875
0 0.5986328125 0.3515625 0.0986328125 0.107421875
1 0.70703125 0.353515625 0.0673828125 0.109375
1 0.75 0.3984375 0.033203125 0.091796875
1 0.693359375 0.478515625 0.0263671875 0.041015625
1 0.791015625 0.5107421875 0.0126953125 0.0126953125
1 0.806640625 0.541015625 0.03125 0.033203125
1 0.8564453125 0.5205078125 0.025390625 0.0341796875
0 0.818359375 0.353515625 0.1064453125 0.158203125
1 0.93359375 0.494140625 0.0107421875 0.0205078125
1 0.912119708984375 0.49578717578125 0.921624400390625 0.497325216796875 0.93957842578125 0.478732638671875 0.948996568359375 0.504004423828125 0.9728551796875 0.493885720703125 0.97200391796875 0.44730868359375 0.949439638671875 0.424661734375 0.93066535546875 0.429770171875 0.917578642578125 0.4536623671875 0.91005291015625 0.49470899609375 0.912119708984375 0.49578717578125
0 0.9794921875 0.345703125 0.041015625 0.1064453125
0 0.97265625 0.6435546875 0.0546875 0.115234375
0 0.8125 0.6337890625 0.0986328125 0.1279296875
0 0.599609375 0.6259765625 0.1376953125 0.158203125