1 0.603515625 0.9736328125 0.0283203125 0.0205078125
0 0.4990234375 0.9716796875 0.1044921875 0.056640625
0 0.490234375 0.814453125 0.158203125 0.140625
1 0.400390625 0.837890625 0.0185546875 0.009765625
0 0.537109375 0.5634765625 0.189453125 0.140625
0 0.52734375 0.3544921875 0.171875 0.1298828125
0 0.5322265625 0.1611328125 0.177734375 0.1435546875
1 0.3994140625 0.755859375 0.017578125 0.0185546875
1 0.669921875 0.857421875 0.0263671875 0.015625
1 0.6259765625 0.763671875 0.0185546875 0.0126953125
1 0.38671875 0.521484375 0.015625 0.009765625
1 0.4111328125 0.4326171875 0.0126953125 0.009765625
1 0.3681640625 0.328125 0.0234375 0.015625
1 0.3212890625 0.9931640625 0.013671875 0.013671875
1 0.3310546875 0.876953125 0.0185546875 0.015625
1 0.3369140625 0.7451171875 0.0185546875 0.013671875
0 0.216796875 0.9658203125 0.13671875 0.068359375
1 0.21484375 0.9033203125 0.013671875 0.009765625
0 0.2177734375 0.787109375 0.177734375 0.1669921875
1 0.3193359375 0.80859375 0.021484375 0.017578125
0 0.224609375 0.578125 0.1904296875 0.125
1 0.15234375 0.3994140625 0.015625 0.0205078125
0 0.208984375 0.337890625 0.171875 0.115234375
0 0.244140625 0.1298828125 0.1748046875 0.142578125
1 0.4111328125 0.041015625 0.015625 0.015625
1 0.88671875 0.1591796875 0.025390625 0.015625
1 0.9208984375 0.04296875 0.03125 0.025390625
1 0.884765625 0.537109375 0.037109375 0.025390625
1 0.880859375 0.66796875 0.0126953125 0.013671875
1 0.826171875 0.9677734375 0.017578125 0.021484375
1 0.7255859375 0.4150390625 0.015625 0.0107421875