0 0.35546875 0.15234375 0.240234375 0.193359375
0 0.314446279296875 0.448569541015625 0.35970688671875 0.45350468359375 0.41085014453125 0.43616667578125 0.42579636328125 0.3649997578125 0.392938841796875 0.326599076171875 0.368947142578125 0.30016528515625 0.322518841796875 0.28762813671875 0.27256997265625 0.290097958984375 0.236935720703125 0.31523908203125 0.212256603515625 0.362852021484375 0.198758751953125 0.39810473046875 0.248125779296875 0.394477416015625 0.27076755078125 0.401215958984375 0.29445708984375 0.41538619140625 0.302410162109375 0.43437266796875 0.314446279296875 0.448569541015625
0 0.296875 0.6025390625 0.2265625 0.19921875
1 0.3037109375 0.7236328125 0.03515625 0.0234375
0 0.244140625 0.8232421875 0.232421875 0.205078125
0 0.509765625 0.8759765625 0.1640625 0.154296875
1 0.5361328125 0.716796875 0.041015625 0.033203125
0 0.53698565234375 0.703138716796875 0.564430640625 0.71499804296875 0.575294740234375 0.738304060546875 0.5879802734375 0.755524716796875 0.6012034296875 0.771520775390625 0.622023802734375 0.770533771484375 0.65470468359375 0.745447423828125 0.674586458984375 0.725903365234375 0.683566328125 0.688131134765625 0.66957423046875 0.661545654296875 0.6337066015625 0.63231947265625 0.596463017578125 0.61638987890625 0.558358244140625 0.625145814453125 0.535378412109375 0.6344173359375 0.51898737890625 0.669586623046875 0.526024857421875 0.69007788671875 0.527851173828125 0.6954317890625 0.53698565234375 0.703138716796875
1 0.4912109375 0.5849609375 0.017578125 0.017578125
1 0.73828125 0.5068359375 0.029296875 0.025390625
1 0.521484375 0.486328125 0.103515625 0.09765625
0 0.6181640625 0.4248046875 0.1796875 0.14453125
1 0.7451171875 0.359375 0.02734375 0.01953125
1 0.5504243671875 0.168754568359375 0.532969490234375 0.2097696640625 0.545482568359375 0.24096487109375 0.59340611328125 0.253696587890625 0.6203750546875 0.241855685546875 0.6333277109375 0.2251435390625 0.621945103515625 0.21133208984375 0.585033904296875 0.209737025390625 0.5951983984375 0.191248974609375 0.5933720078125 0.173737322265625 0.5504243671875 0.168754568359375
0 0.756145916015625 0.23269613671875 0.773151380859375 0.184150052734375 0.73413237890625 0.138910103515625 0.68742792578125 0.12255955078125 0.64876217578125 0.11761181640625 0.59526404296875 0.148309498046875 0.59636631640625 0.198202388671875 0.610350470703125 0.210502265625 0.637285357421875 0.233546564453125 0.62749954296875 0.289839369140625 0.65812744921875 0.297964193359375 0.713729173828125 0.273509791015625 0.756145916015625 0.23269613671875