0 0.9482421875 0.6083984375 0.103515625 0.173828125
1 0.9248046875 0.4892578125 0.0234375 0.017578125
1 0.9375 0.4521484375 0.03125 0.046875
1 0.88671875 0.4873046875 0.0078125 0.015625
1 0.8759765625 0.474609375 0.013671875 0.017578125
1 0.8701171875 0.4580078125 0.021484375 0.017578125
1 0.8603515625 0.4736328125 0.01171875 0.013671875
1 0.828125 0.4814453125 0.044921875 0.052734375
1 0.80078125 0.4248046875 0.015625 0.02734375
0 0.91796875 0.265625 0.138671875 0.1796875
0 0.701171875 0.2890625 0.138671875 0.171875
1 0.6923828125 0.4755859375 0.02734375 0.0234375
0 0.7451171875 0.5947265625 0.126953125 0.146484375
1 0.6103515625 0.5126953125 0.01171875 0.015625
0 0.5283203125 0.59765625 0.142578125 0.16015625
1 0.5693359375 0.4384765625 0.041015625 0.0546875
0 0.4677734375 0.2841796875 0.142578125 0.185546875
0 0.2626953125 0.3310546875 0.13671875 0.162109375
0 0.0556640625 0.3359375 0.111328125 0.1875
0 0.080078125 0.630859375 0.158203125 0.208984375
0 0.3095703125 0.630859375 0.15625 0.169921875
1 0.4013671875 0.705078125 0.009765625 0.01171875
1 0.033203125 0.53125 0.013671875 0.015625
1 0.82421875 0.732421875 0.01171875 0.013671875
1 0.138671875 0.7587890625 0.0078125 0.013671875
1 0.7958984375 0.6826171875 0.005859375 0.009765625
1 0.3154296875 0.4990234375 0.009765625 0.009765625
1 0.1494140625 0.517578125 0.005859375 0.01171875