1 0.015625 0.4970703125 0.025390625 0.033203125
0 0.0390625 0.5986328125 0.076171875 0.11328125
0 0.1943359375 0.5751953125 0.169921875 0.18359375
1 0.1904296875 0.66796875 0.013671875 0.01953125
0 0.4306640625 0.4765625 0.177734375 0.21484375
0 0.63671875 0.443359375 0.1640625 0.197265625
0 0.8251953125 0.3984375 0.177734375 0.203125
1 0.2705078125 0.6513671875 0.021484375 0.021484375
1 0.115234375 0.408203125 0.021484375 0.029296875
1 0.2158203125 0.431640625 0.017578125 0.0234375
1 0.5029296875 0.615234375 0.013671875 0.01953125
1 0.583984375 0.5732421875 0.013671875 0.015625
1 0.6953125 0.5927734375 0.021484375 0.02734375
1 0.0537109375 0.775390625 0.013671875 0.015625
1 0.166015625 0.7431640625 0.021484375 0.021484375
1 0.2939453125 0.7109375 0.017578125 0.021484375
0 0.1015625 0.8720703125 0.09375 0.1484375
1 0.1650390625 0.8623046875 0.013671875 0.015625
0 0.2783203125 0.8359375 0.201171875 0.2109375
1 0.2353515625 0.7412109375 0.021484375 0.0234375
0 0.48046875 0.78515625 0.1640625 0.21484375
1 0.6708984375 0.8193359375 0.0234375 0.021484375
0 0.71875 0.7509765625 0.150390625 0.193359375
0 0.9130859375 0.671875 0.173828125 0.203125
1 0.9677734375 0.4912109375 0.01953125 0.01953125
1 0.7529296875 0.05078125 0.021484375 0.029296875
1 0.859375 0.0048828125 0.03125 0.009765625
1 0.3837890625 0.1318359375 0.033203125 0.041015625
1 0.2568359375 0.162109375 0.015625 0.015625
1 0.5361328125 0.26171875 0.013671875 0.017578125