0 0.134765625 0.3388671875 0.130859375 0.1796875
1 0.0126953125 0.4599609375 0.0234375 0.0439453125
0 0.123046875 0.626953125 0.142578125 0.2001953125
0 0.34375 0.638671875 0.125 0.177734375
1 0.3759765625 0.2509765625 0.015625 0.017578125
1 0.3876953125 0.302734375 0.015625 0.0234375
1 0.373046875 0.3134765625 0.015625 0.0205078125
1 0.427734375 0.3505859375 0.013671875 0.015625
1 0.353515625 0.2763671875 0.0185546875 0.037109375
0 0.30687233203125 0.299149125 0.305964716796875 0.29942943359375 0.29532538671875 0.33365734765625 0.295109501953125 0.36447934765625 0.30781724609375 0.3945764609375 0.327785916015625 0.40064079296875 0.34285820703125 0.400447892578125 0.359234845703125 0.39287651953125 0.376562048828125 0.37288411328125 0.37685026953125 0.3444673515625 0.36996912109375 0.31478015234375 0.358997486328125 0.294415509765625 0.33709716796875 0.295520169921875 0.30687233203125 0.299149125
1 0.323255751953125 0.44889323046875 0.333385326171875 0.47406834765625 0.376967818359375 0.48403441015625 0.4048269765625 0.485809703125 0.427650734375 0.469560787109375 0.42578803125 0.42209502734375 0.4187294296875 0.368769892578125 0.40322762890625 0.33902090625 0.39319073828125 0.33267776953125 0.3766637734375 0.34691478515625 0.36452794921875 0.37526825390625 0.338193541015625 0.39833954296875 0.32440524609375 0.40729287109375 0.323255751953125 0.44889323046875
1 0.4716796875 0.4150390625 0.0283203125 0.021484375
1 0.4775390625 0.619140625 0.015625 0.017578125
0 0.5128106015625 0.58389998046875 0.49580666015625 0.641217267578125 0.493596958984375 0.6721025625 0.50780684765625 0.70807412109375 0.544084337890625 0.729505751953125 0.583195439453125 0.729312849609375 0.60730545703125 0.703593689453125 0.620812310546875 0.65868236328125 0.618348298828125 0.617610978515625 0.60115898828125 0.59669023828125 0.565921359375 0.570360724609375 0.532407408203125 0.55092592578125 0.5128106015625 0.58389998046875
1 0.5166015625 0.2939453125 0.025390625 0.025390625
0 0.53032430078125 0.29522177734375 0.5080882890625 0.32387363671875 0.498859546875 0.349903248046875 0.507379603515625 0.387234158203125 0.5307097265625 0.417329763671875 0.55093609765625 0.430239076171875 0.587040654296875 0.43158637109375 0.60977625 0.409999517578125 0.621277986328125 0.355298455078125 0.61057987890625 0.30756293359375 0.59128937890625 0.29320535546875 0.563946759765625 0.280864197265625 0.53032430078125 0.29522177734375
0 0.744140625 0.333984375 0.1142578125 0.140625
0 0.73828125 0.673828125 0.134765625 0.1435546875