0 0.6591796875 0.8232421875 0.162109375 0.15625
1 0.5498046875 0.9716796875 0.04296875 0.0390625
1 0.5322265625 0.935546875 0.041015625 0.0234375
1 0.5400390625 0.89453125 0.021484375 0.015625
1 0.484375 0.8876953125 0.029296875 0.01953125
1 0.486328125 0.947265625 0.01953125 0.01953125
1 0.498046875 0.9931640625 0.013671875 0.013671875
0 0.375 0.822265625 0.134765625 0.138671875
1 0.5224609375 0.7421875 0.03515625 0.02734375
1 0.5048828125 0.712890625 0.015625 0.013671875
1 0.4814453125 0.6904296875 0.015625 0.01171875
1 0.5029296875 0.6572265625 0.013671875 0.015625
1 0.525390625 0.62890625 0.021484375 0.015625
1 0.529296875 0.5908203125 0.033203125 0.02734375
1 0.5029296875 0.5576171875 0.02734375 0.041015625
1 0.56640625 0.560546875 0.021484375 0.017578125
0 0.666015625 0.59765625 0.154296875 0.1328125
1 0.6123046875 0.7236328125 0.013671875 0.013671875
0 0.642578125 0.37109375 0.130859375 0.09765625
1 0.5302734375 0.234375 0.0859375 0.068359375
1 0.51171875 0.2822265625 0.013671875 0.01171875
1 0.5234375 0.5009765625 0.009765625 0.009765625
1 0.494140625 0.4814453125 0.017578125 0.013671875
1 0.4970703125 0.4501953125 0.015625 0.01171875
1 0.4853515625 0.423828125 0.013671875 0.015625
1 0.494140625 0.3974609375 0.029296875 0.01953125
1 0.486328125 0.361328125 0.017578125 0.013671875
1 0.49609375 0.3212890625 0.021484375 0.015625
1 0.455078125 0.2080078125 0.015625 0.013671875
1 0.478515625 0.158203125 0.01953125 0.01953125
1 0.4794921875 0.1357421875 0.021484375 0.025390625
1 0.4716796875 0.0888671875 0.015625 0.021484375
1 0.5 0.0185546875 0.017578125 0.029296875
1 0.47265625 0.0068359375 0.0234375 0.01171875
1 0.607421875 0.0849609375 0.015625 0.013671875
0 0.6181640625 0.134765625 0.138671875 0.091796875
1 0.5986328125 0.208984375 0.015625 0.009765625
0 0.333984375 0.111328125 0.18359375 0.1484375
1 0.3701171875 0.2724609375 0.0546875 0.078125
1 0.37109375 0.3232421875 0.013671875 0.009765625
0 0.305521736328125 0.418901419921875 0.349236103515625 0.435626216796875 0.3855051796875 0.435519794921875 0.415889958984375 0.41061990625 0.43334844921875 0.382282888671875 0.43028625390625 0.343686533203125 0.403580140625 0.31356019140625 0.3793784609375 0.3325430703125 0.35524153515625 0.32850719921875 0.318180412109375 0.321362861328125 0.28211599609375 0.322493578125 0.25903278515625 0.3613374375 0.261364775390625 0.393686181640625 0.305521736328125 0.418901419921875
0 0.365234375 0.61328125 0.14453125 0.134765625