0 0.0732421875 0.4130859375 0.130859375 0.15625
1 0.0322265625 0.3251953125 0.013671875 0.01953125
1 0.15234375 0.400390625 0.01171875 0.013671875
0 0.1123046875 0.7060546875 0.162109375 0.19921875
0 0.2998046875 0.3974609375 0.099609375 0.1328125
1 0.3466796875 0.3916015625 0.0078125 0.013671875
1 0.19140625 0.578125 0.013671875 0.017578125
0 0.3291015625 0.673828125 0.142578125 0.1796875
1 0.4033203125 0.54296875 0.015625 0.017578125
1 0.43359375 0.55078125 0.009765625 0.01171875
1 0.431640625 0.6943359375 0.009765625 0.013671875
0 0.548828125 0.6728515625 0.138671875 0.162109375
1 0.609375 0.5634765625 0.021484375 0.037109375
1 0.5419921875 0.5498046875 0.013671875 0.015625
0 0.7578125 0.64453125 0.13671875 0.1640625
0 0.94921875 0.619140625 0.1015625 0.171875
0 0.509765625 0.392578125 0.1171875 0.16796875
1 0.4501953125 0.376953125 0.01171875 0.013671875
0 0.7109375 0.3310546875 0.103515625 0.111328125
0 0.9375 0.3388671875 0.11328125 0.158203125