1 0.9150390625 0.4541015625 0.015625 0.0234375
0 0.830078125 0.373046875 0.224609375 0.24609375
0 0.58984375 0.3291015625 0.22265625 0.2734375
0 0.3779296875 0.353515625 0.171875 0.197265625
0 0.14453125 0.30859375 0.201171875 0.2421875
0 0.0810546875 0.6015625 0.162109375 0.2421875
1 0.1728515625 0.490234375 0.021484375 0.025390625
1 0.1884765625 0.5068359375 0.017578125 0.017578125
1 0.1962890625 0.482421875 0.01171875 0.015625
1 0.2197265625 0.4521484375 0.025390625 0.029296875
1 0.24609375 0.4794921875 0.017578125 0.01953125
1 0.2490234375 0.494140625 0.013671875 0.013671875
1 0.2705078125 0.5 0.013671875 0.01953125
1 0.26171875 0.4921875 0.01171875 0.013671875
1 0.38671875 0.521484375 0.017578125 0.017578125
1 0.5166015625 0.5263671875 0.01953125 0.03125
1 0.572265625 0.5478515625 0.01171875 0.013671875
1 0.6064453125 0.53125 0.01171875 0.01171875
1 0.64453125 0.53125 0.0078125 0.009765625
1 0.6591796875 0.548828125 0.01171875 0.01171875
1 0.7431640625 0.5302734375 0.021484375 0.021484375
1 0.767578125 0.552734375 0.0234375 0.02734375
1 0.76953125 0.5283203125 0.015625 0.017578125
1 0.7734375 0.5732421875 0.01171875 0.013671875
1 0.880859375 0.5751953125 0.0234375 0.029296875
1 0.8623046875 0.59765625 0.01171875 0.017578125
1 0.8818359375 0.541015625 0.01171875 0.013671875
1 0.9560546875 0.5908203125 0.083984375 0.103515625
0 0.7900390625 0.7158203125 0.22265625 0.25
0 0.5498046875 0.6728515625 0.18359375 0.216796875
0 0.2890625 0.611328125 0.201171875 0.2265625
1 0.419921875 0.6767578125 0.017578125 0.03125
1 0.1533203125 0.630859375 0.013671875 0.013671875