0 0.1220703125 0.341796875 0.1376953125 0.1826171875
1 0.1845703125 0.482421875 0.029296875 0.0673828125
0 0.119140625 0.6435546875 0.1513671875 0.173828125
0 0.357421875 0.658203125 0.166015625 0.21875
1 0.4208984375 0.486328125 0.1142578125 0.1171875
0 0.5908203125 0.634765625 0.1435546875 0.1748046875
1 0.66796875 0.654296875 0.009765625 0.015625
0 0.833984375 0.646484375 0.171875 0.1982421875
0 0.9814453125 0.630859375 0.037109375 0.091796875
0 0.861328125 0.322265625 0.125 0.193359375
1 0.708984375 0.3505859375 0.015625 0.0234375
1 0.7216796875 0.333984375 0.0126953125 0.0185546875
1 0.744140625 0.4609375 0.0126953125 0.013671875
1 0.755859375 0.45703125 0.0107421875 0.0185546875
1 0.7666015625 0.484375 0.0078125 0.0126953125
1 0.7275390625 0.48828125 0.0126953125 0.015625
1 0.775390625 0.4609375 0.0107421875 0.0126953125
1 0.9345703125 0.3681640625 0.009765625 0.0126953125
1 0.927734375 0.287109375 0.009765625 0.015625
0 0.6142578125 0.33203125 0.119140625 0.1376953125
1 0.60546875 0.458984375 0.0185546875 0.021484375
0 0.337890625 0.3359375 0.166015625 0.1748046875
1 0.0263671875 0.4599609375 0.052734375 0.0673828125
1 0.509765625 0.49609375 0.0126953125 0.0107421875
1 0.735632876953125 0.349806294921875 0.74256426171875 0.37967785546875 0.76384970703125 0.37874148046875 0.797778220703125 0.363155328125 0.798117806640625 0.342114357421875 0.783193078125 0.318513427734375 0.795377001953125 0.305117509765625 0.802731361328125 0.283925166015625 0.772114318359375 0.279594263671875 0.749167109375 0.297531400390625 0.735632876953125 0.349806294921875