0 0.3671875 0.962890625 0.1591796875 0.0732421875
1 0.513671875 0.9150390625 0.0185546875 0.0126953125
1 0.513671875 0.8916015625 0.015625 0.013671875
1 0.529296875 0.892578125 0.015625 0.0126953125
0 0.6396484375 0.9638671875 0.154296875 0.072265625
1 0.69140625 0.8955078125 0.0126953125 0.005859375
0 0.6474609375 0.7919921875 0.166015625 0.162109375
1 0.6181640625 0.703125 0.015625 0.009765625
1 0.46484375 0.728515625 0.0625 0.0498046875
1 0.48046875 0.6865234375 0.0078125 0.005859375
0 0.337890625 0.791015625 0.1875 0.169921875
1 0.3681640625 0.65625 0.015625 0.015625
1 0.3857421875 0.650390625 0.0126953125 0.005859375
1 0.7119140625 0.59375 0.013671875 0.0126953125
1 0.6708984375 0.642578125 0.005859375 0.005859375
1 0.697265625 0.478515625 0.015625 0.0126953125
1 0.658203125 0.4921875 0.009765625 0.0078125
1 0.6708984375 0.4873046875 0.0107421875 0.005859375
0 0.56292317578125 0.53063603125 0.568337673828125 0.55635308203125 0.576532359375 0.58493471484375 0.58189621875 0.618215603515625 0.628941212890625 0.64421567578125 0.6776258671875 0.6370849609375 0.699294705078125 0.6190185546875 0.70283444140625 0.59180862890625 0.72392457421875 0.5848596640625 0.74468316015625 0.56553276953125 0.742299623046875 0.547447373046875 0.7271520546875 0.515894458984375 0.68480179296875 0.488245986328125 0.657008341796875 0.4969482421875 0.614384404296875 0.50525806640625 0.57236207421875 0.521331560546875 0.56292317578125 0.53063603125
1 0.61997974609375 0.45702944140625 0.616368875 0.44079770703125 0.588259548828125 0.4362024375 0.54655430078125 0.456211119140625 0.51709225390625 0.474992765625 0.507541232421875 0.50080385546875 0.55085117578125 0.51638726171875 0.585177951171875 0.515422453125 0.60289833984375 0.500538013671875 0.61997974609375 0.45702944140625
1 0.392367138671875 0.54515426171875 0.440346498046875 0.573252134765625 0.45127194140625 0.58682906640625 0.48468846484375 0.566949689453125 0.520109953125 0.545672380859375 0.52827329296875 0.53257559375 0.509094087890625 0.508155201171875 0.51197916796875 0.48568793359375 0.52473114453125 0.47078179296875 0.525788484375 0.445594619140625 0.49984447265625 0.44616156640625 0.469492669921875 0.4836950234375 0.44261791015625 0.482054759765625 0.420613908203125 0.4695972578125 0.40146363671875 0.486941189453125 0.404500626953125 0.523109267578125 0.392367138671875 0.54515426171875
0 0.33935426171875 0.512563294921875 0.31756124609375 0.528294994140625 0.2823206015625 0.535198748046875 0.26923587109375 0.55787760546875 0.263471740234375 0.59302933203125 0.277160494140625 0.650462962890625 0.277847705078125 0.650689923828125 0.3141830625 0.651694517578125 0.363261958984375 0.64647171484375 0.36277608984375 0.61165455078125 0.383871044921875 0.6127405234375 0.41360556640625 0.61392325 0.40722415234375 0.58470051953125 0.3938741796875 0.54494176953125 0.40586540234375 0.5242639609375 0.39611786328125 0.52110912109375 0.363976900390625 0.53890787890625 0.3413797265625 0.534848814453125 0.33935426171875 0.512563294921875
1 0.34765625 0.4951171875 0.0185546875 0.005859375
1 0.330461515625 0.4956470625 0.31889829296875 0.518510380859375 0.3351900078125 0.51457700390625 0.34372226953125 0.51446126171875 0.342425009765625 0.5421630859375 0.35881317578125 0.5416748046875 0.35781012890625 0.54557598828125 0.374286265625 0.531972474609375 0.379251060546875 0.524659107421875 0.3731553828125 0.50533040234375 0.351967591796875 0.498329896484375 0.330461515625 0.4956470625
1 0.388671875 0.4541015625 0.0263671875 0.0283203125
1 0.375 0.42578125 0.03125 0.037109375
1 0.478515625 0.3984375 0.078125 0.0595703125
1 0.529296875 0.37109375 0.0107421875 0.0078125
1 0.4619140625 0.3447265625 0.0107421875 0.0029296875
1 0.4697265625 0.26953125 0.0126953125 0.0078125
1 0.529296875 0.2666015625 0.0498046875 0.0830078125
1 0.4423828125 0.2646484375 0.009765625 0.009765625
0 0.35546875 0.3408203125 0.162109375 0.1376953125
1 0.6474609375 0.396484375 0.013671875 0.0126953125
1 0.685546875 0.2998046875 0.0126953125 0.005859375
1 0.708984375 0.287109375 0.015625 0.015625
1 0.6611328125 0.2236328125 0.0283203125 0.0185546875
0 0.561650029296875 0.282607240234375 0.555852140625 0.3060302734375 0.5312162421875 0.33606499609375 0.55707103515625 0.364124892578125 0.594492669921875 0.397234880859375 0.614536314453125 0.402623154296875 0.66313657421875 0.37693323046875 0.68729866015625 0.35225875390625 0.7215784140625 0.321783673828125 0.7079065390625 0.30825376171875 0.682789591796875 0.303501158203125 0.67389081640625 0.26363028125 0.643371431640625 0.248106552734375 0.61178385546875 0.2604908125 0.56276162109375 0.276901583984375 0.561650029296875 0.282607240234375
1 0.6123046875 0.1708984375 0.0341796875 0.0185546875
0 0.62710503515625 0.02685546875 0.6118803046875 0.04909848828125 0.60159023046875 0.074644638671875 0.57980203515625 0.0941930703125 0.58478250390625 0.12802282421875 0.59248167578125 0.1532262734375 0.61489438671875 0.16230920703125 0.6365608125 0.17672526171875 0.670664544921875 0.17999312890625 0.699907166015625 0.168572771484375 0.74729697265625 0.137502712890625 0.764818431640625 0.11070511328125 0.75488401953125 0.094481517578125 0.72747275390625 0.07088939453125 0.691200087890625 0.03795844140625 0.656239150390625 0.02167787890625 0.62710503515625 0.02685546875
1 0.50390625 0.1279296875 0.0283203125 0.0234375
1 0.533203125 0.107421875 0.037109375 0.0234375
1 0.5244140625 0.0556640625 0.09375 0.087890625
1 0.443359375 0.033203125 0.076171875 0.0654296875
1 0.455078125 0.1455078125 0.0205078125 0.009765625
0 0.3447265625 0.1279296875 0.15625 0.134765625