1 0.951171875 0.787109375 0.009765625 0.0185546875
1 0.958984375 0.720703125 0.0185546875 0.025390625
1 0.9345703125 0.7138671875 0.0107421875 0.0185546875
1 0.90625 0.7626953125 0.009765625 0.015625
1 0.8720703125 0.73046875 0.0126953125 0.015625
1 0.9775390625 0.6005859375 0.0439453125 0.1171875
0 0.9853515625 0.7265625 0.029296875 0.0751953125
0 0.9833984375 0.435546875 0.033203125 0.0859375
0 0.8232421875 0.4287109375 0.1435546875 0.1376953125
1 0.8115234375 0.609375 0.013671875 0.0185546875
1 0.87890625 0.6044921875 0.0078125 0.009765625
1 0.900390625 0.576171875 0.0107421875 0.0126953125
1 0.759765625 0.552734375 0.015625 0.0263671875
1 0.736328125 0.63671875 0.0986328125 0.1328125
1 0.6708984375 0.6279296875 0.005859375 0.015625
1 0.6630859375 0.634765625 0.005859375 0.013671875
1 0.6552734375 0.6416015625 0.009765625 0.025390625
1 0.6728515625 0.578125 0.0078125 0.009765625
1 0.6962890625 0.5810546875 0.013671875 0.0107421875
1 0.869140625 0.744140625 0.005859375 0.009765625
0 0.8160867578125 0.8057293671875 0.82976390625 0.820859052734375 0.84674223046875 0.839718162109375 0.88594940625 0.830389580078125 0.886188271484375 0.829218107421875 0.8830415703125 0.80246913671875 0.878841447265625 0.77337822265625 0.868251470703125 0.74767815234375 0.8617109140625 0.715589232421875 0.852450900390625 0.698488337890625 0.817500361328125 0.690829556640625 0.791072138671875 0.692081404296875 0.77976405859375 0.696566357421875 0.77052891015625 0.728792919921875 0.766078619140625 0.760993361328125 0.765385380859375 0.7790376640625 0.784060630859375 0.798830134765625 0.80451117578125 0.80522199609375 0.8160867578125 0.8057293671875
1 0.771484375 0.8173828125 0.009765625 0.0126953125
1 0.7607421875 0.7666015625 0.0107421875 0.0107421875
1 0.755859375 0.7529296875 0.013671875 0.0126953125
1 0.736328125 0.74609375 0.017578125 0.025390625
1 0.72265625 0.755859375 0.009765625 0.015625
1 0.75 0.7998046875 0.0126953125 0.015625
1 0.771484375 0.830078125 0.005859375 0.009765625
1 0.6953125 0.767578125 0.009765625 0.0126953125
1 0.705078125 0.841796875 0.015625 0.021484375
1 0.712890625 0.8662109375 0.0126953125 0.015625
1 0.7138671875 0.7041015625 0.005859375 0.009765625
1 0.572265625 0.6044921875 0.0078125 0.0126953125
1 0.564453125 0.6044921875 0.005859375 0.0126953125
1 0.5947265625 0.5771484375 0.005859375 0.009765625
1 0.642578125 0.4541015625 0.0078125 0.005859375
0 0.587890625 0.4794921875 0.1044921875 0.134765625
1 0.5205078125 0.5791015625 0.005859375 0.0107421875
1 0.5595703125 0.626953125 0.0048828125 0.009765625
1 0.5302734375 0.615234375 0.005859375 0.009765625
1 0.5673828125 0.5751953125 0.005859375 0.009765625
1 0.4716796875 0.580078125 0.0107421875 0.015625
1 0.490234375 0.5859375 0.0048828125 0.0078125
1 0.4501953125 0.609375 0.0126953125 0.0185546875
1 0.5634765625 0.802734375 0.0078125 0.0126953125
1 0.5498046875 0.7744140625 0.0029296875 0.005859375
1 0.556640625 0.7578125 0.0126953125 0.009765625
1 0.541015625 0.775390625 0.005859375 0.013671875
1 0.5341796875 0.75 0.009765625 0.0126953125
1 0.5205078125 0.7587890625 0.009765625 0.015625
1 0.5126953125 0.80859375 0.0107421875 0.017578125
0 0.55903305078125 0.697960873046875 0.551225826171875 0.703339 0.554325056640625 0.7300658671875 0.561062283203125 0.75395045703125 0.55474853515625 0.77066052734375 0.565210412109375 0.794491865234375 0.568721818359375 0.82166280859375 0.576388888671875 0.858796296875 0.5845480078125 0.854973435546875 0.592213572265625 0.8242840546875 0.603236068359375 0.837588212890625 0.62720480078125 0.85377885546875 0.629634904296875 0.84809329296875 0.644307455078125 0.8014051640625 0.66111020703125 0.766390576171875 0.6599671171875 0.733843517578125 0.65291115234375 0.70510424609375 0.641053 0.7053071953125 0.621037236328125 0.705499091796875 0.594745400390625 0.700517818359375 0.55903305078125 0.697960873046875
1 0.4931640625 0.7880859375 0.0107421875 0.0185546875
1 0.4931640625 0.822265625 0.0126953125 0.0185546875
1 0.4853515625 0.7587890625 0.009765625 0.009765625
1 0.498046875 0.7568359375 0.0048828125 0.0126953125
1 0.4697265625 0.818359375 0.0126953125 0.0185546875
1 0.470703125 0.8037109375 0.0107421875 0.0126953125
1 0.46875 0.76953125 0.0048828125 0.0107421875
1 0.458984375 0.783203125 0.005859375 0.009765625
1 0.4560546875 0.7734375 0.005859375 0.009765625
1 0.4453125 0.78515625 0.009765625 0.0107421875
1 0.447265625 0.767578125 0.013671875 0.017578125
1 0.439453125 0.744140625 0.0126953125 0.025390625
1 0.427734375 0.798828125 0.005859375 0.0126953125
1 0.431640625 0.8212890625 0.0078125 0.0126953125
1 0.412109375 0.845703125 0.013671875 0.021484375
1 0.3564453125 0.7109375 0.017578125 0.0185546875
1 0.3369140625 0.744140625 0.005859375 0.005859375
1 0.318359375 0.81640625 0.005859375 0.009765625
0 0.330250681640625 0.732962400390625 0.3356413671875 0.748232744140625 0.33141863671875 0.783549744140625 0.32406729296875 0.8235516328125 0.330944673828125 0.83850148046875 0.35511534765625 0.83412704296875 0.397241662109375 0.84190839453125 0.41638635546875 0.8316384140625 0.416935673828125 0.794341162109375 0.4325787578125 0.77389463671875 0.43375198828125 0.756380810546875 0.42252302734375 0.71577912109375 0.39404372265625 0.703471619140625 0.37035530078125 0.70964747265625 0.35266716015625 0.720282158203125 0.33605730859375 0.704864125 0.32910758984375 0.70586982421875 0.330250681640625 0.732962400390625
1 0.3193359375 0.751953125 0.005859375 0.0126953125
1 0.314453125 0.7607421875 0.009765625 0.0126953125
1 0.310546875 0.748046875 0.0126953125 0.015625
1 0.31494743359375 0.66833244921875 0.307496625 0.675972142578125 0.301769869140625 0.6973007890625 0.30124165234375 0.72411506640625 0.293512037109375 0.74785397265625 0.292177552734375 0.76182524609375 0.2991174765625 0.755792060546875 0.308467158203125 0.74038909765625 0.32214958203125 0.73116701171875 0.330563392578125 0.7085814921875 0.33101851953125 0.70730452734375 0.324697236328125 0.67924543359375 0.31494743359375 0.66833244921875
1 0.2919921875 0.736328125 0.0078125 0.0185546875
1 0.28515625 0.7509765625 0.0126953125 0.009765625
1 0.2724609375 0.75390625 0.0126953125 0.0126953125
1 0.2646484375 0.767578125 0.005859375 0.009765625
1 0.25390625 0.626953125 0.03125 0.0341796875
1 0.318359375 0.638671875 0.0126953125 0.0205078125
1 0.34765625 0.62890625 0.005859375 0.009765625
1 0.3515625 0.64453125 0.005859375 0.0126953125
1 0.2861328125 0.611328125 0.0078125 0.009765625
1 0.29296875 0.6064453125 0.009765625 0.009765625
1 0.27734375 0.56640625 0.005859375 0.009765625
0 0.39453125 0.462890625 0.1376953125 0.1689453125
1 0.3173828125 0.4501953125 0.009765625 0.0126953125
1 0.3466796875 0.361328125 0.005859375 0.009765625
1 0.234375 0.5771484375 0.0107421875 0.0107421875
1 0.271484375 0.69921875 0.009765625 0.0126953125
1 0.232421875 0.7587890625 0.046875 0.068359375
0 0.10079391015625 0.79831573046875 0.11328576953125 0.820492138671875 0.12056930078125 0.84411289453125 0.128839337890625 0.848072193359375 0.14583694921875 0.855903982421875 0.19351851953125 0.85987654296875 0.19308268359375 0.859479890625 0.22894603515625 0.82188102734375 0.2195873125 0.806160783203125 0.2134765625 0.76048659375 0.21143391796875 0.719917052734375 0.19966362890625 0.68554084765625 0.183493380859375 0.682931857421875 0.150149197265625 0.688845486328125 0.119471572265625 0.71006462109375 0.106297923828125 0.7189718359375 0.10640914453125 0.73716965625 0.101039857421875 0.76207320703125 0.10079391015625 0.79831573046875
1 0.087890625 0.8232421875 0.009765625 0.015625
1 0.0693359375 0.755859375 0.029296875 0.0283203125
1 0.060546875 0.80078125 0.0126953125 0.0205078125
1 0.017578125 0.7919921875 0.0185546875 0.0234375
1 0.0283203125 0.755859375 0.056640625 0.046875
1 0.02734375 0.7236328125 0.0185546875 0.015625
1 0.072265625 0.71875 0.009765625 0.009765625
1 0.1025390625 0.74609375 0.0078125 0.009765625
1 0.005859375 0.63671875 0.01171875 0.02734375
1 0.03125 0.6630859375 0.0078125 0.009765625
1 0.0966796875 0.642578125 0.021484375 0.041015625
1 0.138671875 0.62890625 0.103515625 0.1123046875
1 0.0341796875 0.5927734375 0.009765625 0.009765625
0 0.021484375 0.44140625 0.0419921875 0.111328125
1 0.203125 0.525390625 0.0361328125 0.0439453125
0 0.172520615234375 0.533151283203125 0.19434407421875 0.50023148046875 0.22066333984375 0.47294680859375 0.23328812109375 0.446795427734375 0.2307092734375 0.41112316796875 0.20713071484375 0.39232855859375 0.17572428515625 0.37793933203125 0.14188910546875 0.357830583984375 0.12389594140625 0.35721330078125 0.101974826171875 0.40497444140625 0.08575846484375 0.43896484375 0.086646412109375 0.465940876953125 0.11540346484375 0.495038822265625 0.14650426953125 0.51803867578125 0.172520615234375 0.533151283203125
1 0.013671875 0.6611328125 0.009765625 0.005859375
1 0.9169921875 0.103515625 0.064453125 0.0908203125
1 0.9931640625 0.11328125 0.013671875 0.0361328125
1 0.7744140625 0.107421875 0.0283203125 0.0283203125
1 0.744140625 0.0927734375 0.0625 0.0576171875
1 0.521484375 0.107421875 0.0419921875 0.0595703125
1 0.369140625 0.1162109375 0.0498046875 0.056640625
1 0.294921875 0.1005859375 0.013671875 0.017578125
1 0.28125 0.123046875 0.021484375 0.041015625
1 0.1806640625 0.119140625 0.107421875 0.109375
1 0.224609375 0.033203125 0.115234375 0.0654296875
1 0.052734375 0.041015625 0.078125 0.0810546875
1 0.0810546875 0.115234375 0.009765625 0.0126953125
1 0.064453125 0.095703125 0.017578125 0.013671875
1 0.0439453125 0.1044921875 0.017578125 0.0185546875
1 0.9443359375 0.744140625 0.0185546875 0.009765625
1 0.9189453125 0.693359375 0.0078125 0.0126953125