1 0.1015625 0.4619140625 0.025390625 0.0390625
0 0.171875 0.3984375 0.158203125 0.185546875
0 0.34375 0.375 0.18359375 0.173828125
1 0.451171875 0.4599609375 0.076171875 0.0546875
1 0.671875 0.390625 0.044921875 0.064453125
0 0.5986328125 0.3740234375 0.1484375 0.2109375
0 0.8095703125 0.365234375 0.150390625 0.189453125
1 0.9326171875 0.48046875 0.134765625 0.1015625
1 0.73828125 0.474609375 0.013671875 0.015625
1 0.7431640625 0.525390625 0.013671875 0.017578125
0 0.82421875 0.6396484375 0.15625 0.193359375
0 0.9775390625 0.6328125 0.044921875 0.08203125
0 0.609375 0.6689453125 0.150390625 0.18359375
1 0.5419921875 0.521484375 0.0625 0.076171875
1 0.466796875 0.5205078125 0.013671875 0.009765625
1 0.4345703125 0.525390625 0.017578125 0.013671875
1 0.3984375 0.546875 0.03125 0.046875
0 0.3916015625 0.6845703125 0.140625 0.177734375
1 0.140625 0.6630859375 0.017578125 0.01953125
0 0.181640625 0.6923828125 0.171875 0.17578125
1 0.1259765625 0.564453125 0.01171875 0.013671875
1 0.185546875 0.56640625 0.0078125 0.0078125
1 0.2265625 0.54296875 0.01171875 0.01171875
1 0.04296875 0.5693359375 0.0859375 0.142578125