0 0.48046875 0.9296875 0.171875 0.140625
1 0.400390625 0.9892578125 0.021484375 0.017578125
1 0.4560546875 0.859375 0.015625 0.013671875
0 0.7646484375 0.8505859375 0.216796875 0.1875
0 0.4306640625 0.7138671875 0.142578125 0.1171875
1 0.4169921875 0.6689453125 0.013671875 0.0078125
1 0.625 0.79296875 0.017578125 0.015625
0 0.6982421875 0.6416015625 0.1953125 0.166015625
1 0.5576171875 0.5888671875 0.017578125 0.017578125
1 0.560546875 0.5576171875 0.01171875 0.01171875
1 0.7021484375 0.537109375 0.015625 0.009765625
0 0.6630859375 0.4248046875 0.177734375 0.158203125
1 0.5458984375 0.3818359375 0.041015625 0.02734375
1 0.54296875 0.451171875 0.015625 0.015625
0 0.6015625 0.22265625 0.177734375 0.15625
0 0.5458984375 0.048828125 0.185546875 0.09765625
0 0.3916015625 0.5068359375 0.1796875 0.138671875
1 0.38671875 0.568359375 0.015625 0.013671875
0 0.2998046875 0.318359375 0.123046875 0.115234375
0 0.2724609375 0.0927734375 0.169921875 0.1328125