0 0.1630859375 0.2919921875 0.1591796875 0.201171875
0 0.4091796875 0.353515625 0.1640625 0.216796875
1 0.3154296875 0.447265625 0.03125 0.021484375
0 0.671875 0.314453125 0.138671875 0.208984375
0 0.9013671875 0.2919921875 0.197265625 0.208984375
0 0.8828125 0.6484375 0.2080078125 0.2294921875
1 0.98828125 0.59375 0.0234375 0.046875
1 0.927734375 0.494140625 0.015625 0.017578125
1 0.7412109375 0.5205078125 0.03125 0.03125
0 0.6455078125 0.6474609375 0.1875 0.2001953125
0 0.396484375 0.640625 0.142578125 0.1767578125
0 0.158203125 0.6259765625 0.1533203125 0.1689453125
1 0.166015625 0.4921875 0.021484375 0.0234375
1 0.0439453125 0.5322265625 0.0107421875 0.013671875
1 0.0625 0.4384765625 0.0126953125 0.0126953125