1 0.8994140625 0.310546875 0.201171875 0.369140625
1 0.8046875 0.361328125 0.1171875 0.107421875
1 0.939453125 0.544921875 0.013671875 0.0263671875
1 0.71875 0.365234375 0.0205078125 0.029296875
1 0.7158203125 0.3173828125 0.0185546875 0.029296875
1 0.744140625 0.2998046875 0.015625 0.013671875
1 0.7451171875 0.3330078125 0.017578125 0.0205078125
1 0.6279296875 0.369140625 0.0126953125 0.025390625
1 0.771484375 0.4921875 0.015625 0.0185546875
1 0.716796875 0.4951171875 0.015625 0.0185546875
1 0.7578125 0.568359375 0.0205078125 0.0185546875
1 0.732421875 0.576171875 0.021484375 0.033203125
1 0.748046875 0.6572265625 0.1123046875 0.140625
1 0.693359375 0.798828125 0.0595703125 0.046875
1 0.73046875 0.919921875 0.046875 0.0498046875
1 0.6181640625 0.6259765625 0.025390625 0.0283203125
1 0.6881706328125 0.63102414453125 0.693125783203125 0.595003857421875 0.69799201953125 0.55572434375 0.69997679296875 0.531758375 0.69157955859375 0.5293370625 0.631317515625 0.54990113671875 0.585788302734375 0.57271371875 0.573656623046875 0.61094633984375 0.59744827734375 0.628823865234375 0.61918131640625 0.610383712890625 0.64150058984375 0.63236038671875 0.670426734375 0.645357107421875 0.6881706328125 0.63102414453125
0 0.635820552734375 0.68811286328125 0.62987376953125 0.66103234375 0.60912483203125 0.6432653359375 0.5924675078125 0.62437909765625 0.56036904296875 0.647937162109375 0.55939549609375 0.6847591953125 0.56531816796875 0.725487478515625 0.5765245234375 0.74652175 0.60002983984375 0.74763494921875 0.627625265625 0.73849424609375 0.63468123046875 0.720267087890625 0.635820552734375 0.68811286328125
1 0.4931640625 0.4873046875 0.072265625 0.0595703125
1 0.478515625 0.521484375 0.0126953125 0.025390625
1 0.4755859375 0.384765625 0.046875 0.072265625
1 0.50390625 0.40625 0.0107421875 0.025390625
1 0.4892578125 0.431640625 0.0205078125 0.025390625
0 0.60449821484375 0.36095437890625 0.57831790234375 0.33333333203125 0.533848138671875 0.35793627734375 0.51538839453125 0.3929177109375 0.51176998828125 0.437767248046875 0.53665726171875 0.4787949296875 0.570880654296875 0.454841017578125 0.59305374609375 0.42243762890625 0.606692466796875 0.39882933203125 0.60449821484375 0.36095437890625
1 0.5673828125 0.326171875 0.015625 0.0185546875
1 0.537109375 0.2900390625 0.0283203125 0.037109375
1 0.5146484375 0.30859375 0.013671875 0.021484375
1 0.505859375 0.326171875 0.0107421875 0.0126953125
1 0.681640625 0.328125 0.0126953125 0.013671875
1 0.650390625 0.396484375 0.009765625 0.015625
1 0.4580078125 0.30859375 0.037109375 0.041015625
1 0.4365234375 0.390625 0.0107421875 0.0126953125
1 0.4482421875 0.490234375 0.009765625 0.0205078125
1 0.4453125 0.521484375 0.0126953125 0.013671875
1 0.51953125 0.5849609375 0.009765625 0.0126953125
1 0.3974609375 0.359375 0.015625 0.0283203125
1 0.3818359375 0.326171875 0.025390625 0.0341796875
1 0.3505859375 0.333984375 0.0283203125 0.03125
1 0.3154296875 0.34375 0.0185546875 0.021484375
1 0.314453125 0.3681640625 0.025390625 0.0283203125
1 0.3984375 0.2646484375 0.03125 0.046875
1 0.369140625 0.2841796875 0.0283203125 0.056640625
1 0.333984375 0.2509765625 0.048828125 0.130859375
1 0.30078125 0.279296875 0.0205078125 0.0517578125
0 0.31611087109375 0.44363466015625 0.33048351953125 0.482861931640625 0.379391517578125 0.460491416015625 0.430941357421875 0.435185185546875 0.43177173828125 0.417946646484375 0.40285765234375 0.391239873046875 0.37970498046875 0.365093716796875 0.36710612109375 0.34103330859375 0.32671139453125 0.34915525390625 0.32345016015625 0.375518421875 0.31611087109375 0.44363466015625
1 0.287109375 0.369140625 0.0107421875 0.0126953125
1 0.2529296875 0.3466796875 0.0126953125 0.025390625
1 0.2607421875 0.376953125 0.013671875 0.025390625
1 0.248046875 0.4228515625 0.009765625 0.0185546875
1 0.259765625 0.447265625 0.015625 0.0205078125
1 0.28515625 0.4267578125 0.009765625 0.0185546875
1 0.2041015625 0.2685546875 0.025390625 0.0341796875
1 0.208984375 0.318359375 0.009765625 0.015625
1 0.2197265625 0.3505859375 0.009765625 0.015625
1 0.19140625 0.3974609375 0.0185546875 0.015625
1 0.0849609375 0.27734375 0.017578125 0.021484375
1 0.1259765625 0.3427734375 0.0263671875 0.03125
1 0.1015625 0.3603515625 0.025390625 0.015625
1 0.2236328125 0.5625 0.0654296875 0.0859375
1 0.3369140625 0.67578125 0.0126953125 0.0126953125
1 0.26171875 0.6953125 0.015625 0.0205078125
1 0.033203125 0.4453125 0.013671875 0.021484375
1 0.0078125 0.349609375 0.015625 0.0205078125
1 0.05859375 0.353515625 0.0107421875 0.0283203125
1 0.166015625 0.525390625 0.013671875 0.009765625
0 0.13503086328125 0.357510287109375 0.086475513671875 0.36655655078125 0.05833303125 0.40387490234375 0.071439767578125 0.45133463671875 0.10924690234375 0.4855806328125 0.14717761328125 0.49404417578125 0.160947447265625 0.45140697265625 0.152759693359375 0.40087488671875 0.13503086328125 0.357510287109375
1 0.5537109375 0.6796875 0.009765625 0.0107421875
0 0.41993430859375 0.738324955078125 0.41703626953125 0.70826250390625 0.380674009765625 0.66056315234375 0.3577813046875 0.6615291640625 0.343941017578125 0.68018633203125 0.34287629296875 0.683865017578125 0.342519125 0.685164087890625 0.31791065234375 0.66799437109375 0.3049632890625 0.66462161328125 0.29850938671875 0.726681556640625 0.30941659375 0.796933775390625 0.34516058984375 0.82920253515625 0.379691794921875 0.8289327734375 0.40942948046875 0.78420530859375 0.41993430859375 0.738324955078125
0 0.1171875 0.7529296875 0.1279296875 0.1435546875
1 0.18359375 0.763671875 0.015625 0.015625
1 0.0732421875 0.5205078125 0.0107421875 0.0126953125