0 0.95703125 0.740234375 0.048828125 0.119140625
0 0.78515625 0.7216796875 0.1875 0.234375
1 0.65625 0.5556640625 0.048828125 0.0703125
0 0.5458984375 0.6806640625 0.173828125 0.212890625
0 0.314453125 0.625 0.171875 0.205078125
1 0.3603515625 0.5126953125 0.021484375 0.0234375
0 0.0830078125 0.6103515625 0.166015625 0.216796875
1 0.095703125 0.42578125 0.048828125 0.048828125
0 0.1328125 0.265625 0.177734375 0.171875
1 0.0654296875 0.2138671875 0.02734375 0.033203125
0 0.3466796875 0.2978515625 0.130859375 0.181640625
1 0.279296875 0.361328125 0.021484375 0.03125
1 0.46875 0.39453125 0.1015625 0.07421875
1 0.533203125 0.341796875 0.056640625 0.1015625
0 0.6162109375 0.3330078125 0.138671875 0.166015625
1 0.6005859375 0.25390625 0.01171875 0.01953125
0 0.81640625 0.4111328125 0.142578125 0.171875