1 0.080078125 0.505859375 0.10546875 0.15625
0 0.18582701171875 0.422988880859375 0.20277014453125 0.381703083984375 0.200734150390625 0.32537514453125 0.171931990234375 0.26272935546875 0.127194044921875 0.2796821484375 0.088173646484375 0.310476654296875 0.0816829375 0.32755183203125 0.05458948828125 0.3686351484375 0.054884162109375 0.378145201171875 0.065013921875 0.39318833203125 0.09107271484375 0.411895810546875 0.145580306640625 0.448352486328125 0.163233619140625 0.448491740234375 0.18582701171875 0.422988880859375
1 0.177734375 0.47265625 0.0078125 0.01953125
1 0.16015625 0.548828125 0.0078125 0.009765625
1 0.2529296875 0.5498046875 0.076171875 0.0546875
1 0.2802734375 0.5205078125 0.009765625 0.01171875
1 0.3193359375 0.5234375 0.013671875 0.013671875
1 0.2509765625 0.703125 0.013671875 0.013671875
1 0.2734375 0.685546875 0.005859375 0.013671875
0 0.1455078125 0.6875 0.130859375 0.1796875
1 0.4111328125 0.5244140625 0.01953125 0.021484375
1 0.5048828125 0.6376953125 0.013671875 0.015625
1 0.423828125 0.5859375 0.03515625 0.04296875
0 0.38618314453125 0.763848994140625 0.41293569140625 0.78524053515625 0.439190310546875 0.773720357421875 0.45471452734375 0.7409800546875 0.466560658203125 0.68768679296875 0.457076650390625 0.647056080078125 0.4397387734375 0.624197759765625 0.4159274375 0.600379357421875 0.396000513671875 0.594939041015625 0.373995828125 0.59468727734375 0.376155609375 0.59350412890625 0.32920660546875 0.61407393359375 0.32283452734375 0.62217526171875 0.317902029296875 0.65774540625 0.32036748046875 0.69904426171875 0.34060455859375 0.715866623046875 0.38618314453125 0.763848994140625
1 0.484375 0.5302734375 0.017578125 0.01953125
1 0.4658203125 0.458984375 0.009765625 0.013671875
1 0.6767578125 0.5751953125 0.01953125 0.0234375
1 0.564465876953125 0.544923541015625 0.55086030078125 0.569957380859375 0.540144755859375 0.5910262421875 0.5425388984375 0.60401191015625 0.55768321875 0.607971921875 0.5872980234375 0.596944181640625 0.61000114453125 0.580978673828125 0.60658373046875 0.556091470703125 0.585442333984375 0.53296315234375 0.564465876953125 0.544923541015625
1 0.585988642578125 0.474710076171875 0.566391453125 0.44793933203125 0.53071509765625 0.428795212890625 0.525894427734375 0.43921270703125 0.516752876953125 0.48189251953125 0.51035476171875 0.52299339453125 0.51251795703125 0.554507935546875 0.534020140625 0.585125162109375 0.551127732421875 0.585642625 0.560469783203125 0.554563388671875 0.584065373046875 0.537054072265625 0.61852908203125 0.554298900390625 0.6242234453125 0.53851399609375 0.61155679296875 0.5119655703125 0.585988642578125 0.474710076171875
1 0.6787109375 0.4814453125 0.017578125 0.017578125
1 0.56014188671875 0.39812369140625 0.56954586328125 0.43880387109375 0.5796076015625 0.45989907421875 0.591459619140625 0.480665029296875 0.628876697265625 0.49042382421875 0.648698716796875 0.497685095703125 0.6689199453125 0.49662534765625 0.66779229296875 0.433642923828125 0.6498354296875 0.39258096875 0.62128022265625 0.404001384765625 0.60415841015625 0.423729365234375 0.597227978515625 0.428346751953125 0.5894438359375 0.39430023046875 0.56014188671875 0.39812369140625
1 0.5595703125 0.333984375 0.009765625 0.013671875
0 0.679298697265625 0.37708515234375 0.67305855078125 0.3531924921875 0.6543094921875 0.326472373046875 0.62437590625 0.296798041015625 0.60166276171875 0.28207784765625 0.563878662109375 0.305291193359375 0.564080974609375 0.347291169921875 0.547199158203125 0.383973484375 0.544585615234375 0.403256521484375 0.557944916015625 0.403845169921875 0.58248561328125 0.3996615546875 0.604493154296875 0.420938078125 0.61884793359375 0.409508828125 0.649183966796875 0.39645579296875 0.679298697265625 0.37708515234375
1 0.58203125 0.251953125 0.0078125 0.015625
0 0.8564453125 0.35546875 0.083984375 0.072265625
1 0.9189453125 0.31640625 0.046875 0.087890625
1 0.8134765625 0.2578125 0.037109375 0.052734375
1 0.9814453125 0.3994140625 0.029296875 0.04296875
1 0.9501953125 0.5244140625 0.017578125 0.01953125
1 0.98046875 0.564453125 0.03125 0.037109375
1 0.990234375 0.505859375 0.01953125 0.0234375
1 0.875 0.529296875 0.021484375 0.017578125
1 0.863604005859375 0.449651435546875 0.874480859375 0.49904196875 0.8899425078125 0.52793243359375 0.907571939453125 0.52102187890625 0.936230197265625 0.482347587890625 0.91776539453125 0.46744398828125 0.87868681640625 0.453193630859375 0.865859068359375 0.446809310546875 0.863604005859375 0.449651435546875
1 0.7958984375 0.5078125 0.017578125 0.017578125
1 0.8509532421875 0.57302763671875 0.87670983984375 0.55910993359375 0.87339324609375 0.535714482421875 0.8564117265625 0.523953583984375 0.841256951171875 0.5019768671875 0.81871298828125 0.497849298828125 0.80376442578125 0.4975597421875 0.81206009765625 0.539941427734375 0.8163326953125 0.55713112109375 0.83242264453125 0.573066158203125 0.8509532421875 0.57302763671875
1 0.95196155078125 0.62125758984375 0.9371982734375 0.584333755859375 0.900271482421875 0.580928267578125 0.880899283203125 0.591687841796875 0.880314470703125 0.5914136484375 0.88500541015625 0.6133894375 0.89199842578125 0.605625296875 0.915228142578125 0.603141736328125 0.91596052734375 0.628325095703125 0.90762169140625 0.64440251953125 0.911504494140625 0.681258224609375 0.927715455078125 0.689200712890625 0.94587180859375 0.68402970703125 0.95196155078125 0.62125758984375
0 0.8620933984375 0.746914927734375 0.881970470703125 0.7023580546875 0.8997456953125 0.67818772265625 0.911947548828125 0.646195 0.916704181640625 0.617117203125 0.9127155625 0.60232267578125 0.88468305078125 0.61224884765625 0.869105576171875 0.596676302734375 0.84458221484375 0.58272555078125 0.8256384609375 0.5720514296875 0.810344806640625 0.566796880859375 0.815894689453125 0.60701956640625 0.8131751015625 0.634386421875 0.80669168359375 0.66083680859375 0.80156833203125 0.682118146484375 0.808898125 0.739911673828125 0.826264359375 0.757782408203125 0.8620933984375 0.746914927734375
1 0.8037109375 0.658203125 0.01171875 0.013671875
1 0.6865234375 0.7041015625 0.017578125 0.021484375
1 0.744140625 0.69140625 0.0078125 0.013671875
1 0.7333984375 0.572265625 0.015625 0.017578125
0 0.676064337890625 0.713287974609375 0.685947947265625 0.6751569609375 0.685649052734375 0.637188349609375 0.667016048828125 0.607650677734375 0.64717362890625 0.578295609375 0.628764642578125 0.55197418359375 0.60782693359375 0.584802009765625 0.561948140625 0.62469117578125 0.533514435546875 0.67633203515625 0.55192295703125 0.707849349609375 0.56955029296875 0.753810541015625 0.586701193359375 0.770293619140625 0.62305232421875 0.761505490234375 0.670250564453125 0.7424951171875 0.676064337890625 0.713287974609375
1 0.4052734375 0.2998046875 0.0078125 0.013671875
1 0.447265625 0.353515625 0.0078125 0.013671875
1 0.46875 0.3349609375 0.009765625 0.017578125
0 0.4268279921875 0.328864150390625 0.40035962109375 0.30997943359375 0.3838489140625 0.291479837890625 0.351904259765625 0.27267235546875 0.342323365234375 0.284551642578125 0.332228083984375 0.31730472265625 0.321820328125 0.367700568359375 0.317421689453125 0.423694181640625 0.32885515625 0.449582859375 0.366357689453125 0.45343505078125 0.40584048828125 0.4372586953125 0.434059732421875 0.410918724609375 0.43603716015625 0.348938599609375 0.4268279921875 0.328864150390625