0 0.482421875 0.623046875 0.134765625 0.181640625
1 0.595703125 0.6201171875 0.015625 0.021484375
0 0.740234375 0.6572265625 0.1201171875 0.166015625
0 0.93359375 0.634765625 0.1328125 0.197265625
0 0.9443359375 0.296875 0.109375 0.220703125
0 0.7421875 0.35546875 0.1435546875 0.158203125
1 0.8076171875 0.4921875 0.0185546875 0.025390625
1 0.767578125 0.494140625 0.013671875 0.017578125
1 0.8759765625 0.4765625 0.009765625 0.0126953125
1 0.685546875 0.5 0.0126953125 0.015625
0 0.482421875 0.314453125 0.1455078125 0.1826171875
1 0.50390625 0.423828125 0.009765625 0.0107421875
1 0.59375 0.5048828125 0.009765625 0.0126953125
1 0.205078125 0.20703125 0.064453125 0.078125
1 0.2548828125 0.3046875 0.009765625 0.0126953125
1 0.22265625 0.2900390625 0.0185546875 0.0107421875
1 0.2587890625 0.40625 0.009765625 0.0107421875