0 0.416015625 0.03515625 0.1171875 0.0703125
0 0.4072265625 0.1884765625 0.125 0.1279296875
1 0.3876953125 0.4306640625 0.080078125 0.0390625
1 0.564453125 0.3916015625 0.064453125 0.072265625
1 0.5 0.423828125 0.0205078125 0.0185546875
1 0.353515625 0.494140625 0.017578125 0.0126953125
1 0.353515625 0.5078125 0.015625 0.009765625
1 0.4013671875 0.4873046875 0.0185546875 0.0126953125
1 0.4052734375 0.505859375 0.0185546875 0.005859375
1 0.421875 0.53125 0.0439453125 0.0341796875
0 0.31956328515625 0.507467603515625 0.29026296484375 0.55579323828125 0.288359787109375 0.592592591796875 0.332830412109375 0.63240559765625 0.377189083984375 0.63935004296875 0.438180322265625 0.62046854296875 0.457868302734375 0.595120544921875 0.44227602734375 0.5605843359375 0.40688726171875 0.539842716796875 0.376991015625 0.51477115234375 0.31956328515625 0.507467603515625
1 0.4091796875 0.705078125 0.041015625 0.03125
1 0.35546875 0.71875 0.015625 0.0185546875
1 0.416015625 0.6865234375 0.0185546875 0.009765625
1 0.515625 0.5400390625 0.0185546875 0.025390625
1 0.509765625 0.4619140625 0.0126953125 0.009765625
1 0.494140625 0.3984375 0.0185546875 0.0126953125
1 0.5166015625 0.412109375 0.0126953125 0.0078125
0 0.4052734375 0.9384765625 0.154296875 0.123046875
1 0.412109375 0.8740234375 0.015625 0.013671875
0 0.642578125 0.962890625 0.142578125 0.0732421875
1 0.65625 0.876953125 0.091796875 0.0419921875
1 0.671875 0.837890625 0.099609375 0.046875
1 0.6201171875 0.7265625 0.0126953125 0.009765625
1 0.630859375 0.705078125 0.037109375 0.0263671875
1 0.6513671875 0.642578125 0.015625 0.009765625
1 0.6396484375 0.6572265625 0.03125 0.015625
1 0.6904296875 0.5283203125 0.015625 0.015625
0 0.64746266015625 0.50864051171875 0.62427317578125 0.5197340546875 0.588190310546875 0.55202262109375 0.58774250390625 0.56679894140625 0.600720279296875 0.59849976171875 0.636417341796875 0.62911163671875 0.66770695703125 0.649482525390625 0.716188892578125 0.632548982421875 0.74183958984375 0.607279783203125 0.728792919921875 0.565423228515625 0.691767939453125 0.540347791015625 0.64746266015625 0.50864051171875
1 0.638671875 0.4970703125 0.0185546875 0.0126953125
1 0.6201171875 0.4736328125 0.025390625 0.021484375
1 0.6455078125 0.4599609375 0.0126953125 0.0107421875
1 0.623046875 0.4345703125 0.009765625 0.0078125
1 0.646484375 0.2607421875 0.0185546875 0.0126953125
1 0.6640625 0.130859375 0.0185546875 0.015625
0 0.69262566015625 0.112191013671875 0.6746203984375 0.13001198828125 0.659081513671875 0.138078962890625 0.619068287109375 0.139344876953125 0.597001763671875 0.16931216796875 0.61751301953125 0.208350126953125 0.643005263671875 0.228702927734375 0.695946318359375 0.2255484765625 0.726760568359375 0.21046988671875 0.738408703125 0.182369171875 0.7386377734375 0.141379380859375 0.72205343359375 0.116799974609375 0.69262566015625 0.112191013671875
1 0.5751953125 0.1005859375 0.044921875 0.0517578125
1 0.599609375 0.064453125 0.0263671875 0.0234375
1 0.64453125 0.0908203125 0.0126953125 0.009765625
1 0.5537109375 0.224609375 0.017578125 0.0126953125
1 0.568359375 0.212890625 0.0107421875 0.009765625
1 0.572265625 0.205078125 0.009765625 0.0078125
1 0.4375 0.1171875 0.0107421875 0.0126953125
1 0.5498046875 0.572265625 0.0205078125 0.009765625
1 0.400390625 0.841796875 0.0126953125 0.005859375
1 0.6318359375 0.9091796875 0.0185546875 0.0205078125
1 0.59152259375 0.307065611328125 0.54732258984375 0.26435682421875 0.503130123046875 0.23787208984375 0.478565357421875 0.230351201171875 0.4728386015625 0.260242603515625 0.451892240234375 0.28752644921875 0.41898148046875 0.328993056640625 0.44394862890625 0.37207257421875 0.45441653515625 0.385894775390625 0.479736328125 0.388653791015625 0.521054869140625 0.36836525390625 0.549955392578125 0.36098451953125 0.583889431640625 0.36098451953125 0.593234591796875 0.34708658984375 0.59152259375 0.307065611328125
1 0.4609375 0.263671875 0.015625 0.015625
1 0.525390625 0.4541015625 0.005859375 0.0078125
1 0.51918262109375 0.59352921875 0.502418298828125 0.58079472265625 0.485829796875 0.5794376328125 0.468753013671875 0.5923703046875 0.454862115234375 0.6287238984375 0.45164608984375 0.649691357421875 0.46326939453125 0.67779842578125 0.48113184765625 0.68912986328125 0.5066370078125 0.683482982421875 0.53968541015625 0.664644216796875 0.551908517578125 0.64669234765625 0.55514966015625 0.63861234765625 0.538330078125 0.611463759765625 0.51918262109375 0.59352921875
1 0.5107421875 0.5859375 0.0126953125 0.009765625
1 0.498046875 0.7724609375 0.017578125 0.009765625
0 0.462912326171875 0.750660083984375 0.428565056640625 0.72440592578125 0.40451268359375 0.7150354453125 0.36341869140625 0.72142379296875 0.346791810546875 0.739543546875 0.32648533984375 0.7672191484375 0.32037037109375 0.797685185546875 0.350288146484375 0.813822880859375 0.379867138671875 0.821204970703125 0.397867236328125 0.833017759765625 0.421122685546875 0.83834273828125 0.4426866328125 0.834344255859375 0.4630292734375 0.80822211328125 0.476617958984375 0.775306533203125 0.462912326171875 0.750660083984375
0 0.38740837109375 0.41170337890625 0.40437041796875 0.427532732421875 0.41703498828125 0.414121275390625 0.4198507421875 0.3888635703125 0.435472126953125 0.372516095703125 0.43828004296875 0.3603759765625 0.42603443359375 0.334234845703125 0.399916810546875 0.30512514453125 0.361571662109375 0.30496780859375 0.30491898046875 0.32262641015625 0.28904608984375 0.335938068359375 0.3053071953125 0.3687183515625 0.32408371875 0.39468587109375 0.34423225390625 0.408081958984375 0.367785494140625 0.40826370703125 0.38740837109375 0.41170337890625
0 0.720835744140625 0.29220694140625 0.6782678671875 0.279045953125 0.631591796875 0.29053638671875 0.609087154296875 0.331159802734375 0.5943769296875 0.352318658203125 0.597608025390625 0.400752314453125 0.624103310546875 0.4312778046875 0.650773412109375 0.442458541015625 0.69635537109375 0.4446320703125 0.75048376171875 0.421530263671875 0.776272244140625 0.397732205078125 0.783231759765625 0.36197125390625 0.763928072265625 0.31975301171875 0.720835744140625 0.29220694140625
0 0.682804060546875 0.71425600390625 0.644287109375 0.72537457421875 0.597675841796875 0.745863173828125 0.5891866796875 0.7690847890625 0.60059347265625 0.79329540234375 0.60455246875 0.818576388671875 0.6258243515625 0.822998046875 0.660404912109375 0.8176789453125 0.690827546875 0.80704413671875 0.730253244140625 0.79745596484375 0.736766673828125 0.77080620703125 0.7192699296875 0.728359646484375 0.682804060546875 0.71425600390625