0 0.900390625 0.5927734375 0.16015625 0.1484375
1 0.912109375 0.4091796875 0.015625 0.015625
1 0.9169921875 0.244140625 0.013671875 0.017578125
1 0.892578125 0.2236328125 0.021484375 0.025390625
1 0.935546875 0.255859375 0.01953125 0.01953125
1 0.9345703125 0.283203125 0.0078125 0.013671875
1 0.91796875 0.2685546875 0.015625 0.017578125
0 0.841393642578125 0.38849812109375 0.856294876953125 0.39300596484375 0.883845712890625 0.38226749609375 0.922585091796875 0.3505722109375 0.927938404296875 0.3234758671875 0.9181778125 0.278605900390625 0.90318551953125 0.263196333984375 0.87839702734375 0.228238734375 0.854594810546875 0.228442693359375 0.80840107421875 0.233286396484375 0.786915810546875 0.25213105859375 0.775284517578125 0.29950535546875 0.786583001953125 0.333563232421875 0.814666279296875 0.362639720703125 0.841393642578125 0.38849812109375
1 0.73046875 0.271484375 0.015625 0.021484375
1 0.7177734375 0.275390625 0.0078125 0.013671875
1 0.720703125 0.30859375 0.017578125 0.021484375
1 0.705078125 0.3046875 0.01953125 0.021484375
1 0.716796875 0.3408203125 0.015625 0.01171875
1 0.7294921875 0.3525390625 0.01171875 0.015625
1 0.7294921875 0.3681640625 0.0078125 0.01171875
1 0.7197265625 0.3740234375 0.01171875 0.01171875
1 0.884765625 0.412109375 0.01171875 0.015625
1 0.90234375 0.443359375 0.009765625 0.009765625
1 0.890625 0.43359375 0.0078125 0.01171875
1 0.8701171875 0.4462890625 0.01171875 0.015625
1 0.8544921875 0.4296875 0.013671875 0.017578125
1 0.9072265625 0.494140625 0.0078125 0.013671875
1 0.796875 0.552734375 0.01171875 0.01171875
1 0.7978515625 0.5400390625 0.01171875 0.01171875
1 0.829039072265625 0.50067319140625 0.8397654921875 0.50432126171875 0.862813513671875 0.48720755859375 0.864250533203125 0.487476751953125 0.8536577734375 0.466293126953125 0.84154178125 0.458246044921875 0.827366806640625 0.458576578125 0.821457720703125 0.46472183203125 0.818803267578125 0.48222941796875 0.829039072265625 0.50067319140625
1 0.810912796875 0.493110935546875 0.8197151875 0.46321171875 0.83860979296875 0.45840964453125 0.85317384375 0.44124403515625 0.85064328125 0.436246263671875 0.841914369140625 0.4281851171875 0.811242689453125 0.416132966796875 0.783575 0.4125970546875 0.78013434765625 0.414096884765625 0.777243462890625 0.43055962890625 0.782302505859375 0.458864541015625 0.787145751953125 0.484706080078125 0.770553470703125 0.5016919140625 0.773616720703125 0.528237150390625 0.78642833984375 0.52405503515625 0.810199310546875 0.502751814453125 0.810912796875 0.493110935546875
1 0.768613908203125 0.52467378515625 0.772456880859375 0.5027353125 0.787328453125 0.48402165234375 0.794419767578125 0.476077125 0.7920247109375 0.466421240234375 0.77764753125 0.45704512890625 0.766911439453125 0.448658142578125 0.75630722265625 0.450595892578125 0.742346798828125 0.473462333984375 0.751435287109375 0.511325234375 0.768613908203125 0.52467378515625
0 0.70971340625 0.665870560546875 0.738213431640625 0.713329671875 0.7477812265625 0.71259300390625 0.797413013671875 0.703272576171875 0.818326232421875 0.688270828125 0.822238470703125 0.6483640859375 0.81037744921875 0.604043908203125 0.7891587890625 0.571694005859375 0.747610912109375 0.55563413671875 0.715210173828125 0.541418869140625 0.705667931640625 0.5470609296875 0.681930044921875 0.60458592578125 0.6896677421875 0.63514170703125 0.70971340625 0.665870560546875
1 0.67578125 0.7138671875 0.015625 0.015625
1 0.619140625 0.6083984375 0.0078125 0.013671875
1 0.6865234375 0.4580078125 0.017578125 0.0234375
1 0.6787109375 0.498046875 0.021484375 0.01953125
1 0.65625 0.4541015625 0.0078125 0.01171875
1 0.623046875 0.458984375 0.01171875 0.01171875
1 0.6123046875 0.4560546875 0.0078125 0.0078125
1 0.6015625 0.462890625 0.0078125 0.013671875
1 0.603515625 0.482421875 0.005859375 0.009765625
1 0.5888671875 0.3994140625 0.01171875 0.015625
1 0.611328125 0.28515625 0.01953125 0.021484375
1 0.607421875 0.3037109375 0.01171875 0.015625
1 0.6787109375 0.2880859375 0.01171875 0.015625
1 0.669921875 0.3115234375 0.0078125 0.01171875
1 0.59375 0.33203125 0.0078125 0.01171875
1 0.5625 0.3447265625 0.0078125 0.01171875
1 0.5283203125 0.3681640625 0.017578125 0.017578125
0 0.668010158203125 0.318888365234375 0.6577131484375 0.287859287109375 0.641030654296875 0.270260841796875 0.63201530859375 0.28330439453125 0.616261283203125 0.302393232421875 0.603522759765625 0.325255939453125 0.610245814453125 0.36275225 0.616847228515625 0.389864478515625 0.644552294921875 0.406230587890625 0.67244787890625 0.425439537109375 0.672112013671875 0.4247968671875 0.716754505859375 0.39568858203125 0.7116819453125 0.368569841796875 0.707321818359375 0.33812410546875 0.701561525390625 0.31119977734375 0.687074580078125 0.287189125 0.67828329296875 0.29840858203125 0.668010158203125 0.318888365234375
1 0.416015625 0.4052734375 0.013671875 0.021484375
1 0.40625 0.4052734375 0.0078125 0.013671875
1 0.4189453125 0.44140625 0.009765625 0.015625
1 0.421875 0.33984375 0.01953125 0.021484375
0 0.434985248046875 0.383879326171875 0.401746408203125 0.3622529921875 0.404040845703125 0.377660009765625 0.419242369140625 0.398507529296875 0.4239410625 0.423545994140625 0.433672767578125 0.447549421875 0.4436604140625 0.48688890234375 0.478634548828125 0.487600716796875 0.4871232421875 0.477901875 0.516627251953125 0.45771789453125 0.530350970703125 0.4373402734375 0.53346724609375 0.39807509765625 0.507260697265625 0.3724120078125 0.479375380859375 0.355817478515625 0.470126802734375 0.355315263671875 0.4567836875 0.36783497265625 0.434985248046875 0.383879326171875
1 0.5966796875 0.6123046875 0.0078125 0.0078125
1 0.587890625 0.650390625 0.01171875 0.009765625
0 0.59526655859375 0.63407161328125 0.596382189453125 0.61942967578125 0.582021890625 0.603189302734375 0.5719222421875 0.58823390625 0.5417418984375 0.5790182890625 0.516489044921875 0.577156681640625 0.49881055078125 0.602340849609375 0.490935783203125 0.62492253125 0.492140837890625 0.6533982109375 0.506895533203125 0.69709191015625 0.528335056640625 0.721728962890625 0.55715438671875 0.7292337265625 0.557282421875 0.72980161328125 0.586050431640625 0.726407396484375 0.591293916015625 0.71832819921875 0.604335986328125 0.685394388671875 0.59933768359375 0.662652775390625 0.583993794921875 0.654451765625 0.59526655859375 0.63407161328125
1 0.5498046875 0.53125 0.015625 0.015625
1 0.5810546875 0.517578125 0.01171875 0.015625
1 0.5771484375 0.52734375 0.0078125 0.0078125
1 0.564453125 0.5263671875 0.0078125 0.009765625
1 0.5576171875 0.4931640625 0.015625 0.01953125
1 0.5078125 0.4931640625 0.0234375 0.0234375
1 0.6044921875 0.5087890625 0.013671875 0.017578125
1 0.6162109375 0.5126953125 0.013671875 0.017578125
1 0.72265625 0.4716796875 0.01171875 0.01171875
1 0.6396484375 0.4970703125 0.01171875 0.015625
1 0.49328383984375 0.508078134765625 0.49652271875 0.5361517734375 0.5167832890625 0.565013724609375 0.53689765625 0.582942740234375 0.5664544765625 0.563415693359375 0.574481232421875 0.553964796875 0.57034471484375 0.5476527265625 0.570967998046875 0.547777462890625 0.5446394375 0.538624888671875 0.523357001953125 0.527040537109375 0.503241150390625 0.509774955078125 0.49328383984375 0.508078134765625
1 0.517578125 0.5087890625 0.009765625 0.015625
1 0.451171875 0.5546875 0.01171875 0.01171875
1 0.458984375 0.5556640625 0.01171875 0.015625
1 0.429271681640625 0.63181394921875 0.441885814453125 0.640833373046875 0.451218384765625 0.628740125 0.445058447265625 0.580748265625 0.443825021484375 0.549216234375 0.454961525390625 0.524456771484375 0.46237327734375 0.513561982421875 0.459778619140625 0.498316796875 0.452934119140625 0.490763001953125 0.414390935546875 0.50457042578125 0.388876392578125 0.515080876953125 0.356714576171875 0.523099716796875 0.34435845703125 0.5285299765625 0.34359826953125 0.539755541015625 0.370268951171875 0.55814978125 0.379742890625 0.59026254296875 0.398673787109375 0.609472759765625 0.429271681640625 0.63181394921875
1 0.3369140625 0.548828125 0.03125 0.05078125
1 0.330078125 0.5703125 0.013671875 0.015625
1 0.3232421875 0.55859375 0.0078125 0.013671875
1 0.314453125 0.5654296875 0.009765625 0.017578125
1 0.3056640625 0.548828125 0.0078125 0.01171875
1 0.3408203125 0.5810546875 0.01953125 0.021484375
1 0.306640625 0.587890625 0.009765625 0.009765625
1 0.392578125 0.662109375 0.0078125 0.009765625
1 0.41796875 0.6455078125 0.005859375 0.0078125
1 0.4296875 0.6767578125 0.0078125 0.01171875
1 0.4169921875 0.67578125 0.0078125 0.013671875
1 0.455078125 0.7197265625 0.009765625 0.01171875
1 0.400390625 0.7080078125 0.017578125 0.0234375
1 0.30078125 0.7119140625 0.01171875 0.013671875
1 0.2958984375 0.7578125 0.0078125 0.0078125
0 0.306778232421875 0.714839947265625 0.291568462890625 0.713140138671875 0.281462099609375 0.712157099609375 0.274804326171875 0.716606009765625 0.2790953125 0.72960284765625 0.304073380859375 0.747728927734375 0.300152828125 0.767291462890625 0.2912003984375 0.7785274609375 0.301715064453125 0.81439641015625 0.325978943359375 0.8252441796875 0.352868779296875 0.819502193359375 0.3860998359375 0.786132109375 0.396638357421875 0.754869626953125 0.398601990234375 0.728018955078125 0.39415066796875 0.713403865234375 0.379926091796875 0.709114533203125 0.363195220703125 0.68184744921875 0.350005638671875 0.665158171875 0.328147455078125 0.668233646484375 0.312798267578125 0.68227431640625 0.306778232421875 0.714839947265625
1 0.251953125 0.740234375 0.01953125 0.025390625
1 0.20703125 0.5751953125 0.025390625 0.029296875
1 0.2314453125 0.6005859375 0.021484375 0.021484375
1 0.2822265625 0.5546875 0.009765625 0.015625
1 0.2216796875 0.474609375 0.013671875 0.015625
1 0.2158203125 0.4873046875 0.01171875 0.015625
1 0.31640625 0.4375 0.009765625 0.01171875
1 0.3369140625 0.41015625 0.01171875 0.015625
1 0.3427734375 0.41796875 0.01171875 0.01171875
1 0.3701171875 0.3974609375 0.013671875 0.015625
1 0.3818359375 0.3896484375 0.0078125 0.01171875
1 0.375 0.3603515625 0.0078125 0.01171875
1 0.33984375 0.365234375 0.0078125 0.013671875
1 0.8017578125 0.0361328125 0.193359375 0.072265625
1 0.37544078125 0.1422524375 0.35942875 0.148742193359375 0.351972521484375 0.158443748046875 0.367892302734375 0.2037992578125 0.390512015625 0.238575263671875 0.402575224609375 0.281912294921875 0.391388380859375 0.318519326171875 0.3813022578125 0.33541442578125 0.40121327734375 0.355570099609375 0.40991235546875 0.35340117578125 0.42408138671875 0.331265521484375 0.44034045703125 0.3410287421875 0.46368942578125 0.353176412109375 0.491298666015625 0.349338951171875 0.49706138671875 0.326503509765625 0.491118943359375 0.28445475390625 0.516030646484375 0.272246236328125 0.52309125390625 0.227711337890625 0.49648769140625 0.20568098828125 0.47387960546875 0.213386650390625 0.443441986328125 0.219229828125 0.41766116796875 0.190874830078125 0.4078689296875 0.150734412109375 0.379707240234375 0.141921791015625 0.37544078125 0.1422524375
1 0.3857421875 0.3173828125 0.0078125 0.013671875
1 0.498046875 0.291015625 0.015625 0.015625
1 0.4521484375 0.3525390625 0.01171875 0.015625
1 0.3056640625 0.388671875 0.015625 0.0234375
0 0.285535044921875 0.537834734375 0.316356017578125 0.531520103515625 0.3344364921875 0.525200095703125 0.353304408203125 0.502496544921875 0.35253773828125 0.49143855859375 0.330164578125 0.4759909375 0.31366476953125 0.453111625 0.302891791015625 0.419443970703125 0.289285416015625 0.405730765625 0.271053279296875 0.41066380859375 0.242334998046875 0.418089154296875 0.221250841796875 0.423114083984375 0.223426412109375 0.458476962890625 0.230473767578125 0.491134119140625 0.261665880859375 0.521373642578125 0.285535044921875 0.537834734375
1 0.1767578125 0.4658203125 0.017578125 0.017578125
1 0.1572265625 0.4912109375 0.013671875 0.015625
1 0.146484375 0.4658203125 0.0078125 0.013671875
1 0.1318359375 0.484375 0.017578125 0.021484375
1 0.1298828125 0.521484375 0.017578125 0.0234375
1 0.0244140625 0.4501953125 0.01171875 0.015625
0 0.10391196875 0.466703705078125 0.080437328125 0.449834646484375 0.058544658203125 0.43637023046875 0.050389853515625 0.4279081171875 0.050989794921875 0.428651095703125 0.03118721875 0.451623919921875 0.0207656953125 0.46444530859375 0.012727486328125 0.484299603515625 0.016052169921875 0.5043401875 0.028709880859375 0.53968337890625 0.0449211796875 0.550239240234375 0.0768493359375 0.55944747265625 0.1045911328125 0.542520958984375 0.111516849609375 0.514382927734375 0.10958855859375 0.485643271484375 0.10391196875 0.466703705078125
1 0.0673828125 0.6123046875 0.041015625 0.0546875
1 0.0849609375 0.609375 0.0078125 0.01171875
1 0.0859375 0.6474609375 0.017578125 0.01953125
1 0.072265625 0.6494140625 0.01953125 0.01953125
1 0.0380859375 0.6337890625 0.009765625 0.01171875
1 0.1240234375 0.6279296875 0.015625 0.015625
1 0.16796875 0.6103515625 0.09375 0.12109375
1 0.11328125 0.701171875 0.03125 0.03125
1 0.048828125 0.6787109375 0.056640625 0.08984375
1 0.0517578125 0.73046875 0.013671875 0.015625
0 0.21742638671875 0.75129818359375 0.18614176171875 0.722852345703125 0.16528364453125 0.71299532421875 0.13899046875 0.703759283203125 0.121930361328125 0.7203140078125 0.114845453125 0.7543451328125 0.115042884765625 0.78276460546875 0.125691013671875 0.80463128515625 0.151492009765625 0.826124494140625 0.169001396484375 0.834311689453125 0.20461096484375 0.8254404765625 0.216125259765625 0.799304083984375 0.219180625 0.773596205078125 0.21742638671875 0.75129818359375
1 0.09394169140625 0.892917970703125 0.111506578125 0.901196943359375 0.13796187109375 0.875257634765625 0.1655145625 0.842945904296875 0.16568220703125 0.843334853515625 0.168616208984375 0.831900900390625 0.161012361328125 0.827660669921875 0.1423298984375 0.81797980078125 0.12061396875 0.795537447265625 0.1039153046875 0.776918890625 0.09435035546875 0.780402314453125 0.080710271484375 0.78993304296875 0.06959690234375 0.8140114296875 0.07601680859375 0.857047001953125 0.09394169140625 0.892917970703125