0 0.4423828125 0.9482421875 0.150390625 0.103515625
1 0.2275390625 0.990234375 0.017578125 0.013671875
1 0.107421875 0.9951171875 0.03125 0.009765625
1 0.013671875 0.1728515625 0.02734375 0.033203125
1 0.068359375 0.669921875 0.037109375 0.03125
0 0.3984375 0.7822265625 0.185546875 0.11328125
1 0.41015625 0.7080078125 0.015625 0.01171875
1 0.3173828125 0.6904296875 0.01953125 0.013671875
1 0.3408203125 0.6845703125 0.01953125 0.01953125
1 0.517578125 0.6904296875 0.02734375 0.015625
0 0.3984375 0.5673828125 0.1953125 0.123046875
0 0.376953125 0.357421875 0.146484375 0.140625
1 0.4619140625 0.3056640625 0.02734375 0.021484375
0 0.3310546875 0.1533203125 0.162109375 0.162109375
1 0.37109375 0.0546875 0.013671875 0.01171875
1 0.45703125 0.0302734375 0.013671875 0.009765625
1 0.455078125 0.015625 0.01171875 0.01171875
1 0.4921875 0.0341796875 0.01171875 0.013671875
1 0.4638671875 0.072265625 0.017578125 0.013671875
1 0.4765625 0.1025390625 0.01953125 0.017578125
1 0.4765625 0.134765625 0.0234375 0.017578125
1 0.4814453125 0.1591796875 0.03125 0.02734375
1 0.4921875 0.1787109375 0.013671875 0.01171875
1 0.5009765625 0.19140625 0.009765625 0.009765625
0 0.6083984375 0.109375 0.126953125 0.12890625
1 0.48828125 0.2353515625 0.01171875 0.025390625
0 0.6484375 0.3095703125 0.1875 0.15234375
1 0.544921875 0.388671875 0.017578125 0.013671875
1 0.5244140625 0.3994140625 0.017578125 0.015625
1 0.5068359375 0.396484375 0.01953125 0.017578125
1 0.5224609375 0.447265625 0.013671875 0.01171875
1 0.513671875 0.46484375 0.013671875 0.013671875
1 0.541015625 0.54296875 0.017578125 0.013671875
0 0.6826171875 0.5283203125 0.1484375 0.10546875
1 0.76953125 0.6025390625 0.015625 0.0078125
1 0.5439453125 0.615234375 0.01953125 0.013671875
0 0.703125 0.7314453125 0.142578125 0.091796875
1 0.7080078125 0.6572265625 0.08984375 0.07421875
0 0.720703125 0.91796875 0.1484375 0.13671875
1 0.7978515625 0.89453125 0.029296875 0.033203125