1 0.4697265625 0.9951171875 0.013671875 0.009765625
1 0.4580078125 0.8955078125 0.0185546875 0.0126953125
1 0.474609375 0.908203125 0.0107421875 0.009765625
0 0.2998046875 0.802734375 0.146484375 0.1455078125
1 0.361328125 0.625 0.0126953125 0.0107421875
1 0.4453125 0.810546875 0.0078125 0.0048828125
1 0.435546875 0.5615234375 0.021484375 0.015625
1 0.46875 0.607421875 0.0107421875 0.0126953125
1 0.4521484375 0.607421875 0.0126953125 0.005859375
0 0.3037109375 0.5625 0.109375 0.0908203125
1 0.431640625 0.478515625 0.015625 0.015625
0 0.267578125 0.3623046875 0.134765625 0.1279296875
1 0.35546875 0.3525390625 0.0498046875 0.052734375
1 0.349609375 0.2568359375 0.0126953125 0.009765625
0 0.2734375 0.12890625 0.173828125 0.1220703125
0 0.5966796875 0.091796875 0.1591796875 0.130859375
1 0.666015625 0.060546875 0.009765625 0.0126953125
1 0.5634765625 0.0283203125 0.015625 0.013671875
1 0.4853515625 0.068359375 0.0107421875 0.0078125
1 0.482421875 0.0478515625 0.009765625 0.0078125
1 0.50390625 0.130859375 0.0078125 0.0029296875
1 0.478515625 0.173828125 0.005859375 0.005859375
1 0.474609375 0.2041015625 0.0078125 0.005859375
1 0.5693359375 0.1875 0.0078125 0.009765625
1 0.5947265625 0.2109375 0.013671875 0.009765625
1 0.5830078125 0.216796875 0.009765625 0.009765625
1 0.560546875 0.224609375 0.0185546875 0.0126953125
1 0.525390625 0.2333984375 0.009765625 0.005859375
1 0.51953125 0.255859375 0.005859375 0.005859375
1 0.58984375 0.251953125 0.037109375 0.0185546875
0 0.6474609375 0.322265625 0.1748046875 0.1220703125
1 0.623046875 0.3896484375 0.025390625 0.0205078125
1 0.6142578125 0.408203125 0.0126953125 0.0078125
1 0.59765625 0.4111328125 0.0126953125 0.015625
1 0.578125 0.4072265625 0.0205078125 0.0185546875
1 0.5625 0.419921875 0.015625 0.021484375
1 0.515625 0.380859375 0.0107421875 0.0048828125
1 0.4970703125 0.388671875 0.0126953125 0.0078125
1 0.4755859375 0.33203125 0.0439453125 0.0283203125
1 0.6015625 0.470703125 0.025390625 0.0185546875
1 0.5859375 0.4658203125 0.009765625 0.0107421875
1 0.548828125 0.439453125 0.009765625 0.005859375
1 0.4931640625 0.4677734375 0.0498046875 0.056640625
1 0.6103515625 0.5068359375 0.0107421875 0.0078125
1 0.62109375 0.50390625 0.0126953125 0.015625
1 0.6162109375 0.642578125 0.0185546875 0.013671875
1 0.6181640625 0.662109375 0.0126953125 0.009765625
1 0.595703125 0.658203125 0.03125 0.0185546875
1 0.6044921875 0.638671875 0.021484375 0.015625
1 0.5556640625 0.638671875 0.009765625 0.0048828125
1 0.552734375 0.6494140625 0.005859375 0.005859375
1 0.5166015625 0.671875 0.005859375 0.0048828125
1 0.5185546875 0.68359375 0.005859375 0.005859375
1 0.49609375 0.681640625 0.009765625 0.005859375
1 0.5810546875 0.7119140625 0.015625 0.009765625
1 0.623046875 0.701171875 0.009765625 0.009765625
1 0.544921875 0.69921875 0.0107421875 0.005859375
0 0.62109375 0.7900390625 0.1748046875 0.1279296875
1 0.599609375 0.8916015625 0.017578125 0.015625
1 0.58984375 0.876953125 0.021484375 0.009765625
1 0.634765625 0.8818359375 0.0126953125 0.009765625
1 0.6279296875 0.861328125 0.0126953125 0.0107421875
1 0.6455078125 0.859375 0.0126953125 0.0126953125
1 0.5966796875 0.912109375 0.0107421875 0.009765625
0 0.63671875 0.96484375 0.0986328125 0.0703125
1 0.59375 0.9267578125 0.009765625 0.009765625
1 0.525390625 0.931640625 0.005859375 0.005859375
1 0.5146484375 0.9306640625 0.005859375 0.0078125
1 0.525390625 0.9189453125 0.009765625 0.009765625
1 0.509765625 0.8759765625 0.0126953125 0.0185546875
1 0.515625 0.9931640625 0.009765625 0.009765625
1 0.486328125 0.9130859375 0.009765625 0.005859375
0 0.3662109375 0.9736328125 0.1123046875 0.052734375
0 0.6748046875 0.560546875 0.1533203125 0.091796875
1 0.55078125 0.5986328125 0.1064453125 0.1171875