1 0.9814453125 0.341796875 0.009765625 0.013671875
1 0.869140625 0.314453125 0.0107421875 0.015625
1 1 0.354938271484375 0.9617151328125 0.37580949609375 0.93397481640625 0.40259693359375 0.936542814453125 0.435701884765625 0.970365978515625 0.442370755859375 1 0.424008970703125 1 0.356018173828125 1 0.354938271484375
0 0.9605616015625 0.30067446484375 0.877425904296875 0.313524787109375 0.85232721484375 0.36301256640625 0.847480572265625 0.412872369140625 0.8917294453125 0.436657779296875 0.92488606640625 0.443938078125 0.935279482421875 0.41196814453125 0.958308791015625 0.38119523046875 0.9605616015625 0.30067446484375
1 0.8046875 0.3974609375 0.0185546875 0.03125
1 0.89453125 0.494140625 0.041015625 0.03125
1 0.92578125 0.521484375 0.015625 0.0126953125
1 0.833984375 0.494140625 0.0185546875 0.017578125
0 1 0.57177131640625 0.97802734375 0.53286382421875 0.95434312109375 0.53177358984375 0.89350430859375 0.547507095703125 0.88657019921875 0.561704283203125 0.9053108984375 0.59353470703125 0.92924572265625 0.620380705078125 0.94179894140625 0.69620811328125 0.974056505859375 0.666394537109375 1 0.60945594921875 1 0.57177131640625
1 0.7663948828125 0.49731660546875 0.74967189453125 0.51431775 0.74949880078125 0.538991884765625 0.75954602734375 0.5951812578125 0.77875433984375 0.62686528515625 0.79473973828125 0.677264177734375 0.828413060546875 0.75643635546875 0.866752181640625 0.764288470703125 0.893664486328125 0.742800650390625 0.912290220703125 0.702723697265625 0.9332217265625 0.64256951171875 0.928150318359375 0.62355151953125 0.9176755234375 0.591908826171875 0.89041702734375 0.58724302734375 0.84464905859375 0.58377597265625 0.836843015625 0.51239734765625 0.80669487890625 0.50070443359375 0.7663948828125 0.49731660546875
1 0.72265625 0.546875 0.0498046875 0.0419921875
0 0.72288359765625 0.57054673828125 0.678657974609375 0.638477251953125 0.669949001953125 0.66402288671875 0.69834940234375 0.70980937109375 0.75245044921875 0.72038966015625 0.770820416015625 0.720568783203125 0.773960658203125 0.65621383203125 0.776071376953125 0.61292644921875 0.72288359765625 0.57054673828125
1 0.640625 0.671875 0.025390625 0.0283203125
0 0.541015625 0.69140625 0.1123046875 0.1435546875
1 0.474609375 0.685546875 0.009765625 0.0126953125
1 0.46875 0.669921875 0.009765625 0.015625
1 0.662109375 0.53515625 0.0185546875 0.0126953125
1 0.7109375 0.5078125 0.0126953125 0.021484375
1 0.646484375 0.4423828125 0.0283203125 0.0341796875
1 0.642578125 0.4150390625 0.0126953125 0.013671875
1 0.759548611328125 0.359280271484375 0.75881360546875 0.398110255859375 0.736302291015625 0.413864431640625 0.76049287890625 0.46068776171875 0.77079070703125 0.4472466796875 0.78763382421875 0.410354318359375 0.78791930078125 0.37896480859375 0.759548611328125 0.359280271484375
0 0.7594878984375 0.37056671484375 0.763401900390625 0.3397421328125 0.759941302734375 0.319034529296875 0.759920634765625 0.319223986328125 0.67834020703125 0.32896894140625 0.6631350234375 0.383661609375 0.660264755859375 0.418828193359375 0.693914826171875 0.453913828125 0.72384466015625 0.453137056640625 0.735540158203125 0.443137193359375 0.74637793359375 0.40278466796875 0.7594878984375 0.37056671484375
1 0.60546875 0.4111328125 0.013671875 0.015625
1 0.638671875 0.3857421875 0.0107421875 0.0107421875
1 0.6044921875 0.373046875 0.009765625 0.017578125
1 0.5810546875 0.505859375 0.037109375 0.046875
1 0.560546875 0.556640625 0.044921875 0.037109375
1 0.517578125 0.5078125 0.0654296875 0.09375
1 0.4443359375 0.560546875 0.0673828125 0.1015625
1 0.6123046875 0.541015625 0.0126953125 0.0126953125
1 0.66796875 0.4814453125 0.005859375 0.0126953125
1 0.6767578125 0.5810546875 0.009765625 0.009765625
1 0.390625 0.650390625 0.0263671875 0.052734375
0 0.398849568359375 0.68338879296875 0.36588670703125 0.64374758984375 0.339138455078125 0.63151041796875 0.298470310546875 0.653688892578125 0.270980591796875 0.707373994140625 0.27261336328125 0.751005841796875 0.31539093359375 0.78553171875 0.34647430078125 0.78981516015625 0.3894572578125 0.76148451171875 0.4021525703125 0.7132247578125 0.398849568359375 0.68338879296875
1 0.2685546875 0.6455078125 0.0078125 0.009765625
1 0.3896484375 0.5595703125 0.005859375 0.009765625
1 0.376953125 0.5625 0.021484375 0.041015625
1 0.40234375 0.458984375 0.0283203125 0.017578125
1 0.4296875 0.470703125 0.009765625 0.009765625
1 0.423828125 0.43359375 0.009765625 0.0126953125
1 0.4599609375 0.396484375 0.0107421875 0.009765625
1 0.4345703125 0.4072265625 0.0078125 0.0126953125
1 0.3984375 0.4208984375 0.009765625 0.013671875
1 0.388671875 0.4140625 0.0048828125 0.015625
1 0.3740234375 0.439453125 0.0126953125 0.015625
1 0.3681640625 0.4130859375 0.021484375 0.03125
1 0.25 0.5166015625 0.009765625 0.0126953125
1 0.3193359375 0.572265625 0.015625 0.009765625
1 0.3017578125 0.5693359375 0.009765625 0.015625
1 0.2822265625 0.583984375 0.0078125 0.0126953125
1 0.3095703125 0.5361328125 0.013671875 0.015625
1 0.2880859375 0.5390625 0.0107421875 0.013671875
1 0.26171875 0.4443359375 0.009765625 0.013671875
1 0.265625 0.396484375 0.0078125 0.015625
1 0.2626953125 0.3671875 0.0078125 0.0126953125
1 0.349609375 0.3759765625 0.009765625 0.0205078125
1 0.224609375 0.439453125 0.009765625 0.015625
1 0.220703125 0.4677734375 0.0107421875 0.025390625
1 0.212890625 0.435546875 0.009765625 0.025390625
1 0.1845703125 0.400390625 0.013671875 0.015625
1 0.177734375 0.4228515625 0.009765625 0.015625
1 0.208984375 0.5068359375 0.0439453125 0.041015625
1 0.1669921875 0.513671875 0.021484375 0.0341796875
1 0.158203125 0.560546875 0.0185546875 0.025390625
1 0.17318225 0.57461833203125 0.197983837890625 0.579289296875 0.223617310546875 0.557753251953125 0.178240740234375 0.521164021484375 0.165988498046875 0.55068480078125 0.17318225 0.57461833203125
1 0.151960099609375 0.608593060546875 0.172948443359375 0.6403959296875 0.17801855859375 0.657770818359375 0.18849335546875 0.667173033203125 0.195003771484375 0.6444296328125 0.21779798046875 0.621372767578125 0.22880239453125 0.58964223828125 0.224761798828125 0.556098697265625 0.207533740234375 0.566826498046875 0.18957842578125 0.57563623046875 0.164783294921875 0.56850749609375 0.145651197265625 0.57946841796875 0.151960099609375 0.608593060546875
0 0.123046875 0.7138671875 0.1064453125 0.1484375
1 0.181640625 0.71875 0.013671875 0.017578125
1 0.021484375 0.6484375 0.041015625 0.0732421875
1 0.04784898046875 0.63472945703125 0.059178912109375 0.628880416015625 0.06679894140625 0.60141093359375 0.064728267578125 0.58587205078125 0.04149098828125 0.58881723828125 0.017269396484375 0.589061810546875 0.000117548828125 0.576640349609375 0.00276821875 0.5981936171875 0.03146959765625 0.617053158203125 0.04784898046875 0.63472945703125
1 0 0.534231357421875 0.0223369296875 0.59462666796875 0.05679951171875 0.5956996796875 0.0807730859375 0.63514626171875 0.079654431640625 0.63201850390625 0.084603123046875 0.618234677734375 0.10466140625 0.5517767578125 0.10534344921875 0.53167197265625 0.08056253125 0.52339444140625 0.05818555859375 0.502006517578125 0 0.534231357421875
1 0.111328125 0.58984375 0.015625 0.0126953125
1 0.044921875 0.4912109375 0.0126953125 0.025390625
1 0.029296875 0.4560546875 0.0205078125 0.0283203125
1 0.0087890625 0.4990234375 0.017578125 0.0263671875
1 0.005859375 0.447265625 0.01171875 0.03125
1 0.029296875 0.4345703125 0.015625 0.0107421875
1 0.0595703125 0.42578125 0.009765625 0.0126953125
1 0.0859375 0.400390625 0.009765625 0.0185546875
1 0.099609375 0.408203125 0.0126953125 0.0107421875
0 0.16129557421875 0.46952160546875 0.16442160546875 0.44969755859375 0.15592448046875 0.44375034375 0.14741443359375 0.41348551953125 0.127059048828125 0.382609263671875 0.10099025390625 0.41657710546875 0.078139208984375 0.40435887890625 0.06190062890625 0.42518187890625 0.067575283203125 0.481602044921875 0.08190207421875 0.517881255859375 0.10887509375 0.5036771796875 0.12709780078125 0.50235270703125 0.16129557421875 0.46952160546875
1 0.193359375 0.369140625 0.0126953125 0.015625
0 0.34876586328125 0.398554619140625 0.341690951171875 0.365577119140625 0.318502759765625 0.35816764453125 0.2944749296875 0.36585613671875 0.27365322265625 0.407614087890625 0.2684423046875 0.453031994140625 0.269996279296875 0.483303708984375 0.3156286171875 0.501968626953125 0.355234943359375 0.503797744140625 0.36196883203125 0.463004298828125 0.358488859375 0.430321318359375 0.34876586328125 0.398554619140625
0 0.540537677734375 0.421781994140625 0.547982029296875 0.400683421875 0.55663933203125 0.371379658203125 0.55025292578125 0.349456087890625 0.5238095234375 0.31613756640625 0.487643126953125 0.35297998046875 0.467059099609375 0.366672521484375 0.444924974609375 0.3718446875 0.47771732421875 0.398657958984375 0.465744099609375 0.43809592578125 0.479825458984375 0.456874517578125 0.51170583203125 0.46611138671875 0.540537677734375 0.421781994140625
1 0.5576171875 0.419921875 0.0341796875 0.041015625
1 0.55168030859375 0.4019493359375 0.585543517578125 0.380809427734375 0.6069633046875 0.36361710546875 0.63130115234375 0.368772044921875 0.646393953125 0.34990044921875 0.64415793359375 0.30029038671875 0.595061125 0.24131427734375 0.52921937109375 0.2128871796875 0.48821537109375 0.19012311328125 0.440697080078125 0.21626467578125 0.42724351171875 0.273962810546875 0.449407345703125 0.320302166015625 0.468246216796875 0.367480296875 0.5098108359375 0.3232456328125 0.534156435546875 0.346517787109375 0.554425275390625 0.35891858203125 0.55168030859375 0.4019493359375
1 0.298828125 0.2392578125 0.083984375 0.119140625