0 0.189453125 0.3837890625 0.150390625 0.197265625
1 0.259765625 0.5146484375 0.07421875 0.11328125
1 0.0556640625 0.662109375 0.015625 0.017578125
1 0.08984375 0.6650390625 0.01171875 0.01171875
1 0.14453125 0.7880859375 0.029296875 0.033203125
0 0.16015625 0.65234375 0.138671875 0.173828125
1 0.2421875 0.73046875 0.01171875 0.015625
1 0.28125 0.6982421875 0.013671875 0.01953125
1 0.2939453125 0.6923828125 0.013671875 0.017578125
1 0.3095703125 0.6865234375 0.01171875 0.013671875
1 0.27734375 0.662109375 0.01171875 0.013671875
1 0.3212890625 0.6826171875 0.01171875 0.013671875
1 0.36328125 0.6484375 0.025390625 0.03125
0 0.3610585703125 0.71826405078125 0.38378280078125 0.7185673515625 0.406252205078125 0.70723808203125 0.417138927734375 0.6841879375 0.41801396484375 0.656516244140625 0.407961404296875 0.633481154296875 0.39129915625 0.624883998046875 0.382551017578125 0.626116318359375 0.371776681640625 0.636196556640625 0.36445154296875 0.65284442578125 0.343905732421875 0.672237470703125 0.3516154375 0.699360193359375 0.3610585703125 0.71826405078125
1 0.5537109375 0.564453125 0.009765625 0.01171875
1 0.525390625 0.681640625 0.0234375 0.0234375
1 0.5478515625 0.70703125 0.01171875 0.015625
1 0.55859375 0.7138671875 0.01171875 0.013671875
0 0.4208984375 0.40234375 0.1328125 0.193359375
1 0.345703125 0.404296875 0.009765625 0.013671875
1 0.494140625 0.3876953125 0.017578125 0.02734375
1 0.52734375 0.4345703125 0.01171875 0.01171875
1 0.544921875 0.5400390625 0.103515625 0.15234375
0 0.6337890625 0.42578125 0.05859375 0.111328125
1 0.642578125 0.541015625 0.115234375 0.125
0 0.6717428125 0.71771237109375 0.678275048828125 0.687018681640625 0.6771420234375 0.645282240234375 0.6704213828125 0.618197900390625 0.64531702734375 0.60676703515625 0.602959177734375 0.584146369140625 0.5986894609375 0.587612146484375 0.5689197421875 0.60829337890625 0.547958658203125 0.646109640625 0.549022705078125 0.672915740234375 0.5598251796875 0.6980938203125 0.572360291015625 0.733918134765625 0.584137123046875 0.751375048828125 0.613208599609375 0.75820846875 0.644826283203125 0.7391806015625 0.6717428125 0.71771237109375
1 0.7861328125 0.5966796875 0.064453125 0.0859375
0 0.8193359375 0.724609375 0.14453125 0.173828125
1 0.890625 0.7392578125 0.01953125 0.0234375
1 0.7431640625 0.55859375 0.01171875 0.013671875
1 0.7177734375 0.546875 0.01171875 0.015625
1 0.7841796875 0.5400390625 0.0078125 0.013671875
1 0.8447265625 0.5673828125 0.009765625 0.009765625
1 0.82421875 0.5712890625 0.013671875 0.01171875
1 0.86328125 0.5712890625 0.009765625 0.015625
1 0.876953125 0.572265625 0.0078125 0.013671875
1 0.953125 0.5830078125 0.013671875 0.01953125
1 0.9580078125 0.564453125 0.01171875 0.01953125
1 0.9716796875 0.576171875 0.009765625 0.009765625
1 0.943359375 0.5732421875 0.0078125 0.013671875
1 0.9345703125 0.484375 0.015625 0.0234375
0 0.9775390625 0.4658203125 0.044921875 0.044921875
0 0.8232421875 0.4140625 0.080078125 0.0859375
0 0.9443359375 0.751953125 0.078125 0.154296875
1 0.912109375 0.6904296875 0.01171875 0.013671875
1 0.953125 0.609375 0.009765625 0.009765625
1 0.0322265625 0.5185546875 0.015625 0.0234375