0 0.435546875 0.337890625 0.142578125 0.158203125
1 0.59765625 0.349609375 0.02734375 0.044921875
0 0.673828125 0.3515625 0.150390625 0.2109375
1 0.6220703125 0.4794921875 0.0390625 0.05078125
1 0.7392578125 0.5283203125 0.01953125 0.02734375
1 0.5986328125 0.6279296875 0.0625 0.07421875
1 0.8603515625 0.59765625 0.017578125 0.021484375
0 0.8984375 0.3037109375 0.193359375 0.20703125
1 0.947265625 0.509765625 0.017578125 0.021484375
0 0.931640625 0.64453125 0.13671875 0.2421875
1 0.4248046875 0.591796875 0.01171875 0.01953125
1 0.35546875 0.6318359375 0.0078125 0.013671875
0 0.2333984375 0.642578125 0.16796875 0.158203125
1 0.146484375 0.65234375 0.0078125 0.013671875
0 0.044921875 0.6474609375 0.0859375 0.1875
1 0.08984375 0.6123046875 0.01171875 0.013671875
1 0.0458984375 0.8583984375 0.02734375 0.03515625
1 0.9375 0.4658203125 0.125 0.146484375
1 0.52734375 0.5087890625 0.017578125 0.0234375
1 0.6748046875 0.5068359375 0.0078125 0.013671875
1 0.646484375 0.6328125 0.017578125 0.015625
0 0.65899819921875 0.57387446484375 0.64206458984375 0.587107939453125 0.655099328125 0.614783994140625 0.65452903125 0.6423656875 0.636334412109375 0.64278953125 0.616702638671875 0.664577693359375 0.616167373046875 0.66544330078125 0.637013873046875 0.716635375 0.674712041015625 0.75017959765625 0.7194795390625 0.76041940234375 0.735964740234375 0.74573502734375 0.745721208984375 0.679262064453125 0.7525540546875 0.6424393671875 0.744366798828125 0.607158396484375 0.69551744140625 0.57444909375 0.65899819921875 0.57387446484375
0 0.4600307578125 0.566609111328125 0.44246314453125 0.57992561328125 0.427130859375 0.602333548828125 0.400775005859375 0.588057794921875 0.37604658984375 0.591229580078125 0.369653787109375 0.65165280859375 0.385139046875 0.721681859375 0.44218505078125 0.75920574609375 0.50591880859375 0.744050787109375 0.535405484375 0.71790094140625 0.54042425 0.658147330078125 0.528768826171875 0.595239763671875 0.494722791015625 0.56918399609375 0.4600307578125 0.566609111328125
0 0.244761212890625 0.38900478125 0.261244984375 0.38861174609375 0.261642333984375 0.34291471875 0.23908005078125 0.274122787109375 0.17586259375 0.25911076171875 0.129720603515625 0.280220787109375 0.128867751953125 0.335928970703125 0.13853369140625 0.39923055078125 0.1784585859375 0.42662767578125 0.21193121875 0.4270133671875 0.220254173828125 0.3891226015625 0.244761212890625 0.38900478125
1 0.286161857421875 0.392620990234375 0.22320403125 0.387789392578125 0.222378220703125 0.3891365390625 0.208832744140625 0.4412331015625 0.195885802734375 0.496090146484375 0.2005619921875 0.5299433984375 0.256607150390625 0.565841609375 0.281958384765625 0.561315205078125 0.323721814453125 0.543950875 0.34854928125 0.479455779296875 0.344457783203125 0.4117301171875 0.32577058203125 0.398953939453125 0.286161857421875 0.392620990234375
0 0 0.424380056640625 0.044063216796875 0.41785859375 0.06321748046875 0.397788248046875 0.058932888671875 0.385883005859375 0.04713507421875 0.374857876953125 0.0339270703125 0.3561765703125 0.0237444765625 0.337221150390625 0.022696896484375 0.33729847265625 0 0.341675037109375 0 0.424380056640625
1 0.048828125 0.3662109375 0.015625 0.017578125