1 0.94496889453125 0.48231164453125 0.942146421875 0.45034515625 0.928571427734375 0.42372133984375 0.915823154296875 0.416921572265625 0.90331773046875 0.4265063515625 0.88906844140625 0.448913896484375 0.88225833984375 0.49613853125 0.90053530078125 0.51023754296875 0.938461060546875 0.501443314453125 0.94496889453125 0.48231164453125
0 0.919629939453125 0.430488384765625 0.95424236328125 0.432632689453125 0.964159123046875 0.386741140625 0.95494119921875 0.344302869140625 0.93185247265625 0.28943969140625 0.92982442578125 0.2865272265625 0.93001301953125 0.285769400390625 0.87217365234375 0.31096540234375 0.84230969921875 0.33512628125 0.81002242578125 0.384397044921875 0.801015056640625 0.433333677734375 0.83283859375 0.484817638671875 0.86099873046875 0.485284392578125 0.89214022265625 0.4540826171875 0.919629939453125 0.430488384765625
0 0.875 0.7001953125 0.1376953125 0.177734375
0 0.609375 0.7021484375 0.146484375 0.21875
1 0.759765625 0.544921875 0.021484375 0.0234375
1 0.814453125 0.5419921875 0.0283203125 0.021484375
1 0.6953125 0.52734375 0.076171875 0.076171875
1 0.705078125 0.625 0.015625 0.017578125
0 0.6474609375 0.390625 0.125 0.166015625
1 0.486328125 0.5439453125 0.0498046875 0.072265625
1 0.521484375 0.580078125 0.021484375 0.025390625
1 0.5107421875 0.7060546875 0.0126953125 0.025390625
1 0.451171875 0.67578125 0.037109375 0.052734375
1 0.48828125 0.7255859375 0.013671875 0.0126953125
1 0.306640625 0.724609375 0.013671875 0.021484375
1 0.29296875 0.70703125 0.0126953125 0.017578125
0 0.38062815234375 0.79864211328125 0.42094106640625 0.787224771484375 0.451302341796875 0.745012125 0.455195673828125 0.713030134765625 0.439311033203125 0.6844239140625 0.451794498046875 0.628661677734375 0.44808201171875 0.61155202734375 0.418243892578125 0.61377555859375 0.38719928125 0.627655837890625 0.348010189453125 0.648310046875 0.3225433515625 0.672966958984375 0.314989201171875 0.697215677734375 0.330655537109375 0.74788153125 0.35313068359375 0.783814552734375 0.38062815234375 0.79864211328125
1 0.33984375 0.5302734375 0.037109375 0.0419921875
0 0.419921875 0.4111328125 0.142578125 0.193359375
0 0.189453125 0.390625 0.140625 0.208984375
1 0.05078125 0.564453125 0.09375 0.1064453125
1 0.2197265625 0.5830078125 0.015625 0.0185546875
1 0.212890625 0.564453125 0.015625 0.0234375
1 0.15625 0.5625 0.025390625 0.0283203125
0 0.22166676953125 0.782300623046875 0.226983611328125 0.74057883984375 0.21772951953125 0.701133984375 0.19947968359375 0.682129767578125 0.17095656640625 0.6763375625 0.140489365234375 0.677515638671875 0.103612505859375 0.666999076171875 0.085600353515625 0.66405388671875 0.0856481484375 0.66358024609375 0.060904689453125 0.714550953125 0.057396298828125 0.74872030859375 0.068051939453125 0.807105654296875 0.089097119140625 0.83459063671875 0.11646412109375 0.864123470703125 0.171154205078125 0.86301945703125 0.19509677734375 0.83989886328125 0.22166676953125 0.782300623046875
1 0.03125 0.7060546875 0.015625 0.0205078125
1 0.4775390625 0.6923828125 0.009765625 0.015625