0 0.337890625 0.9326171875 0.16015625 0.123046875
1 0.466796875 0.9521484375 0.025390625 0.04296875
0 0.630859375 0.95703125 0.1328125 0.0859375
1 0.72265625 0.92578125 0.03515625 0.025390625
1 0.4521484375 0.775390625 0.015625 0.013671875
1 0.4775390625 0.86328125 0.005859375 0.009765625
1 0.486328125 0.83203125 0.01171875 0.021484375
1 0.5263671875 0.841796875 0.013671875 0.013671875
1 0.5087890625 0.794921875 0.013671875 0.0078125
1 0.486328125 0.7861328125 0.017578125 0.01953125
1 0.474573955078125 0.782549990234375 0.46833673046875 0.768114896484375 0.463009369140625 0.773679505859375 0.453991556640625 0.795569234375 0.452822201171875 0.8304567265625 0.453842703125 0.862701005859375 0.457684076171875 0.869468740234375 0.466570369140625 0.8668296953125 0.46722812109375 0.86689472265625 0.47817453125 0.843263537109375 0.485766017578125 0.830519681640625 0.51186010546875 0.834982982421875 0.52784684375 0.835073896484375 0.53228600390625 0.824927708984375 0.53260664453125 0.805098349609375 0.520386169921875 0.799869365234375 0.4848759921875 0.796824265625 0.474573955078125 0.782549990234375
1 0.482421875 0.7255859375 0.013671875 0.013671875
1 0.48828125 0.7021484375 0.01953125 0.02734375
1 0.5146484375 0.6962890625 0.017578125 0.017578125
0 0.345703125 0.7490234375 0.162109375 0.1328125
0 0.6435546875 0.76953125 0.1640625 0.125
1 0.5390625 0.64453125 0.068359375 0.03515625
1 0.626953125 0.611328125 0.048828125 0.033203125
1 0.54296875 0.6103515625 0.01953125 0.01953125
1 0.498046875 0.6171875 0.01953125 0.01171875
1 0.521484375 0.5634765625 0.01953125 0.02734375
1 0.5244140625 0.541015625 0.013671875 0.015625
1 0.55078125 0.53515625 0.01953125 0.015625
1 0.5 0.544921875 0.013671875 0.013671875
1 0.5234375 0.5244140625 0.021484375 0.017578125
1 0.5234375 0.51171875 0.013671875 0.013671875
1 0.498046875 0.501953125 0.017578125 0.01953125
1 0.498046875 0.484375 0.015625 0.015625
0 0.654296875 0.5341796875 0.130859375 0.09375
1 0.6572265625 0.47265625 0.01953125 0.01171875
1 0.5537109375 0.435546875 0.013671875 0.013671875
1 0.5322265625 0.396484375 0.01171875 0.009765625
1 0.5615234375 0.40625 0.01953125 0.021484375
1 0.5634765625 0.388671875 0.009765625 0.005859375
1 0.5322265625 0.376953125 0.01953125 0.0234375
1 0.51953125 0.3671875 0.009765625 0.009765625
1 0.505859375 0.35546875 0.013671875 0.013671875
1 0.537109375 0.359375 0.009765625 0.013671875
1 0.541015625 0.314453125 0.01171875 0.017578125
1 0.5400390625 0.2919921875 0.013671875 0.013671875
1 0.51171875 0.2861328125 0.025390625 0.015625
1 0.5224609375 0.259765625 0.0234375 0.02734375
0 0.6376953125 0.2978515625 0.150390625 0.1015625
1 0.54296875 0.2138671875 0.015625 0.015625
1 0.5224609375 0.2294921875 0.013671875 0.013671875
1 0.5029296875 0.232421875 0.013671875 0.0078125
1 0.5146484375 0.2080078125 0.013671875 0.009765625
1 0.521484375 0.1865234375 0.013671875 0.015625
1 0.5478515625 0.1806640625 0.013671875 0.013671875
1 0.5498046875 0.1416015625 0.013671875 0.013671875
1 0.5224609375 0.15625 0.015625 0.009765625
1 0.525390625 0.0908203125 0.017578125 0.017578125
1 0.4912109375 0.0927734375 0.021484375 0.015625
0 0.396484375 0.0986328125 0.171875 0.169921875
1 0.58984375 0.025390625 0.046875 0.041015625
0 0.6845703125 0.0859375 0.13671875 0.119140625
0 0.373046875 0.30078125 0.14453125 0.10546875
0 0.3779296875 0.5244140625 0.169921875 0.1328125