1 0.857421875 0.443359375 0.048828125 0.0390625
0 0.9345703125 0.39453125 0.130859375 0.16015625
1 0.9306640625 0.5703125 0.072265625 0.072265625
1 0.9365234375 0.66015625 0.015625 0.029296875
0 0.8779296875 0.671875 0.12890625 0.17578125
1 0.767578125 0.625 0.041015625 0.0546875
1 0.7880859375 0.6787109375 0.01171875 0.01171875
1 0.6982421875 0.5888671875 0.01171875 0.013671875
0 0.6435546875 0.650390625 0.140625 0.19921875
1 0.8984375 0.5166015625 0.013671875 0.01171875
1 0.8525390625 0.5078125 0.01171875 0.01171875
1 0.8330078125 0.5048828125 0.013671875 0.01171875
1 0.8056640625 0.5107421875 0.01171875 0.01171875
1 0.783203125 0.4892578125 0.01171875 0.013671875
1 0.7353515625 0.5234375 0.0078125 0.009765625
1 0.732421875 0.53515625 0.0078125 0.009765625
1 0.7265625 0.513671875 0.0078125 0.009765625
1 0.6162109375 0.505859375 0.013671875 0.01171875
1 0.6611328125 0.521484375 0.0078125 0.015625
1 0.6025390625 0.47265625 0.015625 0.0234375
1 0.5634765625 0.5146484375 0.048828125 0.05859375
1 0.603515625 0.529296875 0.005859375 0.0078125
1 0.53515625 0.45703125 0.015625 0.01953125
1 0.4970703125 0.4541015625 0.005859375 0.005859375
1 0.4853515625 0.6494140625 0.01171875 0.017578125
0 0.4345703125 0.640625 0.1484375 0.203125
1 0.3212890625 0.62890625 0.1171875 0.107421875
1 0.3583984375 0.5185546875 0.037109375 0.05078125
1 0.390625 0.4931640625 0.013671875 0.013671875
1 0.349609375 0.474609375 0.033203125 0.029296875
1 0.2685546875 0.45703125 0.05859375 0.078125
1 0.263671875 0.43359375 0.02734375 0.01953125
1 0.2421875 0.416015625 0.037109375 0.029296875
1 0.2119140625 0.412109375 0.015625 0.01953125
0 0.3076171875 0.3095703125 0.13671875 0.1484375
1 0.2119140625 0.248046875 0.0625 0.052734375
0 0.0927734375 0.2958984375 0.158203125 0.197265625
1 0.142578125 0.4501953125 0.083984375 0.05078125
1 0.0673828125 0.4326171875 0.044921875 0.05859375
1 0.0322265625 0.4306640625 0.01171875 0.013671875
0 0.048828125 0.5771484375 0.09765625 0.154296875
1 0.001953125 0.529296875 0.00390625 0.01171875
1 0.0185546875 0.548828125 0.015625 0.025390625
1 0.09765625 0.59375 0.01171875 0.01171875
0 0.2265625 0.57421875 0.119140625 0.150390625
1 0.228515625 0.537109375 0.013671875 0.01171875
1 0.3310546875 0.56640625 0.01171875 0.017578125
1 0.3134765625 0.5751953125 0.017578125 0.021484375
1 0.763671875 0.6923828125 0.0078125 0.0078125
0 0.716796875 0.4296875 0.02734375 0.03515625
0 0.484375 0.322265625 0.15234375 0.203125
1 0.5673828125 0.3427734375 0.056640625 0.115234375
0 0.7275390625 0.337890625 0.1484375 0.166015625