1 0.1015625 0.5361328125 0.02734375 0.025390625
0 0.17275321875 0.5720246328125 0.190175185546875 0.57606504296875 0.206291 0.534300154296875 0.22413835546875 0.507102748046875 0.220562666015625 0.462954029296875 0.209863791015625 0.417071109375 0.18759520703125 0.4011416171875 0.14966347265625 0.402004798828125 0.1089669609375 0.407023416015625 0.090808267578125 0.4370965625 0.090477755859375 0.4460595625 0.09958409375 0.464577962890625 0.110375392578125 0.500110244140625 0.127323369140625 0.54543850390625 0.136321703125 0.57973944140625 0.151450330078125 0.565643376953125 0.17275321875 0.5720246328125
1 0.03515625 0.58984375 0.056640625 0.044921875
1 0.05859375 0.6181640625 0.056640625 0.041015625
0 0.125793396484375 0.786809859375 0.12674063671875 0.741244169921875 0.126440525390625 0.7108872421875 0.11202844140625 0.6841564765625 0.080495900390625 0.6471189765625 0.05473902734375 0.662470572265625 0.038833576171875 0.71075512890625 0.0390934609375 0.711725033203125 0.0744227109375 0.8435755859375 0.115891673828125 0.820897107421875 0.125793396484375 0.786809859375
1 0.137035755859375 0.62822111328125 0.1609060234375 0.637935310546875 0.1792533515625 0.626004484375 0.14976881640625 0.57838833984375 0.133403892578125 0.578622275390625 0.128379326171875 0.54018608984375 0.120546583984375 0.5391377109375 0.091803884765625 0.56254118359375 0.087869328125 0.5884535 0.1148849375 0.60230507421875 0.137035755859375 0.62822111328125
0 0.29268635546875 0.823761884765625 0.32528176171875 0.809341701171875 0.34045266015625 0.714635083984375 0.3096385078125 0.68006902734375 0.26647348828125 0.650975265625 0.2124906015625 0.645367693359375 0.21018261328125 0.6652773671875 0.2049832265625 0.69480412890625 0.19531740234375 0.719370658203125 0.180829205078125 0.752836001953125 0.188076005859375 0.770139115234375 0.204993990234375 0.786937056640625 0.237333306640625 0.80743598046875 0.27740237890625 0.824326697265625 0.29268635546875 0.823761884765625
1 0.1943359375 0.701171875 0.017578125 0.021484375
1 0.34765625 0.662109375 0.048828125 0.060546875
1 0.32421875 0.5791015625 0.111328125 0.134765625
1 0.2978515625 0.5126953125 0.025390625 0.025390625
1 0.2509765625 0.5302734375 0.060546875 0.06640625
1 0.26171875 0.388671875 0.017578125 0.0234375
1 0.2412109375 0.4052734375 0.009765625 0.009765625
0 0.3889059921875 0.3299973046875 0.35764235546875 0.321114060546875 0.29709091015625 0.33961399609375 0.285608978515625 0.37051390234375 0.284643365234375 0.439797826171875 0.315314126953125 0.491097373046875 0.34769825390625 0.522803490234375 0.372396146484375 0.519031521484375 0.408123056640625 0.50020250390625 0.428212564453125 0.4409613125 0.42439844921875 0.412243146484375 0.403542072265625 0.365275025390625 0.3889059921875 0.3299973046875
1 0.40291533984375 0.3684011015625 0.420818125 0.401321763671875 0.435053169921875 0.451478056640625 0.45346127734375 0.491440251953125 0.47372965234375 0.4839588046875 0.457958208984375 0.4332441875 0.46653141015625 0.403157552734375 0.454607443359375 0.348300515625 0.435846638671875 0.296660865234375 0.410627283203125 0.3130452734375 0.394712564453125 0.3447103515625 0.40291533984375 0.3684011015625
1 0.46875 0.337890625 0.021484375 0.03515625
1 0.501953125 0.3759765625 0.0234375 0.02734375
1 0.548219734375 0.476512970703125 0.540863119140625 0.4175399453125 0.524266796875 0.394605791015625 0.47005479296875 0.407987109375 0.464187404296875 0.4426819453125 0.474096251953125 0.483225794921875 0.461782080078125 0.491525150390625 0.430911375 0.503118828125 0.411297865234375 0.537160453125 0.412568267578125 0.55794253125 0.458957716796875 0.572902556640625 0.502735455078125 0.56436051171875 0.53195493359375 0.56430723046875 0.583888947265625 0.528883923828125 0.584837826171875 0.50032847265625 0.548219734375 0.476512970703125
0 0.60463687109375 0.28439585546875 0.561983515625 0.268680814453125 0.527742771484375 0.266679185546875 0.481728537109375 0.2848768125 0.482187638671875 0.363924765625 0.50984026953125 0.366768029296875 0.51002733984375 0.3885179609375 0.54732573828125 0.41658928515625 0.58117914453125 0.43319121875 0.610882916015625 0.426710298828125 0.63041336328125 0.392673099609375 0.6459590625 0.336637560546875 0.6311856171875 0.30213484765625 0.60463687109375 0.28439585546875
1 0.672000720703125 0.401520021484375 0.646608251953125 0.3968105 0.62811068359375 0.42976141796875 0.61474043359375 0.447130814453125 0.6405799921875 0.465751669921875 0.677262484375 0.467368279296875 0.70810073828125 0.460849056640625 0.70232826953125 0.435348095703125 0.672000720703125 0.401520021484375
1 0.6982421875 0.505859375 0.037109375 0.044921875
1 0.58177953515625 0.419111546875 0.56954432421875 0.44914165625 0.572949515625 0.49015859375 0.588508083984375 0.5071834921875 0.616005892578125 0.527571052734375 0.63763878515625 0.503551357421875 0.623279408203125 0.460582138671875 0.623064009765625 0.421378 0.622498734375 0.421948490234375 0.607162939453125 0.4189610078125 0.58177953515625 0.419111546875
1 0.65234375 0.501953125 0.048828125 0.06640625
1 0.5771484375 0.583984375 0.0234375 0.025390625
0 0.738113439453125 0.681845056640625 0.73182573828125 0.58687389453125 0.70824861328125 0.564783181640625 0.6729514453125 0.5397685546875 0.626845396484375 0.52229637109375 0.6060184296875 0.547124130859375 0.592404853515625 0.607919904296875 0.616597357421875 0.65861944921875 0.65536458984375 0.69031093359375 0.7124624140625 0.7123548671875 0.738113439453125 0.681845056640625
1 0.7890625 0.5009765625 0.02734375 0.033203125
0 0.829390474609375 0.635947578125 0.866547232421875 0.64824798046875 0.906278658203125 0.632525521484375 0.92599523046875 0.59157176953125 0.890240841796875 0.499070240234375 0.8553635859375 0.482824669921875 0.80431735546875 0.49644183984375 0.798980783203125 0.52988358203125 0.75913532421875 0.548239908203125 0.758500427734375 0.5580083984375 0.80544531640625 0.615572740234375 0.829390474609375 0.635947578125
1 0.94921875 0.5029296875 0.013671875 0.015625
1 0.9599609375 0.5185546875 0.017578125 0.017578125
1 0.93359375 0.3681640625 0.125 0.150390625
1 0.7578125 0.37890625 0.02734375 0.037109375
1 0.7548828125 0.416015625 0.015625 0.015625
1 0.814824587890625 0.37191273046875 0.838884115234375 0.39357284375 0.860107255859375 0.39809430859375 0.884744416015625 0.3949341640625 0.873018888671875 0.350954296875 0.84996412890625 0.331975970703125 0.831950943359375 0.344000921875 0.8165446796875 0.36004540625 0.814824587890625 0.37191273046875
0 0.82049835546875 0.355460853515625 0.84516634375 0.335556369140625 0.868350671875 0.311746833984375 0.886116990234375 0.260435240234375 0.873062513671875 0.224826453125 0.83691437109375 0.19256334765625 0.781694841796875 0.205383712890625 0.734502162109375 0.198431013671875 0.731123787109375 0.2029666171875 0.7267830859375 0.2703750546875 0.71888640625 0.306280513671875 0.733544474609375 0.334024138671875 0.75699567578125 0.367653087890625 0.7867583984375 0.383402201171875 0.799740490234375 0.382496658203125 0.82049835546875 0.355460853515625
1 0.70686146875 0.234940904296875 0.685488884765625 0.211949228515625 0.6293993125 0.2269177578125 0.626055791015625 0.2699088359375 0.63360059375 0.31794032421875 0.658603416015625 0.350846828125 0.686895009765625 0.356034826171875 0.711801009765625 0.33771235546875 0.718878580078125 0.303381525390625 0.729903982421875 0.2721653046875 0.70686146875 0.234940904296875
1 0.545564689453125 0 0.546515578125 0.006654708984375 0.5319324296875 0.055287494140625 0.524966720703125 0.134365302734375 0.532897703125 0.223880318359375 0.560698619140625 0.247285669921875 0.596145326171875 0.23372944140625 0.64330203515625 0.192350431640625 0.659745736328125 0.1536109609375 0.61646223828125 0.06812663671875 0.583942623046875 0.019624455078125 0.555086931640625 0 0.545564689453125 0
0 0.48921548828125 0.624437580078125 0.45008589453125 0.590974509765625 0.44910414453125 0.589611390625 0.4191612109375 0.581155259765625 0.394714712890625 0.60426701953125 0.38283811328125 0.647444046875 0.379653587890625 0.693454087890625 0.4022226640625 0.75250376171875 0.48256721484375 0.795475208984375 0.541973232421875 0.748100146484375 0.52593860546875 0.66321359375 0.506384599609375 0.63567453515625 0.48921548828125 0.624437580078125
1 0.1689453125 0.6875 0.015625 0.015625
1 0.09765625 0.47265625 0.015625 0.013671875