0 0.4130859375 0.9931640625 0.087890625 0.013671875
1 0.419921875 0.9736328125 0.015625 0.01171875
0 0.345703125 0.8583984375 0.208984375 0.158203125
0 0.626953125 0.9384765625 0.146484375 0.115234375
1 0.6328125 0.890625 0.01171875 0.01171875
1 0.61328125 0.8408203125 0.126953125 0.091796875
0 0.5654296875 0.775390625 0.150390625 0.111328125
1 0.5927734375 0.71875 0.013671875 0.0078125
1 0.541015625 0.72265625 0.015625 0.017578125
1 0.5263671875 0.7080078125 0.017578125 0.013671875
1 0.47265625 0.7919921875 0.021484375 0.021484375
1 0.4306640625 0.7666015625 0.04296875 0.052734375
1 0.4248046875 0.7265625 0.01953125 0.013671875
1 0.337890625 0.7939453125 0.009765625 0.0078125
1 0.3349609375 0.7412109375 0.013671875 0.01171875
1 0.322265625 0.7265625 0.013671875 0.01171875
1 0.328125 0.677734375 0.01171875 0.0078125
0 0.2431640625 0.6748046875 0.140625 0.1015625
1 0.2509765625 0.56640625 0.009765625 0.0078125
0 0.478515625 0.62890625 0.130859375 0.076171875
1 0.458984375 0.5791015625 0.119140625 0.087890625
1 0.4560546875 0.537109375 0.017578125 0.013671875
1 0.47265625 0.5283203125 0.021484375 0.017578125
1 0.53515625 0.546875 0.01171875 0.0078125
1 0.5458984375 0.5869140625 0.01171875 0.0078125
1 0.5380859375 0.5751953125 0.013671875 0.01171875
1 0.533203125 0.501953125 0.01171875 0.0078125
1 0.5341796875 0.482421875 0.013671875 0.01171875
1 0.5322265625 0.474609375 0.013671875 0.0078125
1 0.513671875 0.470703125 0.013671875 0.009765625
1 0.541015625 0.4140625 0.01171875 0.01171875
1 0.505859375 0.39453125 0.0078125 0.0078125
1 0.4716796875 0.3857421875 0.01171875 0.0078125
1 0.478515625 0.3623046875 0.01171875 0.0078125
1 0.4443359375 0.3671875 0.01171875 0.0078125
1 0.376953125 0.453125 0.01171875 0.009765625
1 0.3662109375 0.3896484375 0.013671875 0.01171875
1 0.287109375 0.5390625 0.013671875 0.01171875
1 0.275390625 0.5244140625 0.02734375 0.029296875
0 0.26727503515625 0.514864615234375 0.285271423828125 0.51657641015625 0.31159923828125 0.53165015625 0.319306923828125 0.5276910390625 0.320966123046875 0.52796326953125 0.323764103515625 0.503528119140625 0.328501041015625 0.47557626953125 0.322234328125 0.44741966015625 0.313838333984375 0.429339150390625 0.282184142578125 0.42134671875 0.252448494140625 0.429665552734375 0.225698751953125 0.461017947265625 0.21910598828125 0.49819919921875 0.22710495703125 0.529191701171875 0.24004942578125 0.532617142578125 0.26727503515625 0.514864615234375
1 0.48046875 0.318359375 0.013671875 0.01171875
1 0.5478515625 0.26953125 0.017578125 0.015625
1 0.6552734375 0.1962890625 0.1953125 0.14453125
0 0.4873046875 0.43359375 0.119140625 0.099609375
0 0.453125 0.2294921875 0.158203125 0.134765625
1 0.42578125 0.3369140625 0.013671875 0.0078125
1 0.4619140625 0.138671875 0.017578125 0.013671875
1 0.412109375 0.1640625 0.025390625 0.01953125
0 0.39453125 0.09375 0.1640625 0.138671875
1 0.376953125 0.033203125 0.0859375 0.052734375
1 0.2705078125 0.10546875 0.015625 0.015625
1 0.19921875 0.06640625 0.029296875 0.0234375
0 0.1328125 0.134765625 0.16015625 0.150390625
0 0.21875 0.29296875 0.1171875 0.107421875
1 0.48828125 0.484375 0.013671875 0.0078125
1 0.3837890625 0.595703125 0.01171875 0.0078125
1 0.3095703125 0.5986328125 0.01171875 0.009765625
1 0.2646484375 0.619140625 0.009765625 0.0078125
1 0.6923828125 0.734375 0.025390625 0.01953125
1 0.287109375 0.181640625 0.009765625 0.0078125
1 0.3525390625 0.3369140625 0.015625 0.015625
1 0.3271484375 0.365234375 0.01171875 0.01171875