1 0.2679355546875 0.20183120703125 0.254852109375 0.199248177734375 0.236116046875 0.206973091796875 0.235739 0.213950388671875 0.250245076171875 0.21943715234375 0.26021241796875 0.225165958984375 0.2749859453125 0.2222033125 0.275332095703125 0.210952130859375 0.2679355546875 0.20183120703125
0 0.168360095703125 0.272183806640625 0.231631033203125 0.264966466796875 0.2683434375 0.255401921875 0.268919216796875 0.241272421875 0.258333119140625 0.2234828515625 0.238674890625 0.2160222578125 0.236146126953125 0.20844683984375 0.259000009765625 0.201252564453125 0.27414292578125 0.1995031171875 0.26021694140625 0.169459767578125 0.24420856640625 0.12906678125 0.226272755859375 0.107459908203125 0.18450050390625 0.10653738671875 0.133244560546875 0.1417860625 0.120897623046875 0.17540609375 0.11821160546875 0.229369791015625 0.12344090234375 0.25627218359375 0.168360095703125 0.272183806640625
1 0.294921875 0.130859375 0.017578125 0.015625
1 0.3037109375 0.158203125 0.017578125 0.015625
1 0.32421875 0.1982421875 0.015625 0.015625
1 0.423828125 0.05859375 0.0234375 0.015625
0 0.42967084375 0.078604099609375 0.392070849609375 0.09829298046875 0.3790289453125 0.14067465625 0.3563812265625 0.197519072265625 0.381511880859375 0.228149107421875 0.417247111328125 0.20934769921875 0.4469694453125 0.197737087890625 0.470889556640625 0.20652474609375 0.48039533203125 0.193521900390625 0.500823736328125 0.169616212890625 0.534715826171875 0.1559837734375 0.53927173046875 0.146762951171875 0.535639078125 0.106236150390625 0.507246443359375 0.08848230078125 0.42967084375 0.078604099609375
0 0.557154630859375 0.41992271484375 0.584889685546875 0.388057755859375 0.59238693359375 0.366909734375 0.575496357421875 0.34643880859375 0.574363466796875 0.31398587890625 0.56331359765625 0.27575520703125 0.563403009765625 0.27568601171875 0.51687249609375 0.2953986796875 0.48853886328125 0.3143825859375 0.460638056640625 0.329859138671875 0.442601318359375 0.3475082109375 0.431398103515625 0.38241545703125 0.436916609375 0.409794744140625 0.471447923828125 0.425625349609375 0.509385037109375 0.4294223515625 0.557154630859375 0.41992271484375
1 0.541015625 0.197265625 0.0546875 0.072265625
1 0.52051085546875 0.19969569921875 0.51497283203125 0.165952763671875 0.5140644609375 0.16594740625 0.477885318359375 0.193569892578125 0.446627451171875 0.206387462890625 0.405764501953125 0.217346025390625 0.367427345703125 0.22610259375 0.3323449921875 0.24102801953125 0.33685641015625 0.274370607421875 0.33964204296875 0.33000883984375 0.32698555078125 0.36263662890625 0.32736422265625 0.38968509375 0.35380353515625 0.4062043203125 0.402156015625 0.45957146484375 0.419471427734375 0.43980694140625 0.4315076484375 0.38769422265625 0.43968264453125 0.356132138671875 0.46015383203125 0.3302192421875 0.488671482421875 0.31129744140625 0.524846015625 0.291438830078125 0.53211259375 0.290026349609375 0.55795941015625 0.278428689453125 0.56745559765625 0.28843915234375 0.605261490234375 0.284121009765625 0.611388203125 0.261885306640625 0.59119777734375 0.241032181640625 0.561654830078125 0.223442052734375 0.531887837890625 0.2280226171875 0.52051085546875 0.19969569921875
1 0.4228515625 0.4697265625 0.0546875 0.04296875
1 0.33203125 0.4208984375 0.015625 0.015625
1 0.2041015625 0.3369140625 0.044921875 0.033203125
1 0.2421875 0.3095703125 0.015625 0.013671875
0 0.3044508125 0.4085941328125 0.32771457421875 0.389268107421875 0.3262583046875 0.384619578125 0.292562046875 0.357241259765625 0.259613595703125 0.3333941171875 0.194929556640625 0.34557593359375 0.157339986328125 0.3553351640625 0.131282748046875 0.370194291015625 0.138376421875 0.4187485859375 0.17471521875 0.45780234375 0.190805666015625 0.470223666015625 0.2229745546875 0.46244041015625 0.242189263671875 0.442929626953125 0.259442412109375 0.429826748046875 0.3044508125 0.4085941328125
1 0.28055895703125 0.41236775390625 0.24987130078125 0.436317107421875 0.22776105078125 0.456664765625 0.1967521015625 0.467177140625 0.187607482421875 0.48544208203125 0.22399437109375 0.50878896875 0.25078294921875 0.50651450390625 0.271678806640625 0.502397494140625 0.29164578125 0.489457958984375 0.3016955625 0.464278869140625 0.30082572265625 0.442206814453125 0.2899555390625 0.419796486328125 0.2810899921875 0.412137875 0.28055895703125 0.41236775390625
1 0.2947381328125 0.51309113671875 0.31162433984375 0.507064919921875 0.312312646484375 0.489344095703125 0.277711470703125 0.475460333984375 0.277170318359375 0.4758119296875 0.23301830078125 0.50301408203125 0.202244544921875 0.521844765625 0.207806529296875 0.531392529296875 0.248048572265625 0.541621326171875 0.277703546875 0.529364037109375 0.2947381328125 0.51309113671875
1 0.3473801171875 0.51827169140625 0.326805076171875 0.522159384765625 0.315610046875 0.53334316015625 0.296192169921875 0.550908359375 0.29464624609375 0.5627243671875 0.316458044921875 0.5642198828125 0.3294728046875 0.5571534140625 0.360891697265625 0.5240208515625 0.3473801171875 0.51827169140625
1 0.20703125 0.537109375 0.03125 0.0234375
1 0.2109375 0.5546875 0.03125 0.021484375
0 0.265997212890625 0.53068267578125 0.228518669921875 0.54521490234375 0.205186044921875 0.56770925 0.18490690625 0.590029181640625 0.205311478515625 0.628609638671875 0.249050083984375 0.65181134765625 0.28341429296875 0.647186935546875 0.3435547421875 0.607049443359375 0.350933056640625 0.578971021484375 0.348492591796875 0.56344619921875 0.321463669921875 0.563955021484375 0.29165753515625 0.556621228515625 0.302892666015625 0.545359419921875 0.318389978515625 0.525111205078125 0.31649130859375 0.50423858203125 0.294876115234375 0.509069986328125 0.265997212890625 0.53068267578125
0 0.59506472265625 0.5537819453125 0.58461275 0.538025072265625 0.5577073046875 0.518862943359375 0.526317865234375 0.506787869140625 0.504705609375 0.50998366015625 0.48367117578125 0.51880589453125 0.467883716796875 0.5352946484375 0.47911519140625 0.555756759765625 0.501785763671875 0.58688911328125 0.523807677734375 0.601612935546875 0.561885841796875 0.583665287109375 0.5952579921875 0.55427864453125 0.59506472265625 0.5537819453125
1 0.535777830078125 0.511952068359375 0.572927677734375 0.53044128125 0.593995470703125 0.5438502421875 0.64730571875 0.523008564453125 0.664405232421875 0.49943215234375 0.6566486484375 0.475008392578125 0.605665560546875 0.422348330078125 0.550454986328125 0.418170234375 0.52108362890625 0.4576188203125 0.516494912109375 0.48716655859375 0.535777830078125 0.511952068359375
1 0.452387001953125 0.652606482421875 0.502658544921875 0.62872959765625 0.5026958046875 0.604302703125 0.47511344140625 0.567180796875 0.467251921875 0.534713931640625 0.492050388671875 0.513270115234375 0.469843466796875 0.48739626171875 0.400039109375 0.530498029296875 0.38171965234375 0.56686452734375 0.3737218671875 0.617859490234375 0.383130283203125 0.648711880859375 0.452387001953125 0.652606482421875
1 0.5869140625 0.62109375 0.158203125 0.099609375
0 0.56485139453125 0.7740003515625 0.591247578125 0.78715425390625 0.62940859765625 0.783462548828125 0.653433412109375 0.759671853515625 0.688537830078125 0.735832328125 0.7108806171875 0.715456740234375 0.711989466796875 0.715008609375 0.69040382421875 0.697466478515625 0.637024611328125 0.66527261328125 0.62429735546875 0.661070517578125 0.5618635078125 0.676266943359375 0.534018359375 0.68180960546875 0.50266503515625 0.69629228515625 0.50422866015625 0.7256930859375 0.53062905078125 0.76007519140625 0.56485139453125 0.7740003515625
1 0.4814453125 0.7861328125 0.126953125 0.123046875
1 0.5703125 0.806640625 0.04296875 0.029296875
1 0.5859375 0.8271484375 0.041015625 0.025390625
1 0.578125 0.84765625 0.017578125 0.015625
1 0.4765625 0.8994140625 0.119140625 0.138671875
1 0.3359375 0.85546875 0.01953125 0.013671875
1 0.283203125 0.7255859375 0.033203125 0.025390625
0 0.33203125 0.7734375 0.14453125 0.111328125
0 0.3359375 0.9482421875 0.18359375 0.103515625
1 0.443359375 0.990234375 0.05859375 0.01953125
1 0.5 0.99609375 0.0234375 0.0078125
1 0.5576171875 0.904296875 0.04296875 0.03515625
0 0.71316178515625 0.95826104296875 0.680265359375 0.92138105078125 0.634794197265625 0.87940919140625 0.605585861328125 0.8686822109375 0.59302764453125 0.880506330078125 0.590998427734375 0.907425244140625 0.560132166015625 0.92005385546875 0.554434220703125 0.928714841796875 0.571397904296875 0.976076005859375 0.642134279296875 0.9817302421875 0.695672037109375 0.971323556640625 0.71316178515625 0.95826104296875