0 0.0908203125 0.6318359375 0.140625 0.166015625
1 0.0390625 0.7314453125 0.03515625 0.044921875
1 0.0947265625 0.7509765625 0.013671875 0.013671875
1 0.126953125 0.7099609375 0.015625 0.01953125
1 0.0576171875 0.787109375 0.013671875 0.013671875
1 0.0263671875 0.654296875 0.013671875 0.01171875
1 0.0302734375 0.5302734375 0.0546875 0.080078125
1 0.0771484375 0.5283203125 0.01171875 0.01171875
1 0.10546875 0.5185546875 0.013671875 0.013671875
0 0.08203125 0.3916015625 0.12890625 0.177734375
1 0.15234375 0.3876953125 0.048828125 0.044921875
1 0.1513671875 0.5146484375 0.009765625 0.009765625
1 0.1884765625 0.5458984375 0.01171875 0.015625
1 0.220703125 0.5078125 0.01171875 0.01171875
1 0.2197265625 0.6767578125 0.009765625 0.015625
1 0.2763671875 0.6767578125 0.01171875 0.013671875
1 0.296875 0.720703125 0.0078125 0.013671875
1 0.31640625 0.7802734375 0.01171875 0.013671875
0 0.330078125 0.640625 0.125 0.1484375
1 0.3515625 0.548828125 0.005859375 0.005859375
1 0.380859375 0.4873046875 0.01171875 0.01171875
1 0.3388671875 0.3779296875 0.01171875 0.01171875
1 0.2548828125 0.373046875 0.0078125 0.01171875
0 0.255855966796875 0.349250505859375 0.258150623046875 0.39648923828125 0.3252292421875 0.419544595703125 0.33576992578125 0.379028134765625 0.350495802734375 0.361142568359375 0.35645921875 0.305994994140625 0.346394595703125 0.2812398828125 0.304533556640625 0.263261083984375 0.28322640234375 0.256047244140625 0.25285080078125 0.280658302734375 0.238740806640625 0.3053551484375 0.255855966796875 0.349250505859375
1 0.3837890625 0.3349609375 0.0078125 0.009765625
1 0.4140625 0.3359375 0.02734375 0.02734375
1 0.39453125 0.3125 0.01171875 0.013671875
0 0.501953125 0.3251953125 0.1484375 0.185546875
1 0.578125 0.3310546875 0.0078125 0.009765625
1 0.5888671875 0.498046875 0.029296875 0.0390625
1 0.51171875 0.5537109375 0.01171875 0.013671875
0 0.58635708984375 0.528917373046875 0.56650609375 0.517037193359375 0.550306677734375 0.518584646484375 0.53082622265625 0.545956525390625 0.502869291015625 0.5639343828125 0.48102683203125 0.582189701171875 0.479811275390625 0.60244969140625 0.506487998046875 0.65954914453125 0.544644234375 0.683299830078125 0.5783576328125 0.69766896484375 0.582531658203125 0.704242048828125 0.59056953125 0.665648244140625 0.591977158203125 0.623573810546875 0.602019662109375 0.594822697265625 0.60838246875 0.566718974609375 0.58635708984375 0.528917373046875
1 0.716796875 0.6611328125 0.01171875 0.01171875
1 0.828125 0.681640625 0.009765625 0.009765625
1 0.728515625 0.4541015625 0.021484375 0.021484375
1 0.671875 0.45703125 0.01171875 0.013671875
1 0.6865234375 0.453125 0.009765625 0.0078125
0 0.7275390625 0.2890625 0.14453125 0.169921875
0 0.93359375 0.26953125 0.10546875 0.185546875
0 0.9501953125 0.5830078125 0.099609375 0.154296875
0 0.681926435546875 0.549670443359375 0.6923820390625 0.59894997265625 0.72001325390625 0.633340203125 0.755739015625 0.649321087890625 0.78273345703125 0.66337083203125 0.816372171875 0.6401782421875 0.83216639453125 0.637656275390625 0.828419037109375 0.59490046875 0.8161964375 0.54965683984375 0.801615990234375 0.51884826953125 0.773692822265625 0.506507251953125 0.718944294921875 0.52653486328125 0.681926435546875 0.549670443359375
1 0.771484375 0.48828125 0.01171875 0.013671875
1 0.6826171875 0.59375 0.0078125 0.009765625