0 0.6826171875 0.91015625 0.142578125 0.1171875
1 0.6728515625 0.83984375 0.02734375 0.021484375
0 0.6435546875 0.7294921875 0.140625 0.1328125
1 0.583984375 0.5810546875 0.041015625 0.0390625
0 0.5908203125 0.5126953125 0.1640625 0.140625
1 0.63671875 0.5751953125 0.013671875 0.01171875
0 0.583984375 0.2998046875 0.19921875 0.158203125
1 0.5927734375 0.3876953125 0.099609375 0.068359375
1 0.5537109375 0.3759765625 0.017578125 0.015625
0 0.5126953125 0.1103515625 0.189453125 0.181640625
1 0.505859375 0.0087890625 0.0390625 0.017578125
1 0.34765625 0.0400390625 0.0625 0.033203125
1 0.3525390625 0.1064453125 0.056640625 0.044921875
1 0.2666015625 0.1552734375 0.033203125 0.0390625
1 0.2197265625 0.2294921875 0.033203125 0.02734375
1 0.35546875 0.18359375 0.07421875 0.048828125
1 0.412109375 0.19140625 0.01953125 0.013671875
1 0.3876953125 0.2578125 0.02734375 0.021484375
1 0.41015625 0.244140625 0.015625 0.015625
1 0.416015625 0.224609375 0.015625 0.01171875
1 0.400390625 0.2705078125 0.015625 0.015625
1 0.439453125 0.28125 0.0234375 0.029296875
1 0.39453125 0.30859375 0.015625 0.015625
0 0.17862880859375 0.173011962890625 0.210819759765625 0.21255990625 0.263218345703125 0.225907431640625 0.324554712890625 0.20697021875 0.326972666015625 0.19546943359375 0.2776952109375 0.166883296875 0.23888675 0.128302341796875 0.189578611328125 0.147880345703125 0.17862880859375 0.173011962890625
1 0.318359375 0.3173828125 0.017578125 0.015625
1 0.4443359375 0.37890625 0.037109375 0.025390625
1 0.431640625 0.3115234375 0.0390625 0.041015625
1 0.4404296875 0.353515625 0.015625 0.015625
1 0.4599609375 0.4521484375 0.041015625 0.05078125
1 0.4482421875 0.4208984375 0.029296875 0.0234375
1 0.4677734375 0.4921875 0.01953125 0.021484375
1 0.455078125 0.5146484375 0.015625 0.013671875
1 0.44140625 0.5078125 0.017578125 0.013671875
1 0.443359375 0.494140625 0.0078125 0.013671875
1 0.46875 0.529296875 0.021484375 0.021484375
1 0.486328125 0.5458984375 0.029296875 0.02734375
1 0.4716796875 0.560546875 0.017578125 0.015625
1 0.4775390625 0.5830078125 0.076171875 0.056640625
1 0.4443359375 0.6298828125 0.05078125 0.052734375
1 0.48828125 0.6142578125 0.0390625 0.033203125
1 0.4990234375 0.646484375 0.029296875 0.0234375
1 0.4873046875 0.6640625 0.033203125 0.01953125
1 0.509765625 0.673828125 0.0390625 0.03515625
0 0.3515625 0.576171875 0.19140625 0.126953125
0 0.3720703125 0.7890625 0.17578125 0.134765625
1 0.3349609375 0.7412109375 0.015625 0.013671875
1 0.5263671875 0.787109375 0.060546875 0.046875
1 0.537109375 0.8095703125 0.029296875 0.0234375
1 0.541015625 0.82421875 0.02734375 0.01953125
1 0.5361328125 0.8427734375 0.015625 0.017578125
1 0.498046875 0.7626953125 0.025390625 0.01953125
1 0.52734375 0.7431640625 0.04296875 0.041015625
1 0.5205078125 0.7216796875 0.017578125 0.015625
1 0.5107421875 0.7138671875 0.01953125 0.013671875
1 0.556640625 0.904296875 0.048828125 0.046875
1 0.5673828125 0.9443359375 0.03125 0.01953125
1 0.5732421875 0.98046875 0.029296875 0.03515625
1 0.5439453125 0.984375 0.037109375 0.03125
0 0.423828125 0.9521484375 0.17578125 0.095703125
1 0.4716796875 0.9150390625 0.02734375 0.017578125
1 0.9921875 0.7421875 0.015625 0.0390625
0 0.35480730859375 0.3326567265625 0.31274591796875 0.32797658984375 0.263497642578125 0.321406701171875 0.226906326171875 0.327970615234375 0.2181973203125 0.382416427734375 0.228300087890625 0.418596408203125 0.28528767578125 0.45657575390625 0.336987205078125 0.442302720703125 0.354438923828125 0.416323599609375 0.36760113671875 0.377698357421875 0.35480730859375 0.3326567265625