0 0.658203125 0.4091796875 0.220703125 0.1748046875
1 0.6025390625 0.5068359375 0.0263671875 0.0234375
1 0.505859375 0.373046875 0.025390625 0.021484375
1 0.435546875 0.341796875 0.0673828125 0.0966796875
1 0.478515625 0.44921875 0.0234375 0.0205078125
0 0.322265625 0.4169921875 0.203125 0.15625
0 0.3369140625 0.658203125 0.1640625 0.1376953125
1 0.474609375 0.701171875 0.037109375 0.0341796875
1 0.5009765625 0.7177734375 0.009765625 0.009765625
1 0.4970703125 0.728515625 0.0126953125 0.0126953125
1 0.4794921875 0.7392578125 0.009765625 0.005859375
1 0.455078125 0.7568359375 0.013671875 0.009765625
1 0.419921875 0.7578125 0.0126953125 0.0078125
1 0.3828125 0.830078125 0.0185546875 0.0126953125
1 0.310546875 0.798828125 0.009765625 0.0107421875
0 0.401507845703125 0.8848711171875 0.394665208984375 0.8748211640625 0.38017484375 0.86076047265625 0.3554285625 0.834440505859375 0.33002186328125 0.814566654296875 0.314739796875 0.81727631640625 0.29159298828125 0.827908990234375 0.27578446484375 0.85662816796875 0.275315607421875 0.88746121875 0.28047571484375 0.909062138671875 0.29392387890625 0.91753170703125 0.302248103515625 0.920776869140625 0.31636472265625 0.92374775 0.340848443359375 0.92284553515625 0.363959083984375 0.91856855078125 0.3812545546875 0.9079539609375 0.39434370703125 0.893786771484375 0.401507845703125 0.8848711171875
1 0.2763671875 0.9267578125 0.015625 0.0126953125
1 0.3701171875 0.9443359375 0.078125 0.048828125
1 0.443359375 0.8994140625 0.021484375 0.017578125
1 0.486328125 0.9716796875 0.0126953125 0.015625
1 0.486328125 0.9873046875 0.025390625 0.013671875
0 0.689453125 0.861328125 0.2080078125 0.1533203125
1 0.623046875 0.96875 0.015625 0.015625
1 0.6162109375 0.9853515625 0.072265625 0.029296875
0 0.650390625 0.634765625 0.134765625 0.119140625