0 0.1650390625 0.4365234375 0.16015625 0.173828125
1 0.4267578125 0.482421875 0.03125 0.03125
0 0.301806583984375 0.390511875 0.29761436328125 0.434694083984375 0.341061125 0.49309021875 0.37563437890625 0.534333625 0.4114665546875 0.475794296875 0.4353514375 0.4513591796875 0.42301562890625 0.39556326953125 0.395405421875 0.344965828125 0.356288623046875 0.350135830078125 0.301806583984375 0.390511875
1 0.275390625 0.294921875 0.015625 0.01953125
1 0.45703125 0.46484375 0.009765625 0.013671875
1 0.134765625 0.1083984375 0.046875 0.0546875
1 0.4404296875 0.0634765625 0.021484375 0.01953125
1 0.400390625 0.0146484375 0.033203125 0.01953125
1 0.70703125 0.1513671875 0.013671875 0.029296875
1 0.8388671875 0.0205078125 0.080078125 0.041015625
0 0.9677734375 0.3837890625 0.060546875 0.138671875
0 0.806640625 0.3984375 0.125 0.15234375
1 0.7431640625 0.349609375 0.013671875 0.01171875
0 0.5693359375 0.404296875 0.12890625 0.1484375
1 0.4970703125 0.2939453125 0.01171875 0.017578125
0 0.9775390625 0.701171875 0.044921875 0.09765625
0 0.8173828125 0.6953125 0.119140625 0.150390625
1 0.662109375 0.7255859375 0.013671875 0.015625
0 0.6064453125 0.7080078125 0.099609375 0.166015625
1 0.583984375 0.796875 0.021484375 0.021484375
1 0.4384765625 0.69140625 0.015625 0.01953125
1 0.419921875 0.60546875 0.013671875 0.013671875
0 0.375 0.712890625 0.1171875 0.16796875
0 0.1845703125 0.732421875 0.11328125 0.171875
1 0.1318359375 0.76953125 0.01171875 0.013671875
1 0.12109375 0.7216796875 0.01171875 0.013671875
1 0.1767578125 0.5927734375 0.021484375 0.0234375
1 0.0498046875 0.6123046875 0.01953125 0.03125
1 0.017578125 0.572265625 0.029296875 0.015625
1 0.0478515625 0.5712890625 0.013671875 0.013671875
1 0.0673828125 0.5712890625 0.015625 0.017578125
1 0.072265625 0.759765625 0.013671875 0.015625
0 0.029296875 0.69921875 0.04296875 0.095703125
1 0.005859375 0.478515625 0.01171875 0.02734375
1 0.6806640625 0.580078125 0.0390625 0.046875