0 0.900390625 0.603515625 0.1220703125 0.189453125
1 0.8291015625 0.556640625 0.015625 0.013671875
1 0.7705078125 0.4931640625 0.0185546875 0.0185546875
1 0.861328125 0.455078125 0.0107421875 0.03125
1 0.927734375 0.466796875 0.0283203125 0.03125
0 0.892578125 0.326171875 0.1533203125 0.185546875
0 0.6962890625 0.3134765625 0.130859375 0.173828125
0 0.6943359375 0.6240234375 0.1142578125 0.1376953125
1 0.5517578125 0.3681640625 0.0234375 0.041015625
1 0.60546875 0.330078125 0.0107421875 0.015625
0 0.455078125 0.326171875 0.115234375 0.1591796875
1 0.3095703125 0.298828125 0.0107421875 0.021484375
0 0.3282103984375 0.326699673828125 0.31231011328125 0.308415583984375 0.290261099609375 0.276581521484375 0.25326425 0.26459217578125 0.227221580078125 0.2758233125 0.213395986328125 0.296948677734375 0.21527777734375 0.34097972265625 0.22916666796875 0.37962962890625 0.25086705078125 0.380235125 0.29311141796875 0.35301595703125 0.3282103984375 0.326699673828125
0 0.060546875 0.326171875 0.119140625 0.150390625
0 0.0498046875 0.611328125 0.099609375 0.1533203125
1 0.1220703125 0.498046875 0.021484375 0.017578125
0 0.2158203125 0.5927734375 0.138671875 0.171875
1 0.251953125 0.46484375 0.017578125 0.0185546875
0 0.4716796875 0.623046875 0.095703125 0.125