0 0.3681640625 0.89453125 0.15234375 0.130859375
1 0.509765625 0.9609375 0.10546875 0.078125
1 0.5078125 0.9033203125 0.10546875 0.099609375
1 0.494140625 0.8388671875 0.087890625 0.060546875
1 0.498046875 0.7841796875 0.10546875 0.072265625
1 0.5693359375 0.7685546875 0.14453125 0.1015625
0 0.6259765625 0.8466796875 0.162109375 0.123046875
1 0.6875 0.93359375 0.103515625 0.09375
1 0.5126953125 0.6884765625 0.076171875 0.080078125
1 0.48828125 0.642578125 0.03515625 0.03515625
1 0.580078125 0.70703125 0.017578125 0.01171875
1 0.6201171875 0.6982421875 0.013671875 0.01171875
0 0.6005859375 0.6416015625 0.14453125 0.125
1 0.4609375 0.5986328125 0.107421875 0.134765625
1 0.3837890625 0.59375 0.037109375 0.044921875
1 0.2734375 0.63671875 0.056640625 0.041015625
0 0.31640625 0.69921875 0.173828125 0.140625
1 0.669921875 0.4873046875 0.02734375 0.021484375
1 0.5380859375 0.5625 0.021484375 0.01953125
1 0.5615234375 0.5615234375 0.013671875 0.01171875
1 0.46484375 0.4306640625 0.11328125 0.1015625
1 0.3974609375 0.4833984375 0.068359375 0.10546875
0 0.2900390625 0.482421875 0.173828125 0.140625
1 0.3583984375 0.3408203125 0.03125 0.0234375
1 0.392578125 0.404296875 0.029296875 0.03125
1 0.3798828125 0.369140625 0.02734375 0.021484375
1 0.4091796875 0.3115234375 0.0234375 0.017578125
0 0.2685546875 0.2724609375 0.154296875 0.16796875
1 0.3759765625 0.1943359375 0.111328125 0.080078125
1 0.501953125 0.1826171875 0.0859375 0.056640625
1 0.6142578125 0.26953125 0.083984375 0.078125
1 0.5595703125 0.0986328125 0.01171875 0.01171875
1 0.380859375 0.1044921875 0.09375 0.064453125
0 0.5146484375 0.046875 0.158203125 0.09375
0 0.2490234375 0.0908203125 0.197265625 0.142578125
0 0.485842462890625 0.260324486328125 0.495023595703125 0.29205225 0.560411970703125 0.293098484375 0.57608923046875 0.285175203125 0.580617041015625 0.264128224609375 0.592893880859375 0.232306693359375 0.6183836640625 0.203825109375 0.620162802734375 0.180224212890625 0.591706419921875 0.17404622265625 0.54666779296875 0.181467810546875 0.524391505859375 0.200935396484375 0.4857210625 0.211480984375 0.485842462890625 0.260324486328125
0 0.65304766796875 0.4451137421875 0.664394431640625 0.416314875 0.661194380859375 0.401601755859375 0.628594294921875 0.39276980078125 0.588863458984375 0.378048630859375 0.56166860546875 0.397912669921875 0.53622013671875 0.42265382421875 0.524159255859375 0.4548115546875 0.53813011328125 0.489409037109375 0.578276021484375 0.513184720703125 0.578665875 0.511651994140625 0.62330763671875 0.474390935546875 0.65304766796875 0.4451137421875