1 0.892578125 0.3544921875 0.015625 0.015625
1 0.982421875 0.53125 0.0341796875 0.0625
1 0.951171875 0.5205078125 0.0283203125 0.0341796875
1 0.859375 0.427734375 0.009765625 0.0126953125
0 0.8976038046875 0.507565345703125 0.937584091796875 0.50791980078125 0.95684045703125 0.506527294921875 0.969945384765625 0.493889853515625 0.988360822265625 0.46604697265625 0.997010634765625 0.427651185546875 0.997126375 0.403493923828125 0.97521158984375 0.366710068359375 0.945672380859375 0.367825279296875 0.915310330078125 0.375180845703125 0.888421404296875 0.39543908984375 0.867109736328125 0.4157937890625 0.875166376953125 0.437965373046875 0.87342483984375 0.458316455078125 0.881912796875 0.506201775390625 0.8976038046875 0.507565345703125
0 1 0.66104118359375 0.997700556640625 0.6407262734375 0.978397171875 0.60546272265625 0.96898148046875 0.59876543359375 0.9529125078125 0.633628712890625 0.929198314453125 0.638208912109375 0.919479708984375 0.658721546875 0.903870986328125 0.68652223046875 0.89088451171875 0.70912543359375 0.890395326171875 0.73264853515625 0.923581271484375 0.749128328125 0.9976182734375 0.75354817578125 1 0.732121671875 1 0.66104118359375
1 0.950160048828125 0.636862220703125 0.95595883984375 0.6276777109375 0.935669849609375 0.605975115234375 0.90987232421875 0.61212263671875 0.899981916015625 0.63309944140625 0.90616138671875 0.65947868359375 0.913693576171875 0.66155116796875 0.917390046875 0.652763310546875 0.91504719921875 0.63949291015625 0.93315972265625 0.63933858984375 0.950160048828125 0.636862220703125
1 0.876953125 0.646484375 0.021484375 0.025390625
1 0.810333478515625 0.5523099921875 0.80921585546875 0.578133439453125 0.794573748046875 0.58845365625 0.80185366015625 0.59947555078125 0.81945981640625 0.607995755859375 0.82458134375 0.62909553515625 0.842549189453125 0.63306930078125 0.87291666796875 0.6283950625 0.87303512109375 0.629319783203125 0.873720521484375 0.62180145703125 0.867884658203125 0.59673394140625 0.850511791015625 0.572843123046875 0.831145109375 0.5450605234375 0.8180067265625 0.541106046875 0.810333478515625 0.5523099921875
1 0.90625 0.5849609375 0.005859375 0.009765625
1 0.953125 0.560546875 0.009765625 0.013671875
1 0.9169921875 0.564453125 0.005859375 0.009765625
1 0.80804126953125 0.578413146484375 0.8086389609375 0.56312210546875 0.77564651953125 0.5645170234375 0.73569516796875 0.568047115234375 0.73641041015625 0.609296634765625 0.760441984375 0.620007474609375 0.796689634765625 0.624909578125 0.81994975390625 0.624909578125 0.821563947265625 0.61685112890625 0.819757306640625 0.6083273046875 0.802804904296875 0.5994405859375 0.79513346484375 0.58645351171875 0.80804126953125 0.578413146484375
1 0.80078125 0.521484375 0.0341796875 0.0341796875
1 0.724609375 0.615234375 0.009765625 0.005859375
1 0.704387296875 0.54020302734375 0.70985514453125 0.544508341796875 0.723696107421875 0.567239341796875 0.716675708984375 0.58210479296875 0.722215892578125 0.59327136328125 0.734968171875 0.5923454375 0.73543384765625 0.57798394140625 0.737356228515625 0.56424816796875 0.7520055703125 0.54251663671875 0.77662037109375 0.519135802734375 0.77779948046875 0.515620177734375 0.7730920859375 0.51131848046875 0.757010453125 0.50855396484375 0.74083658984375 0.488239052734375 0.730520291015625 0.473095099609375 0.71641076953125 0.504668208984375 0.704387296875 0.54020302734375
1 0.6982421875 0.576171875 0.0439453125 0.0419921875
1 0.70892741015625 0.4203763984375 0.72728587890625 0.40874566015625 0.72905996875 0.380070890625 0.71236888671875 0.367787904296875 0.70671025 0.418636669921875 0.693764466796875 0.424129533203125 0.67708062109375 0.415632234375 0.65481770703125 0.41390697265625 0.642909974609375 0.4267240546875 0.64197319921875 0.43537446875 0.65257523046875 0.453206982421875 0.66348831640625 0.4645242578125 0.68472583984375 0.4685510703125 0.69537308203125 0.4886983984375 0.68478190234375 0.503428818359375 0.662530744140625 0.535434751953125 0.671588361328125 0.55673225390625 0.68495551171875 0.546021412109375 0.70045844140625 0.53258945703125 0.712506330078125 0.511005015625 0.728638599609375 0.4805627890625 0.73947211328125 0.48261116015625 0.757539423828125 0.5065465859375 0.771543150390625 0.499880642578125 0.76877622265625 0.4690767265625 0.793768083984375 0.46246865234375 0.817361111328125 0.43178891796875 0.80502748828125 0.40896026171875 0.78148148046875 0.406790123046875 0.773520689453125 0.416587095703125 0.76339427734375 0.4338758671875 0.757020400390625 0.464963107421875 0.74778374609375 0.467529900390625 0.734227611328125 0.45980541015625 0.718405490234375 0.44079619921875 0.70892741015625 0.4203763984375
0 0.748347078125 0.466553337890625 0.756671369140625 0.465054736328125 0.75838939453125 0.44222005078125 0.7613661015625 0.42611159375 0.755227322265625 0.41932991015625 0.74008065625 0.420384837890625 0.72010905078125 0.4187162421875 0.709808123046875 0.41902247265625 0.711509873046875 0.432196421875 0.72497196875 0.439865451171875 0.730489546875 0.45184220703125 0.74241536328125 0.4639310859375 0.748347078125 0.466553337890625
1 0.6787109375 0.4111328125 0.009765625 0.009765625
1 0.6396484375 0.4462890625 0.0126953125 0.015625
1 0.642578125 0.591796875 0.052734375 0.083984375
1 0.5966796875 0.578125 0.009765625 0.0107421875
1 0.587890625 0.560546875 0.0078125 0.013671875
0 0.759765625 0.677734375 0.078125 0.109375
1 0.8056640625 0.705078125 0.009765625 0.005859375
1 0.6923828125 0.6875 0.005859375 0.005859375
1 0.6259765625 0.6494140625 0.0185546875 0.0126953125
0 0.54763635546875 0.669111689453125 0.55524721484375 0.7115801015625 0.56847963671875 0.744853154296875 0.580796080078125 0.752372685546875 0.60060583203125 0.752711466796875 0.634768337890625 0.74361255859375 0.650708912109375 0.71918402734375 0.6552074296875 0.698249421875 0.64762369921875 0.668668017578125 0.640599681640625 0.651631220703125 0.629758029296875 0.65387851953125 0.617462384765625 0.65462962890625 0.6088342734375 0.6269121328125 0.596147099609375 0.6130521796875 0.5820873125 0.609804205078125 0.55831976953125 0.627275029296875 0.55148021484375 0.6412519296875 0.54763635546875 0.669111689453125
1 0.533203125 0.673828125 0.037109375 0.0830078125
1 0.533203125 0.591796875 0.0107421875 0.017578125
1 0.5205078125 0.5927734375 0.0126953125 0.0185546875
1 0.576011826171875 0.58533106640625 0.56201171875 0.57345076171875 0.56273148046875 0.59750072265625 0.57798032421875 0.5895170234375 0.57676956640625 0.589808787109375 0.576011826171875 0.58533106640625
1 0.58284957421875 0.555385560546875 0.571962708984375 0.544417919921875 0.557407408203125 0.553703703125 0.557052046875 0.553302228515625 0.564382595703125 0.571950955078125 0.571397568359375 0.57725573828125 0.583465349609375 0.591478587890625 0.590606916015625 0.590610533203125 0.591534650390625 0.578496333984375 0.58284957421875 0.555385560546875
1 0.58334780078125 0.51823398828125 0.57638346484375 0.5032190390625 0.569838685546875 0.49084924609375 0.564926939453125 0.479755015625 0.54605667578125 0.47623215625 0.532713939453125 0.46895495703125 0.54054994921875 0.45631028125 0.528857421875 0.447020880859375 0.512558775390625 0.49608772265625 0.500614873046875 0.51640022265625 0.5110595703125 0.527479986328125 0.532896591796875 0.52642505859375 0.54574471875 0.5316743828125 0.541473162109375 0.551065779296875 0.538106734375 0.577958623046875 0.54837962890625 0.591358025390625 0.54815990234375 0.59390191015625 0.559126337890625 0.583810763671875 0.56139594140625 0.573620755859375 0.561798322265625 0.565399546875 0.55780074609375 0.5533203125 0.56890371875 0.536088205078125 0.58334780078125 0.51823398828125
1 0.590241609375 0.484581162109375 0.600168185546875 0.494707271484375 0.613173646484375 0.48042896484375 0.61655092578125 0.44879677734375 0.59857132421875 0.441771556640625 0.58150680078125 0.465317564453125 0.590241609375 0.484581162109375
0 0.5856761796875 0.46257354296875 0.59631166796875 0.44587553125 0.583401150390625 0.41398172265625 0.582407408203125 0.41327160546875 0.554974138671875 0.42947892578125 0.549073169921875 0.4420560859375 0.53689416796875 0.46282793359375 0.54532877734375 0.47949459765625 0.56314742578125 0.48038073828125 0.574623841796875 0.501551650390625 0.585561341796875 0.478719376953125 0.5856761796875 0.46257354296875
1 0.6005859375 0.4287109375 0.005859375 0.0078125
1 0.5263671875 0.4404296875 0.005859375 0.0107421875
1 0.5390625 0.4072265625 0.0361328125 0.0517578125
1 0.4794921875 0.43359375 0.0283203125 0.025390625
1 0.4912109375 0.4501953125 0.0048828125 0.009765625
1 0.482421875 0.44921875 0.005859375 0.009765625
1 0.4775390625 0.458984375 0.0029296875 0.0078125
1 0.4677734375 0.568359375 0.005859375 0.005859375
1 0.45703125 0.572265625 0.009765625 0.009765625
1 0.4423828125 0.609375 0.0048828125 0.005859375
1 0.4765625 0.673828125 0.0078125 0.005859375
1 0.4150390625 0.552734375 0.068359375 0.0986328125
1 0.3447265625 0.470703125 0.017578125 0.021484375
0 0.44827926171875 0.37831910546875 0.397328017578125 0.355633921875 0.382354962890625 0.3599573203125 0.3537914140625 0.38474512890625 0.338930482421875 0.39640721484375 0.34344075390625 0.4115873359375 0.35357258984375 0.444598765625 0.35803403515625 0.4799696171875 0.369089083984375 0.49310619140625 0.38958333203125 0.50462962890625 0.38967104296875 0.504736931640625 0.41763870703125 0.49440224609375 0.4492503984375 0.485012779296875 0.461850767578125 0.46364776171875 0.461850767578125 0.43102213671875 0.46566569140625 0.392158564453125 0.44827926171875 0.37831910546875
1 0.306640625 0.474609375 0.0185546875 0.021484375
1 0.296875 0.4453125 0.0185546875 0.021484375
1 0.3401123046875 0.548442322265625 0.353835720703125 0.52638406640625 0.350250470703125 0.508769771484375 0.327883572265625 0.49439019140625 0.303298611328125 0.48402416015625 0.30345504296875 0.484541376953125 0.30095757421875 0.49894266015625 0.30694173046875 0.53022641796875 0.318382884765625 0.5461504140625 0.329607927734375 0.57366054296875 0.334593822265625 0.56762876171875 0.3401123046875 0.548442322265625
1 0.312924986328125 0.59124590234375 0.295730251953125 0.588642939453125 0.298346173828125 0.603638599609375 0.32453432421875 0.631716580078125 0.33507125390625 0.6420488515625 0.34997196875 0.627103830078125 0.37274124609375 0.619906201171875 0.408015046875 0.62631655078125 0.408852357421875 0.6154296875 0.387388779296875 0.600729408203125 0.37788628515625 0.59140745703125 0.363929580078125 0.561606626953125 0.3416015625 0.54872926171875 0.336020689453125 0.571236013671875 0.312924986328125 0.59124590234375
1 0.396484375 0.6396484375 0.005859375 0.0078125
1 0.3447265625 0.7509765625 0.015625 0.0263671875
0 0.367939814453125 0.75058714453125 0.39227340234375 0.757480951171875 0.41302535546875 0.74027054296875 0.43597095703125 0.704634451171875 0.443027525390625 0.68320553515625 0.42705530078125 0.661088205078125 0.41087962890625 0.637962962890625 0.40016728125 0.64757908984375 0.388310185546875 0.648870322265625 0.37304868359375 0.632403791015625 0.35923032421875 0.6347921484375 0.348499892578125 0.67302637890625 0.34515697265625 0.711683787109375 0.356357603515625 0.7440393515625 0.367939814453125 0.75058714453125
1 0.3134765625 0.705078125 0.0126953125 0.0126953125
1 0.2978515625 0.5732421875 0.0439453125 0.046875
1 0.29296875 0.60546875 0.0078125 0.015625
1 0.263671875 0.6884765625 0.009765625 0.009765625
1 0.2509765625 0.701171875 0.009765625 0.009765625
1 0.2431640625 0.7216796875 0.015625 0.0126953125
1 0.236328125 0.7099609375 0.005859375 0.005859375
1 0.21076117578125 0.665229552734375 0.22070855078125 0.67292510546875 0.230882884765625 0.67015697265625 0.24282407421875 0.65123456640625 0.242501265625 0.650186873046875 0.236109302734375 0.6369707265625 0.215615052734375 0.637020158203125 0.193561017578125 0.64415026953125 0.197621888671875 0.649752845703125 0.20855396484375 0.6528055078125 0.21076117578125 0.665229552734375
0 0.12688801953125 0.68212287890625 0.147711408203125 0.712973814453125 0.158570240234375 0.735630064453125 0.17148618359375 0.74511116015625 0.1973668984375 0.75769796484375 0.2152171953125 0.755009404296875 0.235981806640625 0.740282599609375 0.236941189453125 0.723453173828125 0.225230576171875 0.67751494921875 0.21761881640625 0.672998650390625 0.208346896484375 0.664374759765625 0.201971208984375 0.649834828125 0.18998480859375 0.64967086328125 0.16130913671875 0.656550203125 0.1391773359375 0.6662073203125 0.12688801953125 0.68212287890625
1 0.12838451171875 0.776088685546875 0.149278427734375 0.764694251953125 0.1567346640625 0.74392240625 0.1567626953125 0.730220388671875 0.134326171875 0.70267409375 0.123853443359375 0.66803144140625 0.1168981484375 0.66327160546875 0.109395796875 0.70009765625 0.097739439453125 0.71520664453125 0.087358037109375 0.727318431640625 0.0852991171875 0.74474946875 0.088266783203125 0.76771315625 0.088266783203125 0.787872541015625 0.09288375390625 0.791980130859375 0.12838451171875 0.776088685546875
1 0.1455078125 0.78125 0.0078125 0.009765625
1 0.0859375 0.75390625 0.0078125 0.009765625
1 0.083984375 0.7197265625 0.0126953125 0.0185546875
1 0.0283203125 0.771484375 0.005859375 0.009765625
1 0.21557074609375 0.52053674609375 0.21501645703125 0.539872685546875 0.2273998125 0.56793619921875 0.2397216796875 0.58372637109375 0.265562607421875 0.59589361328125 0.2719066484375 0.58521653125 0.27574779296875 0.564010658203125 0.297957482421875 0.545902673828125 0.298716904296875 0.540926408203125 0.27813313671875 0.52356288671875 0.25300473828125 0.497178818359375 0.2343089921875 0.506628568359375 0.21557074609375 0.52053674609375
1 0.259765625 0.4736328125 0.005859375 0.0185546875
1 0.2822265625 0.4619140625 0.0126953125 0.021484375
1 0.2666015625 0.455078125 0.005859375 0.005859375
1 0.248046875 0.4541015625 0.005859375 0.005859375
1 0.19728461328125 0.62285638671875 0.218613462890625 0.62917872265625 0.229348416015625 0.606690056640625 0.230943466796875 0.56588541796875 0.22498462890625 0.542274306640625 0.2168791015625 0.53136746875 0.18929126953125 0.56057822265625 0.17384711328125 0.566548513671875 0.166796875 0.58007209765625 0.17693051953125 0.596528982421875 0.19728461328125 0.62285638671875
1 0.1533031328125 0.576450376953125 0.16740180078125 0.57108772265625 0.1856481484375 0.552160494140625 0.187643771484375 0.55071494140625 0.1628942421875 0.552025462890625 0.14959309765625 0.555460310546875 0.1280933515625 0.56802903125 0.12800835546875 0.5795331796875 0.135498951171875 0.579675443359375 0.1533031328125 0.576450376953125
1 0.162109375 0.587890625 0.025390625 0.0185546875
1 0.13671875 0.603515625 0.033203125 0.0625
1 0.0712890625 0.5966796875 0.0908203125 0.087890625
1 0.013671875 0.580078125 0.025390625 0.0498046875
0 0 0.72814549609375 0.01603551953125 0.72976466015625 0.0493127890625 0.726328607421875 0.06236617578125 0.71712601171875 0.075421369140625 0.70364583203125 0.08202311328125 0.66985556640625 0.0868824140625 0.643529369140625 0.08649088671875 0.641045765625 0.07196813671875 0.64028862890625 0.04895923828125 0.637319154296875 0.027061630859375 0.6374734765625 0.001094111328125 0.6360580625 0 0.64075400390625 0 0.681036603515625 0 0.72814549609375
0 0 0.46173201171875 0.000174515625 0.491555748046875 0.02982675 0.506280140625 0.04682436328125 0.491889708984375 0.0641077109375 0.464140865234375 0.067486798828125 0.4373083046875 0.07330367578125 0.405431375 0.060703306640625 0.39688826171875 0.0173131875 0.391929494140625 0 0.4033468359375 0 0.40762683203125 0 0.46173201171875
1 0.037109375 0.5205078125 0.041015625 0.029296875
1 0.099609375 0.4638671875 0.013671875 0.013671875
1 0.1142578125 0.4501953125 0.0205078125 0.017578125
1 0.1591796875 0.439453125 0.0078125 0.0126953125
1 0.1494140625 0.4462890625 0.0078125 0.0185546875
0 0.235613787109375 0.490811873046875 0.248802806640625 0.460649353515625 0.246705005859375 0.42803698828125 0.23802444921875 0.40448254296875 0.20328776171875 0.39168957421875 0.174899630859375 0.391521990234375 0.155666775390625 0.40981987890625 0.16407425390625 0.43773871484375 0.160235822265625 0.4737039453125 0.16209038671875 0.50772087109375 0.179853876953125 0.51803385546875 0.20576985546875 0.51743706640625 0.225551576171875 0.506547791015625 0.235613787109375 0.490811873046875
1 0.16796875 0.431640625 0.009765625 0.009765625
1 0.986328125 0.1005859375 0.017578125 0.015625