1 0.078125 0.5185546875 0.0078125 0.01171875
1 0.103515625 0.376953125 0.01953125 0.01953125
1 0.041015625 0.3740234375 0.01171875 0.015625
0 0.171900158203125 0.441333197265625 0.12729369140625 0.446195298828125 0.1007749296875 0.468421265625 0.08721264453125 0.498479705078125 0.076289517578125 0.536893708984375 0.068219767578125 0.5692597109375 0.079044552734375 0.58455800390625 0.13285482421875 0.597972857421875 0.15533258203125 0.585707892578125 0.192699380859375 0.545617923828125 0.211579708984375 0.5234211875 0.22780383203125 0.48209801953125 0.2112895234375 0.445458568359375 0.171900158203125 0.441333197265625
1 0.12109375 0.3369140625 0.015625 0.015625
1 0.0927734375 0.2802734375 0.134765625 0.1640625
1 0.12890625 0.1787109375 0.09375 0.146484375
0 0.1982421875 0.2158203125 0.123046875 0.158203125
1 0.2822265625 0.2294921875 0.1171875 0.17578125
1 0.16796875 0.40234375 0.0859375 0.0625
1 0.2724609375 0.34765625 0.142578125 0.138671875
1 0.34765625 0.197265625 0.0234375 0.0234375
1 0.337890625 0.2392578125 0.015625 0.01953125
1 0.3388671875 0.283203125 0.013671875 0.01953125
1 0.3779296875 0.2939453125 0.013671875 0.017578125
1 0.3681640625 0.396484375 0.01171875 0.021484375
1 0.2841796875 0.599609375 0.013671875 0.015625
1 0.2998046875 0.603515625 0.013671875 0.017578125
0 0.3740234375 0.5771484375 0.154296875 0.171875
1 0.4892578125 0.5966796875 0.01171875 0.015625
1 0.49649622265625 0.455886427734375 0.478746009765625 0.45004254296875 0.467029658203125 0.449742357421875 0.446185646484375 0.47454430859375 0.43799486328125 0.4961968359375 0.433326712890625 0.53685784765625 0.437619287109375 0.573369322265625 0.44508383984375 0.597071337890625 0.457115609375 0.6047630703125 0.502708078125 0.577357646484375 0.5207630078125 0.56116762890625 0.53585888671875 0.52539134765625 0.53991917578125 0.501718634765625 0.519473416015625 0.469843638671875 0.49649622265625 0.455886427734375
1 0.5048828125 0.4677734375 0.01171875 0.01171875
0 0.4453125 0.2587890625 0.14453125 0.173828125
1 0.564453125 0.263671875 0.01953125 0.021484375
1 0.603515625 0.3134765625 0.01171875 0.0078125
1 0.609375 0.3642578125 0.009765625 0.013671875
1 0.69921875 0.322265625 0.015625 0.017578125
1 0.7294921875 0.384765625 0.017578125 0.025390625
1 0.7373046875 0.365234375 0.013671875 0.017578125
1 0.7490234375 0.39453125 0.01953125 0.021484375
1 0.765625 0.3876953125 0.015625 0.01953125
1 0.783203125 0.3876953125 0.017578125 0.021484375
0 0.70995158203125 0.3548573125 0.696010923828125 0.33037354296875 0.68504983984375 0.2930980625 0.66579640234375 0.27439777734375 0.637114990234375 0.27681842578125 0.618304224609375 0.287580986328125 0.606915087890625 0.340041263671875 0.608232158203125 0.366778623046875 0.60719418359375 0.39974348046875 0.612596146484375 0.416685087890625 0.612874515625 0.416676548828125 0.644070388671875 0.418969494140625 0.6682406875 0.417774623046875 0.692556185546875 0.4112990078125 0.70951805859375 0.39557615625 0.70995158203125 0.3548573125
1 0.8173828125 0.404296875 0.01171875 0.015625
1 0.822265625 0.353515625 0.013671875 0.01953125
0 0.875 0.3876953125 0.1328125 0.158203125
1 0.923828125 0.4189453125 0.01953125 0.021484375
1 0.943359375 0.4033203125 0.033203125 0.04296875
1 0.98046875 0.4208984375 0.017578125 0.021484375
1 0.990234375 0.3916015625 0.015625 0.015625
1 0.9970703125 0.4267578125 0.005859375 0.029296875
1 0.9072265625 0.52734375 0.01171875 0.013671875
0 0.771484375 0.677734375 0.185546875 0.193359375
0 0.5703125 0.6279296875 0.15234375 0.19140625