0 0.0810546875 0.3388671875 0.111328125 0.138671875
1 0.1513671875 0.345703125 0.01953125 0.02734375
0 0.263671875 0.369140625 0.12890625 0.13671875
1 0.4150390625 0.4208984375 0.037109375 0.0390625
0 0.482421875 0.4091796875 0.134765625 0.16015625
1 0.4169921875 0.3671875 0.01171875 0.013671875
0 0.6953125 0.4052734375 0.150390625 0.1953125
1 0.607421875 0.4013671875 0.064453125 0.09765625
1 0.62109375 0.4404296875 0.015625 0.017578125
0 0.888671875 0.4677734375 0.17578125 0.18359375
1 0.990234375 0.466796875 0.01953125 0.0390625
1 0.9677734375 0.6279296875 0.03125 0.0625
1 0.9013671875 0.6259765625 0.04296875 0.0546875
1 0.8564453125 0.71484375 0.037109375 0.03125
1 0.7841796875 0.765625 0.025390625 0.03125
1 0.8232421875 0.6279296875 0.044921875 0.07421875
1 0.8125 0.572265625 0.013671875 0.01953125
1 0.7470703125 0.599609375 0.01953125 0.02734375
1 0.759765625 0.576171875 0.015625 0.015625
1 0.779296875 0.5693359375 0.01171875 0.015625
1 0.734375 0.587890625 0.015625 0.015625
1 0.7216796875 0.548828125 0.02734375 0.0234375
1 0.6962890625 0.5947265625 0.015625 0.015625
0 0.801810291015625 0.6598688515625 0.78610912890625 0.722112255859375 0.80218069140625 0.7737404765625 0.8433591796875 0.803817533203125 0.867883287109375 0.791567447265625 0.88485387109375 0.74130225 0.844294712890625 0.704566146484375 0.813168767578125 0.65685230859375 0.801810291015625 0.6598688515625
1 0.69140625 0.671875 0.015625 0.017578125
1 0.6240234375 0.5498046875 0.0234375 0.037109375
1 0.6923828125 0.55859375 0.0390625 0.037109375
1 0.6494140625 0.5517578125 0.015625 0.015625
1 0.5498046875 0.537109375 0.048828125 0.0390625
1 0.58203125 0.546875 0.021484375 0.02734375
1 0.509765625 0.53125 0.021484375 0.01953125
1 0.48828125 0.5458984375 0.013671875 0.013671875
1 0.4951171875 0.55859375 0.01171875 0.017578125
1 0.5087890625 0.5556640625 0.013671875 0.0078125
1 0.47265625 0.533203125 0.021484375 0.021484375
1 0.4541015625 0.515625 0.025390625 0.029296875
1 0.44140625 0.53125 0.015625 0.017578125
1 0.41796875 0.52734375 0.052734375 0.07421875
1 0.373046875 0.5615234375 0.05078125 0.048828125
1 0.38671875 0.517578125 0.03125 0.037109375
1 0.353515625 0.5087890625 0.0234375 0.02734375
1 0.3369140625 0.521484375 0.01953125 0.033203125
1 0.3251953125 0.4990234375 0.033203125 0.0390625
0 0.431640625 0.65234375 0.119140625 0.1875
0 0.2177734375 0.642578125 0.126953125 0.171875
1 0.267578125 0.6767578125 0.013671875 0.013671875
1 0.2119140625 0.4892578125 0.044921875 0.060546875
1 0.189453125 0.478515625 0.0234375 0.02734375
1 0.173828125 0.4765625 0.017578125 0.02734375
1 0.15625 0.482421875 0.017578125 0.015625
1 0.2373046875 0.5166015625 0.01953125 0.0234375
1 0.255859375 0.4853515625 0.041015625 0.04296875
1 0.27734375 0.4912109375 0.015625 0.017578125
1 0.2861328125 0.5009765625 0.013671875 0.01953125
1 0.09375 0.46484375 0.044921875 0.046875
1 0.052734375 0.4560546875 0.017578125 0.029296875
1 0.0166015625 0.4521484375 0.033203125 0.029296875
1 0.0146484375 0.4814453125 0.029296875 0.037109375
0 0.046875 0.6015625 0.09375 0.171875
1 0.0869140625 0.5498046875 0.017578125 0.02734375
1 0.2314453125 0.013671875 0.037109375 0.02734375
0 0.595511705078125 0.76706722265625 0.63217083984375 0.775262630859375 0.6860862421875 0.7637160859375 0.690726119140625 0.726831388671875 0.681587779296875 0.677994447265625 0.674712734375 0.636235640625 0.62906325390625 0.625816642578125 0.591179802734375 0.640982306640625 0.566149638671875 0.659769748046875 0.554601908203125 0.712145419921875 0.595511705078125 0.76706722265625