0 0.0732421875 0.3486328125 0.138671875 0.21484375
1 0.1650390625 0.353515625 0.03125 0.04296875
1 0.1689453125 0.4072265625 0.0234375 0.025390625
1 0.0458984375 0.5166015625 0.021484375 0.0234375
0 0.0302734375 0.66015625 0.060546875 0.16015625
0 0.228515625 0.732421875 0.193359375 0.240234375
1 0.1923828125 0.5556640625 0.037109375 0.041015625
1 0.2158203125 0.5439453125 0.021484375 0.033203125
1 0.251953125 0.5546875 0.01953125 0.025390625
1 0.3203125 0.5703125 0.029296875 0.021484375
0 0.275390625 0.4033203125 0.1640625 0.18359375
1 0.34765625 0.4248046875 0.013671875 0.01953125
1 0.361328125 0.4169921875 0.013671875 0.01953125
1 0.3798828125 0.40625 0.017578125 0.017578125
1 0.4052734375 0.421875 0.021484375 0.0234375
1 0.3818359375 0.583984375 0.025390625 0.021484375
1 0.4345703125 0.595703125 0.017578125 0.015625
1 0.47265625 0.6005859375 0.021484375 0.015625
1 0.4833984375 0.5771484375 0.021484375 0.021484375
1 0.4970703125 0.6435546875 0.0234375 0.025390625
0 0.38989741015625 0.6675177734375 0.37320994921875 0.736149140625 0.374999681640625 0.784946908203125 0.415235814453125 0.82803368359375 0.48187721484375 0.836449 0.522979552734375 0.816198591796875 0.5398279375 0.75933373046875 0.544318146484375 0.698399779296875 0.520807662109375 0.684002275390625 0.4785868984375 0.664395337890625 0.43946107421875 0.62142559375 0.420271931640625 0.623854427734375 0.38989741015625 0.6675177734375
1 0.6640625 0.595703125 0.0390625 0.05859375
1 0.5634765625 0.6103515625 0.01171875 0.013671875
1 0.548828125 0.6162109375 0.013671875 0.013671875
1 0.572265625 0.4716796875 0.015625 0.021484375
1 0.595703125 0.4638671875 0.009765625 0.017578125
0 0.5467196796875 0.332072630859375 0.526394822265625 0.317949501953125 0.47413916015625 0.358537822265625 0.4525632890625 0.409752099609375 0.467966783203125 0.44155390234375 0.512621330078125 0.487535931640625 0.557166009765625 0.504848158203125 0.5657803984375 0.487072576171875 0.57225065625 0.45300858984375 0.580805587890625 0.41279307421875 0.57766750390625 0.36993213671875 0.563155701171875 0.343309404296875 0.5467196796875 0.332072630859375
0 0.763671875 0.4599609375 0.171875 0.212890625
1 0.787109375 0.5810546875 0.0234375 0.03125
1 0.75616787890625 0.7422628359375 0.7815290390625 0.70826303125 0.78650232421875 0.670455162109375 0.767802345703125 0.640870759765625 0.7293831171875 0.615436529296875 0.69476255859375 0.59690953515625 0.67933071875 0.629777353515625 0.66648271875 0.6727883125 0.6457941015625 0.72835091015625 0.6528426015625 0.742699248046875 0.673528537109375 0.742090390625 0.70231692578125 0.7197954765625 0.720614251953125 0.70170858203125 0.734654130859375 0.735976376953125 0.75616787890625 0.7422628359375
0 0.73631884765625 0.72525932421875 0.719738828125 0.69410645703125 0.672785533203125 0.751793796875 0.663562140625 0.81014360546875 0.665432076171875 0.829525681640625 0.66673692578125 0.86839591796875 0.675798525390625 0.8868297109375 0.7139970234375 0.917877154296875 0.762253328125 0.87816378515625 0.78642578125 0.821248740234375 0.779658037109375 0.78051232421875 0.76014002734375 0.74914000390625 0.73631884765625 0.72525932421875
0 0.89453125 0.845703125 0.140625 0.20703125
0 0.9306640625 0.5029296875 0.138671875 0.232421875
1 0.8662109375 0.474609375 0.01171875 0.01171875
1 0.6240234375 0.7861328125 0.015625 0.017578125
1 0.66015625 0.47265625 0.015625 0.025390625