0 0.396484375 0.119140625 0.162109375 0.154296875
0 0.380859375 0.369140625 0.15625 0.134765625
0 0.376953125 0.5810546875 0.185546875 0.125
0 0.3056640625 0.7900390625 0.208984375 0.185546875
0 0.337890625 0.9482421875 0.14453125 0.0859375
1 0.4951171875 0.9912109375 0.025390625 0.017578125
1 0.5078125 0.9599609375 0.01953125 0.015625
0 0.6044921875 0.85546875 0.189453125 0.1484375
0 0.6220703125 0.611328125 0.1875 0.1640625
1 0.5234375 0.572265625 0.017578125 0.01171875
1 0.53515625 0.5478515625 0.017578125 0.01171875
0 0.681640625 0.3525390625 0.17578125 0.138671875
0 0.7080078125 0.1533203125 0.138671875 0.12890625
1 0.5546875 0.134765625 0.013671875 0.01171875
1 0.5078125 0.3720703125 0.021484375 0.021484375
1 0.48046875 0.70703125 0.01171875 0.013671875