0 0.73828125 0.9013671875 0.234375 0.177734375
1 0.748046875 0.8046875 0.013671875 0.01171875
0 0.447265625 0.904296875 0.193359375 0.162109375
1 0.4521484375 0.6513671875 0.017578125 0.013671875
0 0.354307857421875 0.739704943359375 0.402577080078125 0.77060909375 0.44981559765625 0.776156001953125 0.48336795703125 0.757849662109375 0.503482322265625 0.708546978515625 0.5054617734375 0.6930521875 0.505757166015625 0.69249599609375 0.461308806640625 0.664674328125 0.43713858984375 0.655050072265625 0.3974789140625 0.647182939453125 0.374975833984375 0.6462393515625 0.356504205078125 0.655606984375 0.3417287109375 0.69328980078125 0.354307857421875 0.739704943359375
0 0.421875 0.4482421875 0.1875 0.130859375
1 0.419921875 0.533203125 0.021484375 0.01171875
1 0.59375 0.65234375 0.01953125 0.01953125
1 0.5986328125 0.7041015625 0.021484375 0.013671875
1 0.6162109375 0.7177734375 0.013671875 0.013671875
0 0.7236328125 0.6982421875 0.2109375 0.17578125
1 0.71484375 0.5439453125 0.017578125 0.013671875
0 0.72265625 0.455078125 0.2109375 0.169921875
1 0.5830078125 0.4658203125 0.0234375 0.0234375
1 0.576171875 0.3876953125 0.013671875 0.01171875
1 0.5654296875 0.35546875 0.013671875 0.013671875
1 0.48828125 0.3740234375 0.029296875 0.0234375
1 0.41015625 0.2060546875 0.01953125 0.017578125
1 0.373046875 0.20703125 0.02734375 0.01953125
0 0.4013671875 0.2626953125 0.1328125 0.109375
1 0.4765625 0.2255859375 0.02734375 0.015625
1 0.5185546875 0.20703125 0.01953125 0.01953125
1 0.515625 0.1650390625 0.0234375 0.01953125
1 0.490234375 0.109375 0.013671875 0.015625
1 0.421875 0.0810546875 0.013671875 0.013671875
1 0.404296875 0.0537109375 0.01953125 0.021484375
1 0.4521484375 0.0654296875 0.013671875 0.013671875
1 0.490234375 0.0341796875 0.013671875 0.01953125
1 0.576171875 0.103515625 0.013671875 0.01953125
1 0.6240234375 0.0341796875 0.021484375 0.01171875
1 0.7529296875 0.0712890625 0.01953125 0.017578125
1 0.6650390625 0.3203125 0.013671875 0.01171875
0 0.62380621875 0.205184275390625 0.613045392578125 0.23800728515625 0.620672462890625 0.291768298828125 0.64759448046875 0.3136375703125 0.6885255625 0.322124798828125 0.755578041015625 0.317185595703125 0.7553333515625 0.317056587890625 0.788295404296875 0.263052326171875 0.787949720703125 0.228846234375 0.77448945703125 0.19799058203125 0.749385833984375 0.17364634375 0.7192277578125 0.166702341796875 0.66365673046875 0.179503771484375 0.62380621875 0.205184275390625
1 0.55859375 0.73828125 0.013671875 0.017578125
1 0.515625 0.61328125 0.013671875 0.01171875
1 0.587890625 0.6162109375 0.009765625 0.009765625
1 0.587890625 0.509765625 0.01953125 0.01171875