1 0.9873046875 0.357421875 0.015625 0.0283203125
1 1 0.397071115234375 0.994416916015625 0.38273078515625 0.97212878515625 0.35675341796875 0.954487365234375 0.33908286328125 0.94032921875 0.34327846484375 0.9402608984375 0.373371056640625 0.9462538984375 0.409446265625 0.95801685546875 0.443037873046875 1 0.436800732421875 1 0.397071115234375
0 0.921219939453125 0.4142915703125 0.92579230078125 0.39916623828125 0.9130909609375 0.38689155859375 0.931278935546875 0.375364369140625 0.93325316015625 0.30887908203125 0.875949435546875 0.315918638671875 0.81963131640625 0.342221525390625 0.7948816875 0.359157986328125 0.795266484375 0.4053564921875 0.807186173828125 0.4391383203125 0.84866194921875 0.463881923828125 0.89595691015625 0.440897205078125 0.921219939453125 0.4142915703125
1 0.861328125 0.583984375 0.029296875 0.0595703125
1 0.8125 0.6015625 0.0185546875 0.0185546875
1 0.755859375 0.6708984375 0.009765625 0.0126953125
0 0.8564453125 0.7109375 0.115234375 0.1298828125
1 0.642578125 0.755859375 0.015625 0.0205078125
1 0.6357421875 0.7763671875 0.009765625 0.017578125
1 0.6630859375 0.685546875 0.0107421875 0.009765625
1 0.541015625 0.787109375 0.0263671875 0.037109375
0 0.668364599609375 0.717764060546875 0.66935422265625 0.70191802734375 0.656831716796875 0.686769921875 0.672136220703125 0.6774450234375 0.67958703125 0.64603561328125 0.676092705078125 0.63424318359375 0.63936511328125 0.61841188671875 0.621451419921875 0.6127400546875 0.57721273828125 0.616762849609375 0.56148224609375 0.6341239609375 0.557614173828125 0.689755873046875 0.5722204140625 0.728973765625 0.60774237109375 0.755019451171875 0.63142903515625 0.75273946484375 0.65339666796875 0.74525918359375 0.668364599609375 0.717764060546875
1 0.669921875 0.4208984375 0.009765625 0.0107421875
1 0.5908203125 0.4921875 0.0439453125 0.0498046875
0 0.58917763671875 0.32794013671875 0.5768289453125 0.3457004453125 0.56845381640625 0.36934022265625 0.56990459375 0.42145838671875 0.596707818359375 0.467764060546875 0.6405797890625 0.449762625 0.657457642578125 0.4349253046875 0.67639411328125 0.40227676953125 0.684090068359375 0.36316202734375 0.66582774609375 0.33849344140625 0.636327923828125 0.325149765625 0.62279871484375 0.32243307421875 0.58917763671875 0.32794013671875
1 0.529296875 0.505859375 0.015625 0.037109375
1 0.5068359375 0.5009765625 0.025390625 0.037109375
1 0.544921875 0.388671875 0.009765625 0.015625
1 0.556640625 0.38671875 0.005859375 0.0126953125
1 0.5537109375 0.3525390625 0.017578125 0.015625
1 0.5244140625 0.34765625 0.009765625 0.0078125
1 0.529296875 0.365234375 0.009765625 0.0185546875
1 0.5009765625 0.3955078125 0.005859375 0.009765625
1 0.478515625 0.3740234375 0.005859375 0.013671875
1 0.455078125 0.349609375 0.0078125 0.0126953125
1 0.466796875 0.419921875 0.037109375 0.068359375
0 0.400390625 0.369140625 0.09375 0.15625
1 0.337890625 0.3681640625 0.009765625 0.0126953125
1 0.2607421875 0.4111328125 0.0126953125 0.015625
0 0.213067451171875 0.433579013671875 0.24353178125 0.41050454296875 0.266437796875 0.35253236328125 0.230938947265625 0.32252818359375 0.18630341015625 0.28218503515625 0.167158966796875 0.293272837890625 0.13469429296875 0.33960798046875 0.14023618359375 0.41465995703125 0.160104005859375 0.44167684765625 0.213067451171875 0.433579013671875
1 0.423828125 0.634765625 0.046875 0.0498046875
1 0.4189453125 0.6748046875 0.009765625 0.0126953125
0 0.354331435546875 0.789575564453125 0.37016842578125 0.786806626953125 0.40662676171875 0.757983966796875 0.430402841796875 0.72224231640625 0.436490283203125 0.684618537109375 0.422769177734375 0.681303048828125 0.41353805078125 0.678701560546875 0.400123376953125 0.662355859375 0.38245884765625 0.64060356640625 0.365206244140625 0.64158280859375 0.343291859375 0.65285547265625 0.315847640625 0.685352634765625 0.328685619140625 0.69933797265625 0.33816591015625 0.722251693359375 0.34138494921875 0.760052296875 0.354331435546875 0.789575564453125
1 0.34375 0.7861328125 0.009765625 0.0126953125
1 0.3359375 0.8017578125 0.009765625 0.005859375
1 0.3212890625 0.8046875 0.0078125 0.009765625
1 0.318359375 0.767578125 0.0048828125 0.005859375
1 0.26171875 0.7421875 0.005859375 0.0126953125
1 0.24609375 0.6689453125 0.009765625 0.021484375
1 0.330078125 0.638671875 0.005859375 0.013671875
1 0.31640625 0.6474609375 0.009765625 0.009765625
1 0.314453125 0.669921875 0.0029296875 0.009765625
0 0.1328125 0.666015625 0.130859375 0.1279296875
1 0.078125 0.814453125 0.0673828125 0.095703125
1 0.087890625 0.763671875 0.021484375 0.015625
1 0.0322265625 0.5546875 0.0126953125 0.0185546875
1 0.0107421875 0.5380859375 0.0107421875 0.015625
1 0.01953125 0.5283203125 0.009765625 0.009765625
1 0.1494140625 0.5078125 0.0439453125 0.0751953125
1 0.1728515625 0.5390625 0.009765625 0.0126953125
1 0.787109375 0.55078125 0.009765625 0.0078125
1 0.759765625 0.5634765625 0.0107421875 0.015625
1 0.73828125 0.529296875 0.015625 0.015625
1 0.74609375 0.7060546875 0.005859375 0.0107421875
1 0.96484375 0.7265625 0.015625 0.0185546875
1 0.951171875 0.697265625 0.0126953125 0.0126953125
1 0.9951171875 0.70703125 0.009765625 0.0263671875
1 0.736665701171875 0 0.78130576171875 0.055246109375 0.856586974609375 0.09193150390625 0.915667498046875 0.173142923828125 0.959287291015625 0.23197780078125 0.9806209609375 0.241452064453125 1 0.230147248046875 1 0 0.736665701171875 0
1 0.7080078125 0.12890625 0.03125 0.025390625
1 0.4130859375 0.0185546875 0.009765625 0.0126953125
1 0.21875 0.017578125 0.041015625 0.0341796875
1 0.1689453125 0.009765625 0.048828125 0.01953125
1 0.025390625 0.1142578125 0.013671875 0.025390625