0 0.1494140625 0.3974609375 0.15625 0.177734375
1 0.33203125 0.4951171875 0.0234375 0.05078125
0 0.3564453125 0.37109375 0.16015625 0.205078125
0 0.6298828125 0.4541015625 0.140625 0.16796875
1 0.6123046875 0.5810546875 0.025390625 0.025390625
0 0.8779296875 0.4375 0.169921875 0.20703125
1 0.7646484375 0.5361328125 0.01171875 0.015625
1 0.021484375 0.642578125 0.021484375 0.029296875
1 0.1455345625 0.7839211484375 0.168971875 0.78369617578125 0.17883109375 0.78024391796875 0.183684501953125 0.761690248046875 0.180062357421875 0.7486081015625 0.166858318359375 0.749883984375 0.146936076171875 0.760677353515625 0.1417572265625 0.781121484375 0.1455345625 0.7839211484375
1 0.2470703125 0.7509765625 0.029296875 0.029296875
1 0.2666015625 0.7314453125 0.015625 0.021484375
1 0.2568359375 0.6611328125 0.013671875 0.013671875
0 0.19266872265625 0.62691540625 0.1528071796875 0.612190078125 0.115475658203125 0.626265048828125 0.089285189453125 0.6459301171875 0.081278935546875 0.67076966015625 0.0791423203125 0.703591138671875 0.07427778515625 0.733081072265625 0.08758698828125 0.761188025390625 0.1072166015625 0.7773494453125 0.14015057421875 0.76346655859375 0.160488263671875 0.764677287109375 0.1931528046875 0.7753244296875 0.193285505859375 0.774692861328125 0.21261671875 0.75719423046875 0.22178239453125 0.74453661328125 0.22680499609375 0.693351962890625 0.225148171875 0.64967535546875 0.214984318359375 0.633425150390625 0.19266872265625 0.62691540625
1 0.3662109375 0.6787109375 0.013671875 0.01953125
1 0.466796875 0.7021484375 0.01953125 0.021484375
1 0.470703125 0.716796875 0.013671875 0.013671875
1 0.4931640625 0.732421875 0.037109375 0.052734375
0 0.394420294921875 0.782357728515625 0.424462263671875 0.780794421875 0.45979719140625 0.7642073515625 0.475022380859375 0.735842037109375 0.473901716796875 0.72089141796875 0.4582096875 0.694100283203125 0.4463450390625 0.663353044921875 0.414925685546875 0.63276654296875 0.414882517578125 0.633192869140625 0.401270845703125 0.64486869140625 0.3773830625 0.677674361328125 0.355898205078125 0.707062572265625 0.347030505859375 0.72972221484375 0.35114658203125 0.755071236328125 0.370380478515625 0.775354791015625 0.394420294921875 0.782357728515625
1 0.435546875 0.587890625 0.025390625 0.021484375
1 0.5830078125 0.7197265625 0.021484375 0.02734375
1 0.689453125 0.693359375 0.017578125 0.021484375
0 0.6816957265625 0.803086240234375 0.700063525390625 0.774518609375 0.706769423828125 0.737302892578125 0.69579969140625 0.711542771484375 0.68226796875 0.688071412109375 0.669867541015625 0.646745609375 0.669477185546875 0.64688572265625 0.657001884765625 0.6474174765625 0.633738119140625 0.6749679296875 0.612743724609375 0.70494926953125 0.59395708984375 0.744739625 0.594467822265625 0.768080314453125 0.62176578125 0.811308431640625 0.650971796875 0.822776236328125 0.6816957265625 0.803086240234375
1 0.78125 0.6962890625 0.013671875 0.01953125
1 0.7919921875 0.728515625 0.017578125 0.0234375
1 0.8115234375 0.7431640625 0.01171875 0.021484375
1 0.8408203125 0.6787109375 0.013671875 0.013671875
1 0.8564453125 0.8037109375 0.03515625 0.037109375
0 0.988678095703125 0.72912777734375 0.97765526953125 0.67551034375 0.951012216796875 0.632467458984375 0.902413689453125 0.656611224609375 0.86465810546875 0.689013666015625 0.849463962890625 0.72495874609375 0.847534283203125 0.76554561328125 0.859871666015625 0.780828130859375 0.89098426171875 0.80261675 0.930052470703125 0.813361521484375 0.953316876953125 0.800536384765625 0.986327759765625 0.773974841796875 0.988678095703125 0.72912777734375
1 0.3134765625 0.5458984375 0.01171875 0.013671875