0 0.154296875 0.798828125 0.232421875 0.2265625
0 0.4208984375 0.7158203125 0.205078125 0.2421875
1 0.5341796875 0.7890625 0.01171875 0.01171875
1 0.5625 0.65234375 0.013671875 0.01171875
0 0.67578125 0.677734375 0.220703125 0.25
0 0.8896484375 0.59765625 0.18359375 0.19140625
0 0.8154296875 0.2919921875 0.134765625 0.19921875
1 0.779296875 0.421875 0.060546875 0.060546875
1 0.90625 0.384765625 0.037109375 0.044921875
1 0.736328125 0.171875 0.046875 0.04296875
0 0.6220703125 0.318359375 0.130859375 0.205078125
0 0.3515625 0.3798828125 0.162109375 0.1953125
0 0.1103515625 0.44140625 0.158203125 0.193359375
1 0.048828125 0.5263671875 0.029296875 0.041015625
1 0.0595703125 0.5556640625 0.0234375 0.021484375