0 0.126953125 0.326171875 0.1640625 0.171875
1 0.1748046875 0.4599609375 0.02734375 0.02734375
0 0.0771484375 0.607421875 0.154296875 0.203125
0 0.30859375 0.634765625 0.1484375 0.177734375
0 0.3447265625 0.3681640625 0.1875 0.220703125
1 0.255859375 0.4775390625 0.009765625 0.009765625
1 0.419921875 0.5068359375 0.015625 0.015625
1 0.3974609375 0.5029296875 0.009765625 0.009765625
1 0.4111328125 0.5126953125 0.009765625 0.009765625
1 0.486328125 0.5458984375 0.01171875 0.013671875
1 0.595703125 0.5234375 0.029296875 0.03125
1 0.53515625 0.5498046875 0.107421875 0.12109375
1 0.603515625 0.5634765625 0.013671875 0.015625
1 0.634765625 0.5361328125 0.0078125 0.0078125
0 0.548828125 0.7021484375 0.208984375 0.216796875
1 0.7041015625 0.54296875 0.009765625 0.013671875
1 0.7109375 0.5556640625 0.01171875 0.01171875
0 0.5908203125 0.3837890625 0.169921875 0.171875
0 0.8017578125 0.4306640625 0.15234375 0.212890625
1 0.8095703125 0.578125 0.009765625 0.013671875
1 0.833984375 0.583984375 0.01171875 0.013671875
1 0.9111328125 0.5146484375 0.0234375 0.02734375
1 0.8720703125 0.58984375 0.01171875 0.013671875
1 0.8935546875 0.5966796875 0.03125 0.044921875
1 0.927734375 0.6376953125 0.029296875 0.0390625
0 0.765625 0.7763671875 0.193359375 0.2421875
0 0.98046875 0.4599609375 0.0390625 0.099609375