1 0.3975986328125 0.439981193359375 0.36651691015625 0.481497845703125 0.333331296875 0.5053683671875 0.312363814453125 0.5072600859375 0.29038194921875 0.455037560546875 0.206626021484375 0.45083298828125 0.165062904296875 0.473916572265625 0.234414638671875 0.61068883203125 0.381514408203125 0.718942005859375 0.54026965234375 0.83601649609375 0.658656625 0.813768953125 0.760712814453125 0.762002197265625 0.78897365234375 0.71048916015625 0.762333689453125 0.598679509765625 0.724823296875 0.481226724609375 0.644637931640625 0.458948240234375 0.59488702734375 0.44824162890625 0.5467824296875 0.43886483984375 0.469619689453125 0.433882359375 0.41231852734375 0.44411300390625 0.3975986328125 0.439981193359375
1 0.6796875 0.45703125 0.04296875 0.0390625
0 0.389069787109375 0.1168904296875 0.32145655859375 0.1668310703125 0.2639838203125 0.26383573046875 0.252385041015625 0.3678672265625 0.269922576171875 0.434600703125 0.30459646875 0.508449380859375 0.3386475390625 0.512975509765625 0.385544056640625 0.4570105703125 0.472460294921875 0.447733935546875 0.54827932421875 0.4501128046875 0.653175525390625 0.47608839453125 0.667423912109375 0.44305514453125 0.7323622265625 0.458371185546875 0.74340834375 0.37182327734375 0.7689781015625 0.24522569140625 0.72042029296875 0.13614495703125 0.596064205078125 0.073761349609375 0.500752265625 0.087859984375 0.389069787109375 0.1168904296875
0 0.9111328125 0.130859375 0.154296875 0.1328125
0 0.7333984375 0.083984375 0.123046875 0.109375
0 0.662109375 0.041015625 0.07421875 0.048828125
0 0.5537109375 0.0478515625 0.126953125 0.095703125
0 0.4052734375 0.029296875 0.087890625 0.05859375
0 0.3349609375 0.03125 0.103515625 0.0625
0 0.248046875 0.015625 0.109375 0.03125
0 0.1640625 0.0126953125 0.13671875 0.025390625
1 0.2080078125 0.248046875 0.0546875 0.052734375
0 0.96484375 0.3017578125 0.0703125 0.232421875