0 0.0419921875 0.5283203125 0.083984375 0.154296875
1 0.09375 0.638671875 0.07421875 0.1015625
1 0.1416015625 0.6201171875 0.076171875 0.103515625
0 0.1015625 0.802734375 0.115234375 0.169921875
1 0.2333984375 0.84375 0.013671875 0.015625
0 0.228277498046875 0.787416943359375 0.21991807421875 0.800418978515625 0.22144644921875 0.8100672109375 0.2569353046875 0.840149822265625 0.272119736328125 0.848948103515625 0.290464123046875 0.85005412890625 0.339132630859375 0.8264869453125 0.34969003125 0.796477359375 0.343656630859375 0.736430291015625 0.314445595703125 0.709257744140625 0.281020833984375 0.696647744140625 0.247451591796875 0.70904885546875 0.224697611328125 0.72910378515625 0.247712189453125 0.767039560546875 0.228277498046875 0.787416943359375
1 0.2099609375 0.7529296875 0.0078125 0.009765625
1 0.392578125 0.82421875 0.0078125 0.01171875
1 0.40234375 0.876953125 0.009765625 0.009765625
1 0.2216796875 0.6689453125 0.01171875 0.015625
1 0.328125 0.6689453125 0.01171875 0.015625
1 0.3095703125 0.6435546875 0.03515625 0.04296875
1 0.230806322265625 0.626436453125 0.2258804453125 0.6404393203125 0.244923673828125 0.66468532421875 0.262094228515625 0.689377533203125 0.270208205078125 0.693560294921875 0.277542685546875 0.694247060546875 0.278218408203125 0.6938425 0.296211845703125 0.665250927734375 0.29530069921875 0.637206140625 0.30535710546875 0.62311969140625 0.318051171875 0.586741568359375 0.318338587890625 0.547382126953125 0.301184744140625 0.554311197265625 0.26783405078125 0.580749615234375 0.25298687890625 0.587341029296875 0.230806322265625 0.626436453125
1 0.1708984375 0.52734375 0.01171875 0.01953125
0 0.14626362109375 0.49771865234375 0.173636033203125 0.51722201953125 0.18779572265625 0.545553138671875 0.206046810546875 0.551879009765625 0.251228958984375 0.558923375 0.2628164453125 0.5538349921875 0.270538625 0.5358849921875 0.27346329296875 0.510313244140625 0.2736580625 0.47103488671875 0.265889974609375 0.444455361328125 0.247899158203125 0.408806884765625 0.232887732421875 0.3997597578125 0.21290878125 0.393514017578125 0.17112221484375 0.39664162109375 0.17075866015625 0.394062181640625 0.151205544921875 0.398768888671875 0.12022555859375 0.44587887109375 0.124972609375 0.465470591796875 0.14626362109375 0.49771865234375
1 0.4296875 0.6083984375 0.0625 0.0703125
1 0.3828125 0.595703125 0.05078125 0.06640625
0 0.557488599609375 0.732625748046875 0.530514341796875 0.69439465234375 0.499950443359375 0.682091626953125 0.462495830078125 0.6717454921875 0.44016242578125 0.67357378515625 0.433653306640625 0.686567326171875 0.447453501953125 0.7058981953125 0.471005353515625 0.713192859375 0.473222048828125 0.721551958984375 0.4596309609375 0.728102173828125 0.44569076171875 0.74211046484375 0.436166419921875 0.758957998046875 0.436200109375 0.77143990234375 0.476890470703125 0.812480462890625 0.50822076171875 0.816631857421875 0.530837201171875 0.81421112890625 0.553554015625 0.7902445546875 0.56524777734375 0.75788212109375 0.557488599609375 0.732625748046875
1 0.4599609375 0.7197265625 0.02734375 0.01953125
1 0.384765625 0.4990234375 0.0078125 0.01171875
0 0.4598769140625 0.506726259765625 0.465930052734375 0.47753045703125 0.469668939453125 0.438570955078125 0.459262064453125 0.421686771484375 0.4480120625 0.4073929609375 0.42207069921875 0.386556708984375 0.39391248046875 0.375596384765625 0.359768701171875 0.368142728515625 0.351782208984375 0.389962185546875 0.342462251953125 0.428851146484375 0.343208146484375 0.470058375 0.351210333984375 0.477360177734375 0.387002849609375 0.494254732421875 0.41293483984375 0.515011865234375 0.442573533203125 0.517897927734375 0.4598769140625 0.506726259765625
1 0.478515625 0.44921875 0.015625 0.01953125
1 0.5517578125 0.6005859375 0.015625 0.01953125
1 0.4921875 0.59765625 0.0078125 0.01171875
1 0.5146484375 0.603515625 0.0078125 0.01171875
1 0.537109375 0.5849609375 0.0078125 0.01171875
1 0.523201173828125 0.547019169921875 0.5098475546875 0.526908744140625 0.485481462890625 0.502224087890625 0.4697067578125 0.497948107421875 0.4681193515625 0.523546775390625 0.472524845703125 0.553035591796875 0.4868222734375 0.586018130859375 0.4977448984375 0.586768408203125 0.515977435546875 0.55924793359375 0.523201173828125 0.547019169921875
1 0.546761708984375 0.545203837890625 0.561553087890625 0.534879380859375 0.5619761015625 0.502010853515625 0.5521313046875 0.45892905078125 0.54524554296875 0.427370603515625 0.53613708203125 0.428273419921875 0.52499863671875 0.43793698828125 0.4991266640625 0.463718259765625 0.48544546484375 0.507773419921875 0.49530492578125 0.525103341796875 0.518239083984375 0.532491267578125 0.546761708984375 0.545203837890625
1 0.58400858203125 0.495665708984375 0.57764713671875 0.52841749609375 0.58333934765625 0.561833609375 0.595367240234375 0.60989212890625 0.60999508984375 0.624896927734375 0.62418203515625 0.6219533828125 0.6456305234375 0.593755333984375 0.659340107421875 0.563211091796875 0.661860365234375 0.5462336328125 0.636011873046875 0.53677937890625 0.609459681640625 0.512891046875 0.58580237109375 0.4940891328125 0.58400858203125 0.495665708984375
1 0.576171875 0.5888671875 0.009765625 0.01171875
0 0.75895844140625 0.7638312265625 0.768707876953125 0.72448451171875 0.761094416015625 0.680484658203125 0.744556908203125 0.65915791015625 0.713398037109375 0.619766716796875 0.693535443359375 0.588799904296875 0.65782102734375 0.654916640625 0.626286697265625 0.674395416015625 0.63383920703125 0.689943841796875 0.633921958984375 0.7224570859375 0.6345788828125 0.74046615625 0.654856806640625 0.766640890625 0.692896748046875 0.787993587890625 0.735157703125 0.787379134765625 0.75895844140625 0.7638312265625
1 0.7470703125 0.578125 0.080078125 0.072265625
1 0.69921875 0.560546875 0.0078125 0.01171875
1 0.6728515625 0.5537109375 0.0078125 0.013671875
1 0.8125 0.6767578125 0.009765625 0.01171875
0 0.923791822265625 0.69830942578125 0.922272861328125 0.677341279296875 0.902198802734375 0.616002873046875 0.888316076171875 0.60952251171875 0.855554111328125 0.593823146484375 0.832807919921875 0.58667 0.82483953125 0.609143490234375 0.817387037109375 0.66301853515625 0.815231099609375 0.685988087890625 0.821115576171875 0.705648271484375 0.831603525390625 0.724826126953125 0.850465576171875 0.743752287109375 0.8786919453125 0.748677578125 0.91323073828125 0.720787369140625 0.923791822265625 0.69830942578125
1 0.82719335546875 0.534262298828125 0.81551084765625 0.520588525390625 0.80390908984375 0.51485102734375 0.775041548828125 0.524024154296875 0.770708978515625 0.531286720703125 0.78178621484375 0.56034910546875 0.79160099609375 0.568703833984375 0.800368419921875 0.566603466796875 0.820362548828125 0.54525962109375 0.82719335546875 0.534262298828125
1 0.859717998046875 0.5959051328125 0.86804969921875 0.571259111328125 0.870128828125 0.539251962890625 0.845336482421875 0.52019184765625 0.828322431640625 0.52339571484375 0.818952392578125 0.5397616015625 0.81661257421875 0.549356173828125 0.811338974609375 0.563484390625 0.825576498046875 0.588958966796875 0.842237251953125 0.596755462890625 0.859717998046875 0.5959051328125
1 0.87109375 0.5625 0.017578125 0.0234375
1 0.88671875 0.541015625 0.05078125 0.07421875
1 0.875117380859375 0.479070291015625 0.877579775390625 0.51299209765625 0.889890314453125 0.543101357421875 0.894376080078125 0.556121671875 0.920886689453125 0.579996900390625 0.9348823671875 0.58357468359375 0.9639227421875 0.55747370703125 0.96356369140625 0.52928022265625 0.924116521484375 0.491120267578125 0.875117380859375 0.479070291015625
1 0.986328125 0.5517578125 0.02734375 0.033203125
1 0.9951171875 0.623046875 0.009765625 0.015625
1 0.7802734375 0.447265625 0.04296875 0.056640625
1 0.7197265625 0.455078125 0.041015625 0.05078125
0 0.603515625 0.421875 0.146484375 0.1640625
0 0.89983778125 0.415662916015625 0.894257349609375 0.3786293671875 0.876936201171875 0.33673789453125 0.84313609375 0.3006408046875 0.8426441953125 0.299103966796875 0.797099076171875 0.328105109375 0.766105859375 0.3735299140625 0.75735489453125 0.3958381875 0.763405587890625 0.408000296875 0.78513197265625 0.4212379921875 0.807331236328125 0.443478037109375 0.83871858203125 0.46940386328125 0.870514931640625 0.45739232421875 0.89983778125 0.415662916015625