0 0.8662109375 0.283203125 0.203125 0.220703125
1 0.7353515625 0.3291015625 0.009765625 0.015625
0 0.611328125 0.291015625 0.1015625 0.162109375
1 0.6884765625 0.23046875 0.0595703125 0.083984375
1 0.6240234375 0.1962890625 0.021484375 0.0341796875
1 0.5205078125 0.263671875 0.013671875 0.0283203125
1 0.486328125 0.279296875 0.009765625 0.0126953125
1 0.4599609375 0.2900390625 0.009765625 0.0107421875
0 0.3681640625 0.294921875 0.1376953125 0.181640625
1 0.2724609375 0.1875 0.03125 0.0341796875
0 0.115234375 0.271484375 0.177734375 0.201171875
1 0.216796875 0.431640625 0.015625 0.013671875
1 0.1533203125 0.4306640625 0.0341796875 0.041015625
0 0.119140625 0.5947265625 0.166015625 0.1904296875
0 0.36328125 0.607421875 0.177734375 0.2158203125
1 0.3125 0.4609375 0.009765625 0.015625
1 0.673828125 0.666015625 0.03125 0.046875
1 0.5302734375 0.548828125 0.015625 0.0185546875
0 0.822265625 0.6494140625 0.189453125 0.275390625
1 0.7744140625 0.490234375 0.0185546875 0.0341796875
1 0.7421875 0.548828125 0.0078125 0.0126953125
0 0.9697265625 0.634765625 0.060546875 0.12890625
1 0.970703125 0.46875 0.021484375 0.0439453125
0 0.59375 0.6376953125 0.126953125 0.212890625