1 0.1015625 0.4560546875 0.017578125 0.01171875
0 0.19140625 0.3623046875 0.150390625 0.1875
1 0.15234375 0.48828125 0.009765625 0.013671875
1 0.2802734375 0.427734375 0.013671875 0.017578125
1 0.3251953125 0.3759765625 0.0078125 0.013671875
0 0.42782055078125 0.302611759765625 0.378940154296875 0.29180258984375 0.378963552734375 0.2927066328125 0.358634958984375 0.299538353515625 0.346611150390625 0.334241810546875 0.34873209375 0.37258383203125 0.370396033203125 0.409769193359375 0.396329291015625 0.42987241796875 0.456026572265625 0.427270771484375 0.461465404296875 0.402148779296875 0.4650791875 0.350901337890625 0.453307365234375 0.323727169921875 0.42782055078125 0.302611759765625
1 0.4775390625 0.455078125 0.013671875 0.015625
1 0.46875 0.3876953125 0.009765625 0.013671875
1 0.5546875 0.3525390625 0.01171875 0.013671875
1 0.6181640625 0.3466796875 0.01171875 0.021484375
1 0.564453125 0.50390625 0.060546875 0.044921875
1 0.595703125 0.5009765625 0.01171875 0.017578125
1 0.3779296875 0.5498046875 0.02734375 0.033203125
1 0.4365234375 0.544921875 0.0390625 0.0234375
1 0.490234375 0.5224609375 0.0703125 0.095703125
0 0.589529154296875 0.3630602578125 0.572656609375 0.372635404296875 0.572255671875 0.373731345703125 0.583510998046875 0.42210408984375 0.598320181640625 0.44277096484375 0.650800623046875 0.44398062890625 0.674587388671875 0.43048572265625 0.699206447265625 0.37933605078125 0.68933502734375 0.345235341796875 0.66035761328125 0.310420357421875 0.64106645703125 0.32528780078125 0.6242949921875 0.35032637109375 0.611693998046875 0.358011345703125 0.589529154296875 0.3630602578125
1 0.6982421875 0.494140625 0.02734375 0.025390625
1 0.697265625 0.4677734375 0.013671875 0.013671875
1 0.8212890625 0.5087890625 0.01953125 0.01953125
1 0.8193359375 0.5595703125 0.013671875 0.009765625
1 0.819328359375 0.5204200625 0.8021637734375 0.517132990234375 0.795860205078125 0.5185708671875 0.7921982578125 0.529026814453125 0.7975044296875 0.560403224609375 0.797147349609375 0.561116830078125 0.80075694921875 0.561549181640625 0.8149550859375 0.546305455078125 0.823741072265625 0.525973853515625 0.819328359375 0.5204200625
0 0.83984375 0.37890625 0.12890625 0.138671875
1 0.7646484375 0.3466796875 0.013671875 0.013671875
1 0.779296875 0.33203125 0.01171875 0.015625
1 0.9150390625 0.3935546875 0.009765625 0.013671875
0 0.8671875 0.68359375 0.12890625 0.15625
1 0.5869140625 0.662109375 0.01953125 0.02734375
1 0.5712890625 0.634765625 0.013671875 0.01953125
1 0.5478515625 0.6474609375 0.041015625 0.064453125
0 0.65234375 0.6884765625 0.109375 0.162109375
1 0.4990234375 0.6630859375 0.009765625 0.015625
0 0.373958244140625 0.650461345703125 0.358813876953125 0.6782325234375 0.351898302734375 0.695863603515625 0.368335318359375 0.738780751953125 0.398858798828125 0.765382779296875 0.438007337890625 0.754876732421875 0.461553955078125 0.706811404296875 0.46906866015625 0.667125302734375 0.443062564453125 0.61431994921875 0.419131904296875 0.598394662109375 0.4000364921875 0.61907761328125 0.373958244140625 0.650461345703125
1 0.30859375 0.6875 0.009765625 0.015625
0 0.1875 0.681640625 0.146484375 0.203125
1 0.0849609375 0.720703125 0.013671875 0.013671875
1 0.0244140625 0.6005859375 0.013671875 0.013671875