1 0.658203125 0.9599609375 0.025390625 0.017578125
1 0.642578125 0.9873046875 0.0234375 0.017578125
1 0.6376953125 0.955078125 0.017578125 0.013671875
1 0.6484375 0.8623046875 0.033203125 0.0234375
1 0.6787109375 0.9013671875 0.021484375 0.021484375
1 0.697265625 0.822265625 0.123046875 0.080078125
1 0.4541015625 0.97265625 0.060546875 0.0546875
1 0.4501953125 0.912109375 0.025390625 0.025390625
1 0.4755859375 0.8994140625 0.017578125 0.03515625
1 0.453125 0.8359375 0.03515625 0.041015625
0 0.59057942578125 0.970125603515625 0.6335755078125 0.96330562109375 0.627061853515625 0.924655880859375 0.645781033203125 0.89026156640625 0.577062724609375 0.86971346875 0.557641884765625 0.8679519453125 0.553543119140625 0.9445307265625 0.59057942578125 0.970125603515625
1 0.521377673828125 0.860787146484375 0.533518595703125 0.902927513671875 0.5652491796875 0.873192474609375 0.58773099609375 0.864233583984375 0.588442431640625 0.863113046875 0.5271205625 0.82831288671875 0.521377673828125 0.860787146484375
1 0.440590515625 0.868852078125 0.492198990234375 0.88922809765625 0.534693955078125 0.929533345703125 0.53320456640625 0.898664806640625 0.52639219921875 0.85902192578125 0.492519265625 0.84308644140625 0.43419212890625 0.85856149609375 0.440590515625 0.868852078125
1 0.552734375 0.7890625 0.09375 0.06640625
0 0.3564453125 0.927734375 0.123046875 0.126953125
1 0.462890625 0.7080078125 0.017578125 0.017578125
1 0.48046875 0.693359375 0.029296875 0.029296875
1 0.26953125 0.9453125 0.017578125 0.015625
0 0.429728359375 0.63789008984375 0.412562275390625 0.63046196484375 0.361723607421875 0.679692521484375 0.346800419921875 0.70208223046875 0.360324029296875 0.74756823828125 0.393726189453125 0.7638812890625 0.41671840234375 0.7702602578125 0.466665349609375 0.752088419921875 0.457172615234375 0.696657701171875 0.429728359375 0.63789008984375
1 0.5390625 0.685546875 0.115234375 0.08203125
1 0.6689453125 0.69921875 0.021484375 0.015625
0 0.66796875 0.7470703125 0.138671875 0.09765625
1 0.7119140625 0.669921875 0.01953125 0.01171875
1 0.7119140625 0.66015625 0.013671875 0.0078125
1 0.6572265625 0.658203125 0.07421875 0.05859375
1 0.6689453125 0.634765625 0.009765625 0.0078125
1 0.6904296875 0.623046875 0.03125 0.013671875
1 0.6728515625 0.6005859375 0.015625 0.013671875
1 0.66796875 0.5830078125 0.017578125 0.01171875
1 0.5849609375 0.611328125 0.04296875 0.037109375
1 0.5693359375 0.5830078125 0.04296875 0.029296875
1 0.7099609375 0.5830078125 0.017578125 0.01953125
1 0.5732421875 0.5244140625 0.142578125 0.08984375
1 0.5322265625 0.4794921875 0.021484375 0.0234375
1 0.53515625 0.435546875 0.107421875 0.076171875
1 0.4716796875 0.4580078125 0.013671875 0.01171875
1 0.359375 0.533203125 0.015625 0.013671875
1 0.4228515625 0.5537109375 0.01171875 0.0078125
1 0.3828125 0.537109375 0.013671875 0.0078125
0 0.42220671484375 0.5360477265625 0.461618263671875 0.540490923828125 0.4800449921875 0.54060740625 0.469062078125 0.491968208984375 0.467900658203125 0.4711869375 0.448674166015625 0.441231080078125 0.429094458984375 0.428478158203125 0.36386175390625 0.46080336328125 0.3428529453125 0.4864598359375 0.34093841015625 0.502508056640625 0.3776095390625 0.5215867890625 0.42220671484375 0.5360477265625
0 0.7418590234375 0.571992134765625 0.75996946484375 0.546254435546875 0.776315158203125 0.52183665625 0.77309500390625 0.5153079921875 0.772251740234375 0.5175583515625 0.72937385546875 0.51691439453125 0.69723389453125 0.494107806640625 0.67586928125 0.47763290625 0.662740576171875 0.4957066484375 0.656423126953125 0.54211793359375 0.657547013671875 0.56055505859375 0.711164296875 0.57258819921875 0.7418590234375 0.571992134765625
1 0.677992111328125 0.478764791015625 0.70532026171875 0.50399187109375 0.73552865234375 0.516707138671875 0.780223505859375 0.499794271484375 0.791499892578125 0.4471311484375 0.76993418359375 0.43217375 0.73427430078125 0.437704599609375 0.7060902109375 0.419174248046875 0.66480598828125 0.4373869453125 0.630165689453125 0.4569612421875 0.63269287890625 0.472343609375 0.654371013671875 0.485671904296875 0.677992111328125 0.478764791015625
1 0.751953125 0.4306640625 0.009765625 0.01171875
1 0.75 0.4208984375 0.005859375 0.005859375
1 0.73046875 0.412109375 0.013671875 0.013671875
1 0.76171875 0.3623046875 0.017578125 0.01171875
0 0.7300850703125 0.40765236328125 0.77206358984375 0.417294509765625 0.833036275390625 0.3836492421875 0.7904773359375 0.364226982421875 0.757680515625 0.3675408828125 0.76222250390625 0.34235122265625 0.734833580078125 0.326293669921875 0.687027525390625 0.32912088671875 0.683056259765625 0.357835791015625 0.68785905859375 0.405723833984375 0.70785735546875 0.41560971484375 0.7300850703125 0.40765236328125
1 0.779296875 0.32421875 0.0234375 0.015625
1 0.7822265625 0.2900390625 0.03125 0.025390625
1 0.7470703125 0.2998046875 0.0390625 0.029296875
1 0.619140625 0.408203125 0.013671875 0.01171875
1 0.5693359375 0.388671875 0.015625 0.0390625
1 0.6201171875 0.2470703125 0.02734375 0.021484375
1 0.583984375 0.25390625 0.015625 0.021484375
1 0.466796875 0.365234375 0.01171875 0.01171875
0 0.4638671875 0.2998046875 0.16015625 0.12890625
1 0.4677734375 0.1552734375 0.015625 0.013671875
1 0.5048828125 0.1318359375 0.033203125 0.025390625
1 0.634765625 0.0498046875 0.0625 0.076171875
1 0.558355126953125 0.08360602734375 0.570476736328125 0.10587678125 0.6006490078125 0.1284029140625 0.623428126953125 0.110606673828125 0.622354560546875 0.107788205078125 0.618730380859375 0.077044453125 0.588919583984375 0.06814577734375 0.561686353515625 0.0755209609375 0.558355126953125 0.08360602734375
0 0.479600853515625 0 0.447247693359375 0.01496002734375 0.4165387265625 0.074181025390625 0.424166552734375 0.1086259453125 0.46837467578125 0.119679783203125 0.50139856640625 0.122398236328125 0.533869201171875 0.123707099609375 0.578850072265625 0.116367306640625 0.55968808203125 0.082314123046875 0.547998353515625 0.030635373046875 0.517521814453125 0.002539546875 0.505030744140625 0 0.479600853515625 0
1 0.6474609375 0.1328125 0.009765625 0.013671875
1 0.78125 0.08984375 0.02734375 0.01953125
1 0.8154296875 0.0947265625 0.03125 0.01953125
1 0.8037109375 0.0791015625 0.017578125 0.015625
1 0.765625 0.0634765625 0.017578125 0.01171875
1 0.8798828125 0.08203125 0.0234375 0.017578125
1 0.75 0.11328125 0.01953125 0.0078125
1 0.716796875 0.11328125 0.013671875 0.0078125
0 0.857974548828125 0.12620917578125 0.82584333203125 0.104169525390625 0.78240645703125 0.098679263671875 0.746119076171875 0.112932138671875 0.713379822265625 0.115155787109375 0.7019970078125 0.132910076171875 0.724847193359375 0.14466817578125 0.742144390625 0.18508455078125 0.819423466796875 0.19196294921875 0.860065619140625 0.1248320625 0.857974548828125 0.12620917578125
1 0.7587890625 0.2197265625 0.013671875 0.01171875
1 0.7861328125 0.21484375 0.029296875 0.033203125
1 0.7646484375 0.2314453125 0.015625 0.01171875
1 0.7880859375 0.240234375 0.03515625 0.029296875
1 0.7431640625 0.27734375 0.01171875 0.01171875
1 0.7373046875 0.2353515625 0.01171875 0.009765625
1 0.8154296875 0.2822265625 0.009765625 0.0078125
1 0.7529296875 0.056640625 0.01171875 0.01171875
1 0.1416015625 0.0537109375 0.0234375 0.021484375
1 0.1181640625 0.2119140625 0.029296875 0.029296875
1 0.048828125 0.60546875 0.02734375 0.025390625