1 0.751953125 0.9482421875 0.013671875 0.009765625
1 0.630859375 0.98046875 0.013671875 0.013671875
1 0.6572265625 0.9423828125 0.021484375 0.01171875
0 0.71290422265625 0.841995439453125 0.709634447265625 0.839980392578125 0.6979888046875 0.8307138671875 0.664698015625 0.827622119140625 0.64397573828125 0.831489361328125 0.6079353125 0.858858181640625 0.588890365234375 0.876872025390625 0.5832558125 0.896279642578125 0.592406228515625 0.935383939453125 0.601247375 0.95452531640625 0.634662177734375 0.964980931640625 0.680819744140625 0.955161015625 0.716586408203125 0.946735451171875 0.76600090234375 0.925069193359375 0.772865501953125 0.923543087890625 0.744390578125 0.87909670703125 0.728583537109375 0.856541994140625 0.71290422265625 0.841995439453125
1 0.5263671875 0.951171875 0.015625 0.013671875
1 0.5283203125 0.912109375 0.013671875 0.013671875
0 0.3759765625 0.8984375 0.177734375 0.123046875
1 0.54296875 0.845703125 0.10546875 0.0859375
1 0.5244140625 0.841796875 0.021484375 0.013671875
1 0.6318359375 0.751953125 0.03125 0.01953125
1 0.5927734375 0.76171875 0.052734375 0.046875
1 0.6171875 0.8076171875 0.095703125 0.06640625
1 0.6943359375 0.794921875 0.015625 0.009765625
1 0.564453125 0.720703125 0.013671875 0.0078125
1 0.7421875 0.7646484375 0.01953125 0.013671875
1 0.578125 0.626953125 0.04296875 0.025390625
0 0.7087215078125 0.62032899609375 0.69889311328125 0.603951849609375 0.6956347578125 0.59905055859375 0.682915494140625 0.5973575859375 0.643931595703125 0.60893675 0.6090321171875 0.623176921875 0.58171408984375 0.647254224609375 0.5680115078125 0.67514654296875 0.566339169921875 0.701698416015625 0.585480455078125 0.72210359375 0.625023884765625 0.736362466796875 0.65313362890625 0.747280341796875 0.68356668359375 0.750029703125 0.71821801171875 0.745406103515625 0.73049767578125 0.71656078125 0.73086306640625 0.6831789140625 0.72902524609375 0.666745947265625 0.72277647265625 0.6437112578125 0.7087215078125 0.62032899609375
1 0.435546875 0.7509765625 0.03125 0.025390625
0 0.359375 0.6875 0.162109375 0.125
1 0.5185546875 0.6689453125 0.0234375 0.017578125
1 0.5185546875 0.6845703125 0.015625 0.013671875
1 0.5078125 0.65234375 0.013671875 0.005859375
1 0.53125 0.6318359375 0.013671875 0.01953125
1 0.5302734375 0.6123046875 0.009765625 0.013671875
1 0.5166015625 0.6083984375 0.013671875 0.005859375
1 0.5205078125 0.5947265625 0.013671875 0.013671875
1 0.6435546875 0.55859375 0.013671875 0.01171875
1 0.6787109375 0.5810546875 0.015625 0.009765625
1 0.658203125 0.5361328125 0.009765625 0.01171875
1 0.63671875 0.533203125 0.015625 0.015625
1 0.53515625 0.5693359375 0.12890625 0.083984375
1 0.5419921875 0.5068359375 0.095703125 0.078125
1 0.478515625 0.466796875 0.09375 0.0703125
1 0.4384765625 0.416015625 0.109375 0.05078125
0 0.3759765625 0.478515625 0.125 0.1171875
0 0.6787109375 0.4599609375 0.181640625 0.123046875
1 0.5947265625 0.3671875 0.11328125 0.07421875
1 0.533203125 0.330078125 0.078125 0.048828125
1 0.4677734375 0.3564453125 0.03125 0.03125
0 0.3662109375 0.2705078125 0.162109375 0.154296875
1 0.484375 0.2109375 0.08203125 0.064453125
1 0.517578125 0.2685546875 0.1484375 0.083984375
0 0.681640625 0.265625 0.18359375 0.142578125
1 0.6572265625 0.1630859375 0.09765625 0.060546875
1 0.5234375 0.17578125 0.015625 0.015625
1 0.52734375 0.1572265625 0.015625 0.009765625
1 0.5673828125 0.14453125 0.01953125 0.01953125
1 0.5302734375 0.09765625 0.01953125 0.013671875
1 0.55859375 0.0625 0.015625 0.01171875
1 0.509765625 0.015625 0.06640625 0.03125
0 0.3876953125 0.05859375 0.13671875 0.115234375
0 0.66015625 0.0576171875 0.140625 0.115234375
1 0.53125 0.3798828125 0.015625 0.009765625
1 0.5654296875 0.4306640625 0.01171875 0.005859375