0 0.48264462890625 0.83025175 0.49515415625 0.86069879296875 0.509166341796875 0.887873033203125 0.518651642578125 0.903799544921875 0.536868591796875 0.913027205078125 0.556587060546875 0.92182315625 0.5595047578125 0.923373697265625 0.591173154296875 0.921222056640625 0.607616208984375 0.90881280859375 0.60718665625 0.853622015625 0.610243373046875 0.8296174296875 0.59462203515625 0.81940685546875 0.543889529296875 0.812045751953125 0.51701787890625 0.80436434375 0.48264462890625 0.83025175
0 0.566198119140625 1 0.551581732421875 0.968400302734375 0.53930238671875 0.96214619921875 0.514543888671875 0.968515884765625 0.486482490234375 0.963784708984375 0.48920678515625 0.979202205078125 0.499033681640625 0.994201564453125 0.503269041015625 1 0.566198119140625 1
0 0.383259298828125 0.8038562890625 0.3491356015625 0.802482765625 0.33344059765625 0.814689408203125 0.3488849140625 0.83606844140625 0.371335521484375 0.850881666015625 0.397287703125 0.8595629140625 0.407747724609375 0.8458415234375 0.414023439453125 0.824436673828125 0.4114666171875 0.809801580078125 0.4216440625 0.802593087890625 0.423090171875 0.784893927734375 0.40735351953125 0.79047237890625 0.383259298828125 0.8038562890625
1 0.21544691015625 0.911376685546875 0.209070826171875 0.937669169921875 0.1831899609375 0.91736951953125 0.14551617578125 0.92735644140625 0.130178740234375 0.95768023046875 0.1292998046875 0.95823865234375 0.1377771875 0.95927954296875 0.238878400390625 0.9716932109375 0.323496666015625 0.982083029296875 0.36837089453125 0.987592890625 0.39381061328125 0.978104142578125 0.409056560546875 0.93218816015625 0.393276390625 0.90957316015625 0.373653990234375 0.867867845703125 0.345511958984375 0.833125576171875 0.284661033203125 0.82228847265625 0.26384679296875 0.80341912890625 0.178303419921875 0.790882859375 0.163740607421875 0.812933431640625 0.18636115625 0.85139144140625 0.218185853515625 0.88200348046875 0.21544691015625 0.911376685546875
1 0.43808170703125 0.8889336328125 0.41623871484375 0.87030237890625 0.381738533203125 0.87535864453125 0.389264244140625 0.903639166015625 0.4018955703125 0.92884916015625 0.395147986328125 0.947016626953125 0.413103919921875 0.96495587109375 0.44093619140625 0.970182259765625 0.432530421875 0.91078402734375 0.43808170703125 0.8889336328125
1 0.44718996484375 0.952206642578125 0.443518919921875 0.970304162109375 0.478413615234375 0.983799056640625 0.51141562890625 0.9694486875 0.513847900390625 0.939167158203125 0.496836001953125 0.89841748046875 0.48824869921875 0.931200798828125 0.478883958984375 0.945583759765625 0.44718996484375 0.952206642578125
1 0.462736802734375 0.947947982421875 0.47963628125 0.941972208984375 0.498098982421875 0.910927224609375 0.514663908203125 0.92575179296875 0.547723984375 0.96050576171875 0.57699542578125 0.97809303515625 0.62249696875 0.97138512109375 0.637596076171875 0.93857883984375 0.603376123046875 0.925594970703125 0.55179071484375 0.92147744921875 0.51659376171875 0.906331646484375 0.4957160234375 0.874369724609375 0.466090966796875 0.85697719921875 0.438525994140625 0.88278547265625 0.4338649375 0.911433328125 0.440710888671875 0.944246630859375 0.441231310546875 0.944035923828125 0.462736802734375 0.947947982421875
1 0.315586013671875 0.79353631640625 0.32480383984375 0.804149185546875 0.352451486328125 0.8051414140625 0.374772025390625 0.8041820078125 0.404415927734375 0.794964796875 0.43024152734375 0.781810390625 0.470896865234375 0.7931324921875 0.509074814453125 0.798344638671875 0.556928466796875 0.80928166796875 0.574465703125 0.787257931640625 0.59366955078125 0.75891075390625 0.57232914453125 0.747167314453125 0.536994673828125 0.722061546875 0.479368560546875 0.69059937890625 0.429864294921875 0.681276501953125 0.386630884765625 0.6807756640625 0.3632022890625 0.697444173828125 0.355766642578125 0.721992759765625 0.322027255859375 0.750672658203125 0.315586013671875 0.79353631640625
1 0.2919921875 0.8056640625 0.01953125 0.017578125
0 0.5965413203125 0.761186904296875 0.615991466796875 0.72967491015625 0.6242047265625 0.696828748046875 0.610903904296875 0.673340357421875 0.589339611328125 0.64377600390625 0.558500169921875 0.635680296875 0.5082030625 0.6487985859375 0.498382609375 0.6723906171875 0.4991650078125 0.70855767578125 0.5314390546875 0.73015378125 0.561411564453125 0.748518203125 0.5965413203125 0.761186904296875
1 0.5126953125 0.49609375 0.03515625 0.052734375
0 0.535864326171875 0.522981005859375 0.54125009375 0.55840142578125 0.558046236328125 0.5523062421875 0.58692843359375 0.55959953515625 0.619666189453125 0.561077494140625 0.627393033203125 0.52666700390625 0.63131509375 0.489820376953125 0.60006704296875 0.481999861328125 0.5686489921875 0.489498662109375 0.5423946953125 0.498739029296875 0.535864326171875 0.522981005859375
1 0.538818564453125 0.49028846875 0.584141982421875 0.481871224609375 0.628849341796875 0.490164703125 0.6189423203125 0.529320818359375 0.617515013671875 0.558099451171875 0.559118912109375 0.552609220703125 0.52273490234375 0.54455060546875 0.481877201171875 0.538876158203125 0.4747076484375 0.583298806640625 0.518441685546875 0.626803763671875 0.548544630859375 0.6257899921875 0.584789259765625 0.6037224453125 0.612828515625 0.656119541015625 0.647150197265625 0.71207755078125 0.5935436015625 0.754023439453125 0.608509134765625 0.77970041796875 0.648422984375 0.7932795546875 0.744916646484375 0.79906558984375 0.812144216796875 0.7885039921875 0.871927798828125 0.778420419921875 0.8723834453125 0.75737725390625 0.85675284765625 0.736780427734375 0.81834658203125 0.719153826171875 0.781783365234375 0.698526703125 0.76193923046875 0.66648216015625 0.76155207421875 0.636019474609375 0.78228580859375 0.6007891015625 0.81623984375 0.575909505859375 0.850445404296875 0.59150075390625 0.89530253125 0.579817662109375 0.885651109375 0.5416472265625 0.84900681640625 0.5187125703125 0.7782855 0.52278694140625 0.71070623828125 0.503309271484375 0.66706172265625 0.479553361328125 0.657007833984375 0.443414265625 0.637702458984375 0.4164592109375 0.549430806640625 0.423644337890625 0.5214667109375 0.460521375 0.538818564453125 0.49028846875
1 0.1240234375 0.60546875 0.203125 0.140625
0 0.32221088671875 0.593956845703125 0.284647076171875 0.60242448828125 0.244304876953125 0.631702482421875 0.2372746171875 0.662768076171875 0.246867162109375 0.678563130859375 0.270778296875 0.695739353515625 0.299594193359375 0.704119546875 0.347424228515625 0.7264384375 0.347430779296875 0.726422158203125 0.35809630078125 0.7035898203125 0.37866248046875 0.68501591796875 0.407628458984375 0.644020439453125 0.39066805078125 0.612786619140625 0.32221088671875 0.593956845703125
0 0.286289212890625 0.540204501953125 0.339711724609375 0.542190666015625 0.392264685546875 0.521295822265625 0.421396578125 0.482856751953125 0.420305546875 0.474763935546875 0.4022313984375 0.45088191015625 0.3876337421875 0.4288593125 0.361441703125 0.42593144140625 0.339425046875 0.4178725078125 0.2938659609375 0.43127094140625 0.256865443359375 0.477257302734375 0.263550513671875 0.5115875390625 0.286289212890625 0.540204501953125
1 0.447265625 0.587890625 0.01171875 0.01171875
1 0.45703125 0.5234375 0.01171875 0.01171875
1 0.3623046875 0.423828125 0.013671875 0.009765625
1 0.33984375 0.41015625 0.017578125 0.013671875
1 0.3603515625 0.4033203125 0.017578125 0.013671875
1 0.3583984375 0.388671875 0.01171875 0.01171875
1 0.35546875 0.3701171875 0.02734375 0.013671875
1 0.3369140625 0.3916015625 0.01953125 0.013671875
1 0.3173828125 0.3828125 0.01953125 0.015625
1 0.373046875 0.576171875 0.005859375 0.005859375
1 0.44140625 0.5771484375 0.009765625 0.0078125
1 0.5302734375 0.380859375 0.0390625 0.029296875
1 0.54296875 0.33203125 0.013671875 0.01171875
1 0.46875 0.4033203125 0.08203125 0.0625
1 0.470703125 0.3681640625 0.009765625 0.005859375
1 0.439687265625 0.32956432421875 0.42674696875 0.32771632421875 0.416800994140625 0.334864302734375 0.414126736328125 0.35119233984375 0.427854927734375 0.36793702734375 0.447280138671875 0.37850305859375 0.45291670703125 0.37443255859375 0.467508603515625 0.356596904296875 0.451428666015625 0.34255057421875 0.439687265625 0.32956432421875
1 0.4609375 0.3115234375 0.0234375 0.021484375
1 0.53266328125 0.346757193359375 0.541646412109375 0.343603716796875 0.5217374140625 0.327315818359375 0.510449609375 0.292641359375 0.502456580078125 0.272177375 0.48819165234375 0.27296151953125 0.4744941484375 0.29742884765625 0.47006350390625 0.317739994140625 0.451981240234375 0.31807769921875 0.4396012734375 0.327714529296875 0.43920999609375 0.327438732421875 0.44128728125 0.341144421875 0.476996572265625 0.34674871875 0.497783025390625 0.374203068359375 0.509068775390625 0.37844633203125 0.53266328125 0.346757193359375
0 0.438110388671875 0.30726543359375 0.41536192578125 0.274729654296875 0.3962995 0.248183412109375 0.374521857421875 0.233967904296875 0.353225568359375 0.243433109375 0.31903846484375 0.25063630859375 0.281207666015625 0.267124796875 0.285203505859375 0.32238565234375 0.3185488828125 0.34993555078125 0.36588234765625 0.360698232421875 0.416724828125 0.34859812109375 0.42632187109375 0.328122673828125 0.449046212890625 0.329252798828125 0.438110388671875 0.30726543359375
1 0.349609375 0.2333984375 0.0234375 0.01171875
1 0.34375 0.21875 0.01953125 0.017578125
1 0.37890625 0.2216796875 0.013671875 0.01171875
1 0.4345703125 0.2138671875 0.046875 0.03125
1 0.458984375 0.236328125 0.013671875 0.0078125
1 0.478515625 0.2314453125 0.02734375 0.03125
1 0.4970703125 0.21875 0.01953125 0.01171875
1 0.4892578125 0.251953125 0.013671875 0.013671875
1 0.529296875 0.2109375 0.013671875 0.009765625
1 0.3955078125 0.1845703125 0.021484375 0.015625
1 0.349609375 0.1767578125 0.009765625 0.0078125
1 0.4580078125 0.103515625 0.0234375 0.0234375
0 0.3720703125 0.1142578125 0.158203125 0.12890625
1 0.419921875 0.015625 0.017578125 0.01171875
1 0.3330078125 0.0107421875 0.017578125 0.013671875
1 0.564453125 0.0498046875 0.0234375 0.021484375
1 0.5419921875 0.1416015625 0.033203125 0.052734375
1 0.4951171875 0.1416015625 0.0390625 0.025390625
1 0.50577251953125 0.04667706640625 0.478748314453125 0.032322470703125 0.441987388671875 0.0384707109375 0.423648759765625 0.044391828125 0.450048994140625 0.072885697265625 0.4686483359375 0.104379587890625 0.489431462890625 0.126178146484375 0.50689246875 0.132999646484375 0.515488029296875 0.13185950390625 0.530567009765625 0.11925720703125 0.55405771875 0.110474435546875 0.5575011640625 0.085221796875 0.555057234375 0.06634612109375 0.548311837890625 0.05112081640625 0.50577251953125 0.04667706640625
1 0.4990234375 0.025390625 0.072265625 0.05078125
1 0.6318359375 0.0791015625 0.041015625 0.037109375
1 0.6103515625 0.0625 0.01953125 0.015625
0 0.63671875 0.1552734375 0.171875 0.13671875
0 0.66603026953125 0.332744171875 0.66111092578125 0.30087715234375 0.64615396875 0.284818708984375 0.59481394921875 0.2773270859375 0.539790279296875 0.29031728125 0.533303162109375 0.307679318359375 0.548059431640625 0.33060444140625 0.541245986328125 0.351261740234375 0.540743583984375 0.3510775703125 0.55192024609375 0.38827303125 0.57848783203125 0.401531994140625 0.604236318359375 0.401698294921875 0.620873015625 0.392391798828125 0.662198984375 0.348283828125 0.66603026953125 0.332744171875