0 0.67578125 0.9130859375 0.140625 0.115234375
1 0.6669921875 0.8427734375 0.02734375 0.021484375
0 0.6396484375 0.732421875 0.138671875 0.130859375
1 0.58203125 0.58203125 0.0390625 0.037109375
0 0.5908203125 0.5146484375 0.162109375 0.138671875
1 0.6357421875 0.578125 0.013671875 0.01171875
0 0.587890625 0.3017578125 0.19921875 0.15625
1 0.5947265625 0.388671875 0.099609375 0.068359375
1 0.5556640625 0.376953125 0.017578125 0.015625
0 0.51953125 0.1103515625 0.1875 0.1796875
1 0.513671875 0.0087890625 0.0390625 0.017578125
1 0.35546875 0.037109375 0.0625 0.033203125
1 0.359375 0.103515625 0.056640625 0.04296875
1 0.2734375 0.1513671875 0.03125 0.0390625
1 0.224609375 0.224609375 0.03125 0.02734375
1 0.361328125 0.1806640625 0.07421875 0.046875
1 0.4169921875 0.1904296875 0.01953125 0.013671875
1 0.392578125 0.255859375 0.02734375 0.021484375
1 0.4140625 0.2421875 0.015625 0.015625
1 0.4208984375 0.2236328125 0.015625 0.01171875
1 0.404296875 0.2685546875 0.015625 0.015625
1 0.443359375 0.2802734375 0.0234375 0.029296875
1 0.3984375 0.306640625 0.015625 0.015625
0 0.184384482421875 0.167453064453125 0.21588032421875 0.207556794921875 0.268037984375 0.221816767578125 0.329695509765625 0.20395290625 0.33231380859375 0.192496072265625 0.2835427578125 0.16305427734375 0.245413537109375 0.1238018984375 0.195771224609375 0.142516375 0.184384482421875 0.167453064453125
1 0.3212890625 0.314453125 0.017578125 0.015625
1 0.4462890625 0.3779296875 0.037109375 0.0234375
1 0.4345703125 0.310546875 0.037109375 0.0390625
1 0.4423828125 0.3525390625 0.015625 0.015625
1 0.4609375 0.451171875 0.0390625 0.05078125
1 0.4501953125 0.419921875 0.029296875 0.0234375
1 0.46875 0.4921875 0.01953125 0.021484375
1 0.455078125 0.513671875 0.015625 0.013671875
1 0.44140625 0.5068359375 0.017578125 0.013671875
1 0.443359375 0.4931640625 0.0078125 0.013671875
1 0.4677734375 0.5283203125 0.021484375 0.021484375
1 0.4853515625 0.5458984375 0.029296875 0.025390625
1 0.470703125 0.560546875 0.017578125 0.015625
1 0.4755859375 0.5830078125 0.076171875 0.0546875
1 0.4423828125 0.62890625 0.048828125 0.052734375
1 0.486328125 0.61328125 0.037109375 0.033203125
1 0.49609375 0.646484375 0.029296875 0.0234375
1 0.484375 0.6640625 0.033203125 0.01953125
1 0.5068359375 0.673828125 0.0390625 0.03515625
0 0.349609375 0.57421875 0.189453125 0.125
0 0.3671875 0.787109375 0.173828125 0.130859375
1 0.3310546875 0.73828125 0.015625 0.013671875
1 0.521484375 0.787109375 0.060546875 0.046875
1 0.5322265625 0.8095703125 0.029296875 0.0234375
1 0.53515625 0.8251953125 0.02734375 0.01953125
1 0.5302734375 0.8427734375 0.015625 0.017578125
1 0.4931640625 0.7626953125 0.0234375 0.01953125
1 0.5224609375 0.744140625 0.04296875 0.041015625
1 0.5166015625 0.72265625 0.017578125 0.015625
1 0.5068359375 0.7138671875 0.01953125 0.013671875
1 0.548828125 0.9052734375 0.048828125 0.046875
1 0.5595703125 0.9453125 0.03125 0.017578125
1 0.564453125 0.9814453125 0.029296875 0.03515625
1 0.5361328125 0.984375 0.037109375 0.03125
0 0.4140625 0.953125 0.17578125 0.09375
1 0.46484375 0.9150390625 0.02734375 0.017578125
1 0.990234375 0.7509765625 0.01953125 0.037109375
0 0.35774996484375 0.330148251953125 0.31577666015625 0.324734755859375 0.266650546875 0.3173063671875 0.22995024609375 0.32323067578125 0.22029235546875 0.377516201171875 0.229762158203125 0.413866990234375 0.286078234375 0.45283512109375 0.338018990234375 0.43946654296875 0.355921447265625 0.413795953125 0.369755759765625 0.3754063046875 0.35774996484375 0.330148251953125