1 0.5465209140625 0.921481583984375 0.53806252734375 0.90818837890625 0.51698215625 0.892040365234375 0.470530765625 0.88114028125 0.454892462890625 0.8981188828125 0.460347779296875 0.936666791015625 0.478839451171875 0.944817294921875 0.51093029296875 0.944791626953125 0.538635935546875 0.93358870703125 0.5465209140625 0.921481583984375
0 0.483196498046875 0.8609075703125 0.511565380859375 0.894649974609375 0.532673943359375 0.92409145703125 0.527521126953125 0.95838528125 0.5723737421875 0.972264017578125 0.61545391796875 0.96677991015625 0.672120640625 0.94856068359375 0.67519877734375 0.94679419140625 0.675937283203125 0.9470481171875 0.655878193359375 0.887232869140625 0.634412068359375 0.855376798828125 0.58814281640625 0.818918158203125 0.5401774453125 0.80567995703125 0.48611579296875 0.832895271484375 0.483196498046875 0.8609075703125
0 0.267578125 0.8564453125 0.189453125 0.15234375
0 0.2890625 0.591796875 0.23046875 0.1640625
1 0.4326171875 0.7548828125 0.025390625 0.0234375
1 0.4306640625 0.8095703125 0.0234375 0.029296875
1 0.4560546875 0.6923828125 0.08203125 0.08203125
1 0.357421875 0.693359375 0.01953125 0.017578125
0 0.595703125 0.65625 0.17578125 0.138671875
1 0.45703125 0.482421875 0.076171875 0.056640625
1 0.41796875 0.5146484375 0.02734375 0.0234375
1 0.2939453125 0.4931640625 0.02734375 0.015625
1 0.3291015625 0.4365234375 0.056640625 0.041015625
1 0.2763671875 0.46875 0.013671875 0.015625
1 0.29296875 0.2880859375 0.0234375 0.015625
1 0.3115234375 0.275390625 0.01953125 0.013671875
0 0.267821076171875 0.30969564453125 0.230065951171875 0.328953498046875 0.212898251953125 0.3550540234375 0.220758646484375 0.39620862109375 0.2601645 0.4301334375 0.291685462890625 0.436799369140625 0.321567265625 0.423468369140625 0.3760293046875 0.440764330078125 0.393397412109375 0.43855717578125 0.39378290625 0.408638806640625 0.382661162109375 0.37650258203125 0.3655011015625 0.335662484375 0.34315759765625 0.308143564453125 0.319659541015625 0.298504744140625 0.267821076171875 0.30969564453125
1 0.4833984375 0.337890625 0.044921875 0.041015625
0 0.595703125 0.427734375 0.205078125 0.158203125
0 0.6357421875 0.2001953125 0.220703125 0.158203125
1 0.474609375 0.048828125 0.11328125 0.09765625
1 0.44140625 0.2138671875 0.01953125 0.017578125
1 0.4609375 0.2080078125 0.025390625 0.017578125
1 0.4677734375 0.15234375 0.03125 0.02734375
0 0.202495126953125 0.061499232421875 0.170689484375 0.086188138671875 0.167022740234375 0.14076633203125 0.18796862109375 0.166632888671875 0.243031955078125 0.198121791015625 0.28413158203125 0.207054693359375 0.324232884765625 0.201273662109375 0.34475536328125 0.184749599609375 0.35301148046875 0.156839845703125 0.354493279296875 0.126385904296875 0.3681838515625 0.090565951171875 0.372687697265625 0.07287903125 0.373155369140625 0.072967923828125 0.32453515625 0.043876232421875 0.2908016015625 0.03740313671875 0.231709728515625 0.042929611328125 0.202495126953125 0.061499232421875
1 0.3359375 0.0146484375 0.021484375 0.017578125
1 0.310546875 0.4609375 0.015625 0.01171875