0 0.912109375 0.359375 0.16015625 0.1796875
1 0.775390625 0.3154296875 0.03515625 0.03515625
1 0.8525390625 0.505859375 0.005859375 0.009765625
1 0.9794921875 0.513671875 0.021484375 0.01953125
1 0.8359375 0.5146484375 0.0078125 0.005859375
1 0.8515625 0.5380859375 0.009765625 0.01953125
1 0.994140625 0.6865234375 0.01171875 0.021484375
0 1 0.586766025390625 0.989293546875 0.57747463671875 0.98285559375 0.554666828125 0.96814578515625 0.531483646484375 0.919105654296875 0.550421529296875 0.886644443359375 0.561516953125 0.87583881640625 0.567671482421875 0.87923530859375 0.593844033203125 0.901466943359375 0.610347572265625 0.898041568359375 0.62219551953125 0.882056880859375 0.635394353515625 0.879259373046875 0.65557287890625 0.900437271484375 0.693586646484375 0.92337762109375 0.71808451953125 0.940193388671875 0.726855505859375 0.969170564453125 0.693402619140625 0.9991914296875 0.674400591796875 1 0.673448203125 1 0.586766025390625
1 0.87975746484375 0.64665510546875 0.900463912109375 0.626303130859375 0.89985482421875 0.607554189453125 0.8830956328125 0.5892803984375 0.86859701171875 0.5818970859375 0.83479408203125 0.604299650390625 0.821717408203125 0.62672670703125 0.830558478515625 0.6986930546875 0.853072625 0.732616525390625 0.87963522265625 0.728311857421875 0.898254630859375 0.700229439453125 0.88429291796875 0.666247103515625 0.87975746484375 0.64665510546875
1 0.771484375 0.763671875 0.0234375 0.025390625
1 0.683614572265625 0.742223326171875 0.710774767578125 0.755519771484375 0.721207771484375 0.788342421875 0.7325521484375 0.803676533203125 0.739186451171875 0.791637775390625 0.739555658203125 0.764775904296875 0.738106517578125 0.734360302734375 0.752811451171875 0.722420732421875 0.753299162109375 0.722310662109375 0.7470427421875 0.709596828125 0.730783810546875 0.701516505859375 0.70797443359375 0.6976805234375 0.684266921875 0.718129412109375 0.683614572265625 0.742223326171875
0 0.768302640625 0.746281296875 0.779189287109375 0.70476409765625 0.797841951171875 0.658375951171875 0.8089702734375 0.629309814453125 0.79208116015625 0.610587080078125 0.781020544921875 0.607427171875 0.7623754609375 0.61435171875 0.748666 0.614208498046875 0.73577808203125 0.6000674921875 0.727615306640625 0.563072400390625 0.708606400390625 0.563875447265625 0.6785946875 0.59493025 0.660401751953125 0.608560216796875 0.65386912109375 0.6610241875 0.6740403359375 0.697020212890625 0.69747049609375 0.70507783984375 0.719533404296875 0.701494923828125 0.74491556640625 0.714360888671875 0.75623076171875 0.735530748046875 0.77007301171875 0.748379744140625 0.768302640625 0.746281296875
1 0.6162109375 0.375 0.021484375 0.046875
1 0.5908203125 0.3984375 0.009765625 0.013671875
1 0.5908203125 0.529296875 0.01953125 0.0234375
1 0.70812484375 0.521859923828125 0.7017257421875 0.484956509765625 0.68186999609375 0.436169341796875 0.640369271484375 0.44772643359375 0.598842609375 0.451899306640625 0.55500495703125 0.472446396484375 0.556295017578125 0.51336769921875 0.58492133984375 0.51611107421875 0.604157341796875 0.521498560546875 0.594499369140625 0.539703544921875 0.5617466171875 0.557071015625 0.545952712890625 0.587883224609375 0.555393330078125 0.5929585859375 0.577597966796875 0.5862489140625 0.609012685546875 0.560476412109375 0.6441746171875 0.548693150390625 0.67970544921875 0.542480298828125 0.706432052734375 0.539123810546875 0.70812484375 0.521859923828125
1 0.782472169921875 0.41969941796875 0.774242111328125 0.394140861328125 0.759382076171875 0.39273294140625 0.745113162109375 0.40901853125 0.741238822265625 0.43219021875 0.75971304296875 0.438354072265625 0.775425412109375 0.435638201171875 0.782472169921875 0.41969941796875
1 0.751958873046875 0.392720552734375 0.758627728515625 0.35771436328125 0.73288708203125 0.35489672265625 0.731224931640625 0.37611437890625 0.729853912109375 0.389885923828125 0.71955251171875 0.407821294921875 0.7379205703125 0.408763162109375 0.751958873046875 0.392720552734375
0 0.631727306640625 0.3873124453125 0.654621310546875 0.426669927734375 0.684199078125 0.431024966796875 0.69709840625 0.422340099609375 0.71179837890625 0.4036324375 0.7316239296875 0.381589642578125 0.7342213671875 0.35444046484375 0.74417560546875 0.30463430078125 0.742898654296875 0.303269080078125 0.73048941015625 0.28957986328125 0.7038148828125 0.285226603515625 0.670409046875 0.318704837890625 0.63142244140625 0.3536571796875 0.631727306640625 0.3873124453125
1 0.5419921875 0.435546875 0.017578125 0.021484375
0 0.434059744140625 0.372628099609375 0.436238421875 0.4034446171875 0.4528354921875 0.44054549609375 0.478690359375 0.47325108984375 0.51230546484375 0.47223037109375 0.5279136328125 0.46003219140625 0.526801294921875 0.416714162109375 0.55354187890625 0.38824838671875 0.5506921015625 0.371492697265625 0.5333094375 0.332554150390625 0.509584333984375 0.31647144921875 0.487032419921875 0.318779138671875 0.457198802734375 0.343643296875 0.434059744140625 0.372628099609375
1 0.4599609375 0.5361328125 0.009765625 0.013671875
1 0.50390625 0.533203125 0.009765625 0.015625
1 0.412109375 0.4306640625 0.009765625 0.015625
1 0.38671875 0.4150390625 0.0078125 0.005859375
1 0.384765625 0.4462890625 0.013671875 0.013671875
1 0.35546875 0.564453125 0.009765625 0.013671875
1 0.3251953125 0.5341796875 0.015625 0.013671875
0 0.42321109375 0.608030625 0.42112231640625 0.63000557421875 0.43855632421875 0.686877193359375 0.451408587890625 0.708609376953125 0.480232779296875 0.74113068359375 0.50206250390625 0.739037404296875 0.5318557109375 0.714676390625 0.558324740234375 0.695131607421875 0.549544955078125 0.656081751953125 0.532971333984375 0.597313365234375 0.50423451953125 0.58231125390625 0.484198052734375 0.588041068359375 0.464419861328125 0.600534755859375 0.42321109375 0.608030625
1 0.454760064453125 0.598080130859375 0.48060502734375 0.59673319921875 0.5013474921875 0.57354825 0.502901490234375 0.539792546875 0.49675600390625 0.52103193359375 0.47232544140625 0.54306102734375 0.444313513671875 0.55018369921875 0.436386875 0.56272330078125 0.454760064453125 0.598080130859375
1 0.400390625 0.6904296875 0.009765625 0.009765625
1 0.3818359375 0.751953125 0.0078125 0.009765625
1 0.365234375 0.72265625 0.005859375 0.009765625
1 0.3095703125 0.6103515625 0.013671875 0.005859375
0 0.22216902734375 0.76561287109375 0.284654962890625 0.776514693359375 0.315833212890625 0.7582593828125 0.344795771484375 0.714960326171875 0.3671126796875 0.65894972265625 0.35224879296875 0.635223791015625 0.32154816015625 0.616699720703125 0.295154759765625 0.611296474609375 0.248958947265625 0.60278551171875 0.223462302734375 0.61006611328125 0.2032345703125 0.631669705078125 0.192147359375 0.640312423828125 0.1889253984375 0.67750877734375 0.201857703125 0.74767615234375 0.22216902734375 0.76561287109375
1 0.21875 0.57421875 0.013671875 0.013671875
1 0.2041015625 0.560546875 0.015625 0.01953125
1 0.1650390625 0.697265625 0.02734375 0.02734375
1 0.2353515625 0.46875 0.04296875 0.0390625
1 0.2353515625 0.4189453125 0.013671875 0.021484375
1 0.23828125 0.390625 0.013671875 0.01953125
1 0.3671875 0.3984375 0.005859375 0.009765625
0 0.29895624609375 0.484237013671875 0.323204111328125 0.461248646484375 0.339449896484375 0.436121712890625 0.370138978515625 0.424859595703125 0.36739129296875 0.4008518125 0.326490294921875 0.31632268359375 0.2946480390625 0.30070009375 0.257515318359375 0.340813013671875 0.2414742890625 0.376649927734375 0.255891263671875 0.432579521484375 0.27955969140625 0.486109208984375 0.29895624609375 0.484237013671875
1 0.37109375 0.314453125 0.013671875 0.013671875
1 0.2255859375 0.3447265625 0.009765625 0.009765625
1 0.17578125 0.384765625 0.013671875 0.013671875
1 0.1826171875 0.5361328125 0.03515625 0.07421875
1 0.15234375 0.4619140625 0.052734375 0.037109375
1 0.1396484375 0.4296875 0.017578125 0.025390625
0 0.0791015625 0.4052734375 0.099609375 0.185546875
1 0.0703125 0.5908203125 0.04296875 0.0390625
1 0.0859375 0.560546875 0.013671875 0.01953125
1 0.1141416171875 0.4950123125 0.077760458984375 0.5057110390625 0.059672048828125 0.531183544921875 0.03405860546875 0.563252857421875 0.044773875 0.57688446484375 0.06242355078125 0.569409951171875 0.085096537109375 0.557599091796875 0.09309819921875 0.557246142578125 0.093309923828125 0.59432894921875 0.1020356640625 0.604293560546875 0.112066142578125 0.586047923828125 0.132824671875 0.552284787109375 0.144169857421875 0.526557509765625 0.163732580078125 0.498894984375 0.164116267578125 0.490817744140625 0.140322068359375 0.488426283203125 0.1141416171875 0.4950123125
0 0.080078125 0.7041015625 0.150390625 0.197265625