1 0.986328125 0.30078125 0.021484375 0.025390625
1 0.962890625 0.2880859375 0.013671875 0.013671875
1 0.9833984375 0.3671875 0.029296875 0.037109375
1 0.98828125 0.4140625 0.0234375 0.056640625
1 0.96484375 0.404296875 0.013671875 0.029296875
1 0.94921875 0.40234375 0.01171875 0.015625
0 0.891785279296875 0.4128766015625 0.924414140625 0.4223665859375 0.93643523046875 0.4096645 0.946565419921875 0.343941005859375 0.957955896484375 0.31447551171875 0.95415458203125 0.276935466796875 0.9540608515625 0.25420897265625 0.917273439453125 0.243834458984375 0.891695541015625 0.244725568359375 0.8715221796875 0.25273161328125 0.8455974921875 0.275268658203125 0.84347203125 0.3317952421875 0.8601489921875 0.375410931640625 0.891785279296875 0.4128766015625
1 0.8427734375 0.3916015625 0.013671875 0.013671875
1 0.841796875 0.4111328125 0.0078125 0.005859375
1 0.900390625 0.4931640625 0.01171875 0.021484375
0 0.900734298828125 0.6241557734375 0.925658662109375 0.59029247265625 0.930471271484375 0.56239480859375 0.892523029296875 0.512263689453125 0.868093107421875 0.4492008671875 0.833633685546875 0.47006459765625 0.81113987890625 0.502767076171875 0.8013869921875 0.543023173828125 0.79092197265625 0.58263452734375 0.80836844140625 0.63898980078125 0.832506544921875 0.641295123046875 0.8773045390625 0.6319925703125 0.900734298828125 0.6241557734375
1 0.7998046875 0.5380859375 0.01171875 0.015625
1 1 0.573691654296875 0.987620021484375 0.55577967578125 0.960770837890625 0.545299515625 0.939857873046875 0.544351720703125 0.931968544921875 0.5472718515625 0.92609142578125 0.577069171875 0.90302176953125 0.616222271484375 0.887936451171875 0.63251088671875 0.889441552734375 0.65099540234375 0.907182625 0.686212095703125 0.93760353125 0.692777326171875 1 0.6843551640625 1 0.573691654296875
1 0.62865740234375 0.451006283203125 0.65480144921875 0.461372138671875 0.695967443359375 0.470924125 0.765220953125 0.474534044921875 0.765207451171875 0.475120609375 0.768805923828125 0.462894125 0.761401490234375 0.435954296875 0.75252303515625 0.413617783203125 0.72479365625 0.395390544921875 0.689626513671875 0.379724361328125 0.645090458984375 0.42009472265625 0.62865740234375 0.451006283203125
1 0.71875 0.3876953125 0.015625 0.021484375
1 0.736328125 0.546875 0.01171875 0.013671875
0 0.6611328125 0.5771484375 0.138671875 0.19921875
1 0.5830078125 0.560546875 0.021484375 0.029296875
1 0.5703125 0.5439453125 0.005859375 0.009765625
1 0.5830078125 0.5205078125 0.025390625 0.05078125
1 0.7451171875 0.341796875 0.052734375 0.064453125
1 0.7734375 0.3271484375 0.0078125 0.013671875
1 0.8037109375 0.1728515625 0.013671875 0.03125
0 0.62583448828125 0.2891521015625 0.644590869140625 0.330336443359375 0.64708241015625 0.353717443359375 0.672403134765625 0.386017904296875 0.705697677734375 0.34712042578125 0.71696640625 0.344616095703125 0.74254528515625 0.302656373046875 0.758583505859375 0.275289265625 0.756539091796875 0.2755811875 0.7259845859375 0.250481876953125 0.700477498046875 0.196235796875 0.685352216796875 0.197411708984375 0.653309755859375 0.220221337890625 0.625996560546875 0.246950220703125 0.62583448828125 0.2891521015625
1 0.643882302734375 0.396991267578125 0.61119321875 0.37666807421875 0.59809422265625 0.39989314453125 0.6057638125 0.40899431640625 0.61455355859375 0.4405613984375 0.625240736328125 0.440554216796875 0.643406123046875 0.44004420703125 0.643882302734375 0.396991267578125
1 0.65792415625 0.358291173828125 0.643742201171875 0.319775744140625 0.631150958984375 0.305815125 0.632397240234375 0.303729416015625 0.6051287265625 0.317949685546875 0.571680107421875 0.3266265703125 0.546346224609375 0.302898185546875 0.521297916015625 0.301661330078125 0.49910765234375 0.298366904296875 0.484400484375 0.31274573828125 0.4658276171875 0.349083642578125 0.465660615234375 0.378978748046875 0.48644114453125 0.4095351640625 0.50864990625 0.42304253125 0.52376386328125 0.4633142421875 0.542000234375 0.502253287109375 0.55817671875 0.50374749609375 0.557243572265625 0.44735167578125 0.602745296875 0.453064828125 0.61276985546875 0.4385406328125 0.59995402734375 0.400833373046875 0.5989303515625 0.367229060546875 0.646648732421875 0.385777623046875 0.65792415625 0.358291173828125
1 0.576171875 0.3173828125 0.009765625 0.013671875
1 0.5791015625 0.2958984375 0.005859375 0.01171875
1 0.5576171875 0.2939453125 0.021484375 0.021484375
0 0.4223594375 0.29709957421875 0.42785515234375 0.319631998046875 0.4520841640625 0.347053791015625 0.46414954296875 0.348624177734375 0.48494711328125 0.314737048828125 0.50114223046875 0.29856049609375 0.52134605859375 0.280033771484375 0.518880318359375 0.246486384765625 0.511320482421875 0.226730814453125 0.472467140625 0.21465146484375 0.449940390625 0.2248069609375 0.432949755859375 0.237582525390625 0.416445095703125 0.260998173828125 0.408903216796875 0.27641474609375 0.4223594375 0.29709957421875
1 0.409529056640625 0.12623935546875 0.394822443359375 0.137368505859375 0.39482563671875 0.167026171875 0.393264435546875 0.19318078515625 0.374934697265625 0.192010880859375 0.3565166875 0.177436515625 0.33536292578125 0.193686357421875 0.33644593359375 0.2412824609375 0.33354942578125 0.29306254296875 0.34298129296875 0.32814258203125 0.38558829296875 0.32765209375 0.398237578125 0.300323208984375 0.417415216796875 0.292328849609375 0.4055349609375 0.2770763125 0.429329607421875 0.245924716796875 0.451596880859375 0.223523193359375 0.456079046875 0.18262405078125 0.451819232421875 0.134827498046875 0.4282579609375 0.11596713671875 0.409529056640625 0.12623935546875
1 0.4072265625 0.30078125 0.01171875 0.013671875
1 0.47237163671875 0.397178626953125 0.43085104296875 0.392958185546875 0.448507666015625 0.427524876953125 0.467025267578125 0.463463228515625 0.48254755078125 0.484499060546875 0.493127638671875 0.479493798828125 0.49774766796875 0.460193783203125 0.487193748046875 0.4231772265625 0.4715621796875 0.39501692578125 0.47237163671875 0.397178626953125
1 0.440106013671875 0.381636138671875 0.428584953125 0.358581060546875 0.43016240625 0.35488784375 0.414178509765625 0.384028728515625 0.392460025390625 0.38916812109375 0.373061154296875 0.405960765625 0.3891705546875 0.446067724609375 0.411415484375 0.46176234765625 0.425290037109375 0.45270296875 0.43956400390625 0.422313765625 0.440106013671875 0.381636138671875
1 0.365234375 0.474609375 0.029296875 0.029296875
0 0.391986099609375 0.524242564453125 0.415665234375 0.593088658203125 0.425952068359375 0.60426923046875 0.446012015625 0.606582595703125 0.474068189453125 0.60070153515625 0.50144625 0.591490857421875 0.519962208984375 0.57897819921875 0.519091291015625 0.5290833203125 0.528293388671875 0.480422083984375 0.511589583984375 0.468549642578125 0.487573513671875 0.48338906640625 0.462221224609375 0.47584775 0.444194181640625 0.47106448828125 0.422460396484375 0.499390658203125 0.41407421484375 0.503551068359375 0.396107 0.50242574609375 0.391986099609375 0.524242564453125
1 0.383548845703125 0.749300044921875 0.401944845703125 0.774242134765625 0.419296314453125 0.77992815234375 0.444859212890625 0.761367908203125 0.458462537109375 0.72197492578125 0.47474539453125 0.689582498046875 0.486433740234375 0.646750189453125 0.484684103515625 0.60730498046875 0.471160646484375 0.59692984765625 0.456205337890625 0.607282236328125 0.4354066875 0.614401869140625 0.419172490234375 0.60945735546875 0.393589880859375 0.57887690625 0.37846065625 0.55986534375 0.372379783203125 0.558855435546875 0.370241416015625 0.62062251953125 0.37343896875 0.67405269921875 0.383548845703125 0.749300044921875
1 0.3388671875 0.576171875 0.01171875 0.013671875
0 0.232902681640625 0.465232005859375 0.2093726171875 0.499164419921875 0.213870443359375 0.55783328125 0.22796090625 0.612666345703125 0.24468649609375 0.637530408203125 0.266844443359375 0.627920486328125 0.2828805390625 0.610174994140625 0.339242751953125 0.61030991796875 0.33976334765625 0.59517453125 0.322415265625 0.571548587890625 0.3232117890625 0.546258095703125 0.3341960390625 0.506666984375 0.3315653984375 0.50091292578125 0.312966775390625 0.491246708984375 0.27936384375 0.482102310546875 0.232902681640625 0.465232005859375
1 0.345703125 0.3720703125 0.013671875 0.025390625
1 0.349609375 0.3984375 0.005859375 0.0078125
1 0.3341676484375 0.461864703125 0.3603102421875 0.461432498046875 0.368739400390625 0.4619793828125 0.365360541015625 0.431551302734375 0.345315369140625 0.405387970703125 0.334494138671875 0.365433888671875 0.336459525390625 0.343725703125 0.313398638671875 0.344609220703125 0.305283046875 0.360702490234375 0.293477365234375 0.39710046484375 0.295495994140625 0.440672908203125 0.2930511640625 0.48603418359375 0.30990208984375 0.491655248046875 0.3341676484375 0.461864703125
1 0.246178125 0.46611901171875 0.26497910546875 0.461818345703125 0.282481720703125 0.444501447265625 0.293156412109375 0.410317794921875 0.293374134765625 0.409723146484375 0.287652525390625 0.39913010546875 0.280860263671875 0.390466302734375 0.257429 0.3823354375 0.243405796875 0.395025576171875 0.222179828125 0.43102929296875 0.22490511328125 0.4532585078125 0.246178125 0.46611901171875
1 0.240235818359375 0.349219693359375 0.2229725546875 0.319918232421875 0.19617833203125 0.312493189453125 0.182518673828125 0.3230989609375 0.1717294609375 0.3852046171875 0.2157065625 0.40068871875 0.2337788984375 0.39983466796875 0.2458797890625 0.387545185546875 0.240108345703125 0.34813400390625 0.240235818359375 0.349219693359375
0 0.252196982421875 0.212753662109375 0.228513291015625 0.2130156640625 0.200892255859375 0.25309412109375 0.18150098046875 0.30008429296875 0.19043626953125 0.32231631640625 0.225496666015625 0.32722563671875 0.24161269921875 0.360171267578125 0.24204512890625 0.387478140625 0.247991189453125 0.387097015625 0.28319477734375 0.37499512109375 0.311245021484375 0.34471112109375 0.32805430078125 0.312139349609375 0.32501541015625 0.268547201171875 0.300498505859375 0.232990904296875 0.252196982421875 0.212753662109375
1 0.1962890625 0.2158203125 0.01171875 0.017578125
1 0.1806640625 0.2177734375 0.013671875 0.015625
1 0.171875 0.2255859375 0.009765625 0.013671875
1 0.185546875 0.25390625 0.013671875 0.015625
1 0.16796875 0.236328125 0.01171875 0.009765625
0 0 0.358534283203125 0.029790462890625 0.355249732421875 0.057802763671875 0.3671766640625 0.084527802734375 0.34185428125 0.11672327734375 0.329487365234375 0.12707684375 0.293773916015625 0.1112682890625 0.23906730859375 0.08157528515625 0.22106158203125 0.015994818359375 0.2120158046875 0.0161133984375 0.213397744140625 0 0.2231126796875 0 0.358534283203125
1 0.111328125 0.365234375 0.076171875 0.05859375
1 0.0830078125 0.3994140625 0.076171875 0.048828125
0 0 0.50436340234375 0.001184392578125 0.57221720703125 0.03880826171875 0.639075478515625 0.074105318359375 0.6305438515625 0.1171923671875 0.59981516796875 0.142018376953125 0.56183538671875 0.14306447265625 0.5065733203125 0.1274050703125 0.4935706171875 0.0707239765625 0.4847808203125 0.045246556640625 0.47663341796875 0.01140018359375 0.484110759765625 0 0.494340638671875 0 0.50436340234375
1 0.118270455078125 0.492157142578125 0.1402693125 0.5037134140625 0.150007857421875 0.506452123046875 0.159466974609375 0.496290796875 0.125103990234375 0.44918716796875 0.0735371875 0.424889728515625 0.047425828125 0.416403705078125 0.031655646484375 0.415994337890625 0.02009213671875 0.451126001953125 0.059264181640625 0.478360919921875 0.09264232421875 0.481880755859375 0.118270455078125 0.492157142578125
1 0.17578125 0.5390625 0.01171875 0.013671875
1 0.166015625 0.5400390625 0.009765625 0.009765625
1 0.1650390625 0.5185546875 0.013671875 0.015625
1 0.15625 0.5556640625 0.009765625 0.013671875
1 0.02734375 0.3857421875 0.05078125 0.08203125