0 0.9619140625 0.333984375 0.076171875 0.140625
0 0.794921875 0.341796875 0.134765625 0.1484375
1 0.7099609375 0.486328125 0.044921875 0.0654296875
1 0.85546875 0.5078125 0.009765625 0.015625
0 0.8203125 0.6416015625 0.130859375 0.1611328125
1 0.888671875 0.681640625 0.009765625 0.0107421875
1 0.6376953125 0.5498046875 0.0810546875 0.0810546875
1 0.572265625 0.541015625 0.013671875 0.0126953125
1 0.5634765625 0.5146484375 0.0126953125 0.0185546875
0 0.626953125 0.658203125 0.119140625 0.146484375
1 0.544921875 0.681640625 0.005859375 0.015625
0 0.599609375 0.361328125 0.130859375 0.1533203125
1 0.4599609375 0.5068359375 0.0732421875 0.109375
1 0.40234375 0.509765625 0.0654296875 0.115234375
0 0.41015625 0.3564453125 0.0966796875 0.1435546875
1 0.310546875 0.5439453125 0.0830078125 0.068359375
0 0.392578125 0.6630859375 0.1279296875 0.1748046875
0 0.2060546875 0.6513671875 0.150390625 0.177734375
1 0.236328125 0.5283203125 0.0126953125 0.0185546875
1 0.263671875 0.5244140625 0.015625 0.021484375
1 0.169921875 0.5234375 0.083984375 0.0751953125
1 0.119140625 0.5361328125 0.005859375 0.0126953125
1 0.095703125 0.5439453125 0.009765625 0.0126953125
1 0.0732421875 0.55078125 0.0126953125 0.017578125
1 0.068359375 0.53515625 0.0126953125 0.015625
1 0.0283203125 0.5234375 0.0107421875 0.009765625
0 0.0234375 0.6240234375 0.046875 0.119140625
0 0.037109375 0.3779296875 0.0732421875 0.1435546875
0 0.205078125 0.3759765625 0.1171875 0.1533203125
0 0.9638671875 0.5947265625 0.072265625 0.1064453125