0 0.7021484375 0.9208984375 0.2216796875 0.158203125
1 0.720703125 0.8251953125 0.013671875 0.0107421875
0 0.412109375 0.8984375 0.181640625 0.146484375
1 0.439453125 0.646484375 0.015625 0.0126953125
0 0.37936266796875 0.761088376953125 0.425937982421875 0.77073128515625 0.46095816796875 0.755418888671875 0.48529300390625 0.7080568984375 0.4886153828125 0.69279358984375 0.488958126953125 0.69226526171875 0.447103724609375 0.660675533203125 0.42386429296875 0.648981326171875 0.38504119921875 0.6376875625 0.362705990234375 0.63478629296875 0.34348820703125 0.64250837109375 0.3254846640625 0.6787600234375 0.33397059765625 0.72609488671875 0.37936266796875 0.761088376953125
0 0.4267578125 0.44140625 0.177734375 0.115234375
1 0.4169921875 0.5263671875 0.021484375 0.009765625
1 0.580078125 0.66015625 0.0185546875 0.0185546875
1 0.580078125 0.7119140625 0.0205078125 0.0126953125
1 0.5966796875 0.7275390625 0.0126953125 0.0126953125
0 0.705078125 0.716796875 0.197265625 0.1591796875
1 0.7099609375 0.5625 0.015625 0.0126953125
0 0.7255859375 0.474609375 0.1982421875 0.1533203125
1 0.5859375 0.4736328125 0.021484375 0.021484375
1 0.5859375 0.39453125 0.0126953125 0.009765625
1 0.578125 0.361328125 0.0126953125 0.0126953125
1 0.4990234375 0.373046875 0.0283203125 0.021484375
1 0.4365234375 0.19921875 0.0185546875 0.015625
1 0.3994140625 0.197265625 0.025390625 0.017578125
0 0.4228515625 0.2548828125 0.125 0.099609375
1 0.5009765625 0.224609375 0.025390625 0.0126953125
1 0.5439453125 0.2099609375 0.0185546875 0.017578125
1 0.544921875 0.16796875 0.021484375 0.0185546875
1 0.5244140625 0.1103515625 0.0126953125 0.013671875
1 0.458984375 0.076171875 0.0126953125 0.0126953125
1 0.443359375 0.046875 0.0185546875 0.0205078125
1 0.490234375 0.0625 0.0126953125 0.0126953125
1 0.53125 0.03515625 0.0126953125 0.0185546875
1 0.6103515625 0.111328125 0.0126953125 0.0185546875
1 0.6640625 0.046875 0.021484375 0.009765625
1 0.7890625 0.0947265625 0.0185546875 0.015625
1 0.6796875 0.3349609375 0.0126953125 0.009765625
0 0.635449390625 0.24885680078125 0.63836185546875 0.30307798046875 0.66327539453125 0.32721044140625 0.70331101171875 0.33923275390625 0.770538814453125 0.340156353515625 0.77030630078125 0.34000651171875 0.807849703125 0.289080583984375 0.81048659375 0.25497452734375 0.799766796875 0.22306315234375 0.77688044140625 0.196623625 0.7474423359375 0.18707759765625 0.6909670546875 0.19498698046875 0.649029982421875 0.217096560546875 0.635449390625 0.24885680078125
1 0.5380859375 0.7421875 0.0126953125 0.015625
1 0.505859375 0.6142578125 0.0126953125 0.009765625
1 0.5771484375 0.623046875 0.009765625 0.009765625
1 0.5869140625 0.517578125 0.0185546875 0.009765625