0 0.5302734375 0.0400390625 0.142578125 0.080078125
0 0.7841796875 0.095703125 0.142578125 0.107421875
1 0.7314453125 0.1455078125 0.021484375 0.01953125
1 0.740234375 0.1591796875 0.017578125 0.013671875
1 0.7548828125 0.162109375 0.013671875 0.009765625
1 0.796875 0.17578125 0.01171875 0.01171875
1 0.66015625 0.123046875 0.025390625 0.01953125
1 0.6083984375 0.119140625 0.0234375 0.0234375
1 0.482421875 0.1015625 0.015625 0.01171875
1 0.50390625 0.12109375 0.0234375 0.0234375
1 0.4521484375 0.1201171875 0.025390625 0.01953125
1 0.4462890625 0.1494140625 0.0234375 0.0234375
1 0.5078125 0.1533203125 0.015625 0.013671875
1 0.5048828125 0.1689453125 0.017578125 0.01171875
1 0.5751953125 0.2685546875 0.015625 0.013671875
1 0.560546875 0.2998046875 0.052734375 0.05078125
0 0.447265625 0.21875 0.14453125 0.13671875
1 0.443359375 0.2841796875 0.013671875 0.01171875
1 0.671875 0.1015625 0.013671875 0.01171875
1 0.6298828125 0.10546875 0.015625 0.01171875
1 0.517470171875 0.1955540625 0.506109125 0.21319141796875 0.496344439453125 0.22969447265625 0.4963562109375 0.2339402421875 0.52080666796875 0.254832435546875 0.55823819140625 0.2654724921875 0.607130263671875 0.283534994140625 0.661396896484375 0.30189778515625 0.694836966796875 0.314407609375 0.71529689453125 0.31634169140625 0.72145488671875 0.313969701171875 0.7227119296875 0.309839255859375 0.7246347578125 0.30212721484375 0.722702234375 0.293026583984375 0.709521248046875 0.2779595703125 0.688979625 0.26723321875 0.674994533203125 0.2493896640625 0.652927302734375 0.226335900390625 0.626127486328125 0.197587748046875 0.598205837890625 0.17424319140625 0.583776404296875 0.169138501953125 0.567370056640625 0.17423387109375 0.540090287109375 0.184146666015625 0.517470171875 0.1955540625
0 0.6721148359375 0.239994296875 0.693387212890625 0.263010970703125 0.7100442421875 0.285722279296875 0.728646875 0.31872765625 0.75783444140625 0.32968330078125 0.77368026953125 0.329648216796875 0.7917626484375 0.318286298828125 0.803402201171875 0.28082218359375 0.809327185546875 0.25877414453125 0.7965701875 0.214810591796875 0.78911605078125 0.19284286328125 0.777885052734375 0.1778360234375 0.763209119140625 0.171349232421875 0.7506390546875 0.16799949609375 0.729941228515625 0.16771015234375 0.699671994140625 0.173822265625 0.673175033203125 0.18634786328125 0.667636666015625 0.215345802734375 0.6721148359375 0.239994296875
1 0.7197265625 0.359375 0.060546875 0.041015625
1 0.6875 0.349609375 0.01171875 0.0078125
1 0.6962890625 0.3671875 0.015625 0.013671875
1 0.6953125 0.3837890625 0.017578125 0.015625
1 0.740234375 0.45703125 0.05859375 0.048828125
1 0.6240234375 0.2998046875 0.01171875 0.01171875
1 0.5810546875 0.3935546875 0.03125 0.033203125
1 0.5498046875 0.380859375 0.0234375 0.017578125
1 0.5419921875 0.392578125 0.0234375 0.017578125
1 0.4384765625 0.349609375 0.015625 0.01171875
1 0.4384765625 0.3681640625 0.01171875 0.01171875
1 0.392578125 0.375 0.015625 0.01171875
1 0.32421875 0.294921875 0.025390625 0.01953125
0 0.41796875 0.43359375 0.162109375 0.125
1 0.5009765625 0.5322265625 0.013671875 0.009765625
1 0.53515625 0.4951171875 0.0546875 0.052734375
1 0.6015625 0.521484375 0.037109375 0.03515625
1 0.5522251171875 0.529964931640625 0.576074798828125 0.53355444921875 0.600374001953125 0.527072853515625 0.624378224609375 0.525666068359375 0.633557546875 0.520531673828125 0.633977201171875 0.5029555078125 0.624549326171875 0.4829774453125 0.6155966640625 0.466326166015625 0.590438275390625 0.443335078125 0.570992208984375 0.43250379296875 0.5594756953125 0.43336172265625 0.55285991015625 0.46115113671875 0.55091776953125 0.484978642578125 0.548002955078125 0.493969138671875 0.54881645703125 0.516358109375 0.5522251171875 0.529964931640625
1 0.68359375 0.58203125 0.025390625 0.01953125
1 0.6650390625 0.5751953125 0.021484375 0.01953125
1 0.6474609375 0.5859375 0.0234375 0.017578125
0 0.653169134765625 0.444759833984375 0.621633123046875 0.443542361328125 0.6116002421875 0.444072119140625 0.614090107421875 0.4650881015625 0.614785669921875 0.49213176953125 0.617500220703125 0.51324782421875 0.6172674453125 0.535347974609375 0.61835588671875 0.546295609375 0.621290521484375 0.55971053515625 0.62416753125 0.56827789453125 0.62764908984375 0.574107919921875 0.640376576171875 0.577662474609375 0.671375259765625 0.566650681640625 0.70101002734375 0.556959314453125 0.733855646484375 0.542023818359375 0.755420119140625 0.532950818359375 0.7638190546875 0.523634140625 0.766934615234375 0.51282819140625 0.755016630859375 0.4977088828125 0.732865494140625 0.479908544921875 0.709129810546875 0.461753798828125 0.691642904296875 0.452950328125 0.653169134765625 0.444759833984375
1 0.6748046875 0.6767578125 0.0390625 0.029296875
1 0.638671875 0.6884765625 0.021484375 0.01953125
1 0.5234375 0.697265625 0.08203125 0.060546875
1 0.4697265625 0.54296875 0.09765625 0.05859375
1 0.396484375 0.5126953125 0.01953125 0.013671875
1 0.402023078125 0.5794418671875 0.445394728515625 0.580024470703125 0.454646037109375 0.56809271875 0.4278891953125 0.539986484375 0.40267500390625 0.51998338671875 0.390404953125 0.483111068359375 0.3652981015625 0.470140337890625 0.33421338671875 0.47548915625 0.2878041640625 0.483295859375 0.237885146484375 0.503572369140625 0.22809301171875 0.515704763671875 0.249839708984375 0.53689467578125 0.285516306640625 0.551863548828125 0.325030859375 0.5691371015625 0.36329108984375 0.578789439453125 0.402023078125 0.5794418671875
1 0.3525390625 0.5986328125 0.01171875 0.0078125
0 0.4259976328125 0.658083611328125 0.41710030078125 0.631698599609375 0.390454193359375 0.6025564375 0.36593403125 0.595144029296875 0.35962415625 0.594044908203125 0.352053646484375 0.606112662109375 0.3297326796875 0.6161929609375 0.324525337890625 0.62674380859375 0.32525414453125 0.645343482421875 0.33591921875 0.66196603125 0.3671440390625 0.6768803359375 0.40027978515625 0.6775458046875 0.4259976328125 0.658083611328125
1 0.3486328125 0.6796875 0.021484375 0.017578125
1 0.3154296875 0.6669921875 0.015625 0.01171875
1 0.2666015625 0.634765625 0.013671875 0.009765625
1 0.2607421875 0.5927734375 0.015625 0.01171875
1 0.3037109375 0.734375 0.015625 0.017578125
1 0.4296875 0.822265625 0.0234375 0.0234375
1 0.379979603515625 0.815989791015625 0.380653892578125 0.82987440234375 0.392083669921875 0.83849616015625 0.417389111328125 0.82319228125 0.450954326171875 0.8010236328125 0.477291462890625 0.777408107421875 0.4871323203125 0.7561971171875 0.47115475390625 0.737745619140625 0.4350986484375 0.721452009765625 0.403442763671875 0.722949431640625 0.404605298828125 0.72313327734375 0.391201404296875 0.737934359375 0.381032064453125 0.75354190625 0.378722255859375 0.77064892578125 0.377635826171875 0.79933237109375 0.379979603515625 0.815989791015625
1 0.283203125 0.80078125 0.033203125 0.02734375
1 0.283203125 0.771484375 0.01171875 0.01171875
1 0.34375 0.8212890625 0.080078125 0.07421875
1 0.220703125 0.9287109375 0.03515625 0.03125
1 0.244140625 0.9375 0.013671875 0.013671875
0 0.338209962890625 0.864193509765625 0.3243778984375 0.835118537109375 0.308029912109375 0.812228505859375 0.28627792578125 0.81128060546875 0.242876 0.818886568359375 0.208103287109375 0.838696974609375 0.196862595703125 0.85034123046875 0.214873419921875 0.8887450625 0.232625529296875 0.913098806640625 0.266627126953125 0.928718251953125 0.294598896484375 0.92903975390625 0.323964447265625 0.9118790703125 0.336795171875 0.89570146875 0.338209962890625 0.864193509765625
1 0.3779296875 0.9169921875 0.01953125 0.021484375
1 0.3818359375 0.935546875 0.01171875 0.01171875
1 0.5029296875 0.9423828125 0.076171875 0.06640625
1 0.54296875 0.8671875 0.0859375 0.0703125
0 0.6785436640625 1 0.69190643359375 0.974675798828125 0.693260701171875 0.904258482421875 0.638201541015625 0.88805182421875 0.598582162109375 0.890541162109375 0.548138236328125 0.8942968984375 0.515261892578125 0.912668548828125 0.515957650390625 0.912824546875 0.530707080078125 0.93875591015625 0.5322670703125 0.9657519453125 0.5297897109375 0.986384060546875 0.53138758203125 1 0.6785436640625 1
1 0.6396484375 0.1923828125 0.01171875 0.0078125
1 0.62109375 0.14453125 0.009765625 0.0078125
1 0.810546875 0.3984375 0.015625 0.01171875
1 0.0126953125 0.44140625 0.025390625 0.03515625
1 0.013671875 0.52734375 0.02734375 0.125
1 0.5703125 0.783203125 0.021484375 0.01953125
1 0.583984375 0.8173828125 0.01953125 0.01953125
1 0.5 0.7978515625 0.0078125 0.0078125
1 0.51171875 0.7666015625 0.01171875 0.01171875
1 0.57421875 0.689453125 0.01171875 0.01171875
0 0.5614564609375 0.757354681640625 0.576143154296875 0.777603484375 0.585019419921875 0.7940859296875 0.6240898046875 0.81561029296875 0.6497500390625 0.8223659609375 0.685613896484375 0.81400698828125 0.7312627578125 0.785265306640625 0.723083380859375 0.732388615234375 0.692802029296875 0.7161048046875 0.6489950625 0.700481033203125 0.62374671875 0.69169958984375 0.594655283203125 0.69418562890625 0.56367655859375 0.69607810546875 0.556025408203125 0.6981944296875 0.55583755078125 0.69833490625 0.558202404296875 0.719359365234375 0.553297638671875 0.740556271484375 0.5614564609375 0.757354681640625
1 0.755859375 0.8759765625 0.015625 0.015625
1 0.7333984375 0.8779296875 0.015625 0.01171875