1 0.1181640625 0.318359375 0.0078125 0.01171875
1 0.0869140625 0.4580078125 0.017578125 0.017578125
1 0.0283203125 0.4375 0.01171875 0.015625
0 0.2349526328125 0.3379365625 0.2162207109375 0.2864331796875 0.20032212890625 0.2663604609375 0.145547912109375 0.25768355078125 0.129606125 0.26753612109375 0.12438796484375 0.300482287109375 0.119433208984375 0.3401105703125 0.12017258984375 0.373078716796875 0.13589886328125 0.40389953125 0.175059556640625 0.425804255859375 0.2129295703125 0.437397482421875 0.242447244140625 0.41012334375 0.243659109375 0.365745896484375 0.2349526328125 0.3379365625
1 0.0869140625 0.501953125 0.015625 0.015625
1 0.05078125 0.5419921875 0.1015625 0.158203125
1 0.037109375 0.650390625 0.07421875 0.14453125
0 0.111328125 0.64453125 0.111328125 0.15234375
1 0.1943359375 0.6640625 0.103515625 0.171875
1 0.15625 0.4599609375 0.083984375 0.0546875
1 0.23046875 0.5517578125 0.134765625 0.12890625
1 0.2421875 0.71875 0.021484375 0.0234375
1 0.2490234375 0.6767578125 0.015625 0.01953125
1 0.2666015625 0.6357421875 0.009765625 0.01953125
1 0.3076171875 0.642578125 0.013671875 0.017578125
1 0.337890625 0.5439453125 0.009765625 0.021484375
1 0.33984375 0.32421875 0.01171875 0.015625
1 0.3564453125 0.3271484375 0.013671875 0.017578125
0 0.4140625 0.3798828125 0.14453125 0.166015625
1 0.52734375 0.40625 0.009765625 0.013671875
1 0.506142345703125 0.535367947265625 0.5374173203125 0.51401565234375 0.54292946875 0.49063832421875 0.543012546875 0.451807654296875 0.53271883984375 0.429850041015625 0.50145890234375 0.3868088203125 0.487378203125 0.389187908203125 0.4712459296875 0.40808909765625 0.453028423828125 0.44002084375 0.44143795703125 0.479273494140625 0.440517294921875 0.50240514453125 0.4500134140625 0.53337986328125 0.4609156640625 0.537681486328125 0.4795382109375 0.53923772265625 0.506142345703125 0.535367947265625
1 0.4921875 0.53125 0.01171875 0.01171875
0 0.35546875 0.7001953125 0.1328125 0.166015625
1 0.466796875 0.7431640625 0.017578125 0.021484375
1 0.5224609375 0.7119140625 0.01171875 0.009765625
1 0.5478515625 0.66796875 0.009765625 0.013671875
1 0.6142578125 0.7412109375 0.015625 0.01953125
1 0.6669921875 0.6953125 0.017578125 0.025390625
1 0.6650390625 0.716796875 0.013671875 0.017578125
1 0.6875 0.6943359375 0.017578125 0.01953125
1 0.7001953125 0.70703125 0.015625 0.01953125
1 0.7158203125 0.7138671875 0.015625 0.021484375
0 0.589496248046875 0.762758970703125 0.614150669921875 0.732729546875 0.63654968359375 0.71563916796875 0.652060744140625 0.6779878828125 0.642590666015625 0.656887390625 0.62273835546875 0.641425732421875 0.600956349609375 0.6308817578125 0.57134447265625 0.620803228515625 0.571091568359375 0.620686599609375 0.559499423828125 0.634170716796875 0.54757448828125 0.66492059765625 0.535915 0.689017845703125 0.525900892578125 0.741757875 0.539011025390625 0.75901481640625 0.56446658203125 0.772449755859375 0.589496248046875 0.762758970703125
1 0.7548828125 0.712890625 0.01171875 0.013671875
1 0.7392578125 0.7607421875 0.01171875 0.01953125
0 0.8017578125 0.75 0.12109375 0.15234375
1 0.8583984375 0.740234375 0.017578125 0.021484375
1 0.87109375 0.7626953125 0.03125 0.041015625
1 0.9111328125 0.7607421875 0.015625 0.01953125
1 0.9091796875 0.791015625 0.015625 0.015625
1 0.935546875 0.7646484375 0.01953125 0.02734375
1 0.884765625 0.6337890625 0.01171875 0.01171875
0 0.8193359375 0.4423828125 0.173828125 0.18359375
0 0.615234375 0.4091796875 0.138671875 0.185546875