1 0.0537109375 0.5263671875 0.021484375 0.0234375
1 0.0673828125 0.52734375 0.01171875 0.015625
1 0.0625 0.482421875 0.015625 0.015625
1 0.0751953125 0.5029296875 0.01171875 0.013671875
1 0.0791015625 0.51953125 0.01171875 0.015625
1 0.142578125 0.431640625 0.01171875 0.021484375
1 0.18359375 0.4560546875 0.013671875 0.015625
1 0.15234375 0.5947265625 0.06640625 0.064453125
1 0.0634765625 0.63671875 0.01171875 0.013671875
1 0.0732421875 0.646484375 0.009765625 0.01171875
1 0.0869140625 0.630859375 0.029296875 0.03125
1 0.109375 0.630859375 0.013671875 0.01171875
1 0.1123046875 0.619140625 0.01953125 0.013671875
1 0.1220703125 0.62890625 0.01171875 0.013671875
1 0.1162109375 0.640625 0.01171875 0.01171875
1 0.04296875 0.62890625 0.013671875 0.01171875
1 0.158203125 0.625 0.025390625 0.015625
1 0.1767578125 0.6259765625 0.01171875 0.01171875
1 0.1767578125 0.6123046875 0.01171875 0.01171875
1 0.1376953125 0.6279296875 0.01171875 0.01171875
0 0.1796875 0.736328125 0.123046875 0.1484375
1 0.302734375 0.5166015625 0.0546875 0.06640625
1 0.2275390625 0.474609375 0.01171875 0.01171875
1 0.23046875 0.4453125 0.0078125 0.0078125
1 0.1787109375 0.431640625 0.009765625 0.009765625
1 0.2412109375 0.490234375 0.017578125 0.015625
1 0.25390625 0.4677734375 0.013671875 0.015625
1 0.2607421875 0.482421875 0.009765625 0.01171875
1 0.2744140625 0.447265625 0.015625 0.013671875
1 0.2919921875 0.44921875 0.009765625 0.01171875
0 0.3349609375 0.43359375 0.103515625 0.14453125
1 0.39453125 0.4892578125 0.017578125 0.01953125
1 0.390625 0.4130859375 0.009765625 0.01171875
1 0.3984375 0.4208984375 0.01171875 0.01171875
1 0.408203125 0.4453125 0.01953125 0.013671875
1 0.400390625 0.45703125 0.015625 0.017578125
1 0.404296875 0.4326171875 0.009765625 0.01171875
1 0.421875 0.41015625 0.005859375 0.005859375
1 0.4296875 0.4169921875 0.0078125 0.0078125
1 0.4306640625 0.443359375 0.025390625 0.03125
1 0.4150390625 0.4638671875 0.009765625 0.013671875
1 0.4443359375 0.4560546875 0.009765625 0.013671875
1 0.439453125 0.478515625 0.01171875 0.015625
1 0.4541015625 0.4189453125 0.013671875 0.013671875
1 0.4638671875 0.4521484375 0.025390625 0.03515625
1 0.4755859375 0.474609375 0.005859375 0.005859375
1 0.4814453125 0.46875 0.0078125 0.0078125
1 0.4853515625 0.4833984375 0.0078125 0.0078125
1 0.501953125 0.4580078125 0.01953125 0.01953125
1 0.501953125 0.4443359375 0.013671875 0.013671875
1 0.5107421875 0.53125 0.029296875 0.02734375
1 0.4853515625 0.5498046875 0.01953125 0.01953125
1 0.4677734375 0.5771484375 0.015625 0.017578125
1 0.4736328125 0.6044921875 0.017578125 0.017578125
1 0.474609375 0.587890625 0.01171875 0.017578125
1 0.3681640625 0.5634765625 0.0234375 0.01953125
1 0.3427734375 0.595703125 0.015625 0.01953125
1 0.3564453125 0.5927734375 0.0078125 0.0078125
1 0.3642578125 0.591796875 0.009765625 0.01171875
1 0.2265625 0.6376953125 0.033203125 0.052734375
1 0.2412109375 0.6025390625 0.052734375 0.052734375
0 0.365234375 0.7294921875 0.119140625 0.171875
1 0.37109375 0.66796875 0.017578125 0.03515625
1 0.5146484375 0.689453125 0.02734375 0.0390625
1 0.509765625 0.6435546875 0.015625 0.025390625
1 0.5927734375 0.642578125 0.01953125 0.01953125
1 0.5068359375 0.56640625 0.0234375 0.01953125
1 0.6357421875 0.603515625 0.046875 0.064453125
1 0.6650390625 0.5537109375 0.021484375 0.025390625
1 0.6044921875 0.5341796875 0.025390625 0.017578125
1 0.6181640625 0.5576171875 0.009765625 0.015625
1 0.6484375 0.5595703125 0.01171875 0.01171875
1 0.73046875 0.5126953125 0.025390625 0.02734375
1 0.681640625 0.4912109375 0.025390625 0.052734375
1 0.6796875 0.623046875 0.021484375 0.021484375
1 0.666015625 0.6640625 0.009765625 0.01171875
1 0.6611328125 0.67578125 0.005859375 0.0078125
1 0.7001953125 0.6748046875 0.0078125 0.015625
1 0.744140625 0.5087890625 0.009765625 0.01171875
1 0.76953125 0.4951171875 0.013671875 0.015625
1 0.755859375 0.4736328125 0.009765625 0.013671875
1 0.8037109375 0.375 0.01171875 0.01171875
1 0.8056640625 0.392578125 0.01171875 0.015625
1 0.79296875 0.3984375 0.01171875 0.01171875
1 0.798828125 0.419921875 0.013671875 0.01171875
1 0.7880859375 0.4306640625 0.017578125 0.013671875
1 0.7783203125 0.419921875 0.01171875 0.01171875
1 0.7783203125 0.36328125 0.01171875 0.017578125
1 0.685546875 0.349609375 0.03125 0.029296875
1 0.6513671875 0.37890625 0.015625 0.01953125
1 0.65625 0.359375 0.015625 0.01953125
1 0.6787109375 0.3896484375 0.01953125 0.025390625
1 0.6640625 0.4189453125 0.013671875 0.015625
1 0.6806640625 0.421875 0.009765625 0.01171875
1 0.689453125 0.404296875 0.01171875 0.01171875
1 0.599609375 0.3798828125 0.037109375 0.02734375
1 0.5810546875 0.3076171875 0.01171875 0.01171875
1 0.5859375 0.2939453125 0.005859375 0.01171875
1 0.6337890625 0.3427734375 0.009765625 0.01171875
1 0.6708984375 0.3486328125 0.013671875 0.009765625
1 0.8564453125 0.3896484375 0.021484375 0.029296875
1 0.87109375 0.3671875 0.017578125 0.025390625
1 0.8369140625 0.34765625 0.015625 0.017578125
1 0.8388671875 0.40234375 0.0234375 0.0234375
1 0.84375 0.50390625 0.015625 0.01953125
0 0.947265625 0.6298828125 0.10546875 0.158203125
1 0.9658203125 0.4970703125 0.060546875 0.08984375
0 0.9228515625 0.35546875 0.11328125 0.12109375
1 0.962890625 0.4296875 0.072265625 0.0703125
1 0.9111328125 0.265625 0.029296875 0.029296875
1 0.822265625 0.3935546875 0.009765625 0.013671875
1 0.3896484375 0.5859375 0.0078125 0.0078125
1 0.447265625 0.6005859375 0.0078125 0.0078125
1 0.4521484375 0.5947265625 0.0078125 0.0078125
1 0.4599609375 0.5986328125 0.0078125 0.0078125
1 0.4462890625 0.55078125 0.0078125 0.009765625
1 0.376953125 0.6162109375 0.005859375 0.005859375
1 0.3818359375 0.6123046875 0.005859375 0.005859375
1 0.30078125 0.6435546875 0.005859375 0.005859375
1 0.3359375 0.6328125 0.005859375 0.005859375
1 0.3203125 0.6015625 0.0078125 0.005859375
1 0.060546875 0.7041015625 0.009765625 0.01171875
1 0.6611328125 0.4990234375 0.0078125 0.01171875
1 0.6572265625 0.5048828125 0.00390625 0.0078125
1 0.6455078125 0.49609375 0.005859375 0.0078125
1 0.6396484375 0.5556640625 0.005859375 0.005859375
1 0.771484375 0.5390625 0.009765625 0.009765625
1 0.7529296875 0.5517578125 0.01171875 0.009765625
1 0.826171875 0.58984375 0.013671875 0.01171875
1 0.802734375 0.5322265625 0.0078125 0.013671875
1 0.7998046875 0.4404296875 0.0078125 0.01171875
1 0.8076171875 0.4501953125 0.0078125 0.009765625
1 0.8173828125 0.4736328125 0.0078125 0.0078125
1 0.7822265625 0.4921875 0.005859375 0.01171875
1 0.7880859375 0.4990234375 0.005859375 0.005859375
1 0.7724609375 0.3857421875 0.0078125 0.013671875
1 0.8212890625 0.3486328125 0.0078125 0.009765625
1 0.8486328125 0.3310546875 0.01171875 0.01171875
1 0.923828125 0.0166015625 0.03125 0.033203125
0 0.5458984375 0.4189453125 0.099609375 0.150390625
0 0.7373046875 0.380859375 0.08203125 0.134765625
1 0.2783203125 0.5751953125 0.107421875 0.130859375
1 0.63671875 0.455078125 0.111328125 0.15625
1 0.884765625 0.4716796875 0.1015625 0.142578125
1 0.8359375 0.5244140625 0.0625 0.083984375
0 0.7939453125 0.6669921875 0.095703125 0.177734375
1 0.708984375 0.5947265625 0.091796875 0.119140625
1 0.4462890625 0.662109375 0.10546875 0.12109375
1 0.5478515625 0.572265625 0.109375 0.09375
0 0.1318359375 0.5 0.12109375 0.138671875
0 0.560546875 0.693359375 0.091796875 0.15625