0 0.517578125 0.03515625 0.13671875 0.0703125
1 0.46484375 0.0458984375 0.021484375 0.017578125
1 0.5185546875 0.0927734375 0.01953125 0.013671875
1 0.59765625 0.14453125 0.05078125 0.044921875
1 0.629251498046875 0.05343680859375 0.60430663671875 0.079978166015625 0.603911541015625 0.0794030703125 0.605755537109375 0.124238931640625 0.62494314453125 0.155034662109375 0.636930380859375 0.165852625 0.6478818671875 0.162182724609375 0.66535017578125 0.14591293359375 0.67227884375 0.117946953125 0.660030556640625 0.084835501953125 0.64027994140625 0.05189614453125 0.629251498046875 0.05343680859375
0 0.7978515625 0.0869140625 0.1328125 0.080078125
0 0.7314453125 0.248046875 0.1875 0.15625
1 0.73046875 0.3818359375 0.015625 0.013671875
1 0.5888671875 0.232421875 0.04296875 0.037109375
0 0.4638671875 0.1904296875 0.15625 0.146484375
1 0.580078125 0.2744140625 0.013671875 0.01171875
1 0.6025390625 0.408203125 0.0234375 0.021484375
1 0.630859375 0.5107421875 0.025390625 0.025390625
0 0.68420807421875 0.49887216796875 0.7175032265625 0.501438478515625 0.740666208984375 0.48862766015625 0.74942869921875 0.477015640625 0.76631709765625 0.4515557109375 0.769223228515625 0.432633716796875 0.739089552734375 0.404142599609375 0.698175333984375 0.37495102734375 0.688090248046875 0.3796031484375 0.6733830546875 0.389102740234375 0.635674646484375 0.38867128515625 0.625680154296875 0.429802615234375 0.62678471484375 0.442764314453125 0.63857496484375 0.46754675390625 0.652878947265625 0.486394890625 0.68420807421875 0.49887216796875
1 0.552201541015625 0.391911185546875 0.565411080078125 0.401754283203125 0.595200302734375 0.400501435546875 0.6202176328125 0.3949252265625 0.646122857421875 0.390134560546875 0.667037923828125 0.38867686328125 0.686401046875 0.384032404296875 0.691213376953125 0.37403808203125 0.684669892578125 0.354170798828125 0.662696259765625 0.335140998046875 0.63477122265625 0.329081412109375 0.598527033203125 0.338947634765625 0.59955340625 0.339373599609375 0.582210529296875 0.354744392578125 0.565212453125 0.3810794609375 0.552201541015625 0.391911185546875
1 0.573139111328125 0.376033876953125 0.57754601953125 0.372874607421875 0.58215412109375 0.3578313515625 0.587922998046875 0.33263327734375 0.57989928515625 0.32022343359375 0.564802650390625 0.30666262109375 0.538526873046875 0.29305046875 0.5220237421875 0.28812179296875 0.519445037109375 0.29675577734375 0.530143150390625 0.3113367265625 0.5384161640625 0.327631580078125 0.550655435546875 0.351489388671875 0.5634126640625 0.370357203125 0.573139111328125 0.376033876953125
1 0.5234375 0.3134765625 0.0234375 0.017578125
1 0.587890625 0.3203125 0.01953125 0.01953125
1 0.5278701328125 0.32443718359375 0.49072762109375 0.3390651015625 0.458487947265625 0.338883201171875 0.446285228515625 0.342640259765625 0.449746041015625 0.360794568359375 0.4759029296875 0.376166365234375 0.48230411328125 0.396186255859375 0.501284478515625 0.42299240234375 0.51390410546875 0.446356521484375 0.536589435546875 0.459120119140625 0.550809171875 0.452732404296875 0.569902896484375 0.445419189453125 0.59396953515625 0.445044666015625 0.60997639453125 0.438549564453125 0.603420875 0.419489970703125 0.572639828125 0.405322412109375 0.558700078125 0.384369640625 0.56328389453125 0.3738015625 0.5521628203125 0.347377671875 0.538917625 0.32669174609375 0.5278701328125 0.32443718359375
1 0.5234375 0.4775390625 0.017578125 0.01953125
1 0.341796875 0.4140625 0.021484375 0.01953125
0 0.36931015234375 0.4010457890625 0.385017470703125 0.421929228515625 0.408880609375 0.444609521484375 0.4241846796875 0.448860013671875 0.4423903125 0.44627613671875 0.462788076171875 0.433933146484375 0.484769826171875 0.41382117578125 0.4786362421875 0.38580946875 0.4604003671875 0.357942552734375 0.44310636328125 0.33272682421875 0.426320130859375 0.329279763671875 0.399593685546875 0.330375029296875 0.3775189140625 0.339392431640625 0.36675370703125 0.36578044140625 0.362534720703125 0.38152591015625 0.36931015234375 0.4010457890625
1 0.4658203125 0.53125 0.056640625 0.0703125
1 0.5234375 0.5322265625 0.107421875 0.08984375
1 0.7109375 0.609375 0.0234375 0.0234375
1 0.6044921875 0.705078125 0.0234375 0.01953125
0 0.700045255859375 0.680357580078125 0.71523657421875 0.67199169921875 0.71721059765625 0.65734609765625 0.704527326171875 0.636787337890625 0.683494953125 0.61605558984375 0.6640911796875 0.59748503125 0.643773701171875 0.587524189453125 0.59888940625 0.58485869921875 0.57601796875 0.585972392578125 0.586848763671875 0.624251720703125 0.593872818359375 0.664283126953125 0.62193819921875 0.67450042578125 0.655142509765625 0.69675478515625 0.67764834765625 0.70010906640625 0.700045255859375 0.680357580078125
1 0.55617291796875 0.646526330078125 0.6002794765625 0.65904673828125 0.608082453125 0.648814662109375 0.591840990234375 0.62259964453125 0.58250807421875 0.597636646484375 0.576806669921875 0.558683966796875 0.568666517578125 0.551582328125 0.55607785546875 0.558794408203125 0.5355557421875 0.586461158203125 0.5307765625 0.606230458984375 0.5245193359375 0.630176669921875 0.543530677734375 0.641081724609375 0.55617291796875 0.646526330078125
1 0.48828125 0.6103515625 0.107421875 0.1171875
1 0.5732421875 0.6884765625 0.037109375 0.033203125
1 0.611177501953125 0.687875205078125 0.62931237890625 0.686009564453125 0.62267834375 0.67244854296875 0.58315556640625 0.66228672265625 0.54551375 0.641745314453125 0.51980444140625 0.641251408203125 0.5179490859375 0.6402101484375 0.515245591796875 0.650911119140625 0.517715416015625 0.666329701171875 0.518063521484375 0.684507685546875 0.52255359765625 0.693859740234375 0.544292224609375 0.694382626953125 0.573297716796875 0.6834193125 0.611177501953125 0.687875205078125
1 0.548992498046875 0.761457296875 0.561798328125 0.749941080078125 0.542688765625 0.7016303515625 0.52475786328125 0.681749533203125 0.504024486328125 0.642608322265625 0.488728056640625 0.621513189453125 0.4738365859375 0.620002583984375 0.43543296484375 0.64442611328125 0.388534537109375 0.668020943359375 0.387216326171875 0.69656933203125 0.411589419921875 0.727512978515625 0.45321518359375 0.745215912109375 0.51243780078125 0.761151263671875 0.548992498046875 0.761457296875
1 0.2841796875 0.6875 0.025390625 0.021484375
1 0.328125 0.7109375 0.064453125 0.041015625
1 0.330078125 0.55078125 0.015625 0.015625
0 0.418482263671875 0.557948927734375 0.396681068359375 0.54059886328125 0.373704078125 0.53330246875 0.3556223984375 0.52965339453125 0.339041326171875 0.5350947890625 0.333750482421875 0.55386809375 0.31331860546875 0.5601604453125 0.325815650390625 0.5798537109375 0.356886873046875 0.597579056640625 0.395231392578125 0.60063242578125 0.413704931640625 0.598556798828125 0.425810474609375 0.5918026875 0.427833318359375 0.5799211953125 0.418482263671875 0.557948927734375
0 0.583984375 0.830078125 0.193359375 0.166015625
0 0.3601947109375 0.721876708984375 0.338990044921875 0.72270332421875 0.31115944140625 0.72242268359375 0.28657944140625 0.722972083984375 0.28029713671875 0.741835455078125 0.2859070703125 0.767428564453125 0.32093503515625 0.790929830078125 0.3483193828125 0.802477654296875 0.357692267578125 0.805240693359375 0.364428837890625 0.80126519921875 0.38132176953125 0.788563490234375 0.413805845703125 0.756093408203125 0.41387844921875 0.756020421875 0.409821314453125 0.745064248046875 0.389641966796875 0.72943475390625 0.3601947109375 0.721876708984375
1 0.45703125 0.7646484375 0.029296875 0.03125
1 0.460990130859375 0.780296337890625 0.459693880859375 0.773709755859375 0.425638134765625 0.764246369140625 0.40669861328125 0.771927375 0.39320937890625 0.79502519140625 0.35883657421875 0.8027576640625 0.32741889453125 0.79516428125 0.32118042578125 0.800273724609375 0.3300981171875 0.8122818671875 0.37104293359375 0.840485833984375 0.400935669921875 0.8709999453125 0.43759258984375 0.89417475 0.469502037109375 0.88995264453125 0.490642017578125 0.892802865234375 0.501532876953125 0.8942852890625 0.503901994140625 0.889461330078125 0.49505136328125 0.87082117578125 0.485073435546875 0.8346110234375 0.469788263671875 0.80873415234375 0.460990130859375 0.780296337890625
0 0.5322265625 0.970703125 0.111328125 0.05859375
1 0.4375 0.994140625 0.0234375 0.01171875
1 0.3603515625 0.9697265625 0.037109375 0.02734375
1 0.2255859375 0.8662109375 0.111328125 0.06640625
0 0.2260419453125 0.94423125 0.278682595703125 0.95833626953125 0.292340640625 0.9455435859375 0.29681006640625 0.92056601953125 0.303298765625 0.8942362109375 0.3037016875 0.8928955234375 0.2887723203125 0.886792447265625 0.259063435546875 0.88662168359375 0.22551977734375 0.887288615234375 0.203006607421875 0.89298116015625 0.184230939453125 0.8992936953125 0.17916548046875 0.9115195390625 0.18614585546875 0.933541125 0.2260419453125 0.94423125
1 0.2841796875 0.82421875 0.021484375 0.017578125
1 0.2822265625 0.7919921875 0.017578125 0.013671875
1 0.35546875 0.646484375 0.013671875 0.01171875