1 0.5302734375 0.0048828125 0.013671875 0.009765625
1 0.5419921875 0.1044921875 0.01953125 0.01171875
1 0.525390625 0.091796875 0.01171875 0.009765625
0 0.7001953125 0.197265625 0.146484375 0.14453125
1 0.638671875 0.375 0.01171875 0.01171875
1 0.5546875 0.189453125 0.0078125 0.00390625
1 0.564453125 0.4384765625 0.021484375 0.015625
1 0.53125 0.392578125 0.01171875 0.01171875
1 0.5478515625 0.392578125 0.01171875 0.005859375
0 0.6962890625 0.4375 0.109375 0.08984375
1 0.568359375 0.521484375 0.015625 0.015625
0 0.732421875 0.6376953125 0.134765625 0.12890625
1 0.64453125 0.6474609375 0.05078125 0.052734375
1 0.650390625 0.7431640625 0.01171875 0.009765625
0 0.7265625 0.87109375 0.173828125 0.123046875
0 0.4033203125 0.908203125 0.16015625 0.130859375
1 0.333984375 0.939453125 0.009765625 0.01171875
1 0.4365234375 0.9716796875 0.015625 0.013671875
1 0.5146484375 0.931640625 0.01171875 0.0078125
1 0.517578125 0.9521484375 0.009765625 0.0078125
1 0.49609375 0.869140625 0.0078125 0.00390625
1 0.521484375 0.826171875 0.005859375 0.005859375
1 0.525390625 0.7958984375 0.0078125 0.005859375
1 0.4306640625 0.8125 0.0078125 0.009765625
1 0.4052734375 0.7890625 0.013671875 0.009765625
1 0.4169921875 0.783203125 0.009765625 0.009765625
1 0.439453125 0.775390625 0.01953125 0.01171875
1 0.474609375 0.7666015625 0.009765625 0.005859375
1 0.48046875 0.744140625 0.005859375 0.005859375
1 0.41015625 0.748046875 0.037109375 0.01953125
0 0.3525390625 0.677734375 0.17578125 0.12109375
1 0.376953125 0.6103515625 0.025390625 0.01953125
1 0.3857421875 0.591796875 0.01171875 0.0078125
1 0.40234375 0.5888671875 0.01171875 0.015625
1 0.421875 0.5927734375 0.01953125 0.01953125
1 0.4375 0.580078125 0.015625 0.021484375
1 0.484375 0.619140625 0.01171875 0.00390625
1 0.5029296875 0.611328125 0.01171875 0.0078125
1 0.5244140625 0.66796875 0.04296875 0.02734375
1 0.3984375 0.529296875 0.025390625 0.01953125
1 0.4140625 0.5341796875 0.009765625 0.01171875
1 0.451171875 0.560546875 0.009765625 0.005859375
1 0.5068359375 0.5322265625 0.05078125 0.056640625
1 0.3896484375 0.4931640625 0.01171875 0.0078125
1 0.37890625 0.49609375 0.01171875 0.015625
1 0.3837890625 0.357421875 0.01953125 0.013671875
1 0.3818359375 0.337890625 0.01171875 0.009765625
1 0.404296875 0.341796875 0.03125 0.01953125
1 0.3955078125 0.361328125 0.021484375 0.015625
1 0.4443359375 0.361328125 0.009765625 0.00390625
1 0.447265625 0.3505859375 0.005859375 0.005859375
1 0.4833984375 0.328125 0.005859375 0.00390625
1 0.4814453125 0.31640625 0.005859375 0.005859375
1 0.50390625 0.318359375 0.009765625 0.005859375
1 0.4189453125 0.2880859375 0.015625 0.009765625
1 0.376953125 0.298828125 0.009765625 0.009765625
1 0.455078125 0.30078125 0.01171875 0.005859375
0 0.37890625 0.2099609375 0.17578125 0.12890625
1 0.400390625 0.1083984375 0.017578125 0.015625
1 0.41015625 0.123046875 0.021484375 0.009765625
1 0.365234375 0.1181640625 0.01171875 0.009765625
1 0.3720703125 0.138671875 0.01171875 0.01171875
1 0.3544921875 0.140625 0.01171875 0.01171875
1 0.4033203125 0.087890625 0.01171875 0.009765625
0 0.36328125 0.03515625 0.09765625 0.0703125
1 0.40625 0.0732421875 0.009765625 0.009765625
1 0.474609375 0.068359375 0.005859375 0.005859375
1 0.4853515625 0.0693359375 0.005859375 0.0078125
1 0.474609375 0.0810546875 0.009765625 0.009765625
1 0.490234375 0.1240234375 0.01171875 0.01953125
1 0.484375 0.0068359375 0.009765625 0.009765625
1 0.513671875 0.0869140625 0.009765625 0.005859375
0 0.6337890625 0.0263671875 0.11328125 0.052734375
0 0.3251953125 0.439453125 0.15234375 0.091796875
1 0.44921875 0.4013671875 0.10546875 0.1171875