0 0.7490234375 0.076171875 0.140625 0.0859375
0 0.705078125 0.240234375 0.1953125 0.16796875
0 0.6708984375 0.4462890625 0.244140625 0.216796875
1 0.53515625 0.4990234375 0.048828125 0.0390625
0 0.595703125 0.677734375 0.203125 0.1953125
1 0.5361328125 0.759765625 0.0390625 0.03125
1 0.568359375 0.798828125 0.0234375 0.017578125
0 0.5712890625 0.9130859375 0.185546875 0.173828125
1 0.4716796875 0.9560546875 0.025390625 0.01953125
1 0.3916015625 0.8935546875 0.158203125 0.123046875
1 0.3603515625 0.7978515625 0.025390625 0.025390625
1 0.42578125 0.78515625 0.015625 0.013671875
1 0.4345703125 0.7373046875 0.01171875 0.01171875
1 0.4375 0.7490234375 0.013671875 0.009765625
0 0.2685546875 0.82421875 0.171875 0.169921875
1 0.2255859375 0.8837890625 0.021484375 0.01953125
1 0.1513671875 0.876953125 0.017578125 0.015625
1 0.1904296875 0.7802734375 0.021484375 0.021484375
1 0.26171875 0.74609375 0.025390625 0.0234375
1 0.2763671875 0.7431640625 0.015625 0.01171875
1 0.267578125 0.6982421875 0.017578125 0.013671875
1 0.3271484375 0.744140625 0.015625 0.015625
1 0.3828125 0.7421875 0.015625 0.015625
1 0.4013671875 0.724609375 0.01171875 0.0078125
1 0.3984375 0.6748046875 0.009765625 0.0078125
1 0.4189453125 0.669921875 0.021484375 0.017578125
1 0.361328125 0.666015625 0.01171875 0.0078125
1 0.44921875 0.6708984375 0.017578125 0.015625
1 0.4609375 0.6162109375 0.0234375 0.0234375
0 0.330078125 0.580078125 0.208984375 0.1640625
1 0.287109375 0.46875 0.015625 0.017578125
1 0.31640625 0.435546875 0.099609375 0.064453125
0 0.3447265625 0.3623046875 0.181640625 0.154296875
1 0.4658203125 0.46875 0.02734375 0.021484375
1 0.466796875 0.4365234375 0.015625 0.01171875
1 0.466796875 0.3974609375 0.015625 0.01171875
1 0.4921875 0.3466796875 0.01953125 0.01953125
1 0.515625 0.30078125 0.01171875 0.015625
1 0.359375 0.234375 0.01171875 0.009765625
0 0.396484375 0.1494140625 0.189453125 0.1875
1 0.41796875 0.0908203125 0.015625 0.013671875
1 0.5302734375 0.1865234375 0.044921875 0.0390625
1 0.52734375 0.22265625 0.025390625 0.025390625
1 0.55078125 0.1572265625 0.013671875 0.017578125
1 0.5380859375 0.142578125 0.013671875 0.01171875
1 0.5546875 0.1240234375 0.025390625 0.037109375
1 0.587890625 0.1201171875 0.017578125 0.017578125
1 0.5654296875 0.0908203125 0.01171875 0.015625
1 0.447265625 0.0400390625 0.025390625 0.025390625
1 0.4306640625 0.05859375 0.013671875 0.01171875
1 0.40234375 0.0263671875 0.021484375 0.01953125
1 0.490234375 0.041015625 0.015625 0.017578125
1 0.5771484375 0.03515625 0.015625 0.013671875
1 0.1318359375 0.7353515625 0.015625 0.01171875