1 0.0068359375 0.35546875 0.01171875 0.015625
1 0.0048828125 0.48046875 0.009765625 0.015625
1 0.033203125 0.4462890625 0.015625 0.021484375
0 0.054988044921875 0.50790221484375 0.09514849609375 0.50802155078125 0.11279119921875 0.4981656484375 0.12605916796875 0.475556587890625 0.1446191953125 0.434283232421875 0.143725822265625 0.413222125 0.133224517578125 0.3814800703125 0.12157579296875 0.37221741796875 0.1188768515625 0.369484734375 0.101176046875 0.357479541015625 0.075643599609375 0.34715133984375 0.025930912109375 0.329404486328125 0.025988119140625 0.336436447265625 0.0159930078125 0.389458298828125 0.015829140625 0.42620360546875 0.0166441015625 0.473387154296875 0.034348435546875 0.503593537109375 0.054988044921875 0.50790221484375
1 0.0546875 0.5751953125 0.015625 0.01953125
1 0.0927734375 0.564453125 0.015625 0.015625
0 0.1396484375 0.7099609375 0.154296875 0.1953125
1 0.1533203125 0.5361328125 0.103515625 0.119140625
1 0.162109375 0.552734375 0.017578125 0.025390625
1 0.2255859375 0.4287109375 0.025390625 0.03515625
1 0.2236328125 0.46875 0.056640625 0.0625
1 0.173828125 0.455078125 0.083984375 0.10546875
1 0.1689453125 0.376953125 0.013671875 0.017578125
1 0.2705078125 0.4873046875 0.009765625 0.015625
1 0.1875 0.3232421875 0.017578125 0.021484375
1 0.359375 0.4521484375 0.03125 0.046875
0 0.224609865234375 0.406417150390625 0.241571232421875 0.431350455078125 0.26435998828125 0.466672841796875 0.28854803515625 0.480733369140625 0.31404319140625 0.4731310234375 0.338138220703125 0.45350523046875 0.355453203125 0.4214711484375 0.361477728515625 0.384262798828125 0.3639906484375 0.34367330859375 0.35947985546875 0.331660875 0.353971212890625 0.32958858203125 0.33580290625 0.323696146484375 0.30985825 0.3152612734375 0.286008271484375 0.31435433203125 0.269583060546875 0.316260228515625 0.237138962890625 0.324125541015625 0.211795267578125 0.342579263671875 0.2150850234375 0.377382564453125 0.224609865234375 0.406417150390625
1 0.26953125 0.619140625 0.03125 0.03515625
0 0.349609375 0.6787109375 0.154296875 0.181640625
1 0.3310546875 0.51953125 0.021484375 0.02734375
1 0.31640625 0.5234375 0.015625 0.017578125
1 0.349609375 0.52734375 0.009765625 0.015625
1 0.3642578125 0.4990234375 0.021484375 0.017578125
1 0.3837890625 0.49609375 0.013671875 0.01171875
1 0.390625 0.5078125 0.009765625 0.013671875
1 0.4033203125 0.501953125 0.015625 0.015625
1 0.41015625 0.373046875 0.013671875 0.015625
1 0.380859375 0.34375 0.013671875 0.017578125
1 0.4287109375 0.3544921875 0.01171875 0.01171875
1 0.4375 0.375 0.017578125 0.017578125
1 0.423828125 0.4814453125 0.107421875 0.142578125
1 0.4833984375 0.4609375 0.09375 0.107421875
1 0.537109375 0.5126953125 0.0859375 0.103515625
1 0.595703125 0.541015625 0.0703125 0.1171875
0 0.548828125 0.6162109375 0.138671875 0.142578125
0 0.4990234375 0.31640625 0.154296875 0.201171875
1 0.607421875 0.3779296875 0.09375 0.125
1 0.658203125 0.4296875 0.0625 0.087890625
1 0.6474609375 0.4990234375 0.037109375 0.037109375
0 0.7529296875 0.5791015625 0.181640625 0.189453125
1 0.78515625 0.4501953125 0.080078125 0.091796875
1 0.7216796875 0.4306640625 0.109375 0.162109375
0 0.6875 0.2705078125 0.173828125 0.20703125
1 0.79296875 0.271484375 0.078125 0.109375
1 0.8115234375 0.404296875 0.01953125 0.01953125
1 0.8271484375 0.396484375 0.013671875 0.017578125
1 0.8310546875 0.3544921875 0.021484375 0.021484375
1 0.884765625 0.3798828125 0.015625 0.021484375
1 0.9130859375 0.3447265625 0.013671875 0.017578125
1 0.9697265625 0.380859375 0.044921875 0.072265625
0 0.94140625 0.5087890625 0.1171875 0.158203125
0 0.896484375 0.244140625 0.142578125 0.16015625
1 0.609375 0.4423828125 0.013671875 0.017578125
1 0.552734375 0.4208984375 0.009765625 0.01171875