1 0.013671875 0.6298828125 0.0078125 0.01171875
1 0.029296875 0.61328125 0.015625 0.015625
1 0.0224609375 0.5654296875 0.015625 0.015625
1 0.0537109375 0.56640625 0.021484375 0.025390625
1 0.09765625 0.48046875 0.05859375 0.0625
1 0.0673828125 0.453125 0.017578125 0.015625
1 0.0888671875 0.4345703125 0.015625 0.015625
1 0.1005859375 0.4541015625 0.01171875 0.01171875
1 0.1123046875 0.44140625 0.017578125 0.015625
1 0.142578125 0.4462890625 0.01171875 0.01171875
1 0.1669921875 0.486328125 0.021484375 0.025390625
1 0.134765625 0.517578125 0.013671875 0.015625
1 0.18359375 0.47265625 0.01171875 0.01171875
1 0.2109375 0.482421875 0.013671875 0.017578125
1 0.220703125 0.494140625 0.015625 0.021484375
1 0.2392578125 0.486328125 0.01171875 0.01171875
1 0.2490234375 0.474609375 0.01953125 0.01953125
1 0.2666015625 0.4931640625 0.017578125 0.017578125
0 0.1953125 0.4208984375 0.1015625 0.07421875
1 0.021484375 0.3916015625 0.0234375 0.029296875
0 0.1990354765625 0.374824888671875 0.222071546875 0.35806206640625 0.22996033203125 0.3171536796875 0.225418447265625 0.263586923828125 0.2189202265625 0.228835466796875 0.213064724609375 0.21487691015625 0.177459779296875 0.207872744140625 0.132347845703125 0.21454301171875 0.099479828125 0.232548541015625 0.07209099609375 0.25749790625 0.0589534453125 0.295896291015625 0.06347302734375 0.344186 0.078519841796875 0.38004116796875 0.113584328125 0.3848366328125 0.15165265625 0.385198568359375 0.172183423828125 0.386963341796875 0.1990354765625 0.374824888671875
0 0.3955078125 0.3740234375 0.1640625 0.205078125
1 0.3017578125 0.556640625 0.02734375 0.029296875
1 0.236328125 0.609375 0.013671875 0.01953125
1 0.2890625 0.599609375 0.017578125 0.017578125
1 0.1982421875 0.6337890625 0.015625 0.017578125
1 0.2158203125 0.619140625 0.01171875 0.013671875
1 0.158203125 0.6689453125 0.03515625 0.037109375
0 0.1434637578125 0.558915455078125 0.120620587890625 0.531551771484375 0.080263166015625 0.5600676484375 0.054254529296875 0.583563216796875 0.039368349609375 0.606366173828125 0.01432832421875 0.6375909140625 0.002456326171875 0.65466680078125 0.019502779296875 0.6982715390625 0.0552257578125 0.738746505859375 0.0901989609375 0.7094451640625 0.12667448828125 0.68208397265625 0.143791291015625 0.67123343359375 0.166284763671875 0.64409569921875 0.15663979296875 0.599636041015625 0.1434637578125 0.558915455078125
1 0.08984375 0.75 0.080078125 0.087890625
1 0.1328125 0.7587890625 0.03125 0.033203125
1 0.158203125 0.7744140625 0.025390625 0.029296875
1 0.1962890625 0.73046875 0.0078125 0.013671875
1 0.375 0.7265625 0.01171875 0.01171875
0 0.3017578125 0.69921875 0.171875 0.205078125
1 0.3837890625 0.658203125 0.0078125 0.01171875
1 0.4404296875 0.560546875 0.017578125 0.0234375
1 0.44140625 0.595703125 0.005859375 0.009765625
1 0.3427734375 0.552734375 0.0078125 0.01171875
1 0.478515625 0.517578125 0.04296875 0.06640625
1 0.4951171875 0.5888671875 0.046875 0.052734375
1 0.5244140625 0.546875 0.03125 0.03515625
1 0.560546875 0.6181640625 0.03515625 0.044921875
1 0.5546875 0.5693359375 0.064453125 0.068359375
1 0.60546875 0.5751953125 0.03125 0.03125
0 0.642578125 0.4208984375 0.15234375 0.16796875
1 0.57421875 0.4189453125 0.0078125 0.013671875
1 0.705078125 0.6748046875 0.04296875 0.04296875
1 0.7099609375 0.650390625 0.013671875 0.017578125
1 0.720703125 0.6513671875 0.013671875 0.017578125
1 0.73828125 0.6328125 0.02734375 0.033203125
1 0.707202501953125 0.636058021484375 0.72984975 0.618656357421875 0.76163395703125 0.61491544921875 0.78204831640625 0.606246447265625 0.786450099609375 0.59591024609375 0.753132857421875 0.575131544921875 0.741932314453125 0.556582595703125 0.734427978515625 0.53352850390625 0.72076319921875 0.52750248828125 0.68995002734375 0.54568594921875 0.6688006171875 0.5730076875 0.645275939453125 0.612042369140625 0.636914701171875 0.63964183203125 0.64430655859375 0.651488009765625 0.643941798828125 0.653655291015625 0.65387948046875 0.657824455078125 0.67805913671875 0.653393115234375 0.707202501953125 0.636058021484375
1 0.8134765625 0.6162109375 0.0078125 0.013671875
1 0.84375 0.6591796875 0.01171875 0.013671875
1 0.84236567578125 0.623268810546875 0.836386349609375 0.616443609375 0.8282250234375 0.615708787109375 0.8107418046875 0.626581587890625 0.796147501953125 0.64056901953125 0.792729166015625 0.655955166015625 0.79839294921875 0.67112556640625 0.810596041015625 0.678993119140625 0.81897322265625 0.672276875 0.82995834765625 0.6658698515625 0.837538470703125 0.6569441484375 0.842247181640625 0.63916223046875 0.84236567578125 0.623268810546875
1 0.8564453125 0.677734375 0.01171875 0.013671875
1 0.8779296875 0.673828125 0.009765625 0.013671875
1 0.8955078125 0.69140625 0.01171875 0.01171875
1 0.8798828125 0.6455078125 0.0546875 0.05859375
1 0.9140625 0.6533203125 0.0078125 0.01171875
1 0.955078125 0.6689453125 0.01171875 0.013671875
1 0.9169921875 0.767578125 0.01171875 0.01171875
1 0.8642578125 0.8095703125 0.03125 0.033203125
1 0.8759765625 0.87109375 0.01953125 0.0234375
1 0.6796875 0.8447265625 0.0234375 0.029296875
1 0.662109375 0.8623046875 0.015625 0.017578125
1 0.6806640625 0.794921875 0.01171875 0.013671875
1 0.6630859375 0.7802734375 0.013671875 0.01953125
1 0.638671875 0.78515625 0.015625 0.017578125
1 0.6630859375 0.736328125 0.013671875 0.013671875
1 0.6728515625 0.728515625 0.01171875 0.01171875
1 0.625 0.87109375 0.03125 0.033203125
1 0.6044921875 0.8193359375 0.033203125 0.04296875
1 0.6201171875 0.802734375 0.0078125 0.01171875
1 0.6123046875 0.7666015625 0.015625 0.021484375
1 0.59375 0.744140625 0.0078125 0.013671875
1 0.490234375 0.7607421875 0.0078125 0.013671875
1 0.474609375 0.79296875 0.009765625 0.01171875
1 0.43359375 0.771484375 0.01171875 0.013671875
1 0.4462890625 0.7470703125 0.009765625 0.01171875
1 0.4658203125 0.6904296875 0.02734375 0.03515625
1 0.469877875 0.70519370703125 0.44976673046875 0.719541501953125 0.449918876953125 0.721609119140625 0.4714606328125 0.73333376953125 0.495130787109375 0.72727653515625 0.50797598828125 0.68805181640625 0.512294267578125 0.65309582421875 0.5036203046875 0.64368261328125 0.491626673828125 0.656236859375 0.479979302734375 0.67997013671875 0.469877875 0.70519370703125
1 0.49609375 0.697265625 0.017578125 0.0234375
0 0.595642232421875 0.719264201171875 0.57159153125 0.68787219140625 0.5404081171875 0.682855533203125 0.5157611484375 0.691980689453125 0.5006269609375 0.71966890234375 0.485100064453125 0.751145443359375 0.472955123046875 0.781612166015625 0.480843287109375 0.816891712890625 0.496222771484375 0.838145421875 0.513771181640625 0.851511044921875 0.5284145390625 0.86097901171875 0.555387908203125 0.84821000390625 0.56808385546875 0.83110125390625 0.582127525390625 0.78326449609375 0.59139741015625 0.742501765625 0.595642232421875 0.719264201171875
0 0.8388671875 0.478515625 0.1796875 0.181640625
1 0.712890625 0.7841796875 0.017578125 0.021484375
1 0.7353515625 0.7744140625 0.021484375 0.021484375
0 0.828682279296875 0.785270111328125 0.80150665625 0.744578205078125 0.772065201171875 0.71599227734375 0.751575279296875 0.71400816015625 0.737802740234375 0.73695384375 0.73962358984375 0.7745474609375 0.720775154296875 0.79554526953125 0.709532263671875 0.843421154296875 0.73123099609375 0.9075802265625 0.75859323046875 0.90521354296875 0.7874022578125 0.899943548828125 0.8099866640625 0.886740826171875 0.829145662109375 0.860683087890625 0.834486513671875 0.82245474609375 0.828682279296875 0.785270111328125
1 0.8193359375 0.9609375 0.033203125 0.041015625
1 0.203125 0.8154296875 0.029296875 0.033203125
1 0.404296875 0.8134765625 0.015625 0.015625