0 0.9150390625 0.4345703125 0.140625 0.142578125
1 0.8125 0.47265625 0.015625 0.015625
1 0.875 0.5498046875 0.013671875 0.009765625
1 0.91015625 0.58203125 0.01953125 0.021484375
1 0.8896484375 0.580078125 0.01171875 0.009765625
1 0.9755859375 0.5546875 0.029296875 0.015625
0 0.93359375 0.701171875 0.1328125 0.171875
1 0.7685546875 0.5712890625 0.01171875 0.009765625
1 0.806640625 0.5751953125 0.017578125 0.013671875
1 0.7568359375 0.5771484375 0.013671875 0.013671875
1 0.744140625 0.5791015625 0.009765625 0.013671875
1 0.7333984375 0.583984375 0.009765625 0.013671875
1 0.7705078125 0.548828125 0.013671875 0.013671875
1 0.748046875 0.5439453125 0.009765625 0.009765625
1 0.735922224609375 0.65510063671875 0.743005197265625 0.647951111328125 0.742626451171875 0.618884150390625 0.73119030859375 0.5938433515625 0.72317528515625 0.5814454453125 0.692777328125 0.5780898203125 0.64954390625 0.616204146484375 0.652118216796875 0.63732530859375 0.67356133203125 0.63857351171875 0.690839134765625 0.645565775390625 0.718057029296875 0.644909814453125 0.735922224609375 0.65510063671875
1 0.67578125 0.57421875 0.013671875 0.025390625
1 0.6552734375 0.568359375 0.0234375 0.013671875
1 0.6875 0.52734375 0.05078125 0.056640625
1 0.70383164453125 0.486842466796875 0.702217859375 0.502788751953125 0.70459705078125 0.530519853515625 0.71061512109375 0.555852173828125 0.710634798828125 0.55634621484375 0.72373679296875 0.55621934375 0.7388624453125 0.5381253203125 0.763137017578125 0.513226212890625 0.76436312109375 0.495678939453125 0.75318736328125 0.47064565625 0.728975537109375 0.461605294921875 0.715745765625 0.466270947265625 0.70383164453125 0.486842466796875
0 0.658732623046875 0.419172798828125 0.66878493359375 0.460496173828125 0.682433005859375 0.479967685546875 0.7010862890625 0.482230576171875 0.714641962890625 0.47677813671875 0.72619965234375 0.4679668671875 0.74542619921875 0.455981740234375 0.760550673828125 0.431775587890625 0.7832660703125 0.43447133984375 0.7918506328125 0.426478328125 0.7909280625 0.3870950546875 0.774915556640625 0.35334507421875 0.7250500390625 0.333600041015625 0.690046009765625 0.354831837890625 0.6687960703125 0.375128201171875 0.6580237578125 0.400783076171875 0.658732623046875 0.419172798828125
1 0.76171875 0.43359375 0.009765625 0.009765625
1 0.650390625 0.3974609375 0.01953125 0.029296875
1 0.6484375 0.4248046875 0.01953125 0.025390625
1 0.611328125 0.4404296875 0.015625 0.021484375
1 0.62109375 0.41015625 0.015625 0.021484375
1 0.5859375 0.431640625 0.013671875 0.015625
1 0.5771484375 0.4052734375 0.015625 0.025390625
1 0.56640625 0.4267578125 0.009765625 0.021484375
1 0.5673828125 0.4580078125 0.015625 0.037109375
1 0.4658203125 0.4091796875 0.009765625 0.01171875
0 0.45293719140625 0.47105523828125 0.464581673828125 0.49795739453125 0.5012606015625 0.50872284375 0.5211111640625 0.511187244140625 0.553670685546875 0.483466609375 0.559316927734375 0.46003684765625 0.564695830078125 0.4180100234375 0.571698646484375 0.401835693359375 0.532382029296875 0.3578558515625 0.503301212890625 0.348728984375 0.5030002109375 0.3476610625 0.476597896484375 0.375410880859375 0.46823493359375 0.393451171875 0.464758486328125 0.421102271484375 0.455591763671875 0.450662759765625 0.45293719140625 0.47105523828125
1 0.4248046875 0.3857421875 0.017578125 0.025390625
1 0.4384765625 0.4423828125 0.01171875 0.021484375
1 0.421875 0.4208984375 0.0234375 0.041015625
1 0.404296875 0.4296875 0.015625 0.025390625
1 0.40234375 0.4609375 0.013671875 0.017578125
1 0.3662109375 0.4375 0.017578125 0.021484375
1 0.3642578125 0.3701171875 0.013671875 0.017578125
1 0.3642578125 0.390625 0.013671875 0.01953125
1 0.3515625 0.384765625 0.013671875 0.025390625
1 0.2490234375 0.4072265625 0.025390625 0.041015625
1 0.2421875 0.462890625 0.009765625 0.015625
1 0.2607421875 0.470703125 0.009765625 0.005859375
1 0.29296875 0.5302734375 0.025390625 0.021484375
1 0.3203125 0.5302734375 0.005859375 0.009765625
1 0.625 0.576171875 0.009765625 0.009765625
1 0.6015625 0.5595703125 0.03125 0.0390625
1 0.6044921875 0.5859375 0.009765625 0.013671875
1 0.445424216796875 0.579815693359375 0.47423719921875 0.596337548828125 0.499095509765625 0.62692930078125 0.52427464453125 0.62932882421875 0.56767353125 0.6133565703125 0.563777916015625 0.57744434765625 0.55071234375 0.547707873046875 0.529112638671875 0.514807044921875 0.517015998046875 0.49337512890625 0.50398002734375 0.502753478515625 0.473313291015625 0.51249316796875 0.44336785546875 0.53235448046875 0.445424216796875 0.579815693359375
1 0.501953125 0.6337890625 0.015625 0.017578125
0 0.494140625 0.7216796875 0.125 0.16796875
1 0.420047189453125 0.561761427734375 0.393347939453125 0.53922584765625 0.358260619140625 0.5227572421875 0.327312849609375 0.531133904296875 0.3076503984375 0.542957822265625 0.32192724609375 0.575309875 0.331299984375 0.615695197265625 0.342514814453125 0.627366015625 0.383610564453125 0.60575055078125 0.416936759765625 0.57975558984375 0.420047189453125 0.561761427734375
0 0.33216903125 0.424562154296875 0.347007416015625 0.392946564453125 0.3138006484375 0.369827880859375 0.277536251953125 0.377399681640625 0.264301857421875 0.398092052734375 0.25281089453125 0.430299013671875 0.255066083984375 0.460021876953125 0.269879798828125 0.47984014453125 0.3260825390625 0.504112935546875 0.340856990234375 0.49617935546875 0.334717361328125 0.440280373046875 0.33216903125 0.424562154296875
1 0.1953125 0.3505859375 0.046875 0.04296875
1 0.173828125 0.44140625 0.017578125 0.029296875
1 0.1748046875 0.470703125 0.013671875 0.013671875
1 0.1611328125 0.5546875 0.126953125 0.125
1 0.0380859375 0.55078125 0.076171875 0.130859375
0 0.155347923828125 0.456385861328125 0.1486228046875 0.40885340625 0.1305461796875 0.38050533984375 0.086379884765625 0.36932260546875 0.048680517578125 0.38955641015625 0.036436998046875 0.424300681640625 0.05507109765625 0.46144415625 0.093266154296875 0.49315362890625 0.143292826171875 0.48148835546875 0.155347923828125 0.456385861328125
1 0 0.435578828125 0.006216380859375 0.46495239453125 0.04579271484375 0.48305356640625 0.0604600546875 0.480324283203125 0.045824857421875 0.445691455078125 0.0347776953125 0.409315892578125 0.038794509765625 0.35304 0.031285037109375 0.343123947265625 0 0.362393443359375 0 0.435578828125
0 0.165623130859375 0.74224624609375 0.17217367578125 0.685942205078125 0.15887050390625 0.6321739375 0.10806144921875 0.602240142578125 0.1088452421875 0.601837921875 0.061655408203125 0.616390513671875 0.04450690234375 0.638911697265625 0.0176831328125 0.6955937265625 0.025023216796875 0.7289069140625 0.06206650390625 0.774305087890625 0.1242433828125 0.782189720703125 0.165623130859375 0.74224624609375
0 0.310520208984375 0.587167892578125 0.2783547421875 0.612882671875 0.247437412109375 0.657428603515625 0.2334474375 0.689407876953125 0.23917083984375 0.737522541015625 0.30210242578125 0.759889251953125 0.32596522265625 0.745105423828125 0.34087857421875 0.693404984375 0.31663577734375 0.6070616171875 0.31093510546875 0.5870179609375 0.310520208984375 0.587167892578125
0 0.754517287109375 0.643665798828125 0.717833625 0.6424732734375 0.689035775390625 0.636000294921875 0.65572344140625 0.650326060546875 0.645812837890625 0.7363149921875 0.66317896484375 0.782648822265625 0.71009827734375 0.81716026171875 0.7499708125 0.794749541015625 0.767982546875 0.731531724609375 0.765480259765625 0.69197036328125 0.754517287109375 0.643665798828125
1 0.6318359375 0.744140625 0.005859375 0.009765625