1 0.6748046875 0.98828125 0.060546875 0.0234375
1 0.5810546875 0.8466796875 0.025390625 0.01953125
0 0.5974380390625 0.9415971953125 0.6186344375 0.972073302734375 0.6630471328125 0.976540791015625 0.688962435546875 0.983550064453125 0.71655487890625 0.94261128515625 0.696494935546875 0.913358763671875 0.69614416015625 0.889439111328125 0.6719366640625 0.86747855078125 0.631180091796875 0.8469485625 0.611655826171875 0.842925232421875 0.605887775390625 0.88758835546875 0.58522741015625 0.913280203125 0.5974380390625 0.9415971953125
1 0.478515625 0.953125 0.021484375 0.01953125
1 0.50390625 0.9853515625 0.04296875 0.029296875
1 0.587575748046875 0.924219357421875 0.607494474609375 0.892995482421875 0.5674205859375 0.867399478515625 0.536323150390625 0.8531757109375 0.5287123671875 0.87860876953125 0.5473614140625 0.924493189453125 0.573565185546875 0.939512837890625 0.587575748046875 0.924219357421875
1 0.509765625 0.89453125 0.068359375 0.072265625
1 0.474609375 0.8701171875 0.013671875 0.015625
1 0.486328125 0.8515625 0.025390625 0.013671875
1 0.46484375 0.814453125 0.01953125 0.013671875
1 0.486328125 0.8193359375 0.01953125 0.009765625
1 0.4873046875 0.748046875 0.056640625 0.068359375
1 0.4599609375 0.70703125 0.01953125 0.01171875
1 0.5703125 0.794921875 0.013671875 0.015625
1 0.5810546875 0.8154296875 0.015625 0.013671875
1 0.6611328125 0.8369140625 0.005859375 0.005859375
0 0.6201171875 0.73046875 0.142578125 0.1171875
1 0.6298828125 0.6533203125 0.013671875 0.009765625
1 0.59375 0.650390625 0.015625 0.0078125
1 0.6123046875 0.640625 0.013671875 0.013671875
1 0.634765625 0.638671875 0.013671875 0.015625
1 0.6435546875 0.5732421875 0.03125 0.017578125
1 0.6650390625 0.5615234375 0.037109375 0.017578125
1 0.2861328125 0.7587890625 0.013671875 0.013671875
1 0.30078125 0.7509765625 0.015625 0.013671875
1 0.353515625 0.7890625 0.01171875 0.013671875
1 0.3193359375 0.8271484375 0.015625 0.013671875
1 0.3154296875 0.81640625 0.013671875 0.009765625
1 0.3876953125 0.984375 0.04296875 0.0234375
1 0.3564453125 0.9638671875 0.01953125 0.013671875
1 0.400390625 0.8994140625 0.044921875 0.03125
1 0.2626953125 0.955078125 0.009765625 0.0078125
0 0.27047009375 0.98865701953125 0.339971068359375 0.992299412109375 0.356854486328125 0.993184234375 0.395648708984375 0.95926584765625 0.399685185546875 0.945664513671875 0.387736517578125 0.9169869921875 0.382124224609375 0.888506630859375 0.3570261171875 0.8657199921875 0.28937905078125 0.862870158203125 0.259736318359375 0.871950435546875 0.26537807421875 0.91836689453125 0.272769169921875 0.9443273046875 0.26978883984375 0.961549712890625 0.22608059375 0.96755493359375 0.27047009375 0.98865701953125
1 0.3486328125 0.8291015625 0.01171875 0.013671875
0 0.35635697265625 0.661185552734375 0.298571029296875 0.65623934375 0.263233125 0.66693983203125 0.243879404296875 0.6845799453125 0.246440365234375 0.70933829296875 0.2606204765625 0.73383904296875 0.268887943359375 0.746924390625 0.29648946875 0.744334359375 0.312162443359375 0.749840625 0.34637722265625 0.753843986328125 0.38159869921875 0.765959654296875 0.37042020703125 0.74297350390625 0.3680035 0.719125466796875 0.36560433984375 0.69420537109375 0.36394913671875 0.672758697265625 0.35635697265625 0.661185552734375
1 0.3525390625 0.759765625 0.013671875 0.009765625
1 0.3759765625 0.736328125 0.01171875 0.009765625
1 0.333984375 0.6435546875 0.009765625 0.009765625
1 0.3505859375 0.6240234375 0.029296875 0.01953125
1 0.318359375 0.6376953125 0.01171875 0.005859375
1 0.2998046875 0.6162109375 0.01171875 0.013671875
1 0.2841796875 0.619140625 0.013671875 0.009765625
1 0.279296875 0.607421875 0.013671875 0.009765625
1 0.2900390625 0.5966796875 0.013671875 0.01171875
1 0.2900390625 0.546875 0.021484375 0.017578125
1 0.359775904296875 0.53803490625 0.328019 0.5506208125 0.31865182421875 0.562112830078125 0.316492869140625 0.574650845703125 0.32624710546875 0.589636814453125 0.352411271484375 0.609566439453125 0.381330734375 0.6215664296875 0.400872876953125 0.58846721875 0.406317416015625 0.572831755859375 0.415563396484375 0.5530094453125 0.428526533203125 0.532059958984375 0.422067154296875 0.523244470703125 0.386762345703125 0.527070587890625 0.359775904296875 0.53803490625
1 0.2763671875 0.478515625 0.013671875 0.01171875
0 0.378824541015625 0.47394653515625 0.36713241015625 0.467349556640625 0.357497623046875 0.452019431640625 0.34732724609375 0.44066611328125 0.32577652734375 0.43943437109375 0.301733453125 0.461110671875 0.282453638671875 0.48927344921875 0.28183055859375 0.504065076171875 0.2903856328125 0.53198072265625 0.298912962890625 0.54397773828125 0.304112662109375 0.548264171875 0.33815146484375 0.544268482421875 0.370583560546875 0.533127771484375 0.395077482421875 0.514896853515625 0.415506669921875 0.496662072265625 0.415566216796875 0.491886146484375 0.416086396484375 0.49119808984375 0.395985009765625 0.48177721484375 0.378824541015625 0.47394653515625
1 0.3779296875 0.4638671875 0.015625 0.009765625
1 0.3408203125 0.4345703125 0.01171875 0.005859375
1 0.3232421875 0.41796875 0.005859375 0.005859375
1 0.3232421875 0.3984375 0.0078125 0.005859375
1 0.3154296875 0.40625 0.005859375 0.005859375
1 0.318359375 0.3671875 0.005859375 0.005859375
1 0.3369140625 0.365234375 0.015625 0.0078125
1 0.3232421875 0.337890625 0.013671875 0.0078125
1 0.4296875 0.470703125 0.046875 0.05859375
1 0.447265625 0.5263671875 0.013671875 0.013671875
1 0.5048828125 0.58984375 0.017578125 0.009765625
1 0.482421875 0.5712890625 0.017578125 0.01953125
1 0.4542701328125 0.52917286328125 0.438272876953125 0.54376196875 0.429641345703125 0.553175068359375 0.43802362890625 0.564664333984375 0.44942820703125 0.56700792578125 0.46641219921875 0.556501501953125 0.48402178125 0.551482056640625 0.47701215625 0.527580828125 0.456100986328125 0.50395529296875 0.443200201171875 0.502161353515625 0.4420390859375 0.514578638671875 0.4542701328125 0.52917286328125
1 0.5029296875 0.5078125 0.02734375 0.02734375
1 0.51171875 0.4619140625 0.015625 0.015625
1 0.50390625 0.4423828125 0.037109375 0.01953125
1 0.4990234375 0.4052734375 0.0625 0.048828125
1 0.4970703125 0.380859375 0.013671875 0.005859375
1 0.364741904296875 0.397429267578125 0.400713904296875 0.38745453125 0.41104343359375 0.397850634765625 0.438403603515625 0.401038654296875 0.445920078125 0.38810659375 0.44380744140625 0.37853376171875 0.435883498046875 0.363743810546875 0.437547697265625 0.34930818359375 0.449776228515625 0.34514432421875 0.473371986328125 0.340895451171875 0.50368766015625 0.335625740234375 0.497301998046875 0.31877127734375 0.4805923125 0.30592859765625 0.45661126171875 0.30353997265625 0.4404693984375 0.286626939453125 0.41922519921875 0.28315690234375 0.402595763671875 0.293369109375 0.381934595703125 0.302878603515625 0.3754636953125 0.317849251953125 0.360199970703125 0.321352744140625 0.333995248046875 0.3254574765625 0.32915659375 0.316654654296875 0.30459691015625 0.311652658203125 0.297954568359375 0.321831818359375 0.310017154296875 0.329546376953125 0.328399712890625 0.337588861328125 0.344515654296875 0.33533183203125 0.35620693359375 0.34929357421875 0.352665841796875 0.379333251953125 0.364741904296875 0.397429267578125
1 0.5002501796875 0.299814701171875 0.481176443359375 0.29059428515625 0.47389515625 0.300735021484375 0.485647931640625 0.309460638671875 0.497090484375 0.318325568359375 0.50916934765625 0.319677203125 0.5002501796875 0.299814701171875
1 0.4768695703125 0.262011041015625 0.47235059375 0.280008638671875 0.455691802734375 0.3000164453125 0.459484796875 0.303222197265625 0.471385015625 0.30563703515625 0.474787716796875 0.296080787109375 0.49811418359375 0.29391271875 0.526058494140625 0.300467580078125 0.56099471484375 0.30309449609375 0.596210904296875 0.3087142421875 0.60947365234375 0.29461730078125 0.57266662109375 0.280316375 0.560508134765625 0.265175265625 0.564755505859375 0.241910087890625 0.55366503515625 0.23191860546875 0.5264017578125 0.24614858984375 0.51383613671875 0.24202212109375 0.483909998046875 0.2176393203125 0.45744686328125 0.20847614453125 0.454249552734375 0.220856685546875 0.466588322265625 0.24093462109375 0.4768695703125 0.262011041015625
0 0.404184111328125 0.29545919140625 0.422838576171875 0.281392109375 0.434086537109375 0.2569652265625 0.4237105234375 0.2138020078125 0.4016418984375 0.206796134765625 0.35098419140625 0.213496380859375 0.327576279296875 0.2405481328125 0.32032113671875 0.26535219140625 0.299647421875 0.282661203125 0.29961103515625 0.294936583984375 0.317923408203125 0.30894651953125 0.333855998046875 0.327318732421875 0.340593697265625 0.324785873046875 0.365928671875 0.32282678515625 0.373095736328125 0.311116900390625 0.404184111328125 0.29545919140625
1 0.3076171875 0.255859375 0.021484375 0.01953125
1 0.2802734375 0.302734375 0.013671875 0.013671875
1 0.38671875 0.185546875 0.01953125 0.015625
1 0.39453125 0.146484375 0.015625 0.009765625
1 0.46484375 0.146484375 0.072265625 0.072265625
1 0.51171875 0.1875 0.01171875 0.009765625
1 0.5263671875 0.1552734375 0.021484375 0.01171875
1 0.5185546875 0.140625 0.013671875 0.009765625
1 0.537109375 0.1318359375 0.013671875 0.013671875
1 0.2841796875 0.01953125 0.013671875 0.015625
0 0.42344103515625 0.003930626953125 0.40302697265625 0.00221212890625 0.3655794296875 0.007001888671875 0.34431737890625 0.01924403125 0.3424741015625 0.0505415625 0.346393572265625 0.078600736328125 0.372598388671875 0.116671763671875 0.3976431953125 0.11874160546875 0.425249126953125 0.103606828125 0.4713684296875 0.1129712265625 0.47336105078125 0.112331529296875 0.46417117578125 0.082535052734375 0.4585370859375 0.0557376328125 0.454609283203125 0.031125376953125 0.44276823046875 0.01744553125 0.42344103515625 0.003930626953125
1 0.365234375 0.1240234375 0.013671875 0.015625
1 0.498388369140625 0.10024308984375 0.524585263671875 0.09662278125 0.540976169921875 0.0884279609375 0.545627572265625 0.06036441015625 0.53762125390625 0.02036116015625 0.5267419140625 0.023304205078125 0.49510258203125 0.03858484765625 0.4747786953125 0.065742251953125 0.47384111328125 0.098459439453125 0.498388369140625 0.10024308984375
1 0.4990234375 0.0107421875 0.080078125 0.021484375
1 0.482421875 0.0263671875 0.013671875 0.009765625
1 0.6116239453125 0.063620638671875 0.602918025390625 0.050830296875 0.583473845703125 0.0494951796875 0.55762372265625 0.065493265625 0.543264271484375 0.0745691328125 0.536033125 0.085910181640625 0.545932162109375 0.09520128125 0.569346298828125 0.096428365234375 0.57836262109375 0.0942906796875 0.601392673828125 0.079663513671875 0.6116239453125 0.063620638671875
1 0.580022525390625 0.028146990234375 0.602058837890625 0.045298146484375 0.636076173828125 0.06537461328125 0.6426092265625 0.059542546875 0.642786080078125 0.037613208984375 0.65002445703125 0.018406515625 0.654568115234375 0.0074143984375 0.622685619140625 0.0057435078125 0.5864994375 0.0038470703125 0.5742211796875 0.0071168515625 0.580022525390625 0.028146990234375
1 0.650390625 0.0400390625 0.021484375 0.01953125
0 0.6103526171875 0.07682155078125 0.578571669921875 0.0907834921875 0.57722228515625 0.1064999765625 0.5870335234375 0.13440860546875 0.606592626953125 0.152063763671875 0.64414862109375 0.171905876953125 0.690223515625 0.172002568359375 0.710910978515625 0.13700724609375 0.72708402734375 0.10090691015625 0.72513592578125 0.064215779296875 0.68138483984375 0.056594630859375 0.66655157421875 0.043193416015625 0.657400447265625 0.04536930859375 0.640588623046875 0.06406687109375 0.6103526171875 0.07682155078125
1 0.646484375 0.2001953125 0.009765625 0.009765625
1 0.6796875 0.275390625 0.017578125 0.013671875
1 0.69140625 0.263671875 0.009765625 0.01171875
0 0.67578125 0.3232421875 0.1328125 0.087890625
1 0.6572265625 0.3798828125 0.01953125 0.013671875
1 0.7001953125 0.3681640625 0.013671875 0.005859375
1 0.6279296875 0.41796875 0.013671875 0.013671875
1 0.6103515625 0.390625 0.009765625 0.005859375
1 0.568359375 0.4189453125 0.03515625 0.03515625
1 0.6337890625 0.44140625 0.015625 0.009765625
1 0.6455078125 0.4521484375 0.013671875 0.013671875
1 0.5595703125 0.4716796875 0.03515625 0.029296875
0 0.54860609765625 0.534909578125 0.568496380859375 0.565635857421875 0.587689458984375 0.581814609375 0.599907201171875 0.5829665 0.625586478515625 0.57404612890625 0.639339970703125 0.56296417578125 0.673099271484375 0.55333633203125 0.7029613515625 0.5461291875 0.721851072265625 0.54418454296875 0.70914263671875 0.530073265625 0.700494625 0.512178060546875 0.67475271875 0.49764450390625 0.66492401953125 0.475809314453125 0.641817345703125 0.455683171875 0.62477125 0.439818857421875 0.5980152265625 0.463341380859375 0.578701017578125 0.473178453125 0.56204880078125 0.489927916015625 0.540944666015625 0.503073015625 0.54860609765625 0.534909578125
1 0.6871016171875 0.58099870703125 0.69890665625 0.586063216796875 0.729274603515625 0.583163626953125 0.76077250390625 0.57259419921875 0.790385236328125 0.548283326171875 0.80614206640625 0.52855413671875 0.8293451796875 0.518136740234375 0.8445927734375 0.4897182734375 0.84423053125 0.470668216796875 0.8330611953125 0.447115724609375 0.779605685546875 0.423097375 0.720428572265625 0.435251314453125 0.700307740234375 0.4346558984375 0.679889931640625 0.441846408203125 0.675776470703125 0.498566498046875 0.70396438671875 0.514274056640625 0.7177612109375 0.5416884296875 0.69260302734375 0.550179759765625 0.684538052734375 0.564375830078125 0.6871016171875 0.58099870703125
1 0.490234375 0.6474609375 0.009765625 0.005859375
1 0.4970703125 0.6171875 0.005859375 0.005859375
1 0.6142578125 0.625 0.009765625 0.0078125
1 0.955078125 0.6884765625 0.025390625 0.01953125