1 0.9619140625 0.2919921875 0.01171875 0.013671875
1 0.84765625 0.27734375 0.01171875 0.017578125
1 0.98931772265625 0.372161025390625 0.982210748046875 0.304542689453125 0.9820978671875 0.303468703125 0.9462043671875 0.328227451171875 0.921416064453125 0.357767796875 0.927430404296875 0.390422966796875 0.9617653671875 0.393519822265625 0.98931772265625 0.372161025390625
0 0.8829624453125 0.3960578984375 0.9166984296875 0.39983250390625 0.923693140625 0.366951296875 0.9433796484375 0.3339397421875 0.937203404296875 0.25362459375 0.855866357421875 0.275094568359375 0.83607804296875 0.326934775390625 0.836469720703125 0.377028052734375 0.8829624453125 0.3960578984375
1 0.7919921875 0.3662109375 0.021484375 0.033203125
1 0.8916015625 0.453125 0.044921875 0.03515625
1 0.92578125 0.4765625 0.017578125 0.013671875
1 0.8310546875 0.458984375 0.01953125 0.01953125
0 1 0.51242524609375 0.978843865234375 0.482716330078125 0.95517542578125 0.4841077421875 0.896314494140625 0.5061144453125 0.890902380859375 0.520958671875 0.9128676015625 0.5506557890625 0.93947748046875 0.5748528515625 0.959888052734375 0.648952701171875 0.9888525390625 0.61593061328125 1 0.582606447265625 1 0.51242524609375
1 0.924994541015625 0.547746359375 0.897397662109375 0.545955408203125 0.8515180078125 0.54729140234375 0.836293630859375 0.47711975 0.80508840625 0.46864223046875 0.764655052734375 0.46948545703125 0.74980077734375 0.48814149609375 0.75220778125 0.512698556640625 0.768073357421875 0.5675298984375 0.790488328125 0.597032541015625 0.811654275390625 0.6454844140625 0.853418876953125 0.72070305859375 0.8923687421875 0.72450462890625 0.916887529296875 0.700321419921875 0.931222048828125 0.658517091796875 0.945751064453125 0.5965045 0.938719515625 0.578120796875 0.924994541015625 0.547746359375
1 0.7265625 0.5234375 0.0546875 0.046875
0 0.7741044921875 0.6927940859375 0.792392548828125 0.69105204296875 0.7887886640625 0.626721390625 0.786363056640625 0.583450509765625 0.729036759765625 0.546862595703125 0.69215408203125 0.61904381640625 0.686163064453125 0.64535984375 0.719193875 0.68792685546875 0.7741044921875 0.6927940859375
1 0.658203125 0.65625 0.02734375 0.03125
0 0.560546875 0.6865234375 0.126953125 0.154296875
1 0.494140625 0.6875 0.01171875 0.013671875
1 0.486328125 0.671875 0.01171875 0.015625
1 0.6650390625 0.517578125 0.01953125 0.013671875
1 0.7109375 0.4853515625 0.015625 0.0234375
1 0.6396484375 0.427734375 0.03125 0.037109375
1 0.6328125 0.400390625 0.013671875 0.015625
1 0.776687611328125 0.380779484375 0.77369042578125 0.34953208984375 0.743417560546875 0.332920931640625 0.746745419921875 0.371615029296875 0.72600418359375 0.3896359765625 0.754956623046875 0.433674197265625 0.763793064453125 0.41923033203125 0.776687611328125 0.380779484375
0 0.74520744921875 0.313087046875 0.739601275390625 0.292854611328125 0.7396005234375 0.29304519140625 0.659485626953125 0.311264240234375 0.6500806796875 0.367246669921875 0.650902044921875 0.4025206328125 0.688035224609375 0.433896673828125 0.717719904296875 0.429995638671875 0.7283060625 0.41882804296875 0.73486648046875 0.377563716796875 0.74453693359375 0.344151892578125 0.74520744921875 0.313087046875
1 0.595703125 0.400390625 0.015625 0.017578125
1 0.6259765625 0.3720703125 0.01171875 0.01171875
1 0.5908203125 0.36328125 0.01171875 0.017578125
1 0.5810546875 0.4970703125 0.041015625 0.05078125
1 0.56640625 0.5498046875 0.048828125 0.041015625
1 0.5185546875 0.505859375 0.07421875 0.099609375
1 0.451171875 0.56640625 0.078125 0.107421875
1 0.6162109375 0.529296875 0.013671875 0.013671875
1 0.6650390625 0.4638671875 0.0078125 0.013671875
1 0.6845703125 0.5625 0.009765625 0.009765625
1 0.4072265625 0.6611328125 0.03125 0.0546875
0 0.35376625390625 0.647604599609375 0.31563917578125 0.673912556640625 0.293911669921875 0.730177025390625 0.300096265625 0.773399181640625 0.34624843359375 0.803264447265625 0.377609263671875 0.804275328125 0.417395396484375 0.771606935546875 0.42497664453125 0.72228453125 0.418573029296875 0.69295726953125 0.381647107421875 0.65697878125 0.35376625390625 0.647604599609375
1 0.28515625 0.6689453125 0.009765625 0.009765625
1 0.396484375 0.5703125 0.0078125 0.009765625
1 0.3837890625 0.5751953125 0.025390625 0.04296875
1 0.3984375 0.4697265625 0.029296875 0.01953125
1 0.4267578125 0.478515625 0.009765625 0.009765625
1 0.4169921875 0.4423828125 0.01171875 0.013671875
1 0.44921875 0.4013671875 0.01171875 0.01171875
1 0.4248046875 0.4150390625 0.009765625 0.013671875
1 0.390625 0.431640625 0.01171875 0.013671875
1 0.3798828125 0.42578125 0.005859375 0.015625
1 0.3681640625 0.453125 0.013671875 0.017578125
1 0.359375 0.427734375 0.025390625 0.033203125
1 0.2529296875 0.54296875 0.01171875 0.013671875
1 0.328125 0.5908203125 0.015625 0.01171875
1 0.310546875 0.58984375 0.01171875 0.015625
1 0.2919921875 0.6064453125 0.009765625 0.013671875
1 0.314453125 0.5556640625 0.015625 0.017578125
1 0.29296875 0.560546875 0.01171875 0.015625
1 0.2568359375 0.4697265625 0.01171875 0.013671875
1 0.255859375 0.421875 0.009765625 0.015625
1 0.25 0.392578125 0.009765625 0.013671875
1 0.337890625 0.392578125 0.01171875 0.021484375
1 0.2197265625 0.46875 0.01171875 0.015625
1 0.21875 0.4970703125 0.013671875 0.02734375
1 0.2080078125 0.4658203125 0.01171875 0.025390625
1 0.17578125 0.43359375 0.015625 0.017578125
1 0.171875 0.45703125 0.01171875 0.015625
1 0.2109375 0.537109375 0.048828125 0.044921875
1 0.169921875 0.548828125 0.025390625 0.037109375
1 0.166015625 0.595703125 0.021484375 0.02734375
1 0.23116822265625 0.58632673046875 0.18221561328125 0.554681083984375 0.173116251953125 0.585320853515625 0.18277233203125 0.608371322265625 0.207926302734375 0.6104242265625 0.23116822265625 0.58632673046875
1 0.165217763671875 0.644378251953125 0.1894154375 0.6738130234375 0.196273947265625 0.6905627578125 0.207674162109375 0.698818552734375 0.211771580078125 0.67551921875 0.232030822265625 0.650206017578125 0.239658208984375 0.617499037109375 0.2321334921875 0.584561609375 0.216121171875 0.59703146484375 0.1991850859375 0.60766977734375 0.173780630859375 0.603171892578125 0.155899068359375 0.6160726171875 0.165217763671875 0.644378251953125
0 0.1474609375 0.751953125 0.12109375 0.158203125
1 0.2060546875 0.7509765625 0.015625 0.01953125
1 0.0400390625 0.697265625 0.048828125 0.076171875
1 0.0760888046875 0.630899919921875 0.053286677734375 0.6362579296875 0.02922333984375 0.6390330078125 0.0108670546875 0.62847244921875 0.015756134765625 0.649630576171875 0.046271642578125 0.66538669140625 0.064408974609375 0.681254046875 0.075065447265625 0.67425274609375 0.079772390625 0.646137234375 0.0760888046875 0.630899919921875
1 0.06923075 0.6415024921875 0.09719628515625 0.678227060546875 0.0957568203125 0.675233369140625 0.099237599609375 0.6610077734375 0.1122392578125 0.592817255859375 0.110816041015625 0.5727513125 0.085305638671875 0.5671094375 0.0608156015625 0.5481777109375 0.006317203125 0.58630806640625 0.034844798828125 0.6440376796875 0.06923075 0.6415024921875
1 0.123046875 0.6298828125 0.017578125 0.013671875
1 0.046875 0.5390625 0.015625 0.02734375
1 0.02734375 0.505859375 0.0234375 0.03125
1 0.01171875 0.55078125 0.01953125 0.02734375
1 0.0048828125 0.4990234375 0.009765625 0.033203125
1 0.025390625 0.484375 0.017578125 0.01171875
1 0.0546875 0.47265625 0.01171875 0.013671875
1 0.078125 0.4443359375 0.01171875 0.01953125
1 0.091796875 0.4501953125 0.013671875 0.01171875
0 0.159965171875 0.505092822265625 0.16100190234375 0.485050615234375 0.151929671875 0.480024169921875 0.140302708984375 0.450814681640625 0.116831384765625 0.422235287109375 0.09445600390625 0.45874198046875 0.070452986328125 0.448979271484375 0.056479958984375 0.47138559375 0.068021041015625 0.526903521484375 0.08606155859375 0.56148643359375 0.1114020859375 0.544540720703125 0.1293865234375 0.541318712890625 0.159965171875 0.505092822265625
1 0.181640625 0.40234375 0.013671875 0.017578125
0 0.32850716796875 0.382861302734375 0.304671501953125 0.377916244140625 0.28157896484375 0.3880742109375 0.265236216796875 0.431779869140625 0.26480130859375 0.47749366015625 0.269511025390625 0.507437109375 0.316844400390625 0.521229900390625 0.356424953125 0.5189090078125 0.358857876953125 0.477635150390625 0.351980666015625 0.445494966796875 0.33899041015625 0.414918619140625 0.32850716796875 0.382861302734375
0 0.532139599609375 0.417973138671875 0.53733776953125 0.396212 0.542884568359375 0.36616383203125 0.53424151171875 0.345027921875 0.504460234375 0.31465601171875 0.47234304296875 0.355077015625 0.453303037109375 0.370846166015625 0.431830802734375 0.378303642578125 0.467246263671875 0.401542294921875 0.45946101953125 0.442015759765625 0.47542813671875 0.459219578125 0.508099380859375 0.465073439453125 0.532139599609375 0.417973138671875
1 0.548828125 0.4140625 0.0390625 0.044921875
1 0.4545680859375 0.371525427734375 0.491281228515625 0.323188400390625 0.5179260625 0.343788259765625 0.539380103515625 0.354002451171875 0.54114811328125 0.397084404296875 0.57261609375 0.3725206328125 0.592121455078125 0.353183515625 0.616864814453125 0.355766216796875 0.62990231640625 0.335420375 0.6224928828125 0.286315810546875 0.567500349609375 0.232794791015625 0.499047841796875 0.2114057578125 0.455888974609375 0.19305248046875 0.411363529296875 0.2240178515625 0.404014759765625 0.282806189453125 0.430900958984375 0.32657494140625 0.4545680859375 0.371525427734375
1 0.2724609375 0.26171875 0.095703125 0.126953125