1 0.0419921875 0.6083984375 0.037109375 0.0390625
0 0.0517578125 0.6708984375 0.103515625 0.099609375
1 0.0888671875 0.5625 0.03515625 0.052734375
1 0.1025390625 0.494140625 0.01171875 0.013671875
1 0.0361328125 0.5126953125 0.01953125 0.017578125
1 0.064453125 0.5380859375 0.0078125 0.013671875
1 0.1357421875 0.484375 0.01171875 0.009765625
1 0.0966796875 0.421875 0.01171875 0.009765625
0 0.0654296875 0.3427734375 0.123046875 0.189453125
1 0.1279296875 0.408203125 0.013671875 0.009765625
1 0.1337890625 0.392578125 0.01171875 0.01953125
1 0.1484375 0.4013671875 0.009765625 0.013671875
1 0.166015625 0.376953125 0.009765625 0.013671875
0 0.25 0.369140625 0.169921875 0.2265625
1 0.1875 0.25390625 0.009765625 0.013671875
1 0.3251953125 0.421875 0.005859375 0.01171875
1 0.34765625 0.423828125 0.013671875 0.015625
1 0.3740234375 0.419921875 0.009765625 0.013671875
1 0.2431640625 0.5 0.009765625 0.013671875
1 0.201171875 0.5224609375 0.01171875 0.005859375
1 0.275390625 0.4970703125 0.009765625 0.009765625
1 0.3076171875 0.5380859375 0.009765625 0.013671875
1 0.3388671875 0.5361328125 0.009765625 0.01171875
1 0.3642578125 0.5390625 0.009765625 0.01171875
1 0.37890625 0.5380859375 0.005859375 0.01171875
1 0.333984375 0.443359375 0.009765625 0.009765625
1 0.3984375 0.5439453125 0.0078125 0.013671875
1 0.4443359375 0.5322265625 0.083984375 0.103515625
1 0.47265625 0.525390625 0.009765625 0.01171875
1 0.4814453125 0.5244140625 0.005859375 0.009765625
1 0.4970703125 0.5 0.03515625 0.041015625
1 0.5302734375 0.5576171875 0.005859375 0.009765625
1 0.552734375 0.478515625 0.0078125 0.01171875
1 0.5693359375 0.4326171875 0.01171875 0.015625
0 0.5146484375 0.39453125 0.12890625 0.1953125
0 0.259765625 0.681640625 0.140625 0.1640625
1 0.16796875 0.685546875 0.0078125 0.009765625
0 0.4609375 0.7197265625 0.18359375 0.224609375
1 0.6064453125 0.708984375 0.013671875 0.015625
1 0.6142578125 0.732421875 0.005859375 0.013671875
0 0.7109375 0.7275390625 0.14453125 0.16015625
1 0.7392578125 0.626953125 0.009765625 0.015625
0 0.9287109375 0.724609375 0.123046875 0.154296875
1 0.9755859375 0.595703125 0.044921875 0.126953125
0 0.9443359375 0.45703125 0.111328125 0.1640625
1 0.88671875 0.5048828125 0.01171875 0.01953125
1 0.869140625 0.43359375 0.01171875 0.013671875
0 0.7490234375 0.4267578125 0.171875 0.203125
1 0.6376953125 0.4755859375 0.017578125 0.025390625
1 0.138671875 0.052734375 0.22265625 0.10546875
1 0.3857421875 0.07421875 0.287109375 0.1484375
1 0.6572265625 0.0634765625 0.26171875 0.125
1 0.873046875 0.072265625 0.185546875 0.10546875
1 0.9775390625 0.0439453125 0.0078125 0.013671875
1 0.9853515625 0.056640625 0.01953125 0.021484375
1 0.3828125 0.798828125 0.01171875 0.015625
1 0.65625 0.5712890625 0.005859375 0.013671875
1 0.6103515625 0.556640625 0.009765625 0.0078125
1 0.509765625 0.5498046875 0.015625 0.01171875
1 0.791015625 0.576171875 0.009765625 0.013671875