1 0.3974609375 0.09765625 0.013671875 0.01171875
0 0.40234375 0.048828125 0.1484375 0.09765625
1 0.509765625 0.0458984375 0.08984375 0.0625
1 0.5361328125 0.009765625 0.033203125 0.01953125
0 0.67689424609375 0.019947078125 0.63405787109375 0.036550662109375 0.610867900390625 0.046250595703125 0.654007083984375 0.084763345703125 0.685922091796875 0.115982564453125 0.716660923828125 0.133586359375 0.74696689453125 0.1180980390625 0.77121117578125 0.09289758984375 0.77343151953125 0.077638052734375 0.73909976953125 0.04964843359375 0.7419489375 0.031281384765625 0.740724095703125 0.028917779296875 0.67689424609375 0.019947078125
1 0.761556025390625 0.067153484375 0.774250673828125 0.06741067578125 0.781813603515625 0.04019250390625 0.779137150390625 0.0343163828125 0.746728083984375 0.029761583984375 0.7370313046875 0.036327638671875 0.7340208671875 0.0422608125 0.74467378125 0.059240287109375 0.761556025390625 0.067153484375
1 0.6640625 0.181640625 0.025390625 0.01953125
0 0.6962890625 0.2646484375 0.224609375 0.1640625
1 0.759765625 0.359375 0.01953125 0.01171875
1 0.5703125 0.1953125 0.01953125 0.017578125
1 0.513671875 0.201171875 0.013671875 0.01171875
1 0.5400390625 0.2158203125 0.017578125 0.01171875
1 0.5576171875 0.25 0.04296875 0.0546875
1 0.57421875 0.2216796875 0.0390625 0.021484375
1 0.5322265625 0.2841796875 0.013671875 0.01171875
1 0.5302734375 0.30078125 0.01171875 0.0078125
1 0.5126953125 0.3115234375 0.01953125 0.017578125
1 0.517578125 0.326171875 0.01171875 0.0078125
1 0.544921875 0.412109375 0.01953125 0.015625
1 0.524408892578125 0.33252044140625 0.48050723046875 0.360939103515625 0.477030005859375 0.400792666015625 0.479148958984375 0.434679755859375 0.496442943359375 0.436554283203125 0.513769259765625 0.420401443359375 0.530084111328125 0.404496046875 0.5595179765625 0.395983078125 0.601836345703125 0.36779946875 0.614378724609375 0.3450605625 0.60694815234375 0.339493134765625 0.57504539453125 0.334338865234375 0.540483671875 0.3268801796875 0.524408892578125 0.33252044140625
0 0.3779296875 0.2314453125 0.193359375 0.150390625
1 0.6796875 0.3935546875 0.01171875 0.01171875
1 0.7236328125 0.4365234375 0.013671875 0.01171875
1 0.619140625 0.55859375 0.01953125 0.015625
1 0.6298828125 0.5703125 0.005859375 0.00390625
1 0.7216796875 0.58203125 0.013671875 0.01171875
0 0.6538438125 0.57405622265625 0.714162365234375 0.573042162109375 0.73356469140625 0.573178791015625 0.7462819921875 0.540673705078125 0.742731818359375 0.480759650390625 0.74290445703125 0.461782076171875 0.70348804296875 0.44647623046875 0.67191890625 0.432980404296875 0.630517208984375 0.441320068359375 0.606110796875 0.455295890625 0.59102479296875 0.467424279296875 0.590434203125 0.481550296875 0.595889193359375 0.49400070703125 0.606677162109375 0.525487185546875 0.6245415078125 0.54798280859375 0.636416361328125 0.567904796875 0.6538438125 0.57405622265625
1 0.513671875 0.52734375 0.076171875 0.07421875
0 0.3779296875 0.45703125 0.171875 0.1484375
1 0.384765625 0.392578125 0.009765625 0.0078125
1 0.4794921875 0.583984375 0.0234375 0.021484375
1 0.47383928515625 0.690484205078125 0.51227996484375 0.67803333984375 0.547200404296875 0.665344427734375 0.5811295078125 0.668920736328125 0.613714119140625 0.659155232421875 0.6049563671875 0.64654603515625 0.57122844140625 0.631595275390625 0.5707844453125 0.618882232421875 0.5817301796875 0.592052228515625 0.572245109375 0.568938451171875 0.555772689453125 0.562652384765625 0.514162140625 0.56432539453125 0.5038343671875 0.57777791796875 0.479648193359375 0.614866109375 0.474065927734375 0.673576833984375 0.47383928515625 0.690484205078125
1 0.583984375 0.6162109375 0.03515625 0.029296875
1 0.620002328125 0.7013197109375 0.60709987109375 0.677563318359375 0.5783130546875 0.667217130859375 0.545503490234375 0.661950638671875 0.541865974609375 0.665357677734375 0.53947380078125 0.701619978515625 0.565933048828125 0.7353809453125 0.591910033203125 0.752735537109375 0.603892357421875 0.747444388671875 0.6056962421875 0.73506146875 0.58831040625 0.7251488046875 0.60971587109375 0.7066239609375 0.620002328125 0.7013197109375
0 0.629068533203125 0.776974880859375 0.7092068515625 0.77058613671875 0.737054904296875 0.754086826171875 0.744243625 0.717355216796875 0.72814492578125 0.68835071875 0.693564966796875 0.662974236328125 0.650371287109375 0.66328336328125 0.615088322265625 0.670793701171875 0.621688244140625 0.700787607421875 0.605213576171875 0.706193103515625 0.595762552734375 0.72331171875 0.605887005859375 0.73499392578125 0.6042747890625 0.762308796875 0.629068533203125 0.776974880859375
1 0.65625 0.638671875 0.009765625 0.01171875
1 0.623046875 0.8134765625 0.02734375 0.015625
1 0.57445598046875 0.842141482421875 0.54239573046875 0.850745951171875 0.55633526171875 0.8829472578125 0.567568419921875 0.886249724609375 0.58720618359375 0.880379720703125 0.595994126953125 0.871473166015625 0.606127076171875 0.86341105078125 0.6181853203125 0.849359640625 0.61534556640625 0.84531925390625 0.604781865234375 0.838928173828125 0.57445598046875 0.842141482421875
1 0.470703125 0.7373046875 0.005859375 0.005859375
1 0.466796875 0.77734375 0.0078125 0.0078125
1 0.486328125 0.7861328125 0.009765625 0.0078125
1 0.4951171875 0.7998046875 0.015625 0.0078125
1 0.5009765625 0.833984375 0.013671875 0.013671875
0 0.68977559765625 0.99169220703125 0.692604900390625 0.973880380859375 0.69314996875 0.94513007421875 0.685598369140625 0.914140037109375 0.65639159765625 0.884210486328125 0.6044194375 0.86249028515625 0.57939445703125 0.885237365234375 0.547620484375 0.89151609765625 0.528657765625 0.907396341796875 0.515030818359375 0.9666545546875 0.577754884765625 0.98743971484375 0.6193012578125 0.997821912109375 0.68977559765625 0.99169220703125
1 0.5615234375 0.986328125 0.087890625 0.02734375
1 0.435546875 0.9345703125 0.12890625 0.10546875
1 0.4208984375 0.8505859375 0.07421875 0.068359375
1 0.37890625 0.7890625 0.01171875 0.01171875
1 0.3388671875 0.7490234375 0.01171875 0.01171875
1 0.33984375 0.763671875 0.009765625 0.0078125
1 0.40625 0.802734375 0.01953125 0.01171875
1 0.474609375 0.9287109375 0.0078125 0.009765625
1 0.484375 0.8076171875 0.01171875 0.01171875
0 0.3505859375 0.662109375 0.12890625 0.099609375
1 0.2685546875 0.900390625 0.01171875 0.01171875
0 0.3881945859375 0.905950212890625 0.39093548828125 0.8728181640625 0.39699219921875 0.842880296875 0.3585216640625 0.824453669921875 0.3279405703125 0.82025216015625 0.267504708984375 0.831071763671875 0.230544470703125 0.855329224609375 0.25379884375 0.884442509765625 0.277959625 0.904584541015625 0.268452525390625 0.916134427734375 0.304612599609375 0.93547512890625 0.35602958984375 0.9457257421875 0.3809576484375 0.92190684375 0.3881945859375 0.905950212890625