0 0.8857421875 0.359375 0.1484375 0.134765625
1 0.919921875 0.5400390625 0.013671875 0.013671875
1 0.9453125 0.703125 0.01171875 0.017578125
1 0.9228515625 0.7255859375 0.01953125 0.0234375
1 0.9619140625 0.689453125 0.017578125 0.017578125
1 0.9580078125 0.662109375 0.0078125 0.013671875
1 0.943359375 0.6787109375 0.013671875 0.017578125
0 0.797666740234375 0.665451443359375 0.81498480859375 0.71105512109375 0.83860651171875 0.72714092578125 0.8850462265625 0.726318921875 0.908695880859375 0.723620599609375 0.929039341796875 0.68590261328125 0.942041931640625 0.6687808046875 0.94626149609375 0.623055775390625 0.937645873046875 0.59681380859375 0.895332568359375 0.57007591796875 0.86667840234375 0.56277509375 0.852437607421875 0.569065341796875 0.829060810546875 0.597988244140625 0.804730396484375 0.6302704921875 0.797666740234375 0.665451443359375
1 0.7568359375 0.69921875 0.013671875 0.01953125
1 0.7431640625 0.6962890625 0.0078125 0.013671875
1 0.7431640625 0.6630859375 0.015625 0.01953125
1 0.7275390625 0.6689453125 0.017578125 0.01953125
1 0.734375 0.630859375 0.013671875 0.01171875
1 0.74609375 0.619140625 0.01171875 0.013671875
1 0.744140625 0.6025390625 0.0078125 0.009765625
1 0.7333984375 0.5986328125 0.01171875 0.01171875
1 0.892578125 0.5400390625 0.01171875 0.013671875
1 0.90625 0.5078125 0.0078125 0.0078125
1 0.896484375 0.5185546875 0.005859375 0.01171875
1 0.8740234375 0.5087890625 0.01171875 0.013671875
1 0.8603515625 0.5263671875 0.01171875 0.017578125
1 0.9052734375 0.4560546875 0.0078125 0.013671875
1 0.7880859375 0.4111328125 0.01171875 0.01171875
1 0.791015625 0.423828125 0.01171875 0.01171875
1 0.826504423828125 0.45923205078125 0.818592646484375 0.47878577734375 0.823360951171875 0.4958393671875 0.829974908203125 0.501218681640625 0.8440845078125 0.499819255859375 0.85512949609375 0.4903555859375 0.8630616640625 0.468038927734375 0.8616681640625 0.468481244140625 0.836706302734375 0.454303951171875 0.826504423828125 0.45923205078125
1 0.857701890625 0.51527694140625 0.841154435546875 0.5000141953125 0.82181544140625 0.497550587890625 0.809434865234375 0.4689469765625 0.807551771484375 0.45946491015625 0.781361775390625 0.44121743359375 0.76813598046875 0.4386278359375 0.768330615234375 0.4653485234375 0.786869271484375 0.480185658203125 0.785211416015625 0.5064248203125 0.783639583984375 0.535135294921875 0.788515224609375 0.551123017578125 0.792113013671875 0.552192357421875 0.819143552734375 0.545310958984375 0.84811782421875 0.529610705078125 0.855799265625 0.520545859375 0.857701890625 0.51527694140625
1 0.78081287109375 0.50879796875 0.793940224609375 0.497739609375 0.795140671875 0.487863814453125 0.787134021484375 0.480842716796875 0.770092677734375 0.46408093359375 0.76360472265625 0.442774328125 0.748180927734375 0.4581169296875 0.743774509765625 0.496805212890625 0.76041759375 0.517799865234375 0.771178919921875 0.518430841796875 0.78081287109375 0.50879796875
0 0.778266142578125 0.393600798828125 0.7953841796875 0.358906123046875 0.80175551953125 0.313470806640625 0.79300903515625 0.274338306640625 0.7704234453125 0.261997056640625 0.720025732421875 0.258794697265625 0.7104394765625 0.259229541015625 0.687935697265625 0.3098081796875 0.67178435546875 0.342750935546875 0.6678281484375 0.374021947265625 0.698399630859375 0.42822523828125 0.70855833984375 0.432662337890625 0.738985162109375 0.414604373046875 0.778266142578125 0.393600798828125
1 0.6484375 0.2666015625 0.013671875 0.015625
1 0.60546875 0.3779296875 0.0078125 0.013671875
1 0.6904296875 0.5185546875 0.015625 0.0234375
1 0.677734375 0.48046875 0.01953125 0.017578125
1 0.6611328125 0.5263671875 0.0078125 0.009765625
1 0.626953125 0.525390625 0.01171875 0.01171875
1 0.6162109375 0.5302734375 0.005859375 0.005859375
1 0.60546875 0.5244140625 0.0078125 0.013671875
1 0.6044921875 0.5048828125 0.00390625 0.009765625
1 0.6005859375 0.5888671875 0.01171875 0.013671875
1 0.63671875 0.7001953125 0.017578125 0.01953125
1 0.6298828125 0.6826171875 0.01171875 0.013671875
1 0.703125 0.6884765625 0.01171875 0.013671875
1 0.69140625 0.666015625 0.0078125 0.009765625
1 0.61328125 0.6552734375 0.0078125 0.009765625
1 0.5810546875 0.646484375 0.0078125 0.01171875
1 0.5439453125 0.6279296875 0.015625 0.017578125
0 0.626150353515625 0.622789142578125 0.624047060546875 0.66082529296875 0.639476896484375 0.681965150390625 0.657439837890625 0.69899176953125 0.66797759375 0.710839404296875 0.68239102734375 0.69133905078125 0.688829791015625 0.659286369140625 0.701522208984375 0.67836151953125 0.711615275390625 0.688425958984375 0.72306807421875 0.662828763671875 0.725504181640625 0.63540312109375 0.726121408203125 0.60465295703125 0.72785121484375 0.577118166015625 0.67999407421875 0.55366740234375 0.68024911328125 0.552988591796875 0.654902439453125 0.5754539765625 0.62939841015625 0.595074494140625 0.626150353515625 0.622789142578125
1 0.427734375 0.6044921875 0.01171875 0.021484375
1 0.41796875 0.60546875 0.005859375 0.013671875
1 0.4267578125 0.5673828125 0.0078125 0.013671875
1 0.4423828125 0.66796875 0.017578125 0.01953125
0 0.43221314453125 0.610577841796875 0.41966560546875 0.633122564453125 0.419265912109375 0.64869436328125 0.449621408203125 0.623178431640625 0.4732126796875 0.6364466328125 0.487982107421875 0.647246904296875 0.49710054296875 0.645621314453125 0.522755642578125 0.625752115234375 0.54563930859375 0.5970865390625 0.5377610390625 0.558493818359375 0.52165620703125 0.53994058984375 0.48991230859375 0.523502689453125 0.480304896484375 0.514910654296875 0.445678203125 0.5198794375 0.440559279296875 0.560142876953125 0.43382539453125 0.5851533828125 0.43221314453125 0.610577841796875
1 0.58203125 0.376953125 0.005859375 0.005859375
1 0.568359375 0.33984375 0.009765625 0.009765625
0 0.482824673828125 0.303536828125 0.47350487890625 0.34870298828125 0.475779119140625 0.3771132734375 0.486347205078125 0.39856694140625 0.506963103515625 0.421408923828125 0.53180085546875 0.41648364453125 0.56063313671875 0.40365866015625 0.568834900390625 0.387583900390625 0.581108955078125 0.3697145 0.578217236328125 0.3553176640625 0.564544783203125 0.3364632265625 0.578774849609375 0.32645339453125 0.580964388671875 0.303272154296875 0.56400591015625 0.272173255859375 0.557816904296875 0.264793298828125 0.52884967578125 0.264930322265625 0.528791802734375 0.265509580078125 0.501101888671875 0.27647059765625 0.482824673828125 0.303536828125
1 0.5458984375 0.462890625 0.013671875 0.013671875
1 0.578125 0.47265625 0.01171875 0.013671875
1 0.5732421875 0.4638671875 0.005859375 0.005859375
1 0.5615234375 0.4658203125 0.005859375 0.0078125
1 0.5576171875 0.5 0.013671875 0.01953125
1 0.5078125 0.505859375 0.021484375 0.021484375
1 0.603515625 0.478515625 0.01171875 0.017578125
1 0.61328125 0.4736328125 0.01171875 0.017578125
1 0.724609375 0.5009765625 0.01171875 0.01171875
1 0.638671875 0.4853515625 0.01171875 0.013671875
1 0.50202572265625 0.489902908203125 0.519887490234375 0.470314515625 0.539599513671875 0.4562228359375 0.56461640625 0.44392983984375 0.56401296875 0.44412960546875 0.56734940625 0.43736046875 0.558230705078125 0.428958234375 0.52651444921875 0.41317880859375 0.5087350078125 0.433425509765625 0.492142845703125 0.46454146875 0.492349423828125 0.49280057421875 0.50202572265625 0.489902908203125
1 0.515625 0.4892578125 0.0078125 0.015625
1 0.4453125 0.4521484375 0.01171875 0.01171875
1 0.453125 0.4501953125 0.01171875 0.013671875
1 0.461000951171875 0.491124650390625 0.452316705078125 0.481214333984375 0.438245791015625 0.457996625 0.435627234375 0.426549310546875 0.43589251953125 0.378164466796875 0.425155716796875 0.36729871484375 0.413734798828125 0.377788185546875 0.386087685546875 0.40369179296875 0.36963903125 0.425065916015625 0.364149271484375 0.458093896484375 0.339919083984375 0.4796013671875 0.34204165625 0.49065061328125 0.354967455078125 0.494534564453125 0.38786679296875 0.498574095703125 0.41447205859375 0.50589676171875 0.4544106484375 0.51490403515625 0.4602835546875 0.50657241015625 0.461000951171875 0.491124650390625
1 0.33203125 0.4716796875 0.02734375 0.048828125
1 0.3232421875 0.451171875 0.01171875 0.013671875
1 0.3173828125 0.4638671875 0.0078125 0.013671875
1 0.3076171875 0.4580078125 0.0078125 0.017578125
1 0.3017578125 0.4755859375 0.0078125 0.01171875
1 0.33203125 0.439453125 0.017578125 0.01953125
1 0.296875 0.4365234375 0.0078125 0.0078125
1 0.373046875 0.3525390625 0.005859375 0.0078125
1 0.400390625 0.3662109375 0.005859375 0.0078125
1 0.408203125 0.3330078125 0.0078125 0.009765625
1 0.396484375 0.3359375 0.005859375 0.013671875
1 0.4287109375 0.287109375 0.009765625 0.009765625
1 0.375 0.3056640625 0.015625 0.021484375
1 0.2763671875 0.314453125 0.01171875 0.01171875
1 0.265625 0.26953125 0.005859375 0.005859375
0 0.355336453125 0.30707750390625 0.368932263671875 0.301086603515625 0.371569275390625 0.28603797265625 0.366348005859375 0.259626748046875 0.35207809765625 0.229881615234375 0.315027951171875 0.200810111328125 0.287638775390625 0.19838797265625 0.264877767578125 0.212111908203125 0.25881280078125 0.24899491015625 0.26906782421875 0.259056130859375 0.2753432265625 0.2779950546875 0.252760353515625 0.299030087890625 0.250085267578125 0.31245298828125 0.2572356015625 0.316057357421875 0.26714683203125 0.313849990234375 0.282036076171875 0.31030924609375 0.291979990234375 0.34189848046875 0.308925892578125 0.3539638984375 0.330995955078125 0.354352607421875 0.3420533125 0.33618032421875 0.355336453125 0.30707750390625
1 0.224609375 0.2919921875 0.017578125 0.0234375
1 0.2001953125 0.4609375 0.0234375 0.02734375
1 0.220703125 0.43359375 0.01953125 0.01953125
1 0.27734375 0.47265625 0.0078125 0.013671875
1 0.2275390625 0.55859375 0.01171875 0.013671875
1 0.2197265625 0.546875 0.01171875 0.013671875
1 0.3251953125 0.5849609375 0.009765625 0.009765625
1 0.3486328125 0.609375 0.01171875 0.013671875
1 0.353515625 0.6005859375 0.01171875 0.01171875
1 0.3828125 0.6171875 0.01171875 0.013671875
1 0.396484375 0.6240234375 0.0078125 0.009765625
1 0.392578125 0.654296875 0.0078125 0.009765625
1 0.357421875 0.6533203125 0.005859375 0.013671875
1 0.8623046875 0.9453125 0.181640625 0.109375
1 0.404974802734375 0.81009278515625 0.394701130859375 0.85705035546875 0.40328410546875 0.86577091015625 0.4199676875 0.870260916015625 0.424242640625 0.8700691484375 0.4511204296875 0.85789016796875 0.455947791015625 0.816855576171875 0.478080837890625 0.785570041015625 0.50900368359375 0.78766025390625 0.5323823359375 0.792553244140625 0.556102775390625 0.76744494921875 0.543667357421875 0.724102478515625 0.5174535 0.715020931640625 0.518227193359375 0.672561400390625 0.50972448828125 0.65059846875 0.481853373046875 0.650154333984375 0.460158873046875 0.66505698046875 0.44521083203125 0.67672891015625 0.4284497578125 0.656485021484375 0.4195511953125 0.655392416015625 0.402244947265625 0.67782439453125 0.41431488671875 0.69336437109375 0.429879619140625 0.728335205078125 0.423187783203125 0.772819345703125 0.404974802734375 0.81009278515625
1 0.4091796875 0.6953125 0.0078125 0.013671875
1 0.5234375 0.7080078125 0.013671875 0.015625
1 0.470703125 0.6513671875 0.01171875 0.013671875
1 0.3212890625 0.634765625 0.01171875 0.0234375
0 0.282522740234375 0.488583982421875 0.26083759375 0.507831296875 0.23356325390625 0.54164678125 0.2305483359375 0.574919373046875 0.2326986328125 0.610283796875 0.254238015625 0.612701759765625 0.28364715625 0.616571880859375 0.302344580078125 0.619246212890625 0.314178314453125 0.603977025390625 0.320767939453125 0.569247427734375 0.334356474609375 0.54452783203125 0.354680275390625 0.526468755859375 0.354093603515625 0.515399759765625 0.33259945703125 0.495164857421875 0.313883537109375 0.4910954140625 0.282522740234375 0.488583982421875
1 0.1826171875 0.5732421875 0.015625 0.017578125
1 0.1611328125 0.55078125 0.01171875 0.013671875
1 0.1533203125 0.5771484375 0.0078125 0.013671875
1 0.13671875 0.560546875 0.015625 0.01953125
1 0.1298828125 0.5234375 0.015625 0.0234375
1 0.0341796875 0.607421875 0.01171875 0.013671875
0 0.110922146484375 0.581319099609375 0.114248271484375 0.561828900390625 0.112659705078125 0.533068466796875 0.10235644921875 0.505984205078125 0.07275861328125 0.492564732421875 0.042190646484375 0.505595392578125 0.027386619140625 0.518048232421875 0.0191305078125 0.55467056640625 0.018272939453125 0.57496694921875 0.02867086328125 0.593693642578125 0.040577240234375 0.605149396484375 0.063031892578125 0.62553766015625 0.06252696875 0.626348212890625 0.06958971875 0.61695535546875 0.0896783046875 0.600923255859375 0.110922146484375 0.581319099609375
1 0.056640625 0.44140625 0.03515625 0.052734375
1 0.0751953125 0.4423828125 0.0078125 0.009765625
1 0.0712890625 0.404296875 0.015625 0.01953125
1 0.0576171875 0.404296875 0.017578125 0.017578125
1 0.025390625 0.4228515625 0.009765625 0.01171875
1 0.111328125 0.4189453125 0.013671875 0.015625
1 0.1572265625 0.431640625 0.08203125 0.11328125
1 0.091796875 0.34765625 0.02734375 0.02734375
1 0.0302734375 0.376953125 0.046875 0.087890625
1 0.02734375 0.326171875 0.01171875 0.015625
0 0.091355841796875 0.243256181640625 0.083451958984375 0.26625755078125 0.086719462890625 0.294489248046875 0.097898912109375 0.327403279296875 0.116849369140625 0.341755501953125 0.14182096875 0.32938397265625 0.16132234375 0.317058458984375 0.188907103515625 0.285012015625 0.1879308203125 0.262666412109375 0.1817652265625 0.23752251171875 0.167151533203125 0.21298417578125 0.130726263671875 0.20851880078125 0.114345158203125 0.218778828125 0.091355841796875 0.243256181640625
1 0.048501642578125 0.263326638671875 0.063201560546875 0.271124017578125 0.07311973828125 0.273415802734375 0.0874248984375 0.252900970703125 0.106243927734375 0.227979392578125 0.123607333984375 0.216093865234375 0.130637748046875 0.2109585625 0.12633216796875 0.19996740234375 0.126213173828125 0.2003738828125 0.094928046875 0.171660826171875 0.065508740234375 0.149138955078125 0.049083734375 0.15949683984375 0.03566403125 0.19728492578125 0.034536693359375 0.24078210546875 0.048501642578125 0.263326638671875