0 0.9755859375 0.587890625 0.048828125 0.08984375
1 0.88671875 0.568359375 0.02734375 0.025390625
1 0.9609375 0.5126953125 0.009765625 0.01171875
0 0.9599609375 0.2958984375 0.044921875 0.076171875
1 0.98481158203125 0.345718955078125 0.966340517578125 0.33161563671875 0.925774599609375 0.352790978515625 0.918082919921875 0.379050822265625 0.9253913359375 0.39693251953125 0.943107509765625 0.426132607421875 0.960767017578125 0.4437129296875 0.96082520703125 0.442451427734375 0.961118353515625 0.4440231875 0.961982921875 0.444155603515625 0.97816412109375 0.427144474609375 0.99059522265625 0.39282293359375 0.98481158203125 0.345718955078125
1 0.9931640625 0.439453125 0.0078125 0.01171875
1 0.955645099609375 0.492414546875 0.95143777734375 0.438536115234375 0.946572890625 0.41127258203125 0.935473107421875 0.40101226171875 0.902011533203125 0.384037912109375 0.856853318359375 0.399534978515625 0.862928052734375 0.419611525390625 0.887590134765625 0.4400970390625 0.900159421875 0.451872091796875 0.892819896484375 0.47452021484375 0.911568091796875 0.485282857421875 0.95044315234375 0.49755840625 0.955645099609375 0.492414546875
1 0.94140625 0.4365234375 0.017578125 0.021484375
1 0.8988515546875 0.44549901171875 0.86581609765625 0.427493845703125 0.8494999921875 0.4141152265625 0.81582780859375 0.39908594140625 0.80615037890625 0.41522427734375 0.818209572265625 0.45699994140625 0.799567947265625 0.463115107421875 0.79452933984375 0.4813534765625 0.8021117421875 0.4875095 0.840843310546875 0.48330721875 0.861730884765625 0.478328017578125 0.899691955078125 0.457768083984375 0.899149365234375 0.447528763671875 0.8988515546875 0.44549901171875
1 0.8134765625 0.447265625 0.013671875 0.015625
1 0.7900390625 0.4189453125 0.013671875 0.017578125
1 0.8024991640625 0.457532046875 0.777802916015625 0.4414343984375 0.7485622890625 0.42450053515625 0.72951683203125 0.398208857421875 0.72013624609375 0.388718640625 0.714490595703125 0.404172984375 0.715077431640625 0.43281882421875 0.718689052734375 0.4612768203125 0.74080764453125 0.492638365234375 0.75725207421875 0.519700193359375 0.779885564453125 0.530053265625 0.790646978515625 0.51933025390625 0.795974921875 0.472813537109375 0.8024991640625 0.457532046875
1 0.63664594921875 0.44060807421875 0.66700569921875 0.45842891015625 0.6878695546875 0.470412349609375 0.706501259765625 0.488033380859375 0.709125935546875 0.48472703125 0.715921076171875 0.462105259765625 0.716490744140625 0.41690969921875 0.721252443359375 0.398790357421875 0.726611578125 0.36843864453125 0.73408430078125 0.334319669921875 0.726620501953125 0.32802491796875 0.70276991796875 0.331378541015625 0.6444661015625 0.372756427734375 0.63160345703125 0.424074486328125 0.63664594921875 0.44060807421875
1 0.6796875 0.4755859375 0.01171875 0.013671875
1 0.6337890625 0.462890625 0.015625 0.021484375
0 0.7919482109375 0.6336790078125 0.8240540390625 0.635687521484375 0.853589087890625 0.63099619921875 0.8874296015625 0.611980087890625 0.88287295703125 0.6006977265625 0.873965779296875 0.557841322265625 0.854509326171875 0.52740269140625 0.827977388671875 0.527599390625 0.80015445703125 0.49754559765625 0.782808849609375 0.53366365625 0.77063991015625 0.559394865234375 0.76704713671875 0.58352239453125 0.77215538671875 0.59870365625 0.77751248046875 0.628533173828125 0.7919482109375 0.6336790078125
1 0.780326376953125 0.554649181640625 0.77302409375 0.534871822265625 0.74846330859375 0.501542728515625 0.73400502734375 0.492643583984375 0.72071744140625 0.49313058984375 0.736268302734375 0.523533203125 0.75054200390625 0.5586949453125 0.751910013671875 0.581444064453125 0.73940586328125 0.606827734375 0.73944433984375 0.62132906640625 0.751608158203125 0.624674041015625 0.76950667578125 0.581195923828125 0.780326376953125 0.554649181640625
1 0.740234375 0.5947265625 0.009765625 0.009765625
1 0.74609375 0.568359375 0.017578125 0.01953125
1 0.7236328125 0.5673828125 0.0078125 0.009765625
1 0.728515625 0.6494140625 0.01171875 0.013671875
1 0.767578125 0.61328125 0.005859375 0.0078125
1 0.701171875 0.5478515625 0.013671875 0.017578125
1 0.6865234375 0.5927734375 0.04296875 0.052734375
1 0.6328125 0.4873046875 0.01171875 0.017578125
1 0.6181640625 0.4873046875 0.0078125 0.013671875
1 0.5693359375 0.4755859375 0.017578125 0.03515625
1 0.5537109375 0.4755859375 0.01171875 0.013671875
1 0.549038892578125 0.37267070703125 0.540255783203125 0.392432373046875 0.547028390625 0.41676641015625 0.56541533203125 0.453737765625 0.571383376953125 0.48082670703125 0.575179458984375 0.50561799609375 0.5670495 0.542595251953125 0.573442640625 0.5663037578125 0.58168836328125 0.561027759765625 0.59389239453125 0.557288869140625 0.611280787109375 0.51564953125 0.62170380078125 0.485327931640625 0.6271833828125 0.445693369140625 0.61116359375 0.42452191796875 0.573629212890625 0.39162373046875 0.558794759765625 0.371680685546875 0.549038892578125 0.37267070703125
1 0.5048828125 0.4755859375 0.017578125 0.01953125
1 0.5185546875 0.5400390625 0.017578125 0.01953125
1 0.5322265625 0.572265625 0.0078125 0.015625
1 0.505859375 0.5849609375 0.048828125 0.0703125
0 0.609375 0.6416015625 0.142578125 0.173828125
1 0.466796875 0.6640625 0.01171875 0.01171875
1 0.4580078125 0.654296875 0.017578125 0.015625
1 0.4326171875 0.6298828125 0.015625 0.01953125
1 0.4189453125 0.5556640625 0.03125 0.037109375
1 0.44921875 0.484375 0.009765625 0.0078125
1 0.4755859375 0.4931640625 0.009765625 0.013671875
1 0.4541015625 0.4560546875 0.041015625 0.0390625
1 0.4365234375 0.4892578125 0.009765625 0.013671875
1 0.421875 0.486328125 0.01171875 0.01171875
1 0.40234375 0.4619140625 0.0078125 0.013671875
1 0.373046875 0.47265625 0.02734375 0.0546875
1 0.3583984375 0.4638671875 0.015625 0.01953125
1 0.3466796875 0.46875 0.01171875 0.017578125
0 0.355834552734375 0.27105238671875 0.318922375 0.27853901953125 0.299439455078125 0.309195634765625 0.285576953125 0.40007869140625 0.293430181640625 0.412331578125 0.309100044921875 0.41842719140625 0.3383881171875 0.420545498046875 0.35893430859375 0.448433099609375 0.397775029296875 0.42824428515625 0.426016119140625 0.388570951171875 0.41564795703125 0.3727358125 0.4087069921875 0.372331529296875 0.395839705078125 0.3554913828125 0.39536276171875 0.330090107421875 0.402325373046875 0.310522283203125 0.384118693359375 0.2745491328125 0.355834552734375 0.27105238671875
1 0.40625 0.3623046875 0.01171875 0.013671875
1 0.4033203125 0.3359375 0.01171875 0.013671875
1 0.3310546875 0.4677734375 0.013671875 0.017578125
1 0.322265625 0.49609375 0.01171875 0.01953125
1 0.294921875 0.5126953125 0.015625 0.025390625
1 0.352934763671875 0.595086029296875 0.361663279296875 0.58884513671875 0.37566778125 0.5653840546875 0.3740158359375 0.5300586484375 0.355497908203125 0.498747625 0.329137982421875 0.47813586328125 0.326093400390625 0.497676099609375 0.313526439453125 0.52230087890625 0.309895943359375 0.54719289453125 0.341733185546875 0.592108783203125 0.352934763671875 0.595086029296875
1 0.298471099609375 0.477409642578125 0.2774360546875 0.447552185546875 0.24598055078125 0.41813606640625 0.230639765625 0.41870241796875 0.2206866796875 0.446948583984375 0.23535712109375 0.475580583984375 0.21887949609375 0.479039810546875 0.194513392578125 0.477642525390625 0.211919263671875 0.50345799609375 0.23327428515625 0.51368731640625 0.253894408203125 0.531525779296875 0.27227165625 0.53364491015625 0.28779773828125 0.515931421875 0.298471099609375 0.477409642578125
1 0.2431640625 0.5078125 0.017578125 0.017578125
1 0.228515625 0.46875 0.013671875 0.01953125
1 0.2109375 0.451171875 0.029296875 0.037109375
1 0.220703125 0.5244140625 0.015625 0.0234375
1 0.1962890625 0.5166015625 0.0234375 0.021484375
1 0.1630859375 0.5703125 0.01171875 0.01171875
1 0.07617829296875 0.483534474609375 0.080589509765625 0.50542136328125 0.09908390625 0.541957080078125 0.120788326171875 0.579384875 0.12851657421875 0.586473142578125 0.149593587890625 0.58285542578125 0.169991912109375 0.5293326328125 0.183502794921875 0.510120130859375 0.208660724609375 0.505460130859375 0.195359486328125 0.490576275390625 0.15801648828125 0.48959950390625 0.1432831953125 0.503176140625 0.1125965078125 0.497284533203125 0.096189125 0.475404865234375 0.07617829296875 0.483534474609375
1 0.0859375 0.5341796875 0.037109375 0.046875
1 0.048828125 0.529296875 0.025390625 0.02734375
1 0.021484375 0.50390625 0.04296875 0.0703125
1 0.0234375 0.541015625 0.009765625 0.013671875
1 0.0693359375 0.400390625 0.021484375 0.02734375
1 0.237195046875 0.3237808984375 0.1928614609375 0.35900309765625 0.18213850390625 0.39162219140625 0.1571395234375 0.39966244921875 0.152202546875 0.422875302734375 0.17421398828125 0.417675783203125 0.197262568359375 0.4318216953125 0.21034484765625 0.43442765625 0.229026150390625 0.429319859375 0.25180613671875 0.414567611328125 0.261126056640625 0.39231066015625 0.2551283515625 0.32741216015625 0.237195046875 0.3237808984375
0 0.13557841015625 0.495157779296875 0.14583920703125 0.469046771484375 0.1693235234375 0.46952794140625 0.1875754296875 0.460024412109375 0.173326626953125 0.422056384765625 0.1497427578125 0.417475048828125 0.16941809375 0.39656358984375 0.185509111328125 0.38189303515625 0.187583080078125 0.378388419921875 0.166691611328125 0.34524852734375 0.13321723828125 0.341146029296875 0.10050758203125 0.345390361328125 0.07613030859375 0.358708353515625 0.07699162890625 0.385071970703125 0.073914212890625 0.422630044921875 0.07577915625 0.450118861328125 0.111637736328125 0.50149575 0.13557841015625 0.495157779296875
1 0.15234375 0.4765625 0.017578125 0.021484375
1 0.07421875 0.69921875 0.02734375 0.025390625
0 0.183056060546875 0.749433193359375 0.21959151171875 0.760931130859375 0.25462498046875 0.73066630859375 0.24823857421875 0.677523763671875 0.234500634765625 0.62900081640625 0.194173453125 0.6135631796875 0.169624673828125 0.646086181640625 0.151187453125 0.657287384765625 0.146829640625 0.69073237109375 0.159736294921875 0.73430698828125 0.183056060546875 0.749433193359375
1 0.169921875 0.6240234375 0.009765625 0.009765625
1 0.1259765625 0.6474609375 0.0078125 0.013671875
0 0.329060119140625 0.638251943359375 0.33106589453125 0.66013591015625 0.328231009765625 0.6737335234375 0.35681524609375 0.757102267578125 0.35650162109375 0.755619720703125 0.419189328125 0.745073521484375 0.4390006015625 0.72719828515625 0.46042284375 0.694586794921875 0.454739328125 0.67424221875 0.422889001953125 0.63006889453125 0.40108776953125 0.5808880703125 0.372493126953125 0.576610208984375 0.351757470703125 0.598243005859375 0.341566236328125 0.620419337890625 0.329060119140625 0.638251943359375
0 0.593029123046875 0.393423755859375 0.61400462109375 0.374016373046875 0.620270298828125 0.35493078125 0.612355658203125 0.323495947265625 0.5905366484375 0.303884267578125 0.55884800390625 0.3046716171875 0.54013862109375 0.309629005859375 0.529465390625 0.31815596875 0.511461931640625 0.328758787109375 0.508967927734375 0.344780630859375 0.536176810546875 0.391884525390625 0.548710568359375 0.372897814453125 0.56559998828125 0.38523752734375 0.593029123046875 0.393423755859375
1 0.5283203125 0.306640625 0.0234375 0.0234375
0 0.748647544921875 0.279129712890625 0.74726044921875 0.324273806640625 0.765999064453125 0.362462146484375 0.791189154296875 0.3723493359375 0.85096711328125 0.381823220703125 0.843301228515625 0.347888384765625 0.84870112109375 0.34529401171875 0.857072890625 0.35816331640625 0.879744970703125 0.362107685546875 0.868987876953125 0.322510552734375 0.84823104296875 0.2835776171875 0.854949251953125 0.2683186015625 0.833557548828125 0.259161494140625 0.795480375 0.255084966796875 0.748647544921875 0.279129712890625
1 0.8544921875 0.3583984375 0.017578125 0.0234375
1 0.89945265625 0.345514921875 0.914050486328125 0.335592634765625 0.902029666015625 0.304267203125 0.879919083984375 0.28601290234375 0.8551520078125 0.276758857421875 0.846764794921875 0.28316609765625 0.8469328046875 0.29300022265625 0.85295149609375 0.300824759765625 0.872933076171875 0.331069486328125 0.872155931640625 0.328798697265625 0.8865511171875 0.347052875 0.89945265625 0.345514921875
1 0.876953125 0.271484375 0.03515625 0.0234375