0 0.1005859375 0.580078125 0.150390625 0.1796875
1 0.005859375 0.58984375 0.01171875 0.015625
1 0.025390625 0.650390625 0.015625 0.015625
1 0.078125 0.4697265625 0.015625 0.0185546875
0 0.1103515625 0.26171875 0.125 0.166015625
1 0.220703125 0.314453125 0.017578125 0.0205078125
1 0.2490234375 0.2734375 0.0078125 0.015625
1 0.259765625 0.3173828125 0.0107421875 0.0126953125
0 0.326171875 0.2890625 0.123046875 0.15625
1 0.3076171875 0.470703125 0.0185546875 0.0283203125
1 0.2373046875 0.4873046875 0.013671875 0.0185546875
1 0.376953125 0.587890625 0.017578125 0.021484375
1 0.388671875 0.6435546875 0.009765625 0.0126953125
0 0.3125 0.599609375 0.1123046875 0.189453125
1 0.4404296875 0.419921875 0.005859375 0.009765625
1 0.470703125 0.294921875 0.015625 0.015625
0 0.560546875 0.2744140625 0.134765625 0.1845703125
1 0.6044921875 0.427734375 0.0126953125 0.0126953125
1 0.5166015625 0.5625 0.0107421875 0.015625
1 0.62109375 0.6171875 0.015625 0.03125
1 0.529296875 0.7060546875 0.009765625 0.0078125
0 0.58456408203125 0.53037256640625 0.55626989453125 0.538637849609375 0.542606056640625 0.53997878125 0.52231826953125 0.564820173828125 0.490754806640625 0.58199240234375 0.5024615 0.61984926953125 0.5236163359375 0.662848830078125 0.53733944921875 0.67341419140625 0.56061619921875 0.68153345703125 0.58320071484375 0.683623220703125 0.599487806640625 0.6766546640625 0.614366318359375 0.666609064453125 0.62153782421875 0.653033638671875 0.614073953125 0.627998005859375 0.610603740234375 0.59746602734375 0.60807794140625 0.57495954296875 0.59832939453125 0.53932773828125 0.58456408203125 0.53037256640625
1 0.65625 0.6259765625 0.0078125 0.0126953125
1 0.6201171875 0.4462890625 0.0078125 0.009765625
1 0.771484375 0.3515625 0.0185546875 0.0205078125
0 0.750140658203125 0.21189262890625 0.737649296875 0.239433298828125 0.729693126953125 0.2840564453125 0.73015830078125 0.31641964453125 0.748538169921875 0.32344714453125 0.775198728515625 0.342656892578125 0.78575102734375 0.36899862890625 0.83938661328125 0.3431284296875 0.8551090703125 0.306336537109375 0.8657377265625 0.26809520703125 0.848252033203125 0.211881912109375 0.816864390625 0.1889373828125 0.77909191796875 0.189921982421875 0.750140658203125 0.21189262890625
1 0.82421875 0.400390625 0.017578125 0.021484375
1 0.7978515625 0.4697265625 0.0126953125 0.0107421875
0 0.7763671875 0.5888671875 0.115234375 0.1689453125
1 0.6943359375 0.6591796875 0.009765625 0.0078125
1 0.8447265625 0.625 0.0126953125 0.009765625
1 0.876953125 0.578125 0.0078125 0.015625
0 0.9638671875 0.2822265625 0.072265625 0.1201171875
1 0.962890625 0.5615234375 0.0595703125 0.041015625
0 0.9677734375 0.6318359375 0.064453125 0.1064453125