0 0.697265625 0.9560546875 0.1015625 0.05859375
1 0.5849609375 0.98828125 0.017578125 0.01171875
1 0.576171875 0.96484375 0.013671875 0.01171875
1 0.6064453125 0.9228515625 0.01953125 0.04296875
1 0.61328125 0.8740234375 0.029296875 0.025390625
1 0.59765625 0.8203125 0.03125 0.0546875
1 0.427734375 0.9609375 0.01953125 0.015625
1 0.55859375 0.830078125 0.01171875 0.01171875
1 0.4169921875 0.779296875 0.0390625 0.02734375
1 0.3857421875 0.751953125 0.0078125 0.009765625
0 0.4482421875 0.8486328125 0.212890625 0.158203125
1 0.5166015625 0.681640625 0.076171875 0.078125
1 0.5126953125 0.693359375 0.017578125 0.01171875
1 0.5419921875 0.685546875 0.015625 0.01171875
1 0.5849609375 0.69921875 0.02734375 0.025390625
1 0.578125 0.66796875 0.033203125 0.041015625
1 0.5400390625 0.595703125 0.099609375 0.109375
1 0.5146484375 0.5390625 0.015625 0.01171875
1 0.4140625 0.5517578125 0.09375 0.056640625
1 0.3173828125 0.560546875 0.017578125 0.01171875
1 0.2861328125 0.5029296875 0.017578125 0.013671875
1 0.3701171875 0.4951171875 0.03515625 0.03125
1 0.412109375 0.34765625 0.017578125 0.01171875
1 0.3623046875 0.314453125 0.177734375 0.0859375
1 0.2607421875 0.291015625 0.013671875 0.01171875
1 0.533203125 0.37890625 0.01171875 0.01171875
1 0.5498046875 0.4619140625 0.025390625 0.029296875
1 0.552734375 0.4130859375 0.017578125 0.01171875
1 0.5078125 0.31640625 0.12109375 0.111328125
1 0.6806640625 0.671875 0.015625 0.017578125
0 0.69921875 0.5908203125 0.208984375 0.169921875
0 0.701171875 0.8095703125 0.1875 0.134765625
1 0.7119140625 0.4794921875 0.013671875 0.01171875
1 0.658203125 0.3134765625 0.01953125 0.017578125
1 0.64453125 0.4404296875 0.0859375 0.046875
1 0.6123046875 0.2451171875 0.09375 0.083984375
0 0.6318359375 0.134765625 0.17578125 0.1640625
1 0.5869140625 0.10546875 0.009765625 0.009765625
1 0.5126953125 0.203125 0.009765625 0.0078125
1 0.5107421875 0.1689453125 0.017578125 0.01171875
1 0.5048828125 0.138671875 0.01171875 0.01171875
1 0.505859375 0.119140625 0.01953125 0.015625
1 0.5986328125 0.0595703125 0.01171875 0.01171875
1 0.45703125 0.08203125 0.005859375 0.005859375
1 0.3525390625 0.0654296875 0.095703125 0.08203125
1 0.3115234375 0.0908203125 0.009765625 0.013671875
0 0.3388671875 0.19140625 0.173828125 0.15234375
1 0.458984375 0.197265625 0.013671875 0.01171875
0 0.4158002265625 0.576737767578125 0.383294216796875 0.576498857421875 0.34189258203125 0.55967242578125 0.30763515625 0.607428267578125 0.312722060546875 0.638684646484375 0.34495613671875 0.69176241796875 0.374461171875 0.69440288671875 0.445361720703125 0.671412677734375 0.474061546875 0.64289508203125 0.50613149609375 0.596713615234375 0.497147126953125 0.5821898125 0.45376271484375 0.5772116484375 0.4158002265625 0.576737767578125
0 0.32610194140625 0.3508724375 0.292882302734375 0.373232767578125 0.260993140625 0.3773864296875 0.28163820703125 0.443051427734375 0.29934066796875 0.464569435546875 0.35906227734375 0.46774055078125 0.422810888671875 0.455304767578125 0.4609037890625 0.405433390625 0.458377400390625 0.3815223046875 0.417959677734375 0.355392029296875 0.381678951171875 0.344215025390625 0.32610194140625 0.3508724375
0 0.6268576953125 0.422222326171875 0.661643115234375 0.404911984375 0.678649001953125 0.429504951171875 0.688808158203125 0.458215646484375 0.704902654296875 0.4374257265625 0.70231406640625 0.41981999609375 0.729205796875 0.39674387109375 0.75238719140625 0.365524638671875 0.7552528359375 0.353376439453125 0.723899427734375 0.32660433203125 0.698586677734375 0.32342113671875 0.668075333984375 0.31665044140625 0.620018818359375 0.314332380859375 0.5855841875 0.327207255859375 0.562542583984375 0.3840426875 0.56662053515625 0.427501060546875 0.60986325390625 0.426185669921875 0.6268576953125 0.422222326171875