0 0.6591796875 0.9423828125 0.123046875 0.09375
0 0.6416015625 0.748046875 0.173828125 0.1484375
1 0.8291015625 0.646484375 0.1328125 0.12890625
1 0.4609375 0.87109375 0.041015625 0.041015625
1 0.572671873046875 0.878612591796875 0.5889005546875 0.836757357421875 0.577539373046875 0.813848728515625 0.523500216796875 0.803380734375 0.46990669140625 0.803578392578125 0.426189603515625 0.83488505078125 0.42625875390625 0.83536167578125 0.459476509765625 0.851702314453125 0.502123771484375 0.8831706875 0.54859090234375 0.8942324765625 0.572671873046875 0.878612591796875
0 0.442098650390625 1 0.466547044921875 0.984781853515625 0.464418107421875 0.956956658203125 0.457085154296875 0.9369913671875 0.434139658203125 0.911578638671875 0.41054633203125 0.912311875 0.397093140625 0.96450455859375 0.407319833984375 1 0.442098650390625 1
1 0.5305813046875 1 0.540425654296875 0.998791265625 0.557588171875 0.959483810546875 0.495319509765625 0.94406937109375 0.46892447265625 0.96310158203125 0.459746146484375 1 0.5305813046875 1
1 0.43537003515625 0.85727113671875 0.42048473046875 0.862272572265625 0.4118292421875 0.88286749609375 0.44046705078125 0.92554309765625 0.46717553515625 0.9626581171875 0.4905975546875 0.948361541015625 0.545780470703125 0.936574208984375 0.54147137890625 0.904397857421875 0.522682306640625 0.878990646484375 0.480473578125 0.895302416015625 0.45891271875 0.883281275390625 0.434616201171875 0.859503443359375 0.43537003515625 0.85727113671875
1 0.4013671875 0.888671875 0.013671875 0.009765625
1 0.3759765625 0.8896484375 0.017578125 0.013671875
1 0.369140625 0.98828125 0.02734375 0.0234375
1 0.37109375 0.865234375 0.013671875 0.009765625
1 0.458984375 0.7236328125 0.029296875 0.021484375
1 0.5400390625 0.7841796875 0.02734375 0.021484375
0 0.324162734375 0.8355589296875 0.366197189453125 0.843091607421875 0.40744959375 0.830961525390625 0.439905177734375 0.809042009765625 0.441983693359375 0.74068158984375 0.42115396484375 0.742232484375 0.377729927734375 0.74989534765625 0.371801984375 0.767440544921875 0.339696603515625 0.767665650390625 0.323210197265625 0.776259482421875 0.336715392578125 0.800380705078125 0.322808806640625 0.836020115234375 0.324162734375 0.8355589296875
1 0.226961427734375 0.72157666015625 0.245966623046875 0.793162880859375 0.261181939453125 0.837617515625 0.320248658203125 0.825532099609375 0.335610232421875 0.801989966796875 0.3278386328125 0.774284802734375 0.36113948046875 0.76498724609375 0.3809041484375 0.749580759765625 0.40162228515625 0.72744665234375 0.399456890625 0.6954910625 0.3738892734375 0.660062546875 0.308331068359375 0.66489733984375 0.24004380859375 0.681376330078125 0.226961427734375 0.72157666015625
1 0.3828125 0.650390625 0.044921875 0.03125
1 0.3349609375 0.646484375 0.013671875 0.0078125
1 0.3486328125 0.626953125 0.017578125 0.017578125
1 0.2978515625 0.6171875 0.033203125 0.029296875
1 0.388671875 0.6181640625 0.021484375 0.01953125
1 0.4951171875 0.6494140625 0.072265625 0.044921875
1 0.490234375 0.6923828125 0.0078125 0.009765625
1 0.4775390625 0.619140625 0.076171875 0.041015625
1 0.4763226484375 0.5703621875 0.453985529296875 0.56444678125 0.416214427734375 0.59345133203125 0.424912412109375 0.61564551953125 0.45143326953125 0.6136520625 0.47977816796875 0.591839845703125 0.4763226484375 0.5703621875
1 0.4599609375 0.5537109375 0.033203125 0.025390625
1 0.462890625 0.5341796875 0.017578125 0.01171875
1 0.4453125 0.4853515625 0.044921875 0.03515625
1 0.3623046875 0.5185546875 0.03125 0.01171875
1 0.318359375 0.5361328125 0.017578125 0.01171875
1 0.2939453125 0.5439453125 0.013671875 0.0078125
0 0.433743642578125 0.56820076171875 0.39161986328125 0.546993330078125 0.352872841796875 0.533736681640625 0.338420673828125 0.55363013671875 0.318972423828125 0.581543583984375 0.329822115234375 0.620888234375 0.331318064453125 0.621410591796875 0.335474455078125 0.622095958984375 0.391606294921875 0.600736916015625 0.437008068359375 0.580195439453125 0.433743642578125 0.56820076171875
1 0.5478515625 0.4736328125 0.1640625 0.130859375
1 0.654296875 0.4775390625 0.0234375 0.017578125
0 0.6259765625 0.5576171875 0.134765625 0.10546875
1 0.63671875 0.63671875 0.01171875 0.0078125
0 0.5751953125 0.3447265625 0.173828125 0.12890625
1 0.4462890625 0.35546875 0.064453125 0.068359375
1 0.40234375 0.3642578125 0.029296875 0.041015625
1 0.3935546875 0.314453125 0.072265625 0.0390625
1 0.462890625 0.4033203125 0.005859375 0.0078125
1 0.474609375 0.4140625 0.013671875 0.0078125
1 0.3388671875 0.4580078125 0.017578125 0.017578125
1 0.35546875 0.498046875 0.0078125 0.00390625
1 0.3662109375 0.494140625 0.01171875 0.005859375
0 0.309690107421875 0.34451891015625 0.272174220703125 0.35741437890625 0.210197912109375 0.403230947265625 0.25237216796875 0.463159431640625 0.2903996875 0.478161333984375 0.35092601171875 0.431467162109375 0.388838517578125 0.403660921875 0.373433765625 0.3823089765625 0.329696462890625 0.360363591796875 0.309690107421875 0.34451891015625
1 0.371608087890625 0.319694734375 0.360777291015625 0.294650701171875 0.336848345703125 0.298487296875 0.298524345703125 0.331165611328125 0.3156867578125 0.34840715234375 0.334968064453125 0.365927166015625 0.368940349609375 0.3442291015625 0.371608087890625 0.319694734375
1 0.2626953125 0.333984375 0.009765625 0.0078125
1 0.2705078125 0.2880859375 0.02734375 0.021484375
1 0.302734375 0.2861328125 0.013671875 0.01171875
1 0.3232421875 0.2763671875 0.02734375 0.021484375
1 0.279296875 0.2646484375 0.02734375 0.021484375
1 0.30078125 0.2607421875 0.009765625 0.0078125
1 0.25 0.1884765625 0.0234375 0.015625
1 0.23828125 0.1787109375 0.013671875 0.01171875
1 0.2861328125 0.1533203125 0.09375 0.0625
1 0.2265625 0.1328125 0.01171875 0.01171875
0 0.3017578125 0.212890625 0.126953125 0.06640625
1 0.404296875 0.1181640625 0.068359375 0.060546875
1 0.4287109375 0.1572265625 0.015625 0.009765625
1 0.2470703125 0.10546875 0.029296875 0.025390625
1 0.1943359375 0.078125 0.03515625 0.033203125
1 0.23046875 0.0732421875 0.048828125 0.04296875
0 0.567533169921875 0.21346345703125 0.584217501953125 0.184086705078125 0.6129345859375 0.17706580859375 0.638247376953125 0.17469343359375 0.649535744140625 0.152800447265625 0.62261571875 0.09458495703125 0.572998576171875 0.06786013671875 0.529301005859375 0.08069015234375 0.47704484765625 0.113803701171875 0.49057735546875 0.155027013671875 0.506506763671875 0.193982541015625 0.5457992421875 0.21535426953125 0.56222646484375 0.2164927890625 0.567533169921875 0.21346345703125
1 0.2333984375 0.609375 0.0234375 0.0234375
1 0.248046875 0.560546875 0.009765625 0.009765625
1 0.25390625 0.611328125 0.01171875 0.0078125
1 0.111328125 0.29296875 0.0390625 0.025390625