1 0.05078125 0.39453125 0.041015625 0.060546875
0 0.2783203125 0.2392578125 0.142578125 0.177734375
0 0.486328125 0.259765625 0.15234375 0.189453125
0 0.712890625 0.2958984375 0.15625 0.14453125
1 0.5771484375 0.3466796875 0.017578125 0.025390625
1 0.5400390625 0.3095703125 0.013671875 0.015625
1 0.5439453125 0.427734375 0.07421875 0.056640625
1 0.3935546875 0.4521484375 0.05078125 0.044921875
1 0.2587890625 0.4111328125 0.025390625 0.025390625
1 0.09765625 0.396484375 0.025390625 0.029296875
1 0.0029296875 0.6494140625 0.005859375 0.025390625
1 0.01953125 0.595703125 0.017578125 0.017578125
1 0.0078125 0.544921875 0.015625 0.0234375
1 0.134765625 0.61328125 0.02734375 0.033203125
1 0.2314453125 0.580078125 0.01953125 0.025390625
1 0.26953125 0.5771484375 0.0234375 0.029296875
1 0.3125 0.568359375 0.015625 0.017578125
1 0.3359375 0.5673828125 0.015625 0.021484375
1 0.3427734375 0.58984375 0.017578125 0.0234375
1 0.279296875 0.5341796875 0.01171875 0.013671875
1 0.2783203125 0.439453125 0.017578125 0.017578125
1 0.177734375 0.4326171875 0.021484375 0.0234375
1 0.341796875 0.65234375 0.01953125 0.021484375
0 0.4189453125 0.57421875 0.1640625 0.185546875
1 0.49609375 0.5830078125 0.009765625 0.01171875
1 0.525390625 0.5986328125 0.017578125 0.015625
1 0.53515625 0.607421875 0.0078125 0.01171875
1 0.529296875 0.623046875 0.01171875 0.01171875
1 0.501953125 0.6435546875 0.0078125 0.01171875
1 0.5029296875 0.5625 0.017578125 0.017578125
1 0.4296875 0.462890625 0.01171875 0.01171875
1 0.3818359375 0.4091796875 0.017578125 0.01953125
1 0.4033203125 0.4111328125 0.015625 0.015625
1 0.421875 0.4208984375 0.009765625 0.009765625
1 0.4990234375 0.431640625 0.009765625 0.013671875
1 0.4716796875 0.4560546875 0.005859375 0.0078125
1 0.4951171875 0.45703125 0.01171875 0.01171875
1 0.533203125 0.4873046875 0.009765625 0.015625
1 0.51953125 0.5126953125 0.0078125 0.009765625
1 0.4560546875 0.48828125 0.01171875 0.01171875
1 0.7060546875 0.623046875 0.015625 0.021484375
1 0.6708984375 0.6005859375 0.0078125 0.01171875
1 0.720703125 0.6484375 0.013671875 0.017578125
1 0.736328125 0.6650390625 0.01171875 0.013671875
1 0.78125 0.626953125 0.0234375 0.03515625
1 0.755859375 0.6513671875 0.01171875 0.013671875
1 0.74609375 0.6357421875 0.0078125 0.013671875
1 0.7919921875 0.6904296875 0.0078125 0.013671875
1 0.7890625 0.6630859375 0.009765625 0.0078125
1 0.8330078125 0.5341796875 0.021484375 0.01953125
1 0.806640625 0.5498046875 0.009765625 0.01171875
1 0.703125 0.51953125 0.015625 0.017578125
1 0.6845703125 0.513671875 0.01171875 0.01171875
1 0.7373046875 0.5244140625 0.025390625 0.025390625
1 0.7978515625 0.4833984375 0.01171875 0.009765625
1 0.8701171875 0.55078125 0.0625 0.076171875
1 0.9521484375 0.5419921875 0.017578125 0.015625
1 0.9140625 0.529296875 0.0078125 0.01171875
0 0.0712890625 0.2001953125 0.05859375 0.109375
1 0.091796875 0.2509765625 0.01171875 0.01171875
1 0.1083984375 0.2470703125 0.013671875 0.01953125
1 0.40234375 0.294921875 0.01171875 0.013671875
0 0.9404296875 0.35546875 0.119140625 0.1953125
0 0.8974609375 0.6826171875 0.17578125 0.185546875
1 0.7919921875 0.734375 0.044921875 0.05078125
1 0.7578125 0.7626953125 0.115234375 0.107421875
0 0.6494140625 0.658203125 0.158203125 0.21875
1 0.0751953125 0.4755859375 0.1328125 0.234375
1 0.087890625 0.591796875 0.033203125 0.044921875
1 0.2392578125 0.427734375 0.015625 0.015625
1 0.240234375 0.41015625 0.01171875 0.01171875
0 0.22584541015625 0.544598466796875 0.22352502734375 0.51627388671875 0.194672994140625 0.468971689453125 0.181542623046875 0.47750627734375 0.160398501953125 0.50367470703125 0.112225375 0.493808482421875 0.0931474296875 0.53359223828125 0.104538978515625 0.5488886328125 0.100278802734375 0.60758829296875 0.137067939453125 0.586981544921875 0.18019098828125 0.589796388671875 0.206494541015625 0.5820316328125 0.22584541015625 0.544598466796875