0 0.2294921875 0.73046875 0.169921875 0.189453125
1 0.3349609375 0.6904296875 0.01171875 0.015625
0 0.4599609375 0.69921875 0.158203125 0.16015625
0 0.6787109375 0.62890625 0.162109375 0.19140625
1 0.7568359375 0.6630859375 0.017578125 0.025390625
0 0.9013671875 0.59375 0.197265625 0.21875
1 0.904296875 0.3681640625 0.12890625 0.1328125
1 0.94140625 0.291015625 0.0703125 0.123046875
0 0.861328125 0.2431640625 0.162109375 0.171875
1 0.9326171875 0.2177734375 0.013671875 0.01953125
1 0.794921875 0.3984375 0.015625 0.015625
0 0.625 0.3046875 0.119140625 0.1328125
1 0.5439453125 0.25 0.013671875 0.017578125
1 0.533203125 0.3017578125 0.017578125 0.015625
0 0.384765625 0.37109375 0.150390625 0.130859375
1 0.3203125 0.3310546875 0.01171875 0.01171875
1 0.318359375 0.525390625 0.0703125 0.103515625
1 0.3408203125 0.478515625 0.10546875 0.12109375
1 0.36328125 0.525390625 0.01953125 0.037109375
1 0.373046875 0.4990234375 0.01171875 0.013671875
1 0.2353515625 0.5263671875 0.076171875 0.103515625
0 0.166015625 0.419921875 0.140625 0.13671875
1 0.2294921875 0.412109375 0.017578125 0.017578125
1 0.2509765625 0.4140625 0.01171875 0.013671875
1 0.26171875 0.3203125 0.013671875 0.017578125
1 0.265625 0.33984375 0.01171875 0.01171875
1 0.109375 0.564453125 0.13671875 0.177734375
1 0.486328125 0.4833984375 0.0234375 0.03125
1 0.5029296875 0.48046875 0.01953125 0.021484375
1 0.4775390625 0.5498046875 0.041015625 0.04296875
1 0.513671875 0.560546875 0.015625 0.01953125
1 0.634765625 0.4677734375 0.0390625 0.03515625
1 0.6201171875 0.4365234375 0.01953125 0.01171875
1 0.9013671875 0.4052734375 0.015625 0.015625
1 0.9619140625 0.5927734375 0.013671875 0.017578125