1 0.1240234375 0.6240234375 0.046875 0.056640625
1 0.0947265625 0.603515625 0.025390625 0.0390625
0 0 0.64366344921875 0.01091197265625 0.63520574609375 0.02802328515625 0.62798875390625 0.0518196171875 0.630770212890625 0.0731493828125 0.6308207890625 0.074732958984375 0.57931680859375 0.064856333984375 0.564256681640625 0.061964205078125 0.524348673828125 0.0340115078125 0.548311748046875 0.029657056640625 0.5664387265625 0.01705616015625 0.540730060546875 0 0.560693349609375 0 0.64366344921875
1 0 0.52257805859375 0.008331966796875 0.53273919921875 0.03289801171875 0.54781737109375 0.04258244921875 0.5400569296875 0.0560294296875 0.492324916015625 0.040373166015625 0.472402935546875 0.01002890234375 0.46160630078125 0 0.480963828125 0 0.52257805859375
1 0.09375 0.4833984375 0.017578125 0.015625
1 0.111451982421875 0.444897560546875 0.10582087890625 0.420652017578125 0.106380001953125 0.37961026953125 0.092958033203125 0.3764749453125 0.07787136328125 0.390483646484375 0.0648065234375 0.4117439375 0.0538172578125 0.43145864453125 0.0330585625 0.44343475390625 0.0318258359375 0.4596492734375 0.05859938671875 0.46312965234375 0.090377654296875 0.480433576171875 0.1117369609375 0.476814029296875 0.118019857421875 0.458018216796875 0.111451982421875 0.444897560546875
1 0.1030401796875 0.421608958984375 0.112165494140625 0.4471892578125 0.140854197265625 0.431049947265625 0.13504673828125 0.411876341796875 0.11818983984375 0.394968501953125 0.106183115234375 0.401469353515625 0.1030401796875 0.421608958984375
1 0.1662949609375 0.4718978046875 0.1788248984375 0.42967651953125 0.172117400390625 0.403282435546875 0.14977332421875 0.40524381640625 0.137093037109375 0.419225416015625 0.125418119140625 0.442248958984375 0.113180912109375 0.452622005859375 0.1213883125 0.481153203125 0.138239259765625 0.46951922265625 0.1662949609375 0.4718978046875
1 0.1552734375 0.2744140625 0.0234375 0.0234375
1 0.1181640625 0.2626953125 0.017578125 0.01953125
0 0.086068890625 0.2849567421875 0.11005806640625 0.254584732421875 0.119508453125 0.240000052734375 0.104611703125 0.211060501953125 0.062353546875 0.18488746484375 0.035650333984375 0.17907002734375 0.02403570703125 0.273663572265625 0.057094771484375 0.308969859375 0.068832845703125 0.30994143359375 0.086068890625 0.2849567421875
0 0.2861328125 0.3056640625 0.134765625 0.185546875
1 0.369140625 0.5185546875 0.025390625 0.033203125
1 0.3037109375 0.4775390625 0.013671875 0.017578125
1 0.3154296875 0.4814453125 0.01171875 0.013671875
1 0.337890625 0.4853515625 0.021484375 0.021484375
1 0.4111328125 0.494140625 0.013671875 0.01171875
1 0.1962890625 0.4697265625 0.01171875 0.013671875
0 0.2421875 0.6513671875 0.169921875 0.224609375
0 0.46875 0.685546875 0.1328125 0.189453125
1 0.5087890625 0.5205078125 0.021484375 0.0234375
1 0.5205078125 0.509765625 0.017578125 0.017578125
1 0.50390625 0.484375 0.01171875 0.009765625
1 0.467921546875 0.43946900390625 0.481870775390625 0.456331595703125 0.500173267578125 0.47097136328125 0.5125203203125 0.4692090859375 0.51501761328125 0.46211017578125 0.515322666015625 0.42974113671875 0.51573258984375 0.396015078125 0.50604034765625 0.385652787109375 0.493106541015625 0.387313326171875 0.476848765625 0.39780140234375 0.46862926953125 0.40553522265625 0.465277044921875 0.42798942578125 0.467921546875 0.43946900390625
0 0.448017814453125 0.44006319921875 0.471799943359375 0.41052009765625 0.48901554296875 0.389873375 0.512781638671875 0.383519375 0.531309119140625 0.37181726953125 0.53860667578125 0.352309255859375 0.557600341796875 0.362210234375 0.567317701171875 0.35034819140625 0.552507017578125 0.318819779296875 0.52045828125 0.289802755859375 0.5066443125 0.23212709765625 0.48671223046875 0.23259769140625 0.461861767578125 0.246934005859375 0.441123171875 0.2712443515625 0.41543166796875 0.323370228515625 0.421425537109375 0.33575773046875 0.4404771171875 0.353925689453125 0.451914462890625 0.37264740234375 0.447129689453125 0.402589033203125 0.448017814453125 0.44006319921875
1 0.5390625 0.3642578125 0.01171875 0.01953125
1 0.572265625 0.5185546875 0.013671875 0.017578125
1 0.6806640625 0.5576171875 0.01171875 0.017578125
1 0.6953125 0.5380859375 0.013671875 0.01171875
1 0.666724439453125 0.512806513671875 0.653272373046875 0.495497494140625 0.645245359375 0.462446869140625 0.632211978515625 0.461192080078125 0.612337419921875 0.476223037109375 0.5845793046875 0.488617845703125 0.57790182421875 0.500272787109375 0.584689111328125 0.52515966015625 0.60521345703125 0.567903412109375 0.632959330078125 0.578988345703125 0.668185421875 0.544395001953125 0.691280783203125 0.523742759765625 0.666724439453125 0.512806513671875
0 0.6630859375 0.697265625 0.169921875 0.19140625
0 0.8916015625 0.7265625 0.19140625 0.224609375
1 0.966796875 0.5947265625 0.046875 0.060546875
1 0.94140625 0.568359375 0.013671875 0.015625
1 0.8828125 0.5732421875 0.01953125 0.017578125
1 0.7998046875 0.5830078125 0.021484375 0.01953125
1 0.814453125 0.552734375 0.013671875 0.013671875
1 0.80078125 0.513671875 0.01171875 0.01171875
0 0.9296875 0.39453125 0.140625 0.19921875
1 0.7646484375 0.451171875 0.07421875 0.076171875
1 0.73046875 0.5419921875 0.017578125 0.0234375
1 0.77358784765625 0.511649720703125 0.759893287109375 0.4957550546875 0.747718013671875 0.47336480859375 0.735516341796875 0.4746685078125 0.718607330078125 0.500963376953125 0.710898212890625 0.524359138671875 0.700757392578125 0.545391359375 0.7012828984375 0.55961103515625 0.718700849609375 0.554942046875 0.729876287109375 0.5316088359375 0.743186619140625 0.5316303046875 0.759216953125 0.555649197265625 0.765593865234375 0.55153699609375 0.77358784765625 0.511649720703125
0 0.75308612109375 0.40350326171875 0.7671908359375 0.378085501953125 0.765695470703125 0.3375931875 0.7516478125 0.30752566015625 0.73546315234375 0.279866703125 0.710393296875 0.273458919921875 0.681910146484375 0.280555048828125 0.6642800546875 0.3297135625 0.659310357421875 0.372603994140625 0.672056041015625 0.4273560546875 0.684941732421875 0.449714759765625 0.6885372421875 0.449097384765625 0.70463371484375 0.4407132265625 0.730990138671875 0.414688931640625 0.75308612109375 0.40350326171875
1 0.654296875 0.3251953125 0.015625 0.0234375