0 0.11233356640625 0.146119171875 0.08648675 0.1778068828125 0.07115998046875 0.2284119140625 0.07352660546875 0.259520353515625 0.089081880859375 0.288171888671875 0.126878880859375 0.319722296875 0.175582720703125 0.303869515625 0.200442376953125 0.2607605703125 0.19779613671875 0.22445693359375 0.1842804765625 0.16931971484375 0.1449489921875 0.1359298359375 0.11233356640625 0.146119171875
1 0.2333984375 0.30078125 0.017578125 0.0234375
1 0.072265625 0.41015625 0.056640625 0.095703125
1 0.052734375 0.388671875 0.015625 0.021484375
1 0.126953125 0.4072265625 0.017578125 0.017578125
1 0.107421875 0.41015625 0.015625 0.017578125
1 0.18359375 0.4638671875 0.09375 0.076171875
1 0.1357421875 0.5322265625 0.021484375 0.021484375
1 0.16796875 0.595703125 0.03125 0.025390625
0 0.0984536015625 0.629107294921875 0.119160970703125 0.616500326171875 0.1375712421875 0.5775285703125 0.126323423828125 0.545261962890625 0.12268908203125 0.512225248046875 0.106058365234375 0.486868560546875 0.106301859375 0.4863872109375 0.10720537109375 0.479983525390625 0.046581779296875 0.47550607421875 0.01774183984375 0.5055373515625 0.00852556640625 0.53399393359375 0.01282648828125 0.5778314453125 0.021620892578125 0.619760615234375 0.0363355859375 0.6283389921875 0.0984536015625 0.629107294921875
0 0.2822265625 0.62109375 0.177734375 0.19140625
1 0.248046875 0.4189453125 0.013671875 0.015625
1 0.3173828125 0.470703125 0.0078125 0.009765625
1 0.3271484375 0.4677734375 0.015625 0.015625
1 0.36328125 0.4833984375 0.013671875 0.017578125
1 0.376953125 0.4794921875 0.0078125 0.009765625
1 0.38671875 0.4853515625 0.013671875 0.015625
1 0.41796875 0.5 0.009765625 0.015625
1 0.4287109375 0.501953125 0.01171875 0.015625
1 0.4140625 0.64453125 0.009765625 0.009765625
1 0.423828125 0.6201171875 0.033203125 0.033203125
1 0.544921875 0.73046875 0.01953125 0.021484375
1 0.51953125 0.740234375 0.009765625 0.01171875
0 0.488258236328125 0.61601162890625 0.45677978125 0.638123951171875 0.4473509140625 0.649459666015625 0.453169982421875 0.68317621875 0.4597056796875 0.71205623828125 0.47332596484375 0.7367089375 0.479470798828125 0.75497649609375 0.4873962734375 0.7626402734375 0.4882824140625 0.762286537109375 0.51588051171875 0.734250546875 0.547517287109375 0.712802076171875 0.567807892578125 0.702375919921875 0.56913815625 0.680683541015625 0.5637665234375 0.637220533203125 0.539995396484375 0.610470283203125 0.527049623046875 0.597600416015625 0.488258236328125 0.61601162890625
1 0.5869140625 0.7529296875 0.009765625 0.01171875
1 0.6396484375 0.7275390625 0.015625 0.017578125
1 0.6572265625 0.7734375 0.015625 0.01953125
1 0.662109375 0.748046875 0.013671875 0.01953125
0 0.744140625 0.736328125 0.17578125 0.173828125
1 0.712890625 0.5830078125 0.015625 0.017578125
1 0.7158203125 0.5947265625 0.017578125 0.0234375
1 0.7314453125 0.6044921875 0.01171875 0.015625
1 0.673828125 0.5771484375 0.015625 0.01953125
1 0.678450052734375 0.589856234375 0.673582357421875 0.613257328125 0.685062345703125 0.642167939453125 0.699160947265625 0.65042341015625 0.71969309375 0.652030916015625 0.73006141015625 0.626387037109375 0.711661708984375 0.605214654296875 0.706652916015625 0.57948930859375 0.701320517578125 0.5547068203125 0.69016648828125 0.54820905859375 0.681823494140625 0.566383896484375 0.678450052734375 0.589856234375
1 0.602501421875 0.43879135546875 0.598440568359375 0.45608771875 0.61922425 0.476285787109375 0.649443505859375 0.483621486328125 0.65786449609375 0.467988455078125 0.66100176953125 0.43057338671875 0.66604621875 0.379192388671875 0.651781546875 0.367267291015625 0.644659771484375 0.373956447265625 0.623411455078125 0.403337982421875 0.602501421875 0.43879135546875
1 0.5908203125 0.4208984375 0.01171875 0.015625
0 0.51123516796875 0.400171974609375 0.5265527734375 0.437354873046875 0.569961041015625 0.45263228125 0.587408384765625 0.4237925546875 0.60090748828125 0.408840091796875 0.62944393359375 0.395957875 0.629047287109375 0.379093990234375 0.6122084375 0.342508748046875 0.603295609375 0.302895349609375 0.576062796875 0.294747970703125 0.559126283203125 0.298496126953125 0.53653809765625 0.31994079296875 0.526131580078125 0.33661797265625 0.51123516796875 0.400171974609375
1 0.3310546875 0.3369140625 0.013671875 0.015625
0 0.424052015625 0.2551963984375 0.39541625390625 0.238771810546875 0.3624888671875 0.235967146484375 0.335951287109375 0.2579135078125 0.32662933984375 0.273595263671875 0.32306996484375 0.323248189453125 0.322250921875 0.324505517578125 0.339240099609375 0.331787173828125 0.342137146484375 0.36241746484375 0.345412888671875 0.3913606796875 0.358427962890625 0.398219943359375 0.3947069140625 0.386881408203125 0.42342366015625 0.36087165234375 0.42886143359375 0.343056578125 0.426671427734375 0.293583923828125 0.424052015625 0.2551963984375
1 0.6982421875 0.4384765625 0.009765625 0.013671875
0 0.796875 0.4306640625 0.158203125 0.1796875
0 0.9609375 0.4833984375 0.078125 0.142578125
1 0.9765625 0.580078125 0.046875 0.0703125
1 0.8466796875 0.6474609375 0.09375 0.08984375
1 0.8447265625 0.6279296875 0.017578125 0.01953125
1 0.906284234375 0.662238484375 0.91029626171875 0.693723 0.935075212890625 0.697532490234375 0.96524394140625 0.667170861328125 0.969042734375 0.6429596484375 0.9440382578125 0.612559453125 0.917674248046875 0.5962927890625 0.882779923828125 0.5852069765625 0.874387201171875 0.59121425390625 0.871150083984375 0.61062174609375 0.896378876953125 0.629297025390625 0.906284234375 0.662238484375
1 0.873046875 0.7080078125 0.02734375 0.033203125
1 0.84765625 0.75 0.015625 0.015625
1 0.865234375 0.818359375 0.033203125 0.048828125
0 0.883059734375 0.75770888671875 0.83746469140625 0.763354265625 0.837432783203125 0.781670689453125 0.8437746953125 0.78849543359375 0.88258987109375 0.799600513671875 0.881548783203125 0.8421806640625 0.8953985234375 0.866118642578125 0.923526234375 0.86811180078125 0.95985433203125 0.72240776171875 0.926057275390625 0.717680876953125 0.883059734375 0.75770888671875