1 0.962890625 0.4267578125 0.0703125 0.05859375
0 0.90238940625 0.320499478515625 0.9009591484375 0.285923279296875 0.8989019453125 0.246669501953125 0.879162322265625 0.23088046484375 0.842478240234375 0.2282475 0.80089955078125 0.2633834765625 0.789754228515625 0.299828033203125 0.809695291015625 0.34442647265625 0.83028657421875 0.366790837890625 0.830153869140625 0.36739741015625 0.85340776953125 0.33840105859375 0.90238940625 0.320499478515625
0 0.69756658203125 0.546937791015625 0.693409234375 0.512013548828125 0.669371947265625 0.4574422890625 0.65439591796875 0.447774056640625 0.614938412109375 0.476476703125 0.616596857421875 0.511807572265625 0.629003048828125 0.559114865234375 0.6452722421875 0.57134319140625 0.674026830078125 0.560027017578125 0.69756658203125 0.546937791015625
0 0.903469533203125 0.5776071328125 0.889930001953125 0.530904525390625 0.863232841796875 0.533390220703125 0.83896316796875 0.492612326171875 0.822670158203125 0.520732791015625 0.823093013671875 0.567156982421875 0.861649208984375 0.595231998046875 0.904271876953125 0.578605361328125 0.903469533203125 0.5776071328125
1 1 0.543977955078125 0.970271513671875 0.4558262421875 0.92545699609375 0.42547549609375 0.924732669921875 0.365581705078125 0.894338220703125 0.333887689453125 0.860093814453125 0.338443025390625 0.847079595703125 0.350745212890625 0.84150107421875 0.3749458828125 0.859653392578125 0.39200728515625 0.8708325 0.4529890390625 0.8836168828125 0.50869331640625 0.897271830078125 0.54199099609375 0.890384892578125 0.588536701171875 0.854648572265625 0.594975119140625 0.823262443359375 0.565840208984375 0.818733275390625 0.522583037109375 0.817622693359375 0.480601486328125 0.794854498046875 0.4674943984375 0.753973423828125 0.497541318359375 0.697636005859375 0.51174977734375 0.701063484375 0.56473908203125 0.668052685546875 0.56092765625 0.66148392578125 0.605712154296875 0.679048205078125 0.694340169921875 0.72825059765625 0.785869623046875 0.78767440625 0.839854005859375 0.86420716796875 0.85629252734375 0.918899951171875 0.84459489453125 0.8915889453125 0.758023009765625 0.900489744140625 0.712585087890625 0.939250990234375 0.7076280390625 0.95748005078125 0.694593783203125 0.9766797890625 0.66365489453125 0.994040259765625 0.603610126953125 1 0.572791232421875 1 0.543977955078125
1 0.755859375 0.421875 0.056640625 0.0859375
1 0.68953434375 0.38716580859375 0.660151126953125 0.367280390625 0.64953694921875 0.37544659375 0.66213812890625 0.417749521484375 0.699486275390625 0.482927419921875 0.747372509765625 0.507877556640625 0.748305365234375 0.50376413671875 0.753107517578125 0.497777849609375 0.737104298828125 0.45411191015625 0.72124821875 0.414722119140625 0.68953434375 0.38716580859375
1 0.6884765625 0.37890625 0.0234375 0.02734375
1 0.6328125 0.37890625 0.0234375 0.033203125
1 0.611328125 0.3134765625 0.01953125 0.021484375
1 0.5791015625 0.2802734375 0.015625 0.013671875
0 0.626616181640625 0.317444462890625 0.634611171875 0.363137802734375 0.67877506640625 0.327974994140625 0.699431326171875 0.310833513671875 0.693531080078125 0.261110736328125 0.661043248046875 0.22661887890625 0.6243184921875 0.231157318359375 0.6071198203125 0.277933568359375 0.6129164765625 0.300857984375 0.626616181640625 0.317444462890625
1 0.513671875 0.3125 0.013671875 0.021484375
1 0.548828125 0.3974609375 0.068359375 0.05859375
1 0.51171875 0.37890625 0.060546875 0.041015625
1 0.4326171875 0.3681640625 0.025390625 0.015625
1 0.3955078125 0.328125 0.01171875 0.015625
1 0.5283203125 0.455078125 0.072265625 0.076171875
1 0.4169921875 0.453125 0.056640625 0.080078125
1 0.384765625 0.1923828125 0.0703125 0.091796875
0 0.503025203125 0.288831787109375 0.49765688671875 0.257955056640625 0.44705575390625 0.256703390625 0.41422592578125 0.267661685546875 0.40511664453125 0.313239310546875 0.424474412109375 0.35750613671875 0.44832692578125 0.36158625 0.485446828125 0.3664016875 0.507339958984375 0.361515751953125 0.51569900390625 0.3579467734375 0.514969306640625 0.3580755625 0.50052843359375 0.324639990234375 0.503025203125 0.288831787109375
1 0.41796875 0.39453125 0.017578125 0.015625
1 0.541015625 0.5625 0.01953125 0.02734375
1 0.6015625 0.541015625 0.013671875 0.015625
1 0.50390625 0.615234375 0.01953125 0.013671875
1 0.4228515625 0.5478515625 0.009765625 0.015625
1 0.40234375 0.5751953125 0.009765625 0.01953125
0 0.447042095703125 0.480327912109375 0.425752140625 0.49583051171875 0.429059478515625 0.53832069921875 0.435680560546875 0.58017241796875 0.4488625078125 0.594049513671875 0.4923342109375 0.5930187890625 0.52310470703125 0.58086253515625 0.521793384765625 0.545503412109375 0.51426030859375 0.501828193359375 0.4992088984375 0.48542322265625 0.447042095703125 0.480327912109375
1 0.3466796875 0.5625 0.029296875 0.01953125
1 0.3486328125 0.46875 0.01171875 0.01953125
1 0.3388671875 0.439453125 0.015625 0.015625
1 0.3046875 0.3662109375 0.013671875 0.013671875
0 0.20323343359375 0.270264298828125 0.1862105234375 0.3015619609375 0.2154922421875 0.35259668359375 0.251089361328125 0.382376130859375 0.267369908203125 0.409276423828125 0.281285376953125 0.345896984375 0.316248201171875 0.318047619140625 0.3096853515625 0.3111418046875 0.3018033984375 0.2793826875 0.26639084765625 0.252376365234375 0.24764974609375 0.24193358203125 0.20323343359375 0.270264298828125
1 0.2314453125 0.44140625 0.0234375 0.03125
1 0.205078125 0.3525390625 0.013671875 0.03125
1 0.275390625 0.470703125 0.064453125 0.068359375
1 0.2366933984375 0.3724883515625 0.236264787109375 0.401427357421875 0.253354154296875 0.435784529296875 0.2737176171875 0.433731375 0.271624564453125 0.413144138671875 0.263657533203125 0.407923642578125 0.25152489453125 0.384063626953125 0.2366933984375 0.3724883515625
1 0.2041015625 0.517578125 0.033203125 0.0546875
0 0.3263324375 0.559073162109375 0.320429421875 0.521650775390625 0.293764322265625 0.506693515625 0.26017418359375 0.500811771484375 0.243809646484375 0.509887005859375 0.225478572265625 0.542657703125 0.206813958984375 0.57551429296875 0.241955345703125 0.60563956640625 0.265869103515625 0.6284535703125 0.302014802734375 0.60909383203125 0.32012841796875 0.5804956484375 0.3263324375 0.559073162109375
1 0.26953125 0.6513671875 0.017578125 0.021484375
1 0.24609375 0.646484375 0.029296875 0.05859375
1 0.2861328125 0.7060546875 0.0546875 0.0625
1 0.1923828125 0.560546875 0.0078125 0.013671875
1 0.17578125 0.5361328125 0.009765625 0.015625
1 0.1572265625 0.5986328125 0.01953125 0.03125
1 0.1640625 0.4296875 0.03125 0.08203125
1 0.140625 0.400390625 0.02734375 0.03125
0 0.056640625 0.326171875 0.11328125 0.1796875
1 0.1650390625 0.314453125 0.015625 0.015625
1 0.1298828125 0.2685546875 0.01171875 0.013671875
0 0.0915603046875 0.6233728984375 0.12141466796875 0.6118481796875 0.154670673828125 0.57469758203125 0.154810015625 0.571798828125 0.119760791015625 0.5515523828125 0.087325044921875 0.5192349375 0.0690514296875 0.544636158203125 0.0535590546875 0.580690806640625 0.044739708984375 0.617258947265625 0.0915603046875 0.6233728984375
1 0.18492319140625 0.498234146484375 0.16691512109375 0.4698730234375 0.145801208984375 0.43194997265625 0.13103573046875 0.42388041796875 0.11289067578125 0.468176998046875 0.112512443359375 0.51391477734375 0.139584232421875 0.559582220703125 0.171928884765625 0.524133369140625 0.18492319140625 0.498234146484375
1 0.109579146484375 0.51202215234375 0.1175961640625 0.48102141015625 0.11873989453125 0.44830636328125 0.11720235546875 0.449491609375 0.0947883671875 0.43654906640625 0.021016306640625 0.44364680078125 0.001177501953125 0.53556103125 0.009476564453125 0.69391656640625 0.0159230703125 0.816923234375 0.020876505859375 0.864906833984375 0.067299365234375 0.851395044921875 0.106777658203125 0.805984458984375 0.14361844140625 0.744254767578125 0.166045533203125 0.6651288984375 0.139408259765625 0.625823220703125 0.122156900390625 0.61907111328125 0.1041510859375 0.6203548125 0.06190580859375 0.621059681640625 0.050018826171875 0.577439599609375 0.081770248046875 0.53104558203125 0.109579146484375 0.51202215234375
1 0.9638671875 0.7177734375 0.072265625 0.068359375