0 0.1005859375 0.740234375 0.150390625 0.197265625
1 0.02734375 0.5986328125 0.0546875 0.099609375
1 0.0185546875 0.537109375 0.009765625 0.0107421875
1 0.03125 0.541015625 0.009765625 0.009765625
1 0.046875 0.5478515625 0.015625 0.0126953125
1 0.0791015625 0.58984375 0.009765625 0.0263671875
1 0.119140625 0.59375 0.0341796875 0.037109375
1 0.169921875 0.5751953125 0.072265625 0.125
1 0.197265625 0.556640625 0.025390625 0.013671875
0 0.119140625 0.4248046875 0.123046875 0.1796875
1 0.166015625 0.376953125 0.009765625 0.0126953125
1 0.22265625 0.4130859375 0.013671875 0.0126953125
1 0.2470703125 0.404296875 0.015625 0.0185546875
1 0.2685546875 0.4091796875 0.013671875 0.0185546875
1 0.23046875 0.5244140625 0.005859375 0.013671875
1 0.2431640625 0.544921875 0.021484375 0.0341796875
1 0.24609375 0.591796875 0.0126953125 0.0185546875
1 0.267578125 0.5791015625 0.015625 0.015625
1 0.2626953125 0.537109375 0.0107421875 0.0126953125
1 0.271484375 0.5546875 0.015625 0.015625
1 0.291015625 0.552734375 0.0185546875 0.017578125
0 0.3232421875 0.4267578125 0.1123046875 0.1669921875
1 0.353515625 0.5498046875 0.046875 0.083984375
1 0.3759765625 0.619140625 0.056640625 0.064453125
1 0.408203125 0.572265625 0.052734375 0.078125
1 0.458984375 0.564453125 0.0341796875 0.0439453125
1 0.48828125 0.5751953125 0.037109375 0.087890625
1 0.458984375 0.529296875 0.009765625 0.009765625
1 0.4716796875 0.5205078125 0.005859375 0.009765625
1 0.447265625 0.4091796875 0.0966796875 0.142578125
0 0.552734375 0.4130859375 0.115234375 0.158203125
1 0.5380859375 0.369140625 0.0107421875 0.0126953125
1 0.4521484375 0.2939453125 0.03125 0.03125
1 0.564453125 0.287109375 0.029296875 0.033203125
1 0.255859375 0.6708984375 0.033203125 0.0361328125
1 0.2548828125 0.7099609375 0.0107421875 0.0107421875
1 0.2783203125 0.6328125 0.0126953125 0.015625
0 0.5361328125 0.693359375 0.150390625 0.138671875
1 0.53515625 0.59375 0.0126953125 0.013671875
1 0.552734375 0.5810546875 0.021484375 0.025390625
1 0.5771484375 0.595703125 0.064453125 0.068359375
1 0.5283203125 0.537109375 0.037109375 0.0361328125
1 0.615234375 0.58203125 0.0205078125 0.0185546875
1 0.6396484375 0.556640625 0.0859375 0.130859375
1 0.7412109375 0.587890625 0.0625 0.0654296875
1 0.81640625 0.6416015625 0.015625 0.033203125
0 0.7841796875 0.71875 0.1435546875 0.126953125
1 0.673828125 0.7021484375 0.0185546875 0.0283203125
0 0.958984375 0.693359375 0.0810546875 0.1611328125
1 0.8125 0.5703125 0.095703125 0.1142578125
1 0.8818359375 0.5654296875 0.0732421875 0.189453125
1 0.8291015625 0.4873046875 0.044921875 0.103515625
0 0.76171875 0.40625 0.1064453125 0.181640625
1 0.701171875 0.4013671875 0.0185546875 0.021484375
1 0.822265625 0.34375 0.021484375 0.03125
1 0.869140625 0.392578125 0.0283203125 0.021484375
1 0.8759765625 0.427734375 0.009765625 0.0126953125
0 0.9638671875 0.431640625 0.072265625 0.150390625
1 0.9609375 0.578125 0.03125 0.0234375
1 0.9111328125 0.580078125 0.0205078125 0.021484375
1 0.734375 0.5400390625 0.017578125 0.015625
1 0.0390625 0.5205078125 0.009765625 0.0126953125
1 0.01171875 0.748046875 0.005859375 0.009765625
1 0.1943359375 0.728515625 0.005859375 0.0078125
1 0.65234375 0.6572265625 0.009765625 0.0107421875
1 0.6181640625 0.41796875 0.0048828125 0.0078125
1 0.62890625 0.400390625 0.009765625 0.009765625
1 0.64453125 0.3759765625 0.005859375 0.009765625
1 0.658203125 0.380859375 0.0078125 0.009765625
1 0.7490234375 0.509765625 0.0078125 0.009765625
1 0.9091796875 0.3974609375 0.009765625 0.015625
1 0.85546875 0.466796875 0.005859375 0.009765625
1 0.8525390625 0.4453125 0.005859375 0.0078125
0 0.35397936328125 0.77588665625 0.37435541796875 0.732721560546875 0.369400267578125 0.6661172421875 0.34698970703125 0.63356516015625 0.36267541796875 0.61152963671875 0.3629841484375 0.59866037109375 0.35482804296875 0.598324515625 0.32116763671875 0.60416322265625 0.289775544921875 0.63205983984375 0.270219751953125 0.64476204296875 0.2681787890625 0.660585111328125 0.27249710546875 0.74019131640625 0.267282314453125 0.749965552734375 0.315002119140625 0.781888986328125 0.35397936328125 0.77588665625