1 0.056640625 0.2568359375 0.0625 0.0654296875
0 0.017578125 0.3095703125 0.0341796875 0.0908203125
1 0.11328125 0.1767578125 0.0859375 0.1533203125
1 0.091796875 0.3330078125 0.009765625 0.0107421875
1 0.1083984375 0.3408203125 0.009765625 0.009765625
1 0.11328125 0.326171875 0.017578125 0.0185546875
1 0.1279296875 0.30859375 0.0126953125 0.0205078125
1 0.130859375 0.337890625 0.017578125 0.0185546875
1 0.1484375 0.333984375 0.005859375 0.0126953125
1 0.2548828125 0.328125 0.009765625 0.015625
1 0.22265625 0.34765625 0.009765625 0.009765625
1 0.244140625 0.404296875 0.0078125 0.009765625
1 0.1484375 0.4140625 0.009765625 0.0107421875
1 0.1416015625 0.4453125 0.017578125 0.0126953125
1 0.318359375 0.30078125 0.037109375 0.0341796875
1 0.326171875 0.3466796875 0.009765625 0.0126953125
1 0.34375 0.3408203125 0.005859375 0.009765625
1 0.3779296875 0.333984375 0.005859375 0.009765625
1 0.47265625 0.333984375 0.0126953125 0.0185546875
0 0.412109375 0.3232421875 0.087890625 0.1298828125
1 0.4580078125 0.2646484375 0.015625 0.0185546875
1 0.3623046875 0.158203125 0.015625 0.015625
1 0.5244140625 0.3876953125 0.0185546875 0.0205078125
1 0.4462890625 0.4091796875 0.005859375 0.015625
1 0.5126953125 0.333984375 0.009765625 0.009765625
1 0.521484375 0.3037109375 0.009765625 0.0126953125
1 0.533203125 0.423828125 0.005859375 0.0107421875
1 0.513671875 0.259765625 0.009765625 0.009765625
0 0.638671875 0.298828125 0.1064453125 0.1123046875
1 0.6982421875 0.318359375 0.005859375 0.0078125
1 0.7021484375 0.294921875 0.009765625 0.009765625
1 0.6767578125 0.4111328125 0.005859375 0.009765625
1 0.6298828125 0.404296875 0.005859375 0.0126953125
1 0.685546875 0.369140625 0.0048828125 0.005859375
1 0.6904296875 0.392578125 0.005859375 0.009765625
1 0.7578125 0.236328125 0.037109375 0.03125
1 0.763671875 0.353515625 0.0517578125 0.078125
0 0.841796875 0.302734375 0.107421875 0.142578125
1 0.857421875 0.267578125 0.009765625 0.009765625
1 0.892578125 0.26171875 0.009765625 0.013671875
1 0.9267578125 0.255859375 0.015625 0.0126953125
1 0.9111328125 0.287109375 0.009765625 0.009765625
1 0.8955078125 0.4140625 0.005859375 0.005859375
1 0.91015625 0.4208984375 0.005859375 0.009765625
1 0.8408203125 0.4169921875 0.013671875 0.0126953125
1 0.74609375 0.453125 0.0810546875 0.1220703125
1 0.8447265625 0.47265625 0.0439453125 0.0673828125
0 0.826171875 0.5751953125 0.1064453125 0.1376953125
0 0.59765625 0.5576171875 0.095703125 0.1123046875
0 0.4052734375 0.5654296875 0.083984375 0.134765625
1 0.25 0.5224609375 0.060546875 0.046875
0 0.23828125 0.583984375 0.0966796875 0.0966796875
1 0.3173828125 0.5546875 0.0078125 0.0107421875
0 0.0361328125 0.5888671875 0.072265625 0.1064453125
1 0.029296875 0.462890625 0.025390625 0.0263671875
1 0.0439453125 0.4404296875 0.015625 0.046875
1 0.390625 0.4267578125 0.009765625 0.005859375
1 0.400390625 0.423828125 0.0048828125 0.005859375
1 0.5791015625 0.123046875 0.314453125 0.24609375
1 0.9716796875 0.20703125 0.0185546875 0.021484375
1 0.986328125 0.5810546875 0.021484375 0.0341796875
0 0.1982421875 0.26953125 0.1015625 0.142578125