1 0.208984375 0.33984375 0.017578125 0.025390625
1 0.025390625 0.48828125 0.025390625 0.0283203125
1 0.021484375 0.5126953125 0.0185546875 0.015625
1 0.1005859375 0.498046875 0.013671875 0.021484375
1 0.13671875 0.4873046875 0.013671875 0.015625
1 0.1806640625 0.5 0.025390625 0.037109375
1 0.2216796875 0.501953125 0.0341796875 0.048828125
1 0.25390625 0.4404296875 0.029296875 0.0517578125
1 0.2412109375 0.51171875 0.0107421875 0.017578125
1 0.2548828125 0.515625 0.0126953125 0.017578125
1 0.14283130859375 0.242707931640625 0.11386748828125 0.20814043359375 0.074459876953125 0.1738683125 0.06592550390625 0.175045814453125 0.036149390625 0.1960298515625 0.0115665390625 0.237023373046875 0.00966766796875 0.290668001953125 0.02704535546875 0.334824298828125 0.06201623828125 0.34953502734375 0.091463818359375 0.34710366796875 0.127210830078125 0.31640223046875 0.14994001953125 0.293728298828125 0.15448525390625 0.2649679296875 0.14283130859375 0.242707931640625
0 0.06597825 0.398499791015625 0.077562873046875 0.422863619140625 0.11898087890625 0.42714160546875 0.15175600390625 0.43359977734375 0.187255859375 0.409147537109375 0.184864185546875 0.378032166015625 0.15721751953125 0.33205737109375 0.127399208984375 0.31011485546875 0.10735255078125 0.33781627734375 0.08037651953125 0.351136509765625 0.05516975390625 0.35133744921875 0.06597825 0.398499791015625
0 0.3134765625 0.3857421875 0.099609375 0.0966796875
1 0.345703125 0.45703125 0.03125 0.0595703125
1 0.3662109375 0.4873046875 0.017578125 0.0390625
1 0.404296875 0.458984375 0.0439453125 0.068359375
1 0.298828125 0.298828125 0.0126953125 0.013671875
1 0.3037109375 0.318359375 0.013671875 0.0205078125
1 0.4267578125 0.361328125 0.0546875 0.078125
0 0.505859375 0.388671875 0.0966796875 0.123046875
1 0.5009765625 0.490234375 0.0517578125 0.087890625
1 0.5400390625 0.505859375 0.0263671875 0.056640625
1 0.548828125 0.4609375 0.0107421875 0.015625
1 0.556640625 0.345703125 0.0126953125 0.0283203125
1 0.5068359375 0.564453125 0.0810546875 0.0595703125
0 0.5048828125 0.64453125 0.0810546875 0.125
1 0.642578125 0.5146484375 0.115234375 0.1435546875
1 0.580078125 0.3447265625 0.009765625 0.0107421875
1 0.53515625 0.3046875 0.009765625 0.0107421875
1 0.71875 0.3203125 0.013671875 0.017578125
0 0.68402777734375 0.300411521484375 0.68584677734375 0.30202305078125 0.67890383984375 0.298480501953125 0.657636478515625 0.337464634765625 0.650146484375 0.384186921875 0.672565224609375 0.42911482421875 0.705692998046875 0.453920716796875 0.73714192578125 0.42033580859375 0.75743875390625 0.390683271484375 0.741757994140625 0.339114341796875 0.72066695703125 0.3302569609375 0.68402777734375 0.300411521484375
1 0.775390625 0.5322265625 0.015625 0.0107421875
1 0.7724609375 0.46484375 0.0107421875 0.015625
1 0.8408203125 0.3623046875 0.015625 0.0205078125
0 0.85933430859375 0.34388462890625 0.83154296875 0.372687193359375 0.830272533203125 0.41868007421875 0.868480541015625 0.46471112890625 0.913319529296875 0.455926087890625 0.934710466796875 0.417707529296875 0.92301884375 0.35644933203125 0.89621913671875 0.323559669921875 0.8948974609375 0.32283830078125 0.85933430859375 0.34388462890625
1 0.9541015625 0.494140625 0.0390625 0.0419921875
1 0.9912109375 0.435546875 0.017578125 0.041015625
0 0.89333466015625 0.48389274609375 0.8717643828125 0.50391227734375 0.87073808984375 0.51570939453125 0.8861551171875 0.538114068359375 0.93128345703125 0.56247588671875 0.973742826171875 0.5350176015625 0.92941321875 0.49080705078125 0.89333466015625 0.48389274609375
1 0.8115234375 0.486328125 0.0126953125 0.015625
1 0.833984375 0.48828125 0.013671875 0.0126953125
0 0.8955078125 0.6650390625 0.125 0.142578125
0 0.70703125 0.654296875 0.1064453125 0.1455078125
1 0.634765625 0.630859375 0.0107421875 0.0185546875
1 0.4150390625 0.64453125 0.009765625 0.0107421875
1 0.3671875 0.6416015625 0.0107421875 0.015625
1 0.337890625 0.57421875 0.009765625 0.0205078125
1 0.2568359375 0.5927734375 0.0654296875 0.046875
0 0.22913652734375 0.638231818359375 0.229938271484375 0.638374486328125 0.247875072265625 0.680601771484375 0.25892017578125 0.70663741015625 0.28034125390625 0.73541787109375 0.312115705078125 0.72697643359375 0.36284722265625 0.689505369140625 0.3665937265625 0.6658267421875 0.34867199609375 0.621652359375 0.318466375 0.57976265234375 0.30152271484375 0.581356095703125 0.278460466796875 0.6019020859375 0.2483814375 0.61784858984375 0.22913652734375 0.638231818359375
1 0.1669921875 0.603515625 0.044921875 0.064453125
0 0.0986328125 0.6357421875 0.115234375 0.1376953125
1 0.1962890625 0.541015625 0.0078125 0.009765625
1 0.298828125 0.951171875 0.0595703125 0.0546875
1 0.486328125 0.9658203125 0.017578125 0.017578125
1 0.537109375 0.931640625 0.0126953125 0.017578125
1 0.287109375 0.5224609375 0.0126953125 0.0107421875
1 0.185546875 0.669921875 0.041015625 0.03125
1 0.5830078125 0.494140625 0.0078125 0.013671875
1 0.7001953125 0.513671875 0.0078125 0.0107421875
1 0.462890625 0.318359375 0.0078125 0.0107421875