1 0.06640625 0.4921875 0.056640625 0.0986328125
1 0.142578125 0.4814453125 0.025390625 0.0205078125
1 0.134765625 0.412109375 0.048828125 0.0419921875
1 0.1455078125 0.451171875 0.013671875 0.0205078125
1 0.1904296875 0.3447265625 0.041015625 0.0732421875
1 0.14453125 0.3251953125 0.0703125 0.130859375
1 0.1591796875 0.236328125 0.0185546875 0.0234375
1 0.2138671875 0.4208984375 0.0341796875 0.044921875
0 0.271484375 0.345703125 0.0888671875 0.1640625
1 0.231742701171875 0.53632035546875 0.26646391796875 0.50572273828125 0.29920991015625 0.47701930078125 0.281781482421875 0.44735537890625 0.2316593125 0.42698822265625 0.20889294921875 0.466661576171875 0.195040228515625 0.50948698828125 0.19216479296875 0.532956640625 0.19392401171875 0.552266857421875 0.1994980546875 0.5664893046875 0.19938854296875 0.56599499609375 0.231742701171875 0.53632035546875
0 0.078125 0.609375 0.126953125 0.1279296875
1 0.224609375 0.58984375 0.0107421875 0.0107421875
1 0.3447265625 0.6328125 0.0234375 0.029296875
1 0.326171875 0.6064453125 0.009765625 0.0107421875
0 0.29453506640625 0.53353936328125 0.267591185546875 0.52636584765625 0.2322530859375 0.53806584375 0.23007189453125 0.53735451953125 0.22667201171875 0.5839214140625 0.224017611328125 0.620729380859375 0.2347628125 0.65140067578125 0.251885810546875 0.66888101171875 0.3018763671875 0.6526933828125 0.31527998828125 0.635359064453125 0.321311166015625 0.60874673046875 0.332313568359375 0.590831029296875 0.31955596484375 0.562824181640625 0.29453506640625 0.53353936328125
1 0.330078125 0.7392578125 0.1376953125 0.1826171875
1 0.3447265625 0.55859375 0.0205078125 0.0234375
1 0.3720703125 0.5654296875 0.0205078125 0.0205078125
0 0.4482421875 0.6162109375 0.107421875 0.1298828125
1 0.56640625 0.53125 0.017578125 0.017578125
1 0.60546875 0.544921875 0.0546875 0.1201171875
0 0.6767578125 0.6044921875 0.0908203125 0.1220703125
1 0.5615234375 0.4521484375 0.0205078125 0.046875
1 0.5126953125 0.3642578125 0.009765625 0.0126953125
1 0.521484375 0.3662109375 0.0078125 0.0107421875
1 0.505859375 0.31640625 0.0107421875 0.0205078125
1 0.3515625 0.30859375 0.0126953125 0.015625
1 0.322265625 0.3720703125 0.0078125 0.0126953125
1 0.3583984375 0.376953125 0.005859375 0.0078125
1 0.326171875 0.33203125 0.0078125 0.0107421875
1 0.3916015625 0.3740234375 0.0078125 0.009765625
0 0.477262771484375 0.273383916015625 0.457322611328125 0.263193640625 0.42746913671875 0.26131687109375 0.39551685546875 0.28948447265625 0.3879846640625 0.31613029296875 0.397188666015625 0.371519740234375 0.4077349375 0.39295723046875 0.4447187265625 0.425086001953125 0.46915187890625 0.43415369921875 0.4988747421875 0.3959003125 0.509619943359375 0.363708580078125 0.5093627421875 0.334777412109375 0.496156041015625 0.30468616015625 0.477262771484375 0.273383916015625
1 0.595703125 0.3896484375 0.0107421875 0.015625
1 0.65625 0.263671875 0.0078125 0.013671875
1 0.634765625 0.23046875 0.013671875 0.021484375
0 0.68311651953125 0.26768529296875 0.644674921875 0.26869936328125 0.609956716796875 0.273276748046875 0.59142011328125 0.327638728515625 0.5955142421875 0.36307361328125 0.62725151953125 0.4037355859375 0.666212544921875 0.411201130859375 0.704999759765625 0.40854873828125 0.715692716796875 0.387005421875 0.7172198515625 0.31705193359375 0.70635308203125 0.293705525390625 0.68311651953125 0.26768529296875
1 0.7490234375 0.4052734375 0.044921875 0.0517578125
1 0.7958984375 0.443359375 0.0234375 0.0517578125
1 0.759765625 0.36328125 0.0048828125 0.009765625
1 0.771484375 0.369140625 0.0048828125 0.0078125
1 0.7890625 0.3720703125 0.005859375 0.0078125
1 0.7900390625 0.345703125 0.017578125 0.0234375
1 0.791015625 0.5341796875 0.017578125 0.0283203125
1 0.8203125 0.509765625 0.017578125 0.0361328125
0 0.8662109375 0.318359375 0.099609375 0.146484375
1 0.8056640625 0.64453125 0.0205078125 0.025390625
0 0.876953125 0.60546875 0.119140625 0.1171875
1 0.9794921875 0.5830078125 0.021484375 0.03125
1 0.9697265625 0.482421875 0.0078125 0.0078125
1 0.8155050390625 0.47168370703125 0.81584362109375 0.471879287109375 0.826433095703125 0.494460787109375 0.82594883203125 0.53106781640625 0.8259829921875 0.54899557421875 0.843447587890625 0.549688142578125 0.87137707421875 0.53712276953125 0.8862254453125 0.51404428125 0.893191994140625 0.49111180859375 0.8643964609375 0.463003150390625 0.846951958984375 0.452156474609375 0.8205516171875 0.4619716640625 0.814878111328125 0.465679654296875 0.8155050390625 0.47168370703125
1 0.93756630859375 0.411892361328125 0.92355987109375 0.395953896484375 0.8926986875 0.397294828125 0.85262345703125 0.40157750390625 0.852870611328125 0.4015989375 0.846024626953125 0.40731363671875 0.843283822265625 0.424480505859375 0.85012679296875 0.45154428125 0.86093629296875 0.465893990234375 0.879212681640625 0.48112916796875 0.904686697265625 0.500304087890625 0.925585333984375 0.5078299140625 0.93262321484375 0.485543123046875 0.93420259375 0.45779481640625 0.93756630859375 0.411892361328125
1 0.958984375 0.3818359375 0.013671875 0.0205078125
1 0.9912109375 0.341796875 0.0126953125 0.015625
1 0.982421875 0.234375 0.0205078125 0.025390625
1 0.4873046875 0.8076171875 0.009765625 0.0107421875
1 0.4482421875 0.9423828125 0.0439453125 0.0546875
1 0.7099609375 0.9541015625 0.0205078125 0.033203125
0 0.1229977890625 0.339457947265625 0.093202298828125 0.31808380078125 0.08649941015625 0.2821249453125 0.03743360546875 0.278139466796875 0.019474412109375 0.317544712890625 0.03198500390625 0.355456693359375 0.031433427734375 0.378105365234375 0.08013237890625 0.410941634765625 0.103279234375 0.39555259375 0.1229977890625 0.339457947265625
1 0 0.4119888125 0.0049212421875 0.40692816796875 0.00550220703125 0.4048002265625 0.030743634765625 0.362612123046875 0.01654730859375 0.319736810546875 0.035289623046875 0.28858024609375 0.08338306640625 0.278290171875 0.137715658203125 0.253954474609375 0.144872595703125 0.21395158203125 0.095517759765625 0.11351936328125 0.007581923828125 0.030475380859375 0 0.14608048828125 0 0.28453836328125 0 0.4119888125