0 0.60546875 0.064453125 0.17578125 0.12890625
1 0.4990234375 0.0478515625 0.021484375 0.01171875
0 0.3037109375 0.1015625 0.1875 0.158203125
0 0.2998046875 0.298828125 0.228515625 0.166015625
1 0.3203125 0.4052734375 0.013671875 0.009765625
1 0.29296875 0.4462890625 0.013671875 0.009765625
0 0.330078125 0.501953125 0.150390625 0.12109375
1 0.404296875 0.568359375 0.015625 0.0078125
1 0.353515625 0.5595703125 0.015625 0.01171875
1 0.3837890625 0.6279296875 0.013671875 0.009765625
0 0.3564453125 0.7177734375 0.177734375 0.1640625
0 0.3916015625 0.92578125 0.154296875 0.140625
1 0.48828125 0.87890625 0.041015625 0.046875
1 0.50390625 0.2666015625 0.01953125 0.017578125
1 0.62836454296875 0.3202750546875 0.62833965625 0.32015483984375 0.6245847109375 0.32809571875 0.625456029296875 0.34025762109375 0.630014486328125 0.34501735546875 0.641198935546875 0.3430321796875 0.6449650703125 0.332658806640625 0.639662826171875 0.326375537109375 0.633985904296875 0.318033671875 0.62836454296875 0.3202750546875
0 0.5064558984375 0.26862378515625 0.49657075 0.285979283203125 0.508991841796875 0.301932087890625 0.530270708984375 0.308363326171875 0.580488275390625 0.315850826171875 0.62681675390625 0.321415705078125 0.64670097265625 0.324014576171875 0.669525865234375 0.315971751953125 0.694747740234375 0.29655982421875 0.7222618046875 0.246996783203125 0.703790103515625 0.2132467734375 0.66013203125 0.18560884375 0.596141669921875 0.19426616796875 0.547583478515625 0.205957560546875 0.5094569609375 0.219727423828125 0.502125466796875 0.236039212890625 0.503137177734375 0.24973919140625 0.5064558984375 0.26862378515625
1 0.5068359375 0.19140625 0.009765625 0.005859375
1 0.44921875 0.3125 0.013671875 0.005859375
1 0.5390625 0.3740234375 0.009765625 0.005859375
1 0.486328125 0.3828125 0.009765625 0.005859375
1 0.623046875 0.3974609375 0.017578125 0.009765625
1 0.58203125 0.408203125 0.013671875 0.005859375
1 0.6728515625 0.52734375 0.009765625 0.005859375
0 0.6591054375 0.538220453125 0.676578625 0.523124146484375 0.69780151953125 0.507899587890625 0.732697591796875 0.4840162421875 0.732752009765625 0.483526994140625 0.715161126953125 0.433932388671875 0.67622623828125 0.397292642578125 0.635563541015625 0.400027283203125 0.601239708984375 0.41102746875 0.580904884765625 0.4328260234375 0.56386640234375 0.460495373046875 0.554872171875 0.496237494140625 0.58474273828125 0.53921455078125 0.6194186171875 0.54853512890625 0.6591054375 0.538220453125
0 0.6513671875 0.703125 0.193359375 0.150390625
1 0.6630859375 0.7861328125 0.013671875 0.009765625
0 0.6591796875 0.9189453125 0.166015625 0.1484375
1 0.5478515625 0.8193359375 0.013671875 0.0078125
1 0.5537109375 0.8369140625 0.009765625 0.005859375
1 0.984375 0.5478515625 0.03125 0.048828125