1 0.25390625 0.96875 0.158203125 0.0625
1 0.45987654296875 0.99652777734375 0.460029255859375 0.95411211328125 0.44172172265625 0.94908914453125 0.40031025 0.946579921875 0.406766412109375 0.96662959375 0.43117846484375 0.99125162890625 0.46126101171875 0.9991590703125 0.45987654296875 0.99652777734375
1 0.398425443359375 0.999330873046875 0.412099328125 0.983217591796875 0.4060410234375 0.947069708984375 0.41436792578125 0.921312873046875 0.40745161328125 0.904117537109375 0.36424173828125 0.900630244140625 0.31295412109375 0.9091178984375 0.29166666796875 0.922453703125 0.321580423828125 0.95822934765625 0.35257523046875 0.99227340234375 0.398425443359375 0.999330873046875
1 0.408203125 0.85546875 0.0341796875 0.03125
1 0.4609375 0.8427734375 0.0234375 0.0107421875
0 0.564453125 0.8251953125 0.185546875 0.1767578125
1 0.486328125 0.6953125 0.060546875 0.037109375
1 0.4501953125 0.7109375 0.0185546875 0.0126953125
0 0.34147336328125 0.8318021796875 0.360831806640625 0.809261369140625 0.344933529296875 0.76378339453125 0.33338959765625 0.73354612890625 0.32236006640625 0.7225356875 0.279375240234375 0.72794596484375 0.274725517578125 0.7511905625 0.23009500390625 0.762279369140625 0.175341193359375 0.7671214921875 0.167609068359375 0.81038411328125 0.18955761328125 0.85705114453125 0.236141251953125 0.87110279296875 0.28755144140625 0.86728394921875 0.34147336328125 0.8318021796875
1 0.29890247265625 0.65935299609375 0.246573994140625 0.6479040078125 0.23528525390625 0.68004617578125 0.248492958984375 0.75403585546875 0.2732687109375 0.73369381640625 0.300833494140625 0.72469527734375 0.33321276953125 0.74269989453125 0.3605504921875 0.77518265234375 0.39395857421875 0.77439296484375 0.38605565234375 0.74292594921875 0.347465357421875 0.69357789453125 0.29890247265625 0.65935299609375
1 0.5166015625 0.5419921875 0.037109375 0.052734375
1 0.4736328125 0.607421875 0.0654296875 0.0595703125
0 0.505658435546875 0.610339505859375 0.50942001171875 0.61080216796875 0.56397891015625 0.63874119921875 0.62903083203125 0.645855939453125 0.64830487890625 0.63005612109375 0.670986849609375 0.58550498046875 0.660694765625 0.53952968359375 0.626742138671875 0.524364330078125 0.5716487421875 0.51566418359375 0.53582939453125 0.51203975 0.53103499609375 0.524869189453125 0.537579572265625 0.545789931640625 0.5388133359375 0.577288591796875 0.505658435546875 0.610339505859375
0 0.59375 0.33984375 0.173828125 0.115234375
1 0.528237927734375 0.47451292578125 0.534686052734375 0.458744755859375 0.533621078125 0.43874481640625 0.507734134765625 0.40380859375 0.4875438046875 0.40666744921875 0.476245017578125 0.41690779296875 0.46128311328125 0.42262851953125 0.45096691796875 0.43648274609375 0.44712094921875 0.455447349609375 0.441358025390625 0.49537037109375 0.46442981640625 0.5037856875 0.528237927734375 0.47451292578125
1 0.4140625 0.337890625 0.0341796875 0.03125
1 0.3515625 0.40625 0.078125 0.056640625
1 0.294921875 0.4072265625 0.0185546875 0.0126953125
1 0.4771793828125 0.418565537109375 0.48897448828125 0.409229419921875 0.48896243359375 0.376553759765625 0.47737429296875 0.342541353515625 0.44255562109375 0.317889177734375 0.430991591796875 0.31827498046875 0.42982413671875 0.338167919921875 0.4197932734375 0.351973921875 0.391913017578125 0.35868025390625 0.37366174609375 0.37588011328125 0.41840277734375 0.401852455078125 0.4771793828125 0.418565537109375
1 0.51171875 0.2255859375 0.103515625 0.0654296875
1 0.4677734375 0.1728515625 0.0283203125 0.0185546875
1 0.474609375 0.150390625 0.0126953125 0.015625
0 0.5791015625 0.0888671875 0.177734375 0.134765625
1 0.7373046875 0.013671875 0.025390625 0.025390625
0 0.271484375 0.5546875 0.234375 0.150390625
0 0.17873103125 0.312955126953125 0.210222158203125 0.388905466796875 0.23112983984375 0.40201823046875 0.30726353515625 0.382143373046875 0.368853283203125 0.361881208984375 0.373187533203125 0.3482063203125 0.354452 0.30146243359375 0.33935144921875 0.270694685546875 0.302447033203125 0.2594461328125 0.25635368359375 0.26151228515625 0.22267232421875 0.28014081640625 0.18004115234375 0.31442901171875 0.17873103125 0.312955126953125
1 0.310546875 0.193359375 0.0185546875 0.013671875
0 0.28515625 0.1064453125 0.2001953125 0.140625
1 0.29296875 0.0185546875 0.111328125 0.037109375