1 0.07421875 0.298828125 0.0390625 0.041015625
0 0.091796875 0.23828125 0.119140625 0.10546875
1 0.1103515625 0.353515625 0.037109375 0.052734375
1 0.1103515625 0.423828125 0.01171875 0.013671875
1 0.048828125 0.3916015625 0.021484375 0.01953125
1 0.08203125 0.3720703125 0.009765625 0.013671875
1 0.140625 0.439453125 0.01171875 0.01171875
1 0.0888671875 0.4921875 0.01171875 0.01171875
0 0.0546875 0.5625 0.109375 0.1953125
1 0.1162109375 0.51171875 0.013671875 0.01171875
1 0.119140625 0.529296875 0.013671875 0.021484375
1 0.1357421875 0.5234375 0.01171875 0.013671875
1 0.1474609375 0.55078125 0.01171875 0.013671875
0 0.2275390625 0.576171875 0.18359375 0.236328125
1 0.142578125 0.67578125 0.01171875 0.013671875
1 0.3125 0.5400390625 0.009765625 0.01171875
1 0.3349609375 0.54296875 0.015625 0.017578125
1 0.3603515625 0.552734375 0.009765625 0.013671875
1 0.2490234375 0.447265625 0.01171875 0.015625
1 0.2119140625 0.416015625 0.01171875 0.009765625
1 0.279296875 0.4560546875 0.009765625 0.01171875
1 0.3193359375 0.4228515625 0.01171875 0.015625
1 0.349609375 0.431640625 0.009765625 0.01171875
1 0.375 0.43359375 0.01171875 0.01171875
1 0.3896484375 0.4375 0.009765625 0.01171875
1 0.3251953125 0.5205078125 0.01171875 0.01171875
1 0.4091796875 0.435546875 0.009765625 0.013671875
1 0.4521484375 0.45703125 0.091796875 0.109375
1 0.478515625 0.4697265625 0.01171875 0.01171875
1 0.4873046875 0.47265625 0.0078125 0.01171875
1 0.4970703125 0.5 0.0390625 0.04296875
1 0.5419921875 0.44921875 0.0078125 0.009765625
1 0.546875 0.5322265625 0.009765625 0.01171875
1 0.5537109375 0.580078125 0.01171875 0.01953125
0 0.4921875 0.6064453125 0.140625 0.201171875
0 0.3037109375 0.2724609375 0.150390625 0.171875
1 0.2138671875 0.25 0.009765625 0.01171875
0 0.5078125 0.27734375 0.197265625 0.234375
1 0.6474609375 0.3173828125 0.015625 0.017578125
1 0.66015625 0.296875 0.009765625 0.013671875
0 0.75390625 0.3212890625 0.154296875 0.16796875
1 0.7607421875 0.4248046875 0.009765625 0.015625
0 0.9501953125 0.369140625 0.099609375 0.16015625
1 0.978515625 0.50390625 0.04296875 0.12890625
0 0.9306640625 0.6357421875 0.130859375 0.171875
1 0.87890625 0.576171875 0.013671875 0.01953125
1 0.8466796875 0.6416015625 0.01171875 0.015625
0 0.728515625 0.6240234375 0.18359375 0.212890625
1 0.6298828125 0.552734375 0.01953125 0.025390625
1 0.0830078125 0.8779296875 0.166015625 0.154296875
1 0.2978515625 0.9013671875 0.296875 0.185546875
1 0.5615234375 0.9443359375 0.267578125 0.111328125
1 0.775390625 0.96875 0.19140625 0.0625
1 0.4482421875 0.1826171875 0.015625 0.01953125
1 0.66796875 0.462890625 0.009765625 0.013671875
1 0.6201171875 0.4677734375 0.009765625 0.009765625
1 0.5205078125 0.453125 0.01953125 0.013671875
1 0.80078125 0.486328125 0.01171875 0.015625