0 0.05078125 0.4453125 0.1015625 0.1640625
1 0.0634765625 0.55859375 0.080078125 0.060546875
1 0.03125 0.5869140625 0.009765625 0.01171875
1 0.0263671875 0.61328125 0.01171875 0.01171875
1 0.0810546875 0.5888671875 0.015625 0.017578125
1 0.1064453125 0.580078125 0.01171875 0.013671875
1 0.123046875 0.5712890625 0.0234375 0.029296875
1 0.203125 0.5625 0.0234375 0.021484375
1 0.2392578125 0.5419921875 0.0078125 0.015625
0 0.080078125 0.7421875 0.119140625 0.185546875
1 0.1376953125 0.76953125 0.015625 0.01953125
1 0.1572265625 0.669921875 0.123046875 0.181640625
1 0.1962890625 0.5947265625 0.05078125 0.09765625
1 0.2216796875 0.5693359375 0.033203125 0.0546875
1 0.2783203125 0.560546875 0.08203125 0.09375
1 0.3037109375 0.54296875 0.041015625 0.041015625
1 0.345703125 0.54296875 0.0234375 0.03125
1 0.376953125 0.533203125 0.015625 0.015625
1 0.4228515625 0.529296875 0.029296875 0.037109375
1 0.4384765625 0.509765625 0.009765625 0.01171875
1 0.4892578125 0.5 0.091796875 0.072265625
1 0.5087890625 0.5625 0.0625 0.080078125
1 0.5400390625 0.54296875 0.021484375 0.0234375
1 0.5341796875 0.5048828125 0.03125 0.052734375
1 0.5498046875 0.482421875 0.015625 0.025390625
1 0.5537109375 0.51953125 0.015625 0.017578125
1 0.5751953125 0.48046875 0.005859375 0.005859375
1 0.580078125 0.5185546875 0.017578125 0.01953125
1 0.5888671875 0.490234375 0.009765625 0.013671875
1 0.607421875 0.5400390625 0.091796875 0.087890625
1 0.6123046875 0.4775390625 0.005859375 0.0078125
1 0.6181640625 0.4814453125 0.005859375 0.0078125
1 0.634765625 0.470703125 0.00390625 0.009765625
1 0.64453125 0.478515625 0.005859375 0.0078125
1 0.66015625 0.4912109375 0.015625 0.017578125
1 0.6904296875 0.4912109375 0.03125 0.052734375
0 0.4736328125 0.3916015625 0.177734375 0.185546875
0 0.6796875 0.349609375 0.173828125 0.201171875
1 0.7861328125 0.4365234375 0.064453125 0.076171875
1 0.744140625 0.48828125 0.017578125 0.017578125
1 0.7861328125 0.513671875 0.033203125 0.0390625
1 0.7763671875 0.482421875 0.013671875 0.017578125
1 0.80078125 0.4814453125 0.017578125 0.017578125
1 0.78125 0.4658203125 0.0234375 0.03125
1 0.82421875 0.46484375 0.01171875 0.01171875
1 0.8466796875 0.466796875 0.01171875 0.013671875
1 0.837890625 0.490234375 0.01171875 0.013671875
1 0.890625 0.4599609375 0.046875 0.037109375
1 0.9296875 0.4677734375 0.0234375 0.02734375
1 0.9453125 0.455078125 0.0234375 0.01953125
1 0.916015625 0.4189453125 0.009765625 0.013671875
1 0.9765625 0.43359375 0.01171875 0.013671875
1 0.9921875 0.455078125 0.015625 0.01953125
1 0.9931640625 0.47265625 0.013671875 0.015625
0 0.90625 0.3232421875 0.1640625 0.1640625
0 0.20703125 0.44140625 0.19140625 0.203125
1 0.2939453125 0.4599609375 0.009765625 0.01171875
1 0.28125 0.6279296875 0.017578125 0.021484375
1 0.232421875 0.646484375 0.015625 0.017578125
1 0.2119140625 0.6689453125 0.005859375 0.009765625
1 0.21875 0.6669921875 0.005859375 0.005859375
1 0.25 0.779296875 0.013671875 0.015625
0 0.296875 0.7353515625 0.138671875 0.185546875
1 0.35546875 0.6826171875 0.01171875 0.01171875
1 0.3662109375 0.673828125 0.013671875 0.017578125
1 0.36328125 0.7099609375 0.009765625 0.01953125
1 0.41015625 0.6806640625 0.01953125 0.0234375
1 0.4404296875 0.6591796875 0.021484375 0.01953125
1 0.451171875 0.697265625 0.013671875 0.01953125
1 0.4931640625 0.767578125 0.01953125 0.021484375
0 0.5068359375 0.6943359375 0.130859375 0.19140625
0 0.7490234375 0.6640625 0.162109375 0.189453125
1 0.6748046875 0.7548828125 0.015625 0.015625
1 0.6357421875 0.6328125 0.0078125 0.017578125
1 0.65234375 0.6435546875 0.01953125 0.0234375
1 0.673828125 0.66015625 0.021484375 0.029296875
1 0.8564453125 0.6279296875 0.013671875 0.013671875
1 0.8857421875 0.6494140625 0.015625 0.015625
0 0.9482421875 0.638671875 0.103515625 0.2109375
1 0.3857421875 0.7119140625 0.0078125 0.009765625