0 0.8984375 0.400390625 0.158203125 0.146484375
1 0.9140625 0.5830078125 0.015625 0.015625
1 0.921875 0.7490234375 0.013671875 0.017578125
1 0.896484375 0.7685546875 0.021484375 0.025390625
1 0.939453125 0.736328125 0.01953125 0.01953125
1 0.9384765625 0.7099609375 0.0078125 0.013671875
1 0.9228515625 0.7236328125 0.015625 0.017578125
0 0.778741705078125 0.69565973046875 0.791198021484375 0.742823818359375 0.8130088984375 0.761290640625 0.8592801328125 0.7653274140625 0.88308228515625 0.765115935546875 0.90725690625 0.729731041015625 0.921977982421875 0.714062169921875 0.930953998046875 0.66902869140625 0.92512860546875 0.642029904296875 0.885841966796875 0.611015541015625 0.8581079140625 0.60075953515625 0.843287623046875 0.605526755859375 0.81701562109375 0.63184767578125 0.789444076171875 0.66140985546875 0.778741705078125 0.69565973046875
1 0.734375 0.724609375 0.013671875 0.01953125
1 0.7216796875 0.720703125 0.0078125 0.013671875
1 0.724609375 0.6875 0.015625 0.021484375
1 0.7080078125 0.69140625 0.01953125 0.021484375
1 0.7197265625 0.6552734375 0.013671875 0.01171875
1 0.732421875 0.6435546875 0.01171875 0.013671875
1 0.732421875 0.6279296875 0.0078125 0.01171875
1 0.72265625 0.6220703125 0.01171875 0.01171875
1 0.8857421875 0.5810546875 0.01171875 0.013671875
1 0.9033203125 0.5498046875 0.009765625 0.009765625
1 0.892578125 0.5595703125 0.0078125 0.01171875
1 0.87109375 0.5478515625 0.01171875 0.013671875
1 0.8564453125 0.564453125 0.013671875 0.017578125
1 0.9072265625 0.4990234375 0.0078125 0.013671875
1 0.7958984375 0.4423828125 0.01171875 0.01171875
1 0.796875 0.4541015625 0.01171875 0.01171875
1 0.828977208984375 0.49358438671875 0.8190648515625 0.512203990234375 0.82202444921875 0.529662583984375 0.828039884765625 0.535703775390625 0.84221846875 0.53578687109375 0.85419217578125 0.527529560546875 0.8644136171875 0.506164291015625 0.862981515625 0.5064585234375 0.839638328125 0.489749671875 0.828977208984375 0.49358438671875
1 0.854145486328125 0.552583283203125 0.839284072265625 0.535674466796875 0.820308537109375 0.53120287890625 0.810985673828125 0.501461837890625 0.810104041015625 0.49183487890625 0.785964896484375 0.470949763671875 0.773082240234375 0.466991880859375 0.770482736328125 0.49358653515625 0.78736893359375 0.51028020703125 0.782977421875 0.5362023359375 0.778413138671875 0.56459123046875 0.781590896484375 0.581001013671875 0.785057201171875 0.582440568359375 0.812658966796875 0.578422326171875 0.84311563671875 0.565836716796875 0.85170253125 0.55762445703125 0.854145486328125 0.552583283203125
1 0.77835491015625 0.5381027109375 0.792566263671875 0.528477111328125 0.7947924375 0.5187808984375 0.787563552734375 0.51096133984375 0.772367646484375 0.492510076171875 0.768142380859375 0.470642013671875 0.75119933984375 0.48428833984375 0.74277303515625 0.52230408984375 0.75713040625 0.54492340625 0.767766826171875 0.546675791015625 0.77835491015625 0.5381027109375
0 0.787863515625 0.423270396484375 0.808514359375 0.390555103515625 0.81960008203125 0.346034673828125 0.814991970703125 0.3062022890625 0.793820119140625 0.291567810546875 0.744033228515625 0.28311499609375 0.734454033203125 0.282545421875 0.706786625 0.33049469921875 0.687280306640625 0.361568716796875 0.680077060546875 0.392254884765625 0.70481528125 0.4493568359375 0.714454537109375 0.45483150390625 0.74660225 0.4400529296875 0.787863515625 0.423270396484375
1 0.671875 0.283203125 0.015625 0.015625
1 0.6171875 0.3896484375 0.0078125 0.013671875
1 0.6875 0.5380859375 0.017578125 0.0234375
1 0.6787109375 0.4990234375 0.021484375 0.01953125
1 0.6572265625 0.54296875 0.0078125 0.01171875
1 0.623046875 0.5380859375 0.01171875 0.01171875
1 0.6123046875 0.5419921875 0.0078125 0.0078125
1 0.6015625 0.53515625 0.0078125 0.013671875
1 0.603515625 0.515625 0.005859375 0.009765625
1 0.5908203125 0.5986328125 0.01171875 0.013671875
1 0.615234375 0.712890625 0.01953125 0.021484375
1 0.6103515625 0.6953125 0.01171875 0.013671875
1 0.6826171875 0.7080078125 0.01171875 0.013671875
1 0.6728515625 0.685546875 0.0078125 0.01171875
1 0.5966796875 0.6669921875 0.0078125 0.01171875
1 0.5654296875 0.654296875 0.0078125 0.01171875
1 0.53125 0.6318359375 0.017578125 0.017578125
0 0.612624328125 0.63530279296875 0.606556697265625 0.672910724609375 0.619692291015625 0.695547630859375 0.635777060546875 0.7143586171875 0.64501867578125 0.727242841796875 0.661391494140625 0.709355927734375 0.67114540234375 0.678151869140625 0.68177439453125 0.6984492421875 0.6907601484375 0.709513560546875 0.70482584375 0.685253732421875 0.710115365234375 0.658232974609375 0.713943478515625 0.62771578125 0.718541978515625 0.600512642578125 0.673398275390625 0.57218791015625 0.673722873046875 0.5715394765625 0.64616678125 0.591232345703125 0.6187515625 0.608079482421875 0.612624328125 0.63530279296875
1 0.41796875 0.5966796875 0.013671875 0.021484375
1 0.4072265625 0.595703125 0.0078125 0.013671875
1 0.419921875 0.5595703125 0.0078125 0.013671875
1 0.4248046875 0.6611328125 0.01953125 0.021484375
0 0.42102595703125 0.602886427734375 0.406190587890625 0.62399607421875 0.404165388671875 0.6394407890625 0.437021736328125 0.617237650390625 0.4590968671875 0.632899125 0.47265644921875 0.64518405859375 0.48189485546875 0.644520509765625 0.509486310546875 0.62744184375 0.535240984375 0.601325294921875 0.531439912109375 0.562120486328125 0.51736264453125 0.54198548046875 0.487510869140625 0.52231948828125 0.47885419921875 0.5127702734375 0.44389781640625 0.51409236328125 0.434598259765625 0.55360016015625 0.425286953125 0.5777697734375 0.42102595703125 0.602886427734375
1 0.5947265625 0.38671875 0.0078125 0.0078125
1 0.5849609375 0.3486328125 0.01171875 0.009765625
0 0.50345475390625 0.302817763671875 0.4894648671875 0.346762314453125 0.48875696484375 0.3752546875 0.497024638671875 0.39769549609375 0.51513996484375 0.422567296875 0.540356482421875 0.42026525 0.57037139453125 0.41052431640625 0.58020849609375 0.39539493359375 0.594283173828125 0.378906412109375 0.59291217578125 0.36428617578125 0.581285447265625 0.344105865234375 0.59648387109375 0.33563831640625 0.601084515625 0.31281293359375 0.587469658203125 0.28011175390625 0.582085970703125 0.272125298828125 0.553263107421875 0.269233671875 0.553145001953125 0.269803705078125 0.524461037109375 0.27781029296875 0.50345475390625 0.302817763671875
1 0.5498046875 0.46875 0.015625 0.015625
1 0.5810546875 0.48046875 0.01171875 0.013671875
1 0.5771484375 0.4716796875 0.0078125 0.0078125
1 0.564453125 0.47265625 0.0078125 0.009765625
1 0.5576171875 0.505859375 0.013671875 0.01953125
1 0.5078125 0.5068359375 0.021484375 0.021484375
1 0.6044921875 0.4892578125 0.013671875 0.017578125
1 0.615234375 0.4853515625 0.013671875 0.017578125
1 0.72265625 0.5244140625 0.01171875 0.01171875
1 0.6396484375 0.5 0.01171875 0.013671875
1 0.50307005859375 0.490169966796875 0.5228815234375 0.4725559453125 0.54395854296875 0.460601927734375 0.570123357421875 0.450991251953125 0.569502345703125 0.451126845703125 0.573528072265625 0.444743544921875 0.56533759765625 0.435434173828125 0.535444486328125 0.416425939453125 0.5156460859375 0.43470326953125 0.4958923125 0.46391441796875 0.49314387890625 0.49204030859375 0.50307005859375 0.490169966796875
1 0.517578125 0.4912109375 0.009765625 0.015625
1 0.4501953125 0.4462890625 0.01171875 0.01171875
1 0.458984375 0.4453125 0.01171875 0.013671875
1 0.4621423203125 0.487096759765625 0.454541556640625 0.476332982421875 0.442974634765625 0.451771650390625 0.4436575625 0.42022289453125 0.44897898828125 0.37213083984375 0.439436783203125 0.36020230859375 0.426981982421875 0.369440505859375 0.396778658203125 0.392312298828125 0.37818590625 0.41184998046875 0.36927385546875 0.444123193359375 0.34292826171875 0.462980099609375 0.34388424609375 0.4741906875 0.356333251953125 0.4794044765625 0.388630119140625 0.486860794921875 0.414324208984375 0.49692435546875 0.453102494140625 0.51005700390625 0.45981412109375 0.50238490625 0.4621423203125 0.487096759765625
1 0.3359375 0.4541015625 0.03125 0.05078125
1 0.3291015625 0.4326171875 0.013671875 0.015625
1 0.322265625 0.4453125 0.0078125 0.013671875
1 0.3125 0.4375 0.009765625 0.017578125
1 0.3046875 0.455078125 0.0078125 0.01171875
1 0.33984375 0.421875 0.01953125 0.021484375
1 0.3046875 0.416015625 0.009765625 0.009765625
1 0.3896484375 0.33984375 0.0078125 0.009765625
1 0.4150390625 0.3564453125 0.005859375 0.0078125
1 0.42578125 0.32421875 0.0078125 0.01171875
1 0.4140625 0.326171875 0.0078125 0.013671875
1 0.451171875 0.28125 0.009765625 0.01171875
1 0.396484375 0.2939453125 0.017578125 0.0234375
1 0.2978515625 0.2919921875 0.01171875 0.01171875
1 0.291015625 0.24609375 0.0078125 0.0078125
0 0.376294828125 0.29301289453125 0.390442376953125 0.288475962890625 0.394637953125 0.2737854140625 0.39220601171875 0.2469731015625 0.381123490234375 0.215899302734375 0.34731510546875 0.18311426171875 0.320329154296875 0.177842443359375 0.296258291015625 0.1891120234375 0.2863712265625 0.225159015625 0.29551838671875 0.236237060546875 0.299779755859375 0.255728193359375 0.2751218359375 0.27428744140625 0.271058328125 0.2873571875 0.277792732421875 0.2916892265625 0.287880400390625 0.29052995703125 0.3030581875 0.288564958984375 0.309645654296875 0.321020564453125 0.325237546875 0.334791216796875 0.347146076171875 0.33748474609375 0.360042380859375 0.3205678203125 0.376294828125 0.29301289453125
1 0.248046875 0.2646484375 0.01953125 0.025390625
1 0.205078125 0.4296875 0.025390625 0.029296875
1 0.2294921875 0.404296875 0.021484375 0.021484375
1 0.28125 0.44921875 0.0078125 0.013671875
1 0.22265625 0.5302734375 0.013671875 0.015625
1 0.2158203125 0.517578125 0.01171875 0.013671875
1 0.3173828125 0.56640625 0.009765625 0.01171875
1 0.337890625 0.5927734375 0.01171875 0.013671875
1 0.34375 0.583984375 0.01171875 0.01171875
1 0.3720703125 0.6044921875 0.013671875 0.015625
1 0.3837890625 0.6123046875 0.0078125 0.01171875
1 0.376953125 0.6416015625 0.0078125 0.01171875
1 0.341796875 0.6376953125 0.0078125 0.013671875
1 0.8115234375 0.9599609375 0.193359375 0.080078125
1 0.373081837890625 0.7984612265625 0.357956044921875 0.84408766796875 0.365580453125 0.85365761328125 0.38170330859375 0.85986693359375 0.38597488671875 0.8601230703125 0.413978486328125 0.85082030078125 0.4230686875 0.81051509765625 0.44835071484375 0.781714482421875 0.47888567578125 0.7870255625 0.50162480078125 0.794335484375 0.527839828125 0.771844193359375 0.520003056640625 0.727439302734375 0.494882080078125 0.715667412109375 0.500089765625 0.6735213515625 0.493929390625 0.6507899609375 0.466257380859375 0.64743493359375 0.443123974609375 0.659988248046875 0.427037771484375 0.6700337421875 0.412484578125 0.6481487421875 0.40374897265625 0.64613196875 0.38419275 0.666632068359375 0.39457219921875 0.683348568359375 0.40639621875 0.71975478515625 0.395091181640625 0.76329575 0.373081837890625 0.7984612265625
1 0.3896484375 0.6845703125 0.0078125 0.013671875
1 0.501953125 0.708984375 0.015625 0.015625
1 0.455078125 0.6474609375 0.01171875 0.013671875
1 0.3076171875 0.615234375 0.013671875 0.0234375
0 0.28490740234375 0.46591395703125 0.261329158203125 0.4827891171875 0.230669548828125 0.513568412109375 0.224193212890625 0.546343587890625 0.222635140625 0.581739048828125 0.243803783203125 0.586395244140625 0.272647279296875 0.593318255859375 0.290962734375 0.5979323515625 0.30432770703125 0.5839837734375 0.31451146484375 0.550133232421875 0.3306094609375 0.52696944140625 0.352709615234375 0.511133708984375 0.3532831796875 0.500064025390625 0.33402190625 0.477693224609375 0.315833884765625 0.4716897265625 0.28490740234375 0.46591395703125
1 0.1767578125 0.5400390625 0.017578125 0.017578125
1 0.158203125 0.515625 0.013671875 0.015625
1 0.146484375 0.541015625 0.0078125 0.013671875
1 0.1318359375 0.5224609375 0.015625 0.021484375
1 0.1298828125 0.484375 0.017578125 0.0234375
1 0.025390625 0.5576171875 0.01171875 0.013671875
0 0.10455339453125 0.5402039140625 0.109898580078125 0.52116816015625 0.111325 0.492399228515625 0.10390926171875 0.464386353515625 0.075876283203125 0.447946578125 0.0441136953125 0.4577106328125 0.02808908984375 0.468547810546875 0.016050130859375 0.50410652734375 0.013075708984375 0.524202083984375 0.021459201171875 0.543913068359375 0.032102900390625 0.556550623046875 0.052303392578125 0.57917434765625 0.0517165078125 0.579927681640625 0.05972238671875 0.571324537109375 0.081376736328125 0.557480091796875 0.10455339453125 0.5402039140625
1 0.0654296875 0.3955078125 0.0390625 0.0546875
1 0.083984375 0.3974609375 0.0078125 0.01171875
1 0.0830078125 0.359375 0.017578125 0.01953125
1 0.0693359375 0.3583984375 0.01953125 0.01953125
1 0.0361328125 0.3740234375 0.009765625 0.01171875
1 0.1220703125 0.37890625 0.015625 0.015625
1 0.166015625 0.3955078125 0.091796875 0.119140625
1 0.1103515625 0.3056640625 0.03125 0.03125
1 0.044921875 0.3291015625 0.0546875 0.08984375
1 0.0478515625 0.27734375 0.01171875 0.015625
0 0.120431474609375 0.201947705078125 0.110166591796875 0.223996890625 0.1104651796875 0.252415478515625 0.11814293359375 0.2863177734375 0.135489361328125 0.302572234375 0.161617341796875 0.292878720703125 0.18230025390625 0.282659177734375 0.213083666015625 0.253671681640625 0.214448482421875 0.231346439453125 0.210944919921875 0.205695798828125 0.198976234375 0.17976433984375 0.163217265625 0.17151594921875 0.14585343359375 0.180007478515625 0.120431474609375 0.201947705078125
1 0.0757141015625 0.21742873046875 0.089518443359375 0.226719955078125 0.09914273046875 0.230035916015625 0.11551391015625 0.211128763671875 0.136834861328125 0.18831083203125 0.1553455234375 0.178305384765625 0.1628742109375 0.17393309375 0.15974110546875 0.162552087890625 0.159580275390625 0.162943904296875 0.13146786328125 0.131117955078125 0.104563896484375 0.1056443046875 0.087146171875 0.11422856640625 0.0698500546875 0.150406904296875 0.06418219921875 0.19354796484375 0.0757141015625 0.21742873046875