1 0.30859375 0.919921875 0.046875 0.03125
0 0.3603515625 0.9775390625 0.091796875 0.044921875
1 0.490234375 0.951171875 0.056640625 0.0341796875
1 0.546875 0.927734375 0.037109375 0.0283203125
1 0.640625 0.9140625 0.0126953125 0.0078125
1 0.767578125 0.849609375 0.015625 0.015625
1 0.69921875 0.724609375 0.0498046875 0.037109375
0 0.623716669921875 0.855078927734375 0.653564119140625 0.84225099609375 0.67434788671875 0.839581525390625 0.689750513671875 0.8355647578125 0.69580412890625 0.830060041015625 0.67323334765625 0.791301962890625 0.6622928984375 0.75159645703125 0.6585125703125 0.724353177734375 0.639972619140625 0.726550443359375 0.615002625 0.75073844921875 0.579285087890625 0.760361408203125 0.55692595703125 0.77483301953125 0.560380765625 0.82358780078125 0.58242375 0.844026291015625 0.623716669921875 0.855078927734375
1 0.673828125 0.884765625 0.013671875 0.009765625
1 0.466796875 0.771484375 0.0185546875 0.0126953125
1 0.5009765625 0.806640625 0.056640625 0.0654296875
1 0.49688544921875 0.731199162109375 0.49690286328125 0.731940626953125 0.4995673125 0.73908299609375 0.566607189453125 0.768387908203125 0.586008498046875 0.75776326953125 0.607641568359375 0.75384194921875 0.63994448828125 0.73081737890625 0.65844826953125 0.709953904296875 0.644405328125 0.707671240234375 0.618299361328125 0.71294990234375 0.5869140625 0.72194291796875 0.571713712890625 0.727741005859375 0.526123380859375 0.727164310546875 0.49688544921875 0.731199162109375
1 0.42009200390625 0.648728861328125 0.44957240234375 0.68254786328125 0.45143979296875 0.732960390625 0.4516045625 0.731966748046875 0.50415943359375 0.73564493359375 0.53770683203125 0.732404794921875 0.59098240234375 0.730302974609375 0.60760673828125 0.709404337890625 0.614046158203125 0.6885217734375 0.59678417578125 0.6839765390625 0.575784732421875 0.6471414453125 0.55092324609375 0.64254698046875 0.52438726953125 0.657803255859375 0.507095818359375 0.658295556640625 0.481019322265625 0.64287149609375 0.45906876953125 0.63643542578125 0.44054891015625 0.63838654296875 0.42009200390625 0.648728861328125
1 0.5234375 0.654296875 0.013671875 0.0107421875
1 0.4523373203125 0.55790251953125 0.421055169921875 0.56897023046875 0.384773662109375 0.57818930078125 0.385475609375 0.59875739453125 0.416242015625 0.64504565234375 0.441919314453125 0.642753947265625 0.457560388671875 0.63090358203125 0.47164351953125 0.631355693359375 0.514637720703125 0.63400908984375 0.52699813671875 0.62095108203125 0.534403400390625 0.5972734609375 0.54803910546875 0.57287648046875 0.56322873828125 0.557783966796875 0.5333464609375 0.5565250859375 0.49387002734375 0.5523817265625 0.4523373203125 0.55790251953125
1 0.462890625 0.634765625 0.0185546875 0.0126953125
1 0.533203125 0.556640625 0.0185546875 0.015625
1 0.513671875 0.6064453125 0.0263671875 0.0107421875
1 0.279296875 0.689453125 0.015625 0.0126953125
1 0.370277939453125 0.7165778515625 0.381724751953125 0.710243255859375 0.38434633203125 0.698568712890625 0.370461462890625 0.67739378515625 0.350367583984375 0.67331975 0.3161343125 0.67424507421875 0.3099773203125 0.68246130859375 0.31010480859375 0.689078373046875 0.32509350390625 0.69681150390625 0.3430025078125 0.70277436328125 0.353795599609375 0.713316615234375 0.370277939453125 0.7165778515625
1 0.2919921875 0.779296875 0.013671875 0.0126953125
0 0.324891224609375 0.729189775390625 0.32839827734375 0.748187533203125 0.3132876796875 0.76251547265625 0.29601766015625 0.778217833984375 0.28853871875 0.79220016015625 0.288408779296875 0.819444443359375 0.327269 0.822685587890625 0.37101203515625 0.8142943828125 0.40683808203125 0.81666646484375 0.409582904296875 0.8075418359375 0.40842549609375 0.769868826171875 0.39802088671875 0.721637490234375 0.383960529296875 0.71092343359375 0.364580654296875 0.71699982421875 0.345883970703125 0.70831625390625 0.3315704296875 0.696240837890625 0.317626619140625 0.699336298828125 0.31307736328125 0.713154859375 0.324891224609375 0.729189775390625
1 0.458984375 0.896484375 0.0126953125 0.009765625
1 0.3583984375 0.8525390625 0.015625 0.009765625
1 0.3330078125 0.6669921875 0.0126953125 0.0126953125
1 0.267578125 0.62890625 0.1220703125 0.0595703125
1 0.2666015625 0.4912109375 0.0283203125 0.0205078125
0 0.365538462890625 0.508106875 0.35908430859375 0.48539275390625 0.329851734375 0.49705122265625 0.30263792578125 0.52464715234375 0.28779792578125 0.543444974609375 0.26303155078125 0.547839505859375 0.263248564453125 0.586437837890625 0.303759162109375 0.60148112109375 0.32352483984375 0.60492923046875 0.325628 0.620383431640625 0.331089517578125 0.63928976171875 0.34112841796875 0.641684951171875 0.35349955078125 0.61513792578125 0.374639650390625 0.59710366796875 0.38849237109375 0.577860765625 0.415124796875 0.572337962890625 0.413876296875 0.55603580078125 0.3850147890625 0.538087947265625 0.365538462890625 0.508106875
1 0.46484375 0.474609375 0.0283203125 0.0283203125
1 0.54642623828125 0.461094232421875 0.57355029296875 0.452911 0.597963017578125 0.43664299609375 0.59075333203125 0.418943302734375 0.5537484453125 0.407706806640625 0.5301930625 0.40469875390625 0.517713423828125 0.415137521484375 0.50644209765625 0.434996302734375 0.50193973046875 0.4539026328125 0.499990623046875 0.473186728515625 0.50068587109375 0.47350823046875 0.5220912109375 0.46678080078125 0.54642623828125 0.461094232421875
1 0.5263671875 0.396484375 0.0263671875 0.0283203125
1 0.44552013671875 0.370408548828125 0.451781388671875 0.38827301171875 0.444258240234375 0.40731095703125 0.43623140625 0.42756960546875 0.451143744140625 0.44243405078125 0.48683984765625 0.45305567578125 0.505829904296875 0.4511316875 0.502302759765625 0.416795267578125 0.509209693359375 0.397453904296875 0.514909658203125 0.380484623046875 0.533213841796875 0.358684775390625 0.5470839765625 0.34276439453125 0.55569085546875 0.330707064453125 0.558001650390625 0.319328904296875 0.548324439453125 0.310420283203125 0.525479037109375 0.31786707421875 0.50845282421875 0.3369090390625 0.48767039453125 0.34580359375 0.444972244140625 0.35222459375 0.44150537890625 0.356309677734375 0.44552013671875 0.370408548828125
1 0.6435546875 0.416015625 0.0185546875 0.015625
1 0.65625 0.46875 0.0234375 0.021484375
1 0.638671875 0.478515625 0.015625 0.0107421875
1 0.6630859375 0.494140625 0.009765625 0.0126953125
1 0.689453125 0.501953125 0.0185546875 0.017578125
1 0.6630859375 0.4248046875 0.0126953125 0.009765625
0 0.70744384375 0.587694708984375 0.719589923828125 0.567968548828125 0.730104380859375 0.52332296484375 0.685999658203125 0.51275559375 0.662562158203125 0.49604251171875 0.617529095703125 0.492269884765625 0.597980431640625 0.49387036328125 0.606685099609375 0.516039939453125 0.612273876953125 0.532319998046875 0.564193244140625 0.54036960546875 0.58781158984375 0.5755479609375 0.598819015625 0.60691751953125 0.61780773046875 0.607144580078125 0.658592947265625 0.61684188671875 0.68330171875 0.60840948828125 0.70744384375 0.587694708984375
1 0.61865569140625 0.602880658203125 0.599111046875 0.602715888671875 0.603692451171875 0.589163572265625 0.608638224609375 0.576566720703125 0.58666623828125 0.571402591796875 0.583869169921875 0.56049061328125 0.578052662109375 0.550473814453125 0.55966006640625 0.549208904296875 0.548269515625 0.57132523046875 0.558708955078125 0.590191373046875 0.57330246875 0.61045303515625 0.60127716796875 0.62203414453125 0.61580905859375 0.615629220703125 0.61865569140625 0.602880658203125
1 0.6650390625 0.26953125 0.025390625 0.015625
1 0.6474609375 0.24609375 0.0126953125 0.009765625
1 0.6357421875 0.23046875 0.0205078125 0.017578125
1 0.6865234375 0.2255859375 0.0126953125 0.0126953125
1 0.666015625 0.1875 0.021484375 0.0126953125
0 0.540466392578125 0.291923869140625 0.560323162109375 0.326403958984375 0.573476615234375 0.34755980078125 0.60607424609375 0.35979898046875 0.638101208984375 0.3558213984375 0.656760384765625 0.345054091796875 0.675826794921875 0.320767626953125 0.6766948515625 0.294463734375 0.66656351953125 0.28314384765625 0.642318244140625 0.26096723828125 0.628666462890625 0.2623426640625 0.59093016015625 0.27278947265625 0.55971766796875 0.279956958984375 0.540466392578125 0.291923869140625
1 0.38831822265625 0.35786594921875 0.40918102734375 0.380064662109375 0.43660783203125 0.39491504296875 0.44765946484375 0.39406908984375 0.4464779453125 0.367554212890625 0.45171441015625 0.34277243359375 0.465397001953125 0.32425793359375 0.47844596484375 0.312627595703125 0.47681568359375 0.29170685546875 0.448775345703125 0.30163523828125 0.419657974609375 0.322068705078125 0.429904513671875 0.33610729296875 0.39226198046875 0.336388607421875 0.38831822265625 0.35786594921875
1 0.322265625 0.388671875 0.021484375 0.0205078125
1 0.296875 0.40625 0.013671875 0.005859375
1 0.2841796875 0.3974609375 0.0185546875 0.017578125
1 0.3701171875 0.4091796875 0.0107421875 0.0078125
1 0.35546875 0.3759765625 0.025390625 0.017578125
1 0.361328125 0.248046875 0.0234375 0.0126953125
1 0.310546875 0.27734375 0.0185546875 0.0126953125
1 0.318359375 0.263671875 0.0126953125 0.0126953125
1 0.2998046875 0.2578125 0.0107421875 0.009765625
1 0.232421875 0.337890625 0.017578125 0.0126953125
1 0.2275390625 0.2548828125 0.015625 0.0107421875
1 0.267578125 0.2373046875 0.0126953125 0.009765625
1 0.328125 0.2109375 0.0185546875 0.009765625
1 0.2978515625 0.2001953125 0.0107421875 0.0078125
1 0.33984375 0.1806640625 0.0126953125 0.009765625
0 0.376882126953125 0.257530181640625 0.348547078125 0.249595107421875 0.33808084765625 0.245857646484375 0.3224946953125 0.25714940234375 0.322041912109375 0.271949548828125 0.31293938671875 0.281492130859375 0.305317107421875 0.28462376171875 0.290777177734375 0.288163298828125 0.27605908203125 0.29552971484375 0.2596021953125 0.31430041015625 0.2853250390625 0.331191326171875 0.299092025390625 0.350435232421875 0.31173911328125 0.35624738671875 0.31204855859375 0.37611420703125 0.333812908203125 0.36614161328125 0.350638181640625 0.35849790234375 0.379349654296875 0.36181741015625 0.38380781640625 0.3546077265625 0.403451591796875 0.3370728046875 0.4242032109375 0.333893953125 0.428021046875 0.302478177734375 0.4078079453125 0.282143173828125 0.376882126953125 0.257530181640625
1 0.494140625 0.16796875 0.0185546875 0.0185546875
1 0.443359375 0.1318359375 0.0439453125 0.0283203125
1 0.490234375 0.0673828125 0.0107421875 0.013671875
1 0.255859375 0.080078125 0.0185546875 0.013671875
0 0.33053224609375 0.030464330078125 0.317165798828125 0.03170713671875 0.281524615234375 0.008935748046875 0.27005637109375 0.0142887578125 0.247519076171875 0.03649851953125 0.238719296875 0.072431400390625 0.23869384375 0.073011107421875 0.264119298828125 0.0732572578125 0.25289351953125 0.1065005703125 0.262846685546875 0.140368802734375 0.280590919921875 0.15708891796875 0.34958928125 0.15912342578125 0.386457529296875 0.14179546875 0.422859599609375 0.11149591015625 0.43902177734375 0.098016935546875 0.42675647265625 0.072583107421875 0.379172828125 0.03939806640625 0.346435880859375 0.02771247265625 0.33053224609375 0.030464330078125
1 0.689453125 0.1533203125 0.0185546875 0.0126953125
1 0.7470703125 0.142578125 0.015625 0.009765625
1 0.7578125 0.1142578125 0.0126953125 0.0126953125
1 0.671875 0.134765625 0.0126953125 0.009765625
0 0.6766774375 0.090288830078125 0.68585498046875 0.06331179296875 0.672507287109375 0.058411900390625 0.642629029296875 0.04766870703125 0.641719447265625 0.022890947265625 0.58412369140625 0.020117990234375 0.560183845703125 0.04363486328125 0.54732376171875 0.095527302734375 0.554833515625 0.1190954140625 0.615575970703125 0.136950833984375 0.65242546484375 0.12438211328125 0.67669351171875 0.08867227734375 0.6766774375 0.090288830078125
1 0.65714752734375 0 0.64376768359375 0.02994992578125 0.643731513671875 0.04821928125 0.65259559375 0.05283584765625 0.678031763671875 0.060703607421875 0.7035858203125 0.054301697265625 0.76628273828125 0.03174230078125 0.78585685546875 0.01985476171875 0.7894375859375 0 0.745879416015625 0 0.65714752734375 0
1 0.81640625 0.103515625 0.015625 0.0078125
1 0.9365234375 0.125 0.009765625 0.005859375
0 0.6298828125 0.9853515625 0.095703125 0.029296875
1 0.322265625 0.470703125 0.021484375 0.0126953125
1 0.287109375 0.470703125 0.017578125 0.0126953125
1 0.25390625 0.3994140625 0.0126953125 0.005859375
1 0.2626953125 0.3515625 0.0126953125 0.0078125
1 0.302734375 0.35546875 0.015625 0.009765625
1 0.1591796875 0.5478515625 0.0234375 0.021484375
1 0.009765625 0.310546875 0.0185546875 0.0390625
1 0.0126953125 0.1923828125 0.025390625 0.0341796875
1 0.9736328125 0.017578125 0.048828125 0.03515625
1 0.955078125 0.6025390625 0.017578125 0.0107421875
1 0.9716796875 0.6005859375 0.0126953125 0.0078125
1 0.9501953125 0.6181640625 0.0126953125 0.013671875
1 0.919921875 0.5751953125 0.0126953125 0.009765625
1 0.9921875 0.486328125 0.009765625 0.009765625
1 0.9931640625 0.5048828125 0.013671875 0.013671875
1 0.7021484375 0.6005859375 0.0107421875 0.009765625
1 0.71484375 0.3759765625 0.0126953125 0.009765625
1 0.6201171875 0.3642578125 0.0126953125 0.009765625