1 0.39275731640625 0.44913444921875 0.36541228515625 0.4932020703125 0.33443340625 0.51987407421875 0.3137105859375 0.523586029296875 0.287260875 0.473478072265625 0.2034572109375 0.476589310546875 0.164064119140625 0.50320751953125 0.245072439453125 0.633414916015625 0.401047333984375 0.728435564453125 0.569402181640625 0.831228119140625 0.685399654296875 0.798747130859375 0.78255571875 0.738282580078125 0.806219361328125 0.68450247265625 0.76993591796875 0.5754401171875 0.722331578125 0.461703521484375 0.64050964453125 0.446498427734375 0.5900149140625 0.440168634765625 0.541276126953125 0.43502012109375 0.463972763671875 0.436781775390625 0.40778130859375 0.45196761328125 0.39275731640625 0.44913444921875
1 0.67578125 0.44140625 0.041015625 0.03515625
0 0.3561017109375 0.128016482421875 0.293098384765625 0.18365996484375 0.244298861328125 0.285304572265625 0.241811162109375 0.38995109765625 0.265098166015625 0.45490213671875 0.306076451171875 0.525447767578125 0.340392423828125 0.526988927734375 0.382232822265625 0.467149650390625 0.468009802734375 0.45033306640625 0.543747650390625 0.4460948203125 0.650508611328125 0.4628292578125 0.6618237421875 0.428679880859375 0.727849828125 0.438277892578125 0.731310763671875 0.35109659375 0.745749513671875 0.22275219921875 0.687869470703125 0.118318640625 0.558549505859375 0.06701076953125 0.464829033203125 0.08936273828125 0.3561017109375 0.128016482421875
0 0.876953125 0.0966796875 0.1484375 0.123046875
0 0.6962890625 0.0654296875 0.1171875 0.1015625
0 0.6220703125 0.029296875 0.072265625 0.04296875
0 0.513671875 0.0439453125 0.12109375 0.087890625
0 0.36328125 0.0322265625 0.08203125 0.064453125
0 0.2919921875 0.0380859375 0.095703125 0.076171875
0 0.2041015625 0.025390625 0.103515625 0.05078125
0 0.1181640625 0.0263671875 0.130859375 0.052734375
1 0.1875 0.2744140625 0.052734375 0.048828125
0 0.9599609375 0.259765625 0.080078125 0.2265625
0 0.978515625 0.103515625 0.04296875 0.1015625