1 0.0302734375 0.6279296875 0.060546875 0.197265625
1 0.0078125 0.521484375 0.009765625 0.009765625
1 0.0263671875 0.5166015625 0.009765625 0.0107421875
1 0.025390625 0.49609375 0.005859375 0.009765625
1 0.03515625 0.494140625 0.005859375 0.0107421875
0 0.10498159765625 0.553022220703125 0.08037651953125 0.56946855859375 0.07210286328125 0.59172604296875 0.0630301015625 0.60909469140625 0.05958613671875 0.63742705859375 0.061900951171875 0.66329240234375 0.07433855859375 0.6854549453125 0.084201388671875 0.69367283984375 0.115810818359375 0.666612412109375 0.150070755859375 0.64510091015625 0.16581895703125 0.637836974609375 0.17313526171875 0.62563295703125 0.16720694140625 0.584349080078125 0.15498521484375 0.558406876953125 0.130234330078125 0.5534215859375 0.10498159765625 0.553022220703125
1 0.158203125 0.654296875 0.0185546875 0.017578125
1 0.1748046875 0.673828125 0.0185546875 0.025390625
1 0.1884765625 0.6865234375 0.009765625 0.0126953125
1 0.173828125 0.7060546875 0.0048828125 0.009765625
1 0.1923828125 0.66015625 0.009765625 0.0107421875
1 0.2431640625 0.6689453125 0.017578125 0.0263671875
1 0.2587890625 0.6845703125 0.0185546875 0.0205078125
1 0.26171875 0.666015625 0.0126953125 0.015625
0 0.3330078125 0.642578125 0.111328125 0.166015625
1 0.4130859375 0.6572265625 0.0126953125 0.0205078125
1 0.404296875 0.6376953125 0.0185546875 0.025390625
1 0.458984375 0.58984375 0.03125 0.0361328125
1 0.443359375 0.646484375 0.0126953125 0.0234375
1 0.4580078125 0.6337890625 0.015625 0.0439453125
1 0.4716796875 0.634765625 0.0126953125 0.021484375
1 0.490234375 0.638671875 0.009765625 0.021484375
1 0.591796875 0.673828125 0.005859375 0.0107421875
1 0.607421875 0.6982421875 0.0126953125 0.0185546875
1 0.603515625 0.677734375 0.005859375 0.015625
1 0.615234375 0.650390625 0.005859375 0.0126953125
0 0.608709263671875 0.662234458984375 0.614468044921875 0.629652236328125 0.610764115234375 0.6031026953125 0.583202220703125 0.594500505859375 0.5453615546875 0.59239667578125 0.51687848046875 0.59729606640625 0.510030111328125 0.63237998046875 0.5101386171875 0.67239944921875 0.52055189453125 0.7067418984375 0.528333876953125 0.724886669921875 0.5504986796875 0.72785403515625 0.57751916796875 0.71605691796875 0.59933245703125 0.6887824921875 0.608709263671875 0.662234458984375
1 0.1142578125 0.4638671875 0.0517578125 0.0703125
1 0.0498046875 0.4658203125 0.013671875 0.021484375
1 0.03125 0.4140625 0.025390625 0.03125
1 0.080078125 0.3701171875 0.021484375 0.025390625
0 0.095703125 0.30078125 0.1220703125 0.115234375
1 0.2470703125 0.3251953125 0.015625 0.0341796875
1 0.21484375 0.830078125 0.0205078125 0.017578125
1 0.0078125 0.7841796875 0.015625 0.0439453125
1 0.3408203125 0.9453125 0.0107421875 0.0283203125
1 0.34375 0.9892578125 0.06640625 0.021484375
1 0.44921875 0.9892578125 0.03125 0.021484375
1 0.2861328125 0.5 0.0126953125 0.013671875
1 0.302734375 0.50390625 0.009765625 0.015625
1 0.4306640625 0.5068359375 0.009765625 0.009765625
1 0.443359375 0.5166015625 0.0078125 0.0107421875
1 0.650390625 0.67578125 0.021484375 0.021484375
1 0.6689453125 0.6494140625 0.0126953125 0.013671875
1 0.6943359375 0.6298828125 0.021484375 0.041015625
1 0.5908203125 0.501953125 0.013671875 0.0126953125
1 0.572265625 0.5029296875 0.005859375 0.009765625
1 0.587890625 0.521484375 0.013671875 0.0283203125
1 0.603515625 0.53125 0.005859375 0.015625
1 0.71484375 0.5126953125 0.0439453125 0.072265625
1 0.732421875 0.521484375 0.0107421875 0.013671875
1 0.740234375 0.50390625 0.0126953125 0.015625
1 0.654296875 0.4921875 0.080078125 0.1123046875
1 0.673828125 0.47265625 0.083984375 0.1484375
1 0.623046875 0.38671875 0.041015625 0.099609375
1 0.646484375 0.326171875 0.03125 0.0283203125
1 0.732421875 0.34375 0.0126953125 0.0107421875
1 0.669921875 0.3388671875 0.005859375 0.015625
1 0.6884765625 0.357421875 0.0078125 0.009765625
1 0.7041015625 0.3251953125 0.005859375 0.015625
1 0.42578125 0.3125 0.009765625 0.015625
1 0.400390625 0.3193359375 0.0078125 0.0107421875
1 0.3681640625 0.462890625 0.0185546875 0.029296875
1 0.14453125 0.2314453125 0.013671875 0.0126953125
0 0.3330078125 0.345703125 0.1201171875 0.154296875
1 0.3916015625 0.244140625 0.0234375 0.0361328125
0 0.55773021484375 0.26485188671875 0.52641013671875 0.2556770234375 0.50939489453125 0.26700695703125 0.48601616796875 0.29408998828125 0.47172376953125 0.33966893359375 0.478995994140625 0.35408679296875 0.51139209765625 0.372407888671875 0.53406326953125 0.40996334765625 0.53283917578125 0.407045716796875 0.57014973828125 0.4277208125 0.59171436328125 0.4277208125 0.590161359375 0.37451623828125 0.58981775390625 0.327499578125 0.57964409765625 0.282772111328125 0.55773021484375 0.26485188671875
1 0.484375 0.2490234375 0.072265625 0.083984375
0 0.8095703125 0.326171875 0.1220703125 0.150390625
1 0.9619140625 0.345703125 0.041015625 0.03125
1 0.916015625 0.537109375 0.1669921875 0.2216796875
1 0.90625 0.6572265625 0.0126953125 0.0283203125
1 0.92578125 0.6689453125 0.013671875 0.017578125
0 0.970703125 0.6953125 0.0576171875 0.0888671875
0 0.7939453125 0.6513671875 0.1279296875 0.1826171875
1 0.712890625 0.603515625 0.015625 0.015625
1 0.1865234375 0.6337890625 0.009765625 0.009765625