0 0.12890625 0.1708984375 0.1796875 0.248046875
0 0.36328125 0.197265625 0.19140625 0.212890625
0 0.580078125 0.251953125 0.197265625 0.25390625
0 0.8251953125 0.3212890625 0.171875 0.20703125
0 0.9755859375 0.33984375 0.048828125 0.16015625
0 0.939453125 0.6640625 0.099609375 0.15625
1 0.453125 0.5439453125 0.017578125 0.0234375
0 0.51953125 0.623046875 0.208984375 0.291015625
1 0.61328125 0.451171875 0.013671875 0.0234375
0 0.29296875 0.54296875 0.193359375 0.19921875
1 0.32421875 0.3984375 0.015625 0.017578125
1 0.26171875 0.3837890625 0.013671875 0.017578125
1 0.1689453125 0.5400390625 0.08984375 0.138671875
0 0.072265625 0.509765625 0.14453125 0.19921875
0 0.6863935625 0.655913951171875 0.70105184375 0.710045623046875 0.75783494921875 0.731043142578125 0.80834841796875 0.723186833984375 0.82590421875 0.692811244140625 0.821242416015625 0.665192783203125 0.81461303515625 0.637371802734375 0.814678271484375 0.60413511328125 0.8023529921875 0.573609970703125 0.74007209765625 0.572323552734375 0.701051666015625 0.599833529296875 0.6863935625 0.655913951171875
1 0.8980971484375 0.63747680859375 0.877466658203125 0.6117538671875 0.836572646484375 0.59865104296875 0.8171530625 0.606300462890625 0.81495276171875 0.66115039453125 0.828296978515625 0.705836560546875 0.859895984375 0.711291810546875 0.8980971484375 0.63747680859375