1 0.1083984375 0.35546875 0.013671875 0.021484375
0 0.2109375 0.296875 0.205078125 0.23046875
0 0.4541015625 0.3125 0.19921875 0.2578125
0 0.6533203125 0.3876953125 0.15625 0.18359375
0 0.8916015625 0.400390625 0.181640625 0.228515625
0 0.9013671875 0.705078125 0.18359375 0.2265625
1 0.8203125 0.5693359375 0.01953125 0.025390625
1 0.80078125 0.58203125 0.017578125 0.017578125
1 0.798828125 0.5556640625 0.009765625 0.013671875
1 0.783203125 0.521484375 0.0234375 0.02734375
1 0.751953125 0.5419921875 0.017578125 0.01953125
1 0.7451171875 0.5556640625 0.013671875 0.01171875
1 0.72265625 0.5556640625 0.01171875 0.01953125
1 0.7333984375 0.55078125 0.009765625 0.013671875
1 0.6044921875 0.548828125 0.017578125 0.017578125
1 0.4765625 0.521484375 0.017578125 0.029296875
1 0.4189453125 0.5283203125 0.009765625 0.013671875
1 0.388671875 0.5048828125 0.01171875 0.01171875
1 0.3525390625 0.4951171875 0.005859375 0.009765625
1 0.333984375 0.5087890625 0.009765625 0.01171875
1 0.2568359375 0.470703125 0.01953125 0.01953125
1 0.2275390625 0.4873046875 0.01953125 0.02734375
1 0.2314453125 0.462890625 0.013671875 0.015625
1 0.216796875 0.5048828125 0.009765625 0.013671875
1 0.1123046875 0.48046875 0.01953125 0.02734375
1 0.125 0.5068359375 0.01171875 0.015625
1 0.1201171875 0.4482421875 0.009765625 0.013671875
1 0.0361328125 0.478515625 0.072265625 0.09765625
0 0.166015625 0.6396484375 0.203125 0.234375
0 0.41015625 0.6552734375 0.166015625 0.203125
0 0.677734375 0.6591796875 0.181640625 0.2109375
1 0.5341796875 0.6904296875 0.015625 0.029296875
1 0.8046875 0.7109375 0.01171875 0.013671875