0 0.5205078125 0.1357421875 0.193359375 0.17578125
1 0.466796875 0.3349609375 0.052734375 0.029296875
0 0.5927734375 0.3310546875 0.220703125 0.181640625
0 0.57421875 0.6162109375 0.181640625 0.158203125
1 0.4462890625 0.6279296875 0.029296875 0.025390625
0 0.6455078125 0.8544921875 0.22265625 0.19140625
1 0.5244140625 0.7666015625 0.017578125 0.01171875
1 0.25390625 0.0654296875 0.03125 0.0234375
1 0.154691431640625 0.250103796875 0.1738613515625 0.25065914453125 0.1857933984375 0.2441869921875 0.181579953125 0.231608384765625 0.1665816875 0.2146247265625 0.14549655078125 0.2141775390625 0.143618357421875 0.218487849609375 0.149109814453125 0.241273859375 0.154691431640625 0.250103796875
1 0.19921875 0.310546875 0.033203125 0.033203125
1 0.22265625 0.3251953125 0.0234375 0.017578125
1 0.2880859375 0.2998046875 0.015625 0.015625
0 0.290471958984375 0.15373444921875 0.26541933203125 0.132638916015625 0.23941541015625 0.130425544921875 0.206954509765625 0.13572691796875 0.177126119140625 0.1376208515625 0.15273346484375 0.15691162890625 0.141401962890625 0.1796736640625 0.162337564453125 0.208640572265625 0.1657328515625 0.228729361328125 0.162706517578125 0.262951798828125 0.16335175 0.26293902734375 0.18475046875 0.277838447265625 0.1991455 0.28392186328125 0.250148130859375 0.277301693359375 0.29233260546875 0.265862236328125 0.305879951171875 0.252303380859375 0.30720293359375 0.229095357421875 0.312583955078125 0.186942986328125 0.290471958984375 0.15373444921875
1 0.2958984375 0.41015625 0.01953125 0.015625
1 0.2958984375 0.5126953125 0.0234375 0.021484375
1 0.2822265625 0.5205078125 0.015625 0.015625
1 0.271484375 0.544921875 0.0546875 0.04296875
0 0.2335206015625 0.52026130859375 0.264583837890625 0.528715470703125 0.278899177734375 0.52426037109375 0.30147371875 0.502943833984375 0.32876394140625 0.48446665234375 0.351498697265625 0.446972107421875 0.351073587890625 0.44702594921875 0.336635056640625 0.4363896328125 0.29929661328125 0.42049376171875 0.265828576171875 0.40617046875 0.24175490234375 0.402627359375 0.21798148828125 0.41234023046875 0.20254448828125 0.43564396875 0.201128814453125 0.46064296484375 0.20941002734375 0.489563291015625 0.2335206015625 0.52026130859375
1 0.400390625 0.45703125 0.0234375 0.025390625
1 0.3046875 0.630859375 0.029296875 0.025390625
1 0.353515625 0.728515625 0.0234375 0.01953125
0 0.315292166015625 0.75485147265625 0.33792440234375 0.73836812890625 0.35775021875 0.719903314453125 0.3952273515625 0.69852442578125 0.395003021484375 0.698175595703125 0.391678564453125 0.68613965234375 0.359601017578125 0.669669640625 0.32566538671875 0.655957666015625 0.282668783203125 0.646603412109375 0.260041203125 0.652351568359375 0.22406172265625 0.688674091796875 0.219457763671875 0.71971125390625 0.245554484375 0.745218447265625 0.27752178515625 0.75668916015625 0.315292166015625 0.75485147265625
1 0.3720703125 0.818359375 0.01953125 0.015625
1 0.3427734375 0.8359375 0.025390625 0.017578125
1 0.3330078125 0.8583984375 0.0234375 0.013671875
1 0.4033203125 0.8720703125 0.015625 0.015625
1 0.28515625 0.916015625 0.041015625 0.0390625
0 0.441372951171875 1 0.47238334765625 0.969251498046875 0.437926095703125 0.927329712890625 0.397860966796875 0.897830763671875 0.35941921875 0.8911119296875 0.3194385078125 0.898361767578125 0.30732298828125 0.91382076171875 0.29309162109375 0.94903731640625 0.291410669921875 0.9895212578125 0.300801802734375 1 0.441372951171875 1
1 0.4130859375 0.3291015625 0.013671875 0.013671875