0 0.08984375 0.4091796875 0.1328125 0.125
0 0.2783203125 0.41796875 0.12890625 0.171875
0 0.486328125 0.451171875 0.1015625 0.134765625
1 0.43359375 0.4345703125 0.01171875 0.01953125
1 0.5400390625 0.4423828125 0.01171875 0.013671875
1 0.548828125 0.4541015625 0.0078125 0.015625
1 0.544921875 0.478515625 0.009765625 0.01171875
0 0.6767578125 0.470703125 0.1015625 0.142578125
1 0.759765625 0.5458984375 0.048828125 0.064453125
0 0.8720703125 0.4599609375 0.08984375 0.14453125
1 0.9296875 0.44921875 0.029296875 0.033203125
1 0.95703125 0.416015625 0.0078125 0.0078125
1 0.9423828125 0.48828125 0.013671875 0.013671875
1 0.96484375 0.4521484375 0.00390625 0.005859375
1 0.9814453125 0.4716796875 0.01953125 0.021484375
1 0.9921875 0.486328125 0.015625 0.01953125
1 0.9931640625 0.4501953125 0.01171875 0.013671875
1 0.9951171875 0.5009765625 0.009765625 0.013671875
1 0.890625 0.5966796875 0.013671875 0.021484375
1 0.978515625 0.7421875 0.015625 0.0234375
1 0.990234375 0.7255859375 0.013671875 0.013671875
1 0.8466796875 0.7275390625 0.01171875 0.009765625
0 0.90234375 0.7392578125 0.10546875 0.1484375
1 0.763671875 0.7197265625 0.1171875 0.185546875
0 0.6689453125 0.7060546875 0.080078125 0.158203125
1 0.615234375 0.736328125 0.013671875 0.015625
1 0.5400390625 0.7021484375 0.0078125 0.013671875
1 0.56640625 0.5947265625 0.08203125 0.08984375
1 0.6357421875 0.6181640625 0.0078125 0.013671875
1 0.7294921875 0.5693359375 0.0078125 0.01171875
1 0.7109375 0.5927734375 0.01171875 0.015625
1 0.4677734375 0.65234375 0.0078125 0.0078125
0 0.46484375 0.716796875 0.09765625 0.126953125
1 0.4091796875 0.7763671875 0.009765625 0.01171875
1 0.4033203125 0.7392578125 0.013671875 0.01171875
1 0.37890625 0.6357421875 0.015625 0.015625
1 0.388671875 0.607421875 0.01171875 0.013671875
1 0.3515625 0.59375 0.0078125 0.013671875
0 0.271484375 0.6982421875 0.103515625 0.125
1 0.330078125 0.697265625 0.009765625 0.013671875
1 0.2939453125 0.6142578125 0.01171875 0.015625
1 0.2978515625 0.5859375 0.0078125 0.009765625
1 0.2880859375 0.576171875 0.015625 0.013671875
1 0.197265625 0.568359375 0.005859375 0.009765625
1 0.1826171875 0.7158203125 0.009765625 0.0078125
0 0.0625 0.6865234375 0.09765625 0.109375
1 0.1357421875 0.5703125 0.013671875 0.013671875