1 0.9296875 0.818359375 0.01171875 0.01953125
1 0.9423828125 0.751953125 0.01953125 0.02734375
1 0.9189453125 0.744140625 0.01171875 0.01953125
1 0.88671875 0.7900390625 0.01171875 0.015625
1 0.85546875 0.755859375 0.013671875 0.015625
1 0.9697265625 0.6337890625 0.052734375 0.119140625
0 0.96875 0.759765625 0.03515625 0.076171875
0 0.9833984375 0.4697265625 0.033203125 0.087890625
0 0.8271484375 0.451171875 0.15234375 0.146484375
1 0.802734375 0.630859375 0.015625 0.01953125
1 0.87109375 0.630859375 0.0078125 0.009765625
1 0.89453125 0.603515625 0.01171875 0.013671875
1 0.755859375 0.5703125 0.017578125 0.02734375
1 0.7265625 0.6533203125 0.107421875 0.138671875
1 0.6611328125 0.6396484375 0.0078125 0.015625
1 0.6533203125 0.6455078125 0.005859375 0.013671875
1 0.64453125 0.65234375 0.01171875 0.025390625
1 0.6669921875 0.58984375 0.0078125 0.009765625
1 0.6904296875 0.5947265625 0.013671875 0.01171875
1 0.8515625 0.76953125 0.005859375 0.009765625
0 0.765370791015625 0.71560288671875 0.75391012890625 0.747106734375 0.74722448828125 0.77891830078125 0.745274232421875 0.796870291015625 0.762523337890625 0.817917267578125 0.78247819140625 0.8257201171875 0.79399018359375 0.82703372265625 0.80657862109375 0.843080623046875 0.82220004296875 0.863078140625 0.86196244140625 0.856507236328125 0.86228244140625 0.85535528125 0.8610093203125 0.828451966796875 0.85884870703125 0.7991389296875 0.8500772734375 0.772762744140625 0.845791060546875 0.74029574609375 0.837746501953125 0.7225905625 0.803415349609375 0.71251241015625 0.7769641796875 0.711917669921875 0.765370791015625 0.71560288671875
1 0.7490234375 0.8359375 0.009765625 0.013671875
1 0.7412109375 0.7841796875 0.01171875 0.01171875
1 0.7373046875 0.7705078125 0.013671875 0.013671875
1 0.71875 0.76171875 0.01953125 0.02734375
1 0.7041015625 0.7705078125 0.01171875 0.015625
1 0.728515625 0.81640625 0.013671875 0.015625
1 0.748046875 0.8486328125 0.005859375 0.009765625
1 0.67578125 0.7802734375 0.009765625 0.013671875
1 0.6806640625 0.85546875 0.017578125 0.0234375
1 0.6865234375 0.8798828125 0.013671875 0.015625
1 0.69921875 0.71875 0.005859375 0.009765625
1 0.564453125 0.609375 0.0078125 0.013671875
1 0.556640625 0.6083984375 0.005859375 0.013671875
1 0.5888671875 0.583984375 0.005859375 0.009765625
1 0.6455078125 0.4638671875 0.0078125 0.005859375
0 0.5888671875 0.4853515625 0.11328125 0.142578125
1 0.5146484375 0.580078125 0.005859375 0.01171875
1 0.55078125 0.630859375 0.005859375 0.009765625
1 0.5224609375 0.6171875 0.005859375 0.009765625
1 0.5615234375 0.580078125 0.005859375 0.009765625
1 0.4658203125 0.578125 0.01171875 0.015625
1 0.484375 0.5849609375 0.005859375 0.0078125
1 0.4423828125 0.60546875 0.013671875 0.01953125
1 0.5419921875 0.806640625 0.0078125 0.013671875
1 0.5302734375 0.77734375 0.00390625 0.005859375
1 0.5380859375 0.7607421875 0.013671875 0.009765625
1 0.521484375 0.77734375 0.005859375 0.013671875
1 0.5166015625 0.751953125 0.009765625 0.013671875
1 0.501953125 0.759765625 0.01171875 0.015625
1 0.4912109375 0.80859375 0.01171875 0.017578125
0 0.605037359375 0.856288228515625 0.62293096875 0.8107373359375 0.642135283203125 0.776980142578125 0.643265345703125 0.74443262890625 0.6382313203125 0.715271166015625 0.626387896484375 0.7146464375 0.60640750390625 0.71344163671875 0.580527189453125 0.70663847265625 0.545080197265625 0.701596587890625 0.536916830078125 0.706417009765625 0.538144140625 0.733294962890625 0.543198849609375 0.7575913359375 0.535734845703125 0.77382027734375 0.544508849609375 0.798323345703125 0.5461163515625 0.825673044921875 0.5511744453125 0.86325090625 0.559580357421875 0.860006509765625 0.569368033203125 0.829926609375 0.579435626953125 0.84396725 0.6022165703125 0.86179042578125 0.605037359375 0.856288228515625
1 0.47265625 0.787109375 0.01171875 0.01953125
1 0.470703125 0.8212890625 0.013671875 0.01953125
1 0.4677734375 0.7568359375 0.009765625 0.009765625
1 0.48046875 0.755859375 0.005859375 0.013671875
1 0.447265625 0.8154296875 0.013671875 0.01953125
1 0.44921875 0.80078125 0.01171875 0.013671875
1 0.4501953125 0.7666015625 0.005859375 0.01171875
1 0.439453125 0.779296875 0.005859375 0.009765625
1 0.4375 0.76953125 0.005859375 0.009765625
1 0.42578125 0.7802734375 0.009765625 0.01171875
1 0.4287109375 0.763671875 0.015625 0.017578125
1 0.4228515625 0.7392578125 0.013671875 0.025390625
1 0.4072265625 0.79296875 0.005859375 0.013671875
1 0.4091796875 0.8154296875 0.0078125 0.013671875
1 0.388671875 0.8388671875 0.015625 0.021484375
1 0.341796875 0.7001953125 0.01953125 0.01953125
1 0.3203125 0.732421875 0.005859375 0.005859375
1 0.296875 0.802734375 0.005859375 0.009765625
0 0.38010836328125 0.6955848359375 0.35604683984375 0.700093224609375 0.33765994921875 0.709468142578125 0.32216606640625 0.692929021484375 0.315163123046875 0.693447484375 0.314413546875 0.720553802734375 0.318725896484375 0.736162982421875 0.312049861328125 0.771099390625 0.30192603515625 0.81049103125 0.307743814453125 0.825884205078125 0.332160755859375 0.823206484375 0.37364165234375 0.833907462890625 0.393456107421875 0.824997966796875 0.3966058125 0.78782988671875 0.413637068359375 0.768524375 0.41602914453125 0.751135052734375 0.407659767578125 0.70984897265625 0.38010836328125 0.6955848359375
1 0.3017578125 0.73828125 0.005859375 0.013671875
1 0.296875 0.7470703125 0.009765625 0.013671875
1 0.2939453125 0.734375 0.013671875 0.015625
1 0.30365593359375 0.65501378515625 0.295690357421875 0.662115126953125 0.288489740234375 0.68299233984375 0.286092341796875 0.709704451171875 0.276725611328125 0.73284633984375 0.274419791015625 0.7466904921875 0.2817636640625 0.741156107421875 0.29216502734375 0.7264428671875 0.306457421875 0.718197681640625 0.31642622265625 0.69625409765625 0.31696931640625 0.6950119921875 0.312620736328125 0.666580298828125 0.30365593359375 0.65501378515625
1 0.2763671875 0.7216796875 0.009765625 0.01953125
1 0.2685546875 0.7353515625 0.013671875 0.009765625
1 0.2548828125 0.7373046875 0.013671875 0.013671875
1 0.24609375 0.7509765625 0.005859375 0.009765625
1 0.24609375 0.609375 0.033203125 0.037109375
1 0.3095703125 0.6259765625 0.013671875 0.021484375
1 0.3388671875 0.6181640625 0.005859375 0.009765625
1 0.341796875 0.6337890625 0.005859375 0.013671875
1 0.279296875 0.595703125 0.0078125 0.009765625
1 0.2861328125 0.591796875 0.009765625 0.009765625
1 0.2734375 0.55078125 0.005859375 0.009765625
0 0.3974609375 0.4560546875 0.1484375 0.177734375
1 0.3212890625 0.4375 0.009765625 0.013671875
1 0.3564453125 0.3505859375 0.005859375 0.009765625
1 0.2294921875 0.55859375 0.01171875 0.01171875
1 0.2578125 0.6826171875 0.009765625 0.013671875
1 0.21484375 0.7392578125 0.05078125 0.072265625
0 0.171503693359375 0.660407859375 0.137828220703125 0.663981109375 0.10574515234375 0.68300859375 0.091982259765625 0.690975162109375 0.09082379296875 0.709136412109375 0.08373040234375 0.7336047578125 0.08095690234375 0.76974183984375 0.091871384765625 0.792735615234375 0.09748947265625 0.816806904296875 0.105463177734375 0.821333447265625 0.12187306640625 0.830331853515625 0.169161375 0.837620833984375 0.16875426953125 0.83719474609375 0.2071530234375 0.802189171875 0.1989136875 0.785854390625 0.196003892578125 0.739865197265625 0.196796212890625 0.699251994140625 0.18745255859375 0.66413847265625 0.171503693359375 0.660407859375
1 0.06640625 0.7939453125 0.01171875 0.015625
1 0.052734375 0.7255859375 0.03125 0.03125
1 0.041015625 0.76953125 0.013671875 0.021484375
1 0.00390625 0.7568359375 0.0078125 0.025390625
1 0.0205078125 0.72265625 0.041015625 0.05078125
1 0.0126953125 0.6904296875 0.01953125 0.017578125
1 0.0576171875 0.6884765625 0.009765625 0.009765625
1 0.0859375 0.7177734375 0.0078125 0.009765625
1 0.001953125 0.6015625 0.00390625 0.02734375
1 0.021484375 0.6298828125 0.0078125 0.009765625
1 0.087890625 0.6142578125 0.0234375 0.04296875
1 0.130859375 0.603515625 0.111328125 0.119140625
1 0.029296875 0.5595703125 0.009765625 0.009765625
0 0.0263671875 0.408203125 0.048828125 0.11328125
1 0.2021484375 0.5048828125 0.0390625 0.046875
0 0.116686396484375 0.46822280859375 0.146107052734375 0.493336119140625 0.171005822265625 0.510226720703125 0.195072490234375 0.4789094375 0.22323092578125 0.45352716796875 0.237649181640625 0.428320150390625 0.237564986328125 0.392554896484375 0.21535491015625 0.3721613125 0.1850287265625 0.3556163359375 0.15267868359375 0.33319634765625 0.134772408203125 0.3313254296875 0.10957304296875 0.3774410859375 0.0910251328125 0.410217494140625 0.0900291640625 0.43718975390625 0.116686396484375 0.46822280859375
1 0.00390625 0.6259765625 0.0078125 0.005859375
1 0.943359375 0.1337890625 0.0703125 0.095703125
1 0.80078125 0.1279296875 0.029296875 0.029296875
1 0.771484375 0.1103515625 0.06640625 0.0625
1 0.548828125 0.1103515625 0.046875 0.0625
1 0.396484375 0.1083984375 0.052734375 0.060546875
1 0.3232421875 0.0869140625 0.015625 0.017578125
1 0.3076171875 0.1083984375 0.0234375 0.04296875
1 0.2080078125 0.09765625 0.115234375 0.1171875
1 0.2568359375 0.025390625 0.119140625 0.05078125
1 0.0849609375 0.0263671875 0.083984375 0.052734375
1 0.109375 0.0869140625 0.009765625 0.013671875
1 0.09375 0.06640625 0.017578125 0.015625
1 0.072265625 0.0732421875 0.01953125 0.01953125
1 0.92578125 0.7744140625 0.01953125 0.01171875
1 0.904296875 0.7216796875 0.0078125 0.013671875