0 0.3232421875 0.955078125 0.181640625 0.08984375
1 0.4462890625 0.81640625 0.0546875 0.03515625
0 0.322265625 0.78125 0.21875 0.154296875
0 0.326171875 0.51953125 0.2265625 0.166015625
1 0.3291015625 0.4267578125 0.013671875 0.0078125
1 0.3505859375 0.4130859375 0.009765625 0.009765625
1 0.435546875 0.40234375 0.013671875 0.013671875
0 0.341796875 0.267578125 0.16015625 0.142578125
1 0.291015625 0.3505859375 0.029296875 0.03125
1 0.2451171875 0.3115234375 0.025390625 0.021484375
1 0.259765625 0.28515625 0.015625 0.009765625
1 0.4306640625 0.17578125 0.021484375 0.015625
0 0.318359375 0.0751953125 0.21484375 0.146484375
1 0.4443359375 0.109375 0.037109375 0.0234375
0 0.63671875 0.064453125 0.21875 0.12890625
1 0.5263671875 0.1904296875 0.029296875 0.025390625
0 0.6279296875 0.3046875 0.16015625 0.125
0 0.6201171875 0.52734375 0.154296875 0.119140625
0 0.64453125 0.736328125 0.2109375 0.17578125
1 0.587890625 0.890625 0.0234375 0.021484375
0 0.6240234375 0.9580078125 0.1640625 0.08203125