0 0.0732421875 0.4013671875 0.146484375 0.205078125
0 0.2880859375 0.3564453125 0.1953125 0.201171875
0 0.501953125 0.34765625 0.15234375 0.201171875
0 0.7255859375 0.3271484375 0.169921875 0.212890625
1 0.7861328125 0.2470703125 0.0078125 0.01171875
1 0.80078125 0.2373046875 0.0078125 0.009765625
0 0.931640625 0.3291015625 0.126953125 0.22265625
0 0.9541015625 0.6259765625 0.091796875 0.142578125
0 0.76171875 0.6318359375 0.119140625 0.125
1 0.7880859375 0.541015625 0.0625 0.05859375
1 0.6552734375 0.611328125 0.048828125 0.048828125
0 0.5322265625 0.6669921875 0.169921875 0.154296875
1 0.6123046875 0.6181640625 0.01171875 0.01171875
0 0.318359375 0.6787109375 0.16796875 0.216796875
1 0.37890625 0.517578125 0.02734375 0.046875
0 0.1044921875 0.7314453125 0.1875 0.244140625
1 0.0859375 0.57421875 0.013671875 0.017578125