1 0.89453125 0.568359375 0.021484375 0.0185546875
0 0.77617342578125 0.67634617578125 0.813036076171875 0.685329861328125 0.85364480078125 0.69101528125 0.87896825390625 0.66666666796875 0.881607298828125 0.6580946171875 0.87760416796875 0.637850322265625 0.87637700390625 0.60073578125 0.87173833203125 0.5525655859375 0.871924345703125 0.517104484375 0.853662884765625 0.52680466015625 0.83473746484375 0.51512724609375 0.81895487109375 0.506715373046875 0.792578642578125 0.542886078125 0.768300212890625 0.56453751953125 0.76032753515625 0.60810736328125 0.75878648046875 0.65519593359375 0.77617342578125 0.67634617578125
1 0.97265625 0.533203125 0.046875 0.0341796875
1 0.95703125 0.5 0.0498046875 0.029296875
0 1 0.2782789765625 0.954074435546875 0.28945174609375 0.93568767578125 0.31981474609375 0.9229794453125 0.363582658203125 0.91541237890625 0.392982873046875 0.922414951171875 0.422532931640625 0.943287037109375 0.466469630859375 0.97213955078125 0.458307498046875 1 0.41578483203125 1 0.414780712890625 1 0.2782789765625
1 0.883782603515625 0.470089974609375 0.8632399140625 0.454528701171875 0.84242983203125 0.46130435546875 0.858585740234375 0.514929177734375 0.87445358984375 0.518938767578125 0.869358931640625 0.5573657265625 0.876653439453125 0.56040564453125 0.91047401953125 0.54523878515625 0.920981109375 0.52122774609375 0.8984710859375 0.500856 0.883782603515625 0.470089974609375
0 0.7646445625 0.414610201171875 0.815336681640625 0.433998498046875 0.822719029296875 0.41536458203125 0.83538333984375 0.38818962109375 0.85107809375 0.366961875 0.8737340859375 0.33838665625 0.87121258984375 0.319797521484375 0.85921869921875 0.299193259765625 0.833286830078125 0.2710227890625 0.798954716796875 0.244336970703125 0.784045345703125 0.24092675390625 0.7488283828125 0.24641926953125 0.70966254296875 0.333972318359375 0.730480375 0.37533585546875 0.7646445625 0.414610201171875
1 0.84765625 0.384765625 0.0126953125 0.0185546875
1 0.689453125 0.3828125 0.037109375 0.052734375
1 0.6904296875 0.46875 0.0810546875 0.1171875
1 0.6982421875 0.5400390625 0.0205078125 0.0205078125
1 0.748046875 0.53515625 0.048828125 0.0546875
1 0.701171875 0.6689453125 0.0126953125 0.0185546875
1 0.7255859375 0.658203125 0.005859375 0.009765625
0 0.654484177734375 0.707437720703125 0.673572357421875 0.6805624453125 0.69243706640625 0.613889232421875 0.676088685546875 0.556399498046875 0.65301416796875 0.51739211328125 0.628181578125 0.51464326953125 0.588798724609375 0.5235838984375 0.554061001953125 0.57560694921875 0.550312345703125 0.604333732421875 0.558301814453125 0.65509948046875 0.56330863671875 0.69296323828125 0.591207837890625 0.70963541796875 0.654484177734375 0.707437720703125
1 0.55094401171875 0.615809634765625 0.55017541796875 0.56367807421875 0.54273752734375 0.520313189453125 0.52122344140625 0.52229387109375 0.523331576171875 0.57536237890625 0.507263505859375 0.6022049296875 0.504583126953125 0.658278908203125 0.50933934765625 0.7130146328125 0.537939970703125 0.703715759765625 0.561507935546875 0.67724867578125 0.559716279296875 0.6522421328125 0.55094401171875 0.615809634765625
1 0.48828125 0.6650390625 0.0126953125 0.033203125
1 0.4658203125 0.619140625 0.0185546875 0.0234375
1 0.520679615234375 0.522907021484375 0.53472222265625 0.5180776015625 0.56754169921875 0.51486889453125 0.595297515625 0.487063560546875 0.59944919921875 0.466660810546875 0.55851237109375 0.4402040625 0.51401548046875 0.43712453125 0.48577783984375 0.429613439453125 0.426445208984375 0.45038821484375 0.41813796875 0.47772507421875 0.447344421875 0.51020654296875 0.439187025390625 0.569074142578125 0.449282044921875 0.595522279296875 0.50511016015625 0.596628017578125 0.519757306640625 0.564633970703125 0.520679615234375 0.522907021484375
0 0.461970900390625 0.712522044921875 0.481986556640625 0.63604876171875 0.45601205859375 0.6261453515625 0.461460658203125 0.60508811328125 0.43269856640625 0.56831976171875 0.40429558203125 0.543521619140625 0.373926556640625 0.5420938046875 0.346252119140625 0.56991636328125 0.3167330625 0.620019013671875 0.322073154296875 0.657169724609375 0.3431260859375 0.681175595703125 0.3802587109375 0.707394662109375 0.412814669921875 0.7181902421875 0.461970900390625 0.712522044921875
1 0.28885711328125 0.48395647265625 0.28783275390625 0.51008253515625 0.308371568359375 0.55060729296875 0.33167989453125 0.56172839453125 0.3580755 0.534687775390625 0.37548569921875 0.521370701171875 0.35534603515625 0.49669656640625 0.320331876953125 0.4856409140625 0.28885711328125 0.48395647265625
1 0.3095703125 0.443359375 0.0283203125 0.0390625
1 0.4000715625 0.55696614453125 0.419662232421875 0.5311259921875 0.42698903515625 0.49062534375 0.41636698046875 0.470153701171875 0.395082826171875 0.443343873046875 0.36797030078125 0.46094611328125 0.370719142578125 0.506167671875 0.360780423828125 0.5440917109375 0.361474091796875 0.543686962890625 0.375514115234375 0.550541845703125 0.4000715625 0.55696614453125
1 0.353515625 0.458984375 0.0341796875 0.060546875
1 0.447265625 0.3994140625 0.0185546875 0.0205078125
0 0.31706504296875 0.26272287109375 0.298558150390625 0.356085345703125 0.315614408203125 0.383525544921875 0.343234591796875 0.4168233984375 0.38324748046875 0.44563335546875 0.40979068359375 0.42704199609375 0.4386754921875 0.3718412421875 0.4284293359375 0.31660776171875 0.399185423828125 0.275962439453125 0.34973855078125 0.239891630859375 0.31706504296875 0.26272287109375
1 0.220703125 0.423828125 0.0185546875 0.0283203125
0 0.184311962890625 0.26193404296875 0.141865080078125 0.266837521484375 0.11222072265625 0.301292783203125 0.12281565234375 0.39989631640625 0.15229983203125 0.42461523046875 0.205131087890625 0.424673791015625 0.2189411796875 0.393752755859375 0.262179904296875 0.386334669921875 0.265321439453125 0.37706335546875 0.23487490625 0.309310240234375 0.217019056640625 0.2834321953125 0.184311962890625 0.26193404296875
1 0.06640625 0.380859375 0.009765625 0.0126953125
1 0.060546875 0.36328125 0.013671875 0.0126953125
1 0.046875 0.5146484375 0.09375 0.130859375
1 0.2197265625 0.5498046875 0.0185546875 0.03125
1 0.232421875 0.515625 0.0126953125 0.0126953125
1 0.138984478515625 0.5647683125 0.158018404296875 0.55325796484375 0.162751375 0.542240203125 0.145117705078125 0.515091076171875 0.125787966796875 0.50523072265625 0.101172392578125 0.50190662109375 0.1011155546875 0.547422701171875 0.118472791015625 0.5717213671875 0.138984478515625 0.5647683125
0 0.09499524609375 0.709761146484375 0.15165137109375 0.711669490234375 0.1954365078125 0.730599646484375 0.19987366796875 0.727092978515625 0.22151305078125 0.6631048828125 0.23843367578125 0.63046668359375 0.231455646484375 0.59987461328125 0.217507337890625 0.56132192578125 0.19283492578125 0.538406291015625 0.18006081640625 0.53592096484375 0.153012876953125 0.556663015625 0.124033771484375 0.5695047265625 0.095477068359375 0.58650242578125 0.065035705078125 0.631467357421875 0.06842912890625 0.669241552734375 0.09499524609375 0.709761146484375
1 0.231584822265625 0.70248773828125 0.246278470703125 0.730227623046875 0.3043309765625 0.73028618359375 0.31868748046875 0.689625357421875 0.323831224609375 0.641277763671875 0.30819718359375 0.60302131640625 0.282212353515625 0.59068769140625 0.25341280078125 0.60193969140625 0.237690919921875 0.63326891796875 0.21896184765625 0.66056788671875 0.231584822265625 0.70248773828125
1 0.32589544140625 0.976839794921875 0.327382244140625 0.96449583984375 0.354055576171875 0.92129457421875 0.381250775390625 0.846714134765625 0.3967582265625 0.758196580078125 0.375962353515625 0.72839333984375 0.33821485546875 0.7323133671875 0.281955294921875 0.7600773671875 0.25604538671875 0.79324087890625 0.275729064453125 0.887014990234375 0.2945873125 0.9422811953125 0.3249098359375 0.977434 0.32589544140625 0.976839794921875
0 0.572354755859375 0.426614859375 0.59908880078125 0.44253265625 0.628684068359375 0.426535630859375 0.65133101953125 0.38790371484375 0.666315310546875 0.34428564453125 0.659798435546875 0.281406732421875 0.593313388671875 0.21910480078125 0.523670013671875 0.249490189453125 0.517188017578125 0.335634369140625 0.528948103515625 0.367296005859375 0.542623853515625 0.382593763671875 0.571759259765625 0.425044091796875 0.572354755859375 0.426614859375
1 0.8681640625 0.404296875 0.013671875 0.013671875
1 0.8818359375 0.630859375 0.0126953125 0.0107421875