1 0.0625 0.3310546875 0.03125 0.044921875
1 0.123046875 0.4326171875 0.0234375 0.025390625
0 0.037109375 0.525390625 0.07421875 0.12890625
0 0.1767578125 0.5498046875 0.123046875 0.154296875
1 0.2333984375 0.3974609375 0.015625 0.01953125
0 0.26953125 0.2685546875 0.16015625 0.19140625
1 0.3486328125 0.240234375 0.01171875 0.017578125
1 0.3505859375 0.2705078125 0.009765625 0.013671875
0 0.39453125 0.296875 0.103515625 0.119140625
1 0.3642578125 0.44921875 0.01171875 0.015625
1 0.3408203125 0.4873046875 0.01953125 0.025390625
0 0.317581560546875 0.61418286328125 0.35927158984375 0.66029041796875 0.425742888671875 0.62565084375 0.427962708984375 0.59213510546875 0.428803328125 0.552027669921875 0.4131336171875 0.5084371640625 0.3922578125 0.50264522265625 0.350372484375 0.480391111328125 0.328964091796875 0.503938666015625 0.30259628125 0.56377325390625 0.317581560546875 0.61418286328125
1 0.513671875 0.51171875 0.029296875 0.0390625
0 0.5830078125 0.6044921875 0.16015625 0.201171875
0 0.76171875 0.63671875 0.16015625 0.201171875
0 0.93359375 0.650390625 0.125 0.197265625
1 0.763671875 0.4599609375 0.025390625 0.02734375
1 0.701171875 0.447265625 0.013671875 0.015625
0 0.6396484375 0.36328125 0.154296875 0.1640625
0 0.87109375 0.3251953125 0.109375 0.1484375