0 0.2939453125 0.0537109375 0.146484375 0.0859375
0 0.31640625 0.2197265625 0.16015625 0.146484375
1 0.4677734375 0.2919921875 0.068359375 0.05078125
1 0.4765625 0.1455078125 0.015625 0.01171875
0 0.61328125 0.1689453125 0.171875 0.14453125
1 0.6474609375 0.0966796875 0.01171875 0.009765625
1 0.5380859375 0.3583984375 0.087890625 0.087890625
1 0.5341796875 0.4248046875 0.013671875 0.015625
1 0.5087890625 0.435546875 0.01953125 0.013671875
0 0.646484375 0.359375 0.15625 0.130859375
1 0.6767578125 0.439453125 0.015625 0.0078125
0 0.353515625 0.4130859375 0.1640625 0.14453125
1 0.5107421875 0.5390625 0.115234375 0.08203125
1 0.5185546875 0.5966796875 0.12109375 0.076171875
0 0.365234375 0.6015625 0.15234375 0.109375
1 0.560546875 0.6845703125 0.076171875 0.087890625
0 0.671875 0.5927734375 0.185546875 0.142578125
0 0.6767578125 0.779296875 0.189453125 0.166015625
1 0.55078125 0.759765625 0.01953125 0.013671875
1 0.544921875 0.7333984375 0.0234375 0.017578125
1 0.5517578125 0.8271484375 0.08203125 0.08984375
1 0.5693359375 0.8759765625 0.013671875 0.0078125
1 0.5791015625 0.8994140625 0.013671875 0.01171875
1 0.587890625 0.9208984375 0.01953125 0.013671875
1 0.572265625 0.9267578125 0.017578125 0.013671875
1 0.564453125 0.9677734375 0.009765625 0.01171875
0 0.6650390625 0.9638671875 0.123046875 0.056640625
0 0.41796875 0.9638671875 0.1484375 0.072265625
0 0.40234375 0.8046875 0.162109375 0.130859375
0 0.552734375 0.03515625 0.11328125 0.0703125