1 0.9677734375 0.466796875 0.03125 0.044921875
1 0.880859375 0.5458984375 0.021484375 0.025390625
0 0.943359375 0.662109375 0.091796875 0.12890625
0 0.794921875 0.642578125 0.125 0.154296875
1 0.78515625 0.4794921875 0.015625 0.01953125
0 0.7880859375 0.345703125 0.1640625 0.193359375
1 0.7216796875 0.2958984375 0.01171875 0.017578125
1 0.7099609375 0.32421875 0.0078125 0.013671875
0 0.66015625 0.3369140625 0.103515625 0.119140625
1 0.64453125 0.4912109375 0.01171875 0.013671875
1 0.6552734375 0.5341796875 0.01953125 0.0234375
0 0.64882258984375 0.52499477734375 0.602260978515625 0.534030404296875 0.580603947265625 0.533465771484375 0.552874298828125 0.570570201171875 0.54195190625 0.609170904296875 0.534275677734375 0.641871177734375 0.587714865234375 0.694431494140625 0.641063783203125 0.66252760546875 0.67013262109375 0.618701927734375 0.6624108984375 0.553772625 0.64882258984375 0.52499477734375
1 0.4833984375 0.5068359375 0.03125 0.0390625
0 0.390625 0.5751953125 0.162109375 0.203125
0 0.2099609375 0.5537109375 0.162109375 0.203125
0 0.0517578125 0.5166015625 0.103515625 0.197265625
1 0.2587890625 0.384765625 0.025390625 0.029296875
1 0.322265625 0.390625 0.013671875 0.013671875
0 0.40625 0.328125 0.15625 0.166015625
0 0.1962890625 0.224609375 0.111328125 0.150390625