1 0.1044921875 0.154296875 0.015625 0.0205078125
1 0.19262152734375 0.227391974609375 0.1917444296875 0.191061439453125 0.1610876015625 0.13928916015625 0.114317490234375 0.12866030078125 0.1101038046875 0.158675732421875 0.09209888671875 0.21389130078125 0.1042408125 0.243446181640625 0.19262152734375 0.227391974609375
1 0.251953125 0.2138671875 0.064453125 0.052734375
1 0.3134765625 0.1826171875 0.0576171875 0.0673828125
1 0.294921875 0.07421875 0.021484375 0.021484375
1 0.3984375 0.2080078125 0.044921875 0.048828125
1 0.4697265625 0.1748046875 0.115234375 0.158203125
1 0.40234375 0.1552734375 0.0126953125 0.0185546875
1 0.5703125 0.185546875 0.083984375 0.119140625
1 0.681640625 0.212890625 0.052734375 0.0283203125
1 0.724609375 0.16015625 0.0205078125 0.025390625
1 0.6982421875 0.091796875 0.0283203125 0.0439453125
1 0.7783203125 0.169921875 0.0107421875 0.013671875
1 0.8037109375 0.197265625 0.0419921875 0.0751953125
1 0.8466796875 0.197265625 0.0419921875 0.064453125
1 0.8876953125 0.1953125 0.033203125 0.0439453125
1 0.9736328125 0.1708984375 0.052734375 0.1044921875
0 0.8349609375 0.44140625 0.140625 0.1826171875
1 0.9482421875 0.599609375 0.103515625 0.15625
1 0.9404296875 0.7568359375 0.119140625 0.2001953125
1 0.876953125 0.7861328125 0.0126953125 0.015625
1 0.8564453125 0.826171875 0.015625 0.0234375
0 0.796005814453125 0.76174135546875 0.796160662109375 0.761153609375 0.814091435546875 0.771318599609375 0.85847755859375 0.75281515234375 0.87574259375 0.731992369140625 0.88676283203125 0.68359375 0.89091661328125 0.64049388671875 0.8793459296875 0.62236719921875 0.838842322265625 0.61495255859375 0.811081498046875 0.63743459375 0.79174578515625 0.6646562734375 0.7790809921875 0.709627880859375 0.785055654296875 0.741229021484375 0.796005814453125 0.76174135546875
1 0.6689453125 0.7021484375 0.015625 0.0234375
0 0.594772904296875 0.82204258203125 0.61778541796875 0.84876241796875 0.6809364609375 0.865505642578125 0.69750411328125 0.81071415625 0.69692541015625 0.73520387109375 0.681822599609375 0.721738462890625 0.651444046875 0.70885476953125 0.6130857109375 0.695050275390625 0.58946171484375 0.74477207421875 0.594772904296875 0.82204258203125
1 0.583984375 0.7978515625 0.015625 0.025390625
1 0.521484375 0.814453125 0.015625 0.0205078125
0 0.38769418359375 0.68648726953125 0.3581260390625 0.71591676171875 0.3568985546875 0.74518801953125 0.38015294921875 0.76790364453125 0.41827731640625 0.78858175390625 0.4378696015625 0.78500855859375 0.461248326171875 0.76634988671875 0.474899857421875 0.734836154296875 0.471529361328125 0.706469123046875 0.446469908203125 0.671296296875 0.38769418359375 0.68648726953125
1 0.3779296875 0.814453125 0.0185546875 0.0234375
1 0.5224609375 0.6123046875 0.140625 0.1611328125
0 0.42578125 0.439453125 0.140625 0.138671875
1 0.3671875 0.6103515625 0.0107421875 0.013671875
1 0.255859375 0.6337890625 0.1376953125 0.134765625
0 0.220703125 0.736328125 0.078125 0.1123046875
1 0.1484375 0.7548828125 0.0419921875 0.0546875
1 0.107421875 0.791015625 0.0341796875 0.033203125
0 0.0341796875 0.732421875 0.068359375 0.103515625
1 0.044921875 0.6396484375 0.08984375 0.091796875
0 0.05078125 0.4638671875 0.1015625 0.2060546875
1 0.30078125 0.857421875 0.015625 0.021484375
1 0.306640625 0.5224609375 0.009765625 0.013671875
0 0.2158203125 0.439453125 0.1376953125 0.1826171875
0 0.638671875 0.455078125 0.1298828125 0.212890625
1 0.8134765625 0.8828125 0.0126953125 0.017578125