0 0.119140625 0.4189453125 0.1748046875 0.1748046875
1 0.0185546875 0.4296875 0.0234375 0.0234375
1 0.234375 0.546875 0.0107421875 0.025390625
1 0.1875 0.572265625 0.0810546875 0.0966796875
1 0.0146484375 0.5732421875 0.029296875 0.1220703125
1 0.0506533671875 0.48965739453125 0.01341481640625 0.480501474609375 0.0082671953125 0.485449736328125 0.027055689453125 0.52564036328125 0.03189975 0.56485270703125 0.03936089453125 0.58169883984375 0.0524605234375 0.5975701328125 0.05575190234375 0.6212780390625 0.06144334765625 0.64004801953125 0.07116376171875 0.63065097265625 0.082430400390625 0.6252066796875 0.102478349609375 0.6205116015625 0.131829478515625 0.589309826171875 0.145283048828125 0.564503072265625 0.134229548828125 0.53606391796875 0.102114076171875 0.51149140234375 0.0506533671875 0.48965739453125
0 0.06792147265625 0.62231316015625 0.05092592578125 0.60582010546875 0.024755083984375 0.634965416015625 0.01518063671875 0.69996107421875 0.03013651171875 0.757989900390625 0.058372861328125 0.78040261328125 0.12718434765625 0.78350108984375 0.16851903515625 0.76392161328125 0.195368044921875 0.700322765625 0.17879490234375 0.639512373046875 0.158514435546875 0.60821242578125 0.1446591328125 0.59228773828125 0.1134956796875 0.594128912109375 0.0986405625 0.61932319140625 0.090186064453125 0.622435447265625 0.06792147265625 0.62231316015625
0 0.349609375 0.6826171875 0.103515625 0.15625
1 0.423828125 0.6533203125 0.0126953125 0.0234375
1 0.4111328125 0.5732421875 0.0107421875 0.0126953125
1 0.326171875 0.5439453125 0.140625 0.1201171875
0 0.3369140625 0.40234375 0.150390625 0.177734375
1 0.4765625 0.6552734375 0.037109375 0.048828125
0 0.5576171875 0.7080078125 0.126953125 0.1826171875
1 0.478515625 0.5322265625 0.025390625 0.052734375
1 0.539130962890625 0.52898685546875 0.547095888671875 0.516503388671875 0.5466799453125 0.49596801953125 0.53019334765625 0.486500357421875 0.51456834765625 0.490205095703125 0.495711392578125 0.49062534375 0.49451135546875 0.50937465625 0.5111891328125 0.516623953125 0.52423192578125 0.518637359375 0.539130962890625 0.52898685546875
1 0.50055028515625 0.574539103515625 0.50431056640625 0.59593047265625 0.51925481640625 0.60347601171875 0.541488404296875 0.607676779296875 0.559184080078125 0.58591338671875 0.5856481484375 0.54473241796875 0.58263062109375 0.52026496484375 0.569156384765625 0.520215015625 0.55327691015625 0.51575417578125 0.538187986328125 0.51692708203125 0.52274512109375 0.516865080078125 0.49984240625 0.52440028515625 0.48264147265625 0.5363842734375 0.50055028515625 0.574539103515625
1 0.6376953125 0.572265625 0.0126953125 0.0126953125
1 0.6513671875 0.552734375 0.0205078125 0.0283203125
0 0.559300337890625 0.33242394140625 0.544117115234375 0.331077078125 0.517070466796875 0.38063547265625 0.5152981875 0.44248615234375 0.527333416015625 0.47346574609375 0.55758101953125 0.51180314453125 0.572536892578125 0.521615271484375 0.597952060546875 0.518420345703125 0.61797030078125 0.49002425 0.62555803515625 0.429639275390625 0.62126426171875 0.371507109375 0.607759021484375 0.363481041015625 0.58019696484375 0.34505552734375 0.559300337890625 0.33242394140625
1 0.728515625 0.59375 0.046875 0.078125
0 0.70903862890625 0.64769517578125 0.690055080078125 0.67882977734375 0.69718424609375 0.72847084375 0.715359158203125 0.758661609375 0.747464294921875 0.76859085546875 0.785250548828125 0.74835689453125 0.81046549609375 0.70902054296875 0.82157195703125 0.66534219140625 0.8140061796875 0.644729318359375 0.784284318359375 0.611586474609375 0.73793376953125 0.6264312578125 0.70903862890625 0.64769517578125
1 0.716796875 0.490234375 0.009765625 0.015625
0 0.7880859375 0.4228515625 0.1279296875 0.189453125
1 0.7490234375 0.54296875 0.0107421875 0.0185546875
1 0.7890625 0.5556640625 0.0205078125 0.0341796875
1 0.810546875 0.5498046875 0.0283203125 0.037109375
1 0.8408203125 0.5537109375 0.0126953125 0.015625
1 0.8583984375 0.560546875 0.0185546875 0.021484375
1 0.8740234375 0.560546875 0.015625 0.021484375
1 0.8916015625 0.5537109375 0.0126953125 0.0185546875
0 1 0.6285342265625 0.95539201953125 0.62136932421875 0.95462859765625 0.62217020703125 0.92594013671875 0.645001447265625 0.90585730859375 0.68450486328125 0.90780655859375 0.730520419921875 0.96370701171875 0.7594091015625 1 0.762018435546875 1 0.661272322265625 1 0.6285342265625
1 1 0.55429653125 0.99548404296875 0.50795373046875 0.97337962890625 0.47281987109375 0.9635817109375 0.476848408203125 0.940445189453125 0.4825458828125 0.907366072265625 0.497929755859375 0.90134651953125 0.51760568359375 0.92356719140625 0.5483510390625 0.91129557421875 0.587315365234375 0.88395311328125 0.626877341796875 0.89517195703125 0.66931216796875 0.93941437109375 0.63383212109375 0.973845951171875 0.61752680078125 1 0.628522169921875 1 0.55429653125
0 1 0.35910631640625 0.99966519140625 0.341687814453125 0.96765459765625 0.3394941171875 0.90031053515625 0.370478876953125 0.89645983203125 0.396682443359375 0.923560732421875 0.42775848828125 0.93134223046875 0.46195023046875 0.93593956640625 0.47434413671875 0.94581240625 0.477945533203125 1 0.475511876953125 1 0.35910631640625