1 0.072265625 0.2568359375 0.01171875 0.015625
1 0.04296875 0.3544921875 0.046875 0.068359375
0 0.1966441953125 0.320234013671875 0.17975082421875 0.2801775625 0.14360144921875 0.259812900390625 0.0933453515625 0.242588353515625 0.092579326171875 0.241751396484375 0.0717976171875 0.272030279296875 0.05894587109375 0.30065626953125 0.058146771484375 0.338690890625 0.062339544921875 0.373850857421875 0.078868380859375 0.40341297265625 0.129827521484375 0.41215628515625 0.19073211328125 0.398757349609375 0.20101293359375 0.37265399609375 0.1966441953125 0.320234013671875
1 0.0244140625 0.4453125 0.01953125 0.029296875
1 0.12109375 0.5263671875 0.015625 0.013671875
1 0.11472872265625 0.56363342578125 0.11418752734375 0.537812041015625 0.106030548828125 0.497973330078125 0.094972880859375 0.47284296484375 0.067802919921875 0.49155928125 0.0582680234375 0.51728990625 0.034287015625 0.538814626953125 0.03986487109375 0.555704466796875 0.090741228515625 0.567524705078125 0.11472872265625 0.56363342578125
1 0.132179787109375 0.5611622265625 0.11395087109375 0.538833880859375 0.103887013671875 0.56114296484375 0.09215711328125 0.57394923828125 0.10332959765625 0.595449001953125 0.13087343359375 0.584841103515625 0.132179787109375 0.5611622265625
1 0.1611328125 0.54296875 0.048828125 0.05859375
1 0.2060546875 0.5556640625 0.021484375 0.025390625
0 0.107421875 0.6728515625 0.162109375 0.171875
1 0.0146484375 0.69140625 0.015625 0.017578125
1 0.236328125 0.6484375 0.005859375 0.009765625
1 0.23046875 0.6357421875 0.005859375 0.0078125
1 0.25390625 0.564453125 0.009765625 0.01171875
1 0.2421875 0.52734375 0.013671875 0.009765625
1 0.263671875 0.5029296875 0.009765625 0.009765625
1 0.31640625 0.7509765625 0.0234375 0.02734375
1 0.3798828125 0.7568359375 0.04296875 0.03515625
1 0.4287109375 0.7080078125 0.015625 0.015625
1 0.4443359375 0.6962890625 0.013671875 0.013671875
0 0.35206964453125 0.608778689453125 0.322517109375 0.618245732421875 0.288062994140625 0.6426288125 0.2828530546875 0.659646806640625 0.257116845703125 0.68771023046875 0.292051947265625 0.765837630859375 0.30747197265625 0.749271556640625 0.32362190234375 0.740144404296875 0.35699258984375 0.7602386875 0.3627890546875 0.748020216796875 0.383847921875 0.738157671875 0.41786909765625 0.71090136328125 0.421685837890625 0.67427912890625 0.39280533984375 0.632855333984375 0.35206964453125 0.608778689453125
1 0.37471525 0.59609108203125 0.37493007421875 0.57279498828125 0.355459029296875 0.5338925625 0.35357273046875 0.5522048359375 0.334553609375 0.576380025390625 0.315400544921875 0.58448993359375 0.31103005859375 0.58725630078125 0.307203529296875 0.59185271484375 0.31138740625 0.599212416015625 0.31196557421875 0.59866187890625 0.3435920546875 0.608095623046875 0.37471525 0.59609108203125
1 0.2841796875 0.5322265625 0.005859375 0.01171875
1 0.2833924921875 0.48343394140625 0.281723228515625 0.50925752734375 0.321642939453125 0.529150412109375 0.32671050390625 0.56303357421875 0.34433262890625 0.545684146484375 0.35558034375 0.5156058359375 0.351991294921875 0.502847197265625 0.35218338671875 0.482749224609375 0.374264837890625 0.49293965625 0.39284471484375 0.4699084921875 0.383696091796875 0.436187048828125 0.365805123046875 0.440160400390625 0.32932076171875 0.452737125 0.2833924921875 0.48343394140625
1 0.4677734375 0.57421875 0.03515625 0.03515625
1 0.46341078125 0.5666590390625 0.4755389140625 0.552876955078125 0.47838330859375 0.517262150390625 0.46693062109375 0.487479125 0.44685670703125 0.502812666015625 0.444664947265625 0.5354769921875 0.444705521484375 0.54660494140625 0.42948687890625 0.568312541015625 0.428807875 0.581268708984375 0.4327868125 0.59493848828125 0.434515888671875 0.5967281171875 0.450779212890625 0.5815428828125 0.46341078125 0.5666590390625
1 0.42389039453125 0.503190599609375 0.44069756640625 0.474458009765625 0.432735740234375 0.434946103515625 0.41717123828125 0.43297945703125 0.381716330078125 0.4691830859375 0.3506686640625 0.489709669921875 0.358095943359375 0.5296308671875 0.371947640625 0.540955443359375 0.3930687265625 0.58045140625 0.398987962890625 0.6238268984375 0.398659181640625 0.62462928125 0.40554705078125 0.62692728515625 0.415413353515625 0.610557087890625 0.429525974609375 0.579833453125 0.446187583984375 0.5483687890625 0.444775763671875 0.53482147265625 0.42389039453125 0.503190599609375
1 0.4521484375 0.4638671875 0.021484375 0.0390625
1 0.466796875 0.4462890625 0.013671875 0.013671875
1 0.298828125 0.4033203125 0.01953125 0.033203125
1 0.232421875 0.34765625 0.015625 0.03515625
1 0.23046875 0.3779296875 0.013671875 0.015625
1 0.240234375 0.3876953125 0.0078125 0.015625
1 0.2666015625 0.365234375 0.0546875 0.0859375
1 0.31640625 0.3115234375 0.0078125 0.009765625
1 0.455078125 0.3515625 0.01953125 0.021484375
1 0.455078125 0.3779296875 0.0234375 0.03515625
1 0.4560546875 0.4091796875 0.009765625 0.01171875
1 0.474609375 0.3828125 0.013671875 0.021484375
1 0.48828125 0.3896484375 0.0078125 0.01171875
1 0.4990234375 0.400390625 0.009765625 0.015625
1 0.4453125 0.2880859375 0.0078125 0.009765625
1 0.474609375 0.29296875 0.01953125 0.021484375
1 0.4775390625 0.26953125 0.02734375 0.02734375
1 0.32421875 0.3251953125 0.0078125 0.013671875
0 0.328556087890625 0.398660212890625 0.362014115234375 0.417011189453125 0.39140203125 0.4195158359375 0.430095498046875 0.386997818359375 0.43217991796875 0.344767494140625 0.429314142578125 0.29081387890625 0.428711521484375 0.28993048828125 0.41439876171875 0.278054564453125 0.36627179296875 0.2635506796875 0.34181069140625 0.272505185546875 0.32579040234375 0.2904657421875 0.3285051875 0.33021508984375 0.322112826171875 0.3511739453125 0.318864212890625 0.385325525390625 0.328556087890625 0.398660212890625
1 0.5341796875 0.4267578125 0.01171875 0.013671875
1 0.4833984375 0.435546875 0.009765625 0.01171875
0 0.6416424765625 0.350604234375 0.632559986328125 0.323868646484375 0.620992427734375 0.291965140625 0.59668392578125 0.25950037109375 0.579584349609375 0.260856359375 0.54897712109375 0.272479779296875 0.53609916796875 0.29612951953125 0.53585959765625 0.3457474453125 0.5390782265625 0.3788706796875 0.5546919453125 0.41419103515625 0.589881892578125 0.414892728515625 0.622122671875 0.400952416015625 0.63828202734375 0.384741419921875 0.6416424765625 0.350604234375
1 0.6591796875 0.4697265625 0.0234375 0.02734375
1 0.6435546875 0.4453125 0.01171875 0.009765625
1 0.6357421875 0.4111328125 0.01171875 0.01171875
1 0.6510807734375 0.367409326171875 0.645277697265625 0.39238030859375 0.6401459921875 0.412833904296875 0.633675896484375 0.41863223046875 0.610111478515625 0.409398443359375 0.5902598125 0.416288841796875 0.589248283203125 0.429919880859375 0.5978401640625 0.442425474609375 0.636406072265625 0.44191351953125 0.657738677734375 0.4448380546875 0.678913361328125 0.4361215546875 0.69900109375 0.383920865234375 0.705940755859375 0.352843505859375 0.6934252109375 0.34633225 0.6510807734375 0.367409326171875
1 0.705078125 0.4267578125 0.01171875 0.013671875
1 0.703125 0.40234375 0.009765625 0.013671875
1 0.7236328125 0.435546875 0.005859375 0.01171875
1 0.6875 0.482421875 0.0078125 0.01171875
1 0.7392578125 0.439453125 0.009765625 0.01953125
1 0.7568359375 0.38671875 0.013671875 0.025390625
1 0.5703125 0.552734375 0.013671875 0.013671875
1 0.5546875 0.568359375 0.009765625 0.013671875
1 0.642578125 0.5830078125 0.037109375 0.044921875
1 0.5908203125 0.517578125 0.0078125 0.0078125
1 0.5654296875 0.6669921875 0.013671875 0.009765625
1 0.546875 0.69140625 0.005859375 0.013671875
1 0.68896534765625 0.7812970390625 0.7005219609375 0.770420296875 0.684222220703125 0.72224259765625 0.667424240234375 0.72728344921875 0.6728688046875 0.74386496875 0.653702345703125 0.74558128515625 0.637089388671875 0.742772392578125 0.6288316875 0.748235576171875 0.627986310546875 0.75524073046875 0.62736917578125 0.75561337890625 0.666216654296875 0.7718436953125 0.68896534765625 0.7812970390625
1 0.591796875 0.642578125 0.005859375 0.01171875
0 0.5642948828125 0.648265974609375 0.5715034921875 0.666810142578125 0.564007744140625 0.7005978046875 0.5666642578125 0.72588152734375 0.586065154296875 0.760466357421875 0.61332903125 0.76699433984375 0.6236150703125 0.764686404296875 0.629280708984375 0.74997126171875 0.643415669921875 0.74309515625 0.667562615234375 0.742391669921875 0.668074833984375 0.726335251953125 0.6927603515625 0.7197530625 0.6961958515625 0.700424443359375 0.681488486328125 0.657595068359375 0.664853283203125 0.630614021484375 0.6347712109375 0.602311439453125 0.59752704296875 0.615157603515625 0.59470615234375 0.647245435546875 0.58915865234375 0.6469525078125 0.5642948828125 0.648265974609375
1 0.71875 0.669921875 0.037109375 0.044921875
1 0.7138671875 0.548828125 0.01171875 0.013671875
1 0.677734375 0.5546875 0.0078125 0.013671875
1 0.6865234375 0.5556640625 0.0078125 0.015625
1 0.756564720703125 0.48926731640625 0.734331498046875 0.48282627734375 0.7339450625 0.483791609375 0.73132465625 0.484017564453125 0.73539955078125 0.546100201171875 0.731289439453125 0.59317533984375 0.739439619140625 0.6054547421875 0.769293990234375 0.614981951171875 0.8060726328125 0.601390310546875 0.80928020703125 0.57324862109375 0.794228615234375 0.536736171875 0.770470828125 0.52007182421875 0.756564720703125 0.48926731640625
1 0.818359375 0.6015625 0.013671875 0.015625
1 0.8564453125 0.5634765625 0.0078125 0.009765625
1 0.837890625 0.50390625 0.01953125 0.02734375
1 0.8759765625 0.5234375 0.037109375 0.033203125
1 0.912109375 0.5556640625 0.06640625 0.037109375
1 0.9677734375 0.587890625 0.046875 0.041015625
1 0.9619140625 0.5615234375 0.013671875 0.01171875
1 0.9384765625 0.4501953125 0.013671875 0.02734375
1 0.9501953125 0.44921875 0.013671875 0.021484375
1 0.9365234375 0.4248046875 0.01171875 0.009765625
1 0.9873046875 0.4072265625 0.0078125 0.009765625
1 0.9658203125 0.376953125 0.01171875 0.013671875
1 0.935546875 0.3720703125 0.005859375 0.015625
1 0.908203125 0.326171875 0.013671875 0.013671875
1 0.875 0.431640625 0.017578125 0.025390625
1 0.8916015625 0.4345703125 0.01171875 0.017578125
1 0.8642578125 0.44921875 0.0078125 0.01171875
1 0.7939453125 0.361328125 0.01171875 0.015625
0 0.870172275390625 0.427582326171875 0.893677744140625 0.410352505859375 0.8971605703125 0.35127540625 0.88030230078125 0.33267143359375 0.84251310546875 0.318438859375 0.785886708984375 0.317283234375 0.800273806640625 0.34780034765625 0.7959880859375 0.37511373046875 0.771067193359375 0.401092248046875 0.78638374609375 0.4090317734375 0.79632819140625 0.444784396484375 0.816302673828125 0.478305796875 0.84547719140625 0.495476591796875 0.8633591484375 0.452201205078125 0.870172275390625 0.427582326171875
1 0.7763671875 0.412109375 0.017578125 0.01953125
0 0.845703125 0.712890625 0.130859375 0.15234375
1 0.96484375 0.7646484375 0.01171875 0.01171875
1 0.6907957890625 0.52548758203125 0.693701021484375 0.510198634765625 0.678413837890625 0.50920210546875 0.660523544921875 0.511007251953125 0.646213490234375 0.501748115234375 0.626398818359375 0.507068783203125 0.622621837890625 0.52133743359375 0.62980541015625 0.549280666015625 0.647775470703125 0.56396905078125 0.655500974609375 0.5646241640625 0.6729829609375 0.542714943359375 0.6907957890625 0.52548758203125
1 0.224609375 0.6689453125 0.005859375 0.0078125
1 0.2001953125 0.64453125 0.005859375 0.0078125
1 0.2734375 0.6513671875 0.005859375 0.0078125
1 0.2744140625 0.666015625 0.0078125 0.005859375
1 0.2294921875 0.3232421875 0.005859375 0.0078125