1 0.0283203125 0.2685546875 0.021484375 0.025390625
1 0.052734375 0.255859375 0.013671875 0.013671875
1 0.0263671875 0.333984375 0.03125 0.0390625
1 0.0185546875 0.380859375 0.0234375 0.05859375
1 0.04296875 0.3720703125 0.015625 0.029296875
1 0.05859375 0.37109375 0.01171875 0.015625
0 0.146631400390625 0.22741787109375 0.127065654296875 0.21802410546875 0.10161222265625 0.21535094140625 0.064190734375 0.2231340234375 0.06251191015625 0.245798619140625 0.0561011953125 0.282982052734375 0.065408515625 0.313170328125 0.070929388671875 0.379440369140625 0.08203514453125 0.3929500625 0.11524651171875 0.38575926953125 0.14941920703125 0.35059169921875 0.16909801953125 0.30824558203125 0.17092083203125 0.251708431640625 0.146631400390625 0.22741787109375
1 0.1650390625 0.3681640625 0.015625 0.015625
1 0.1650390625 0.3876953125 0.0078125 0.0078125
1 0.1015625 0.46484375 0.01171875 0.021484375
0 0.169267216796875 0.446864408203125 0.1363471171875 0.423647734375 0.107577666015625 0.48485279296875 0.066224892578125 0.53221466015625 0.069079736328125 0.560380076171875 0.091581201171875 0.595899525390625 0.11440721875 0.605351609375 0.158447173828125 0.617756451171875 0.1826872890625 0.61714053515625 0.20402240625 0.56213954296875 0.196346025390625 0.521894677734375 0.18942501953125 0.48105631640625 0.169267216796875 0.446864408203125
1 0.1982421875 0.5166015625 0.01171875 0.015625
1 0 0.651436080078125 0.050014982421875 0.66178205078125 0.080819751953125 0.6573548671875 0.100974201171875 0.623461515625 0.10376505078125 0.605127017578125 0.08985271484375 0.58782578125 0.0695704375 0.547158798828125 0.06578619140625 0.51702409765625 0.058119779296875 0.513560748046875 0.037191642578125 0.513047419921875 0.009676802734375 0.52162914453125 0 0.533729162109375 0 0.651436080078125
1 0.348270181640625 0.450667830078125 0.37507362890625 0.442150943359375 0.360836884765625 0.410168369140625 0.31922541015625 0.366789669921875 0.2830511171875 0.379964556640625 0.25411781640625 0.39621308984375 0.243702873046875 0.41787586328125 0.234437248046875 0.44423355859375 0.237174080078125 0.45668127734375 0.23720152734375 0.456095201171875 0.306538154296875 0.457324953125 0.348270181640625 0.450667830078125
1 0.2900390625 0.373046875 0.017578125 0.0234375
1 0.2607421875 0.5302734375 0.01171875 0.013671875
0 0.3330078125 0.5654296875 0.15234375 0.208984375
1 0.4130859375 0.5537109375 0.0234375 0.029296875
1 0.4267578125 0.5390625 0.0078125 0.009765625
1 0.4150390625 0.5146484375 0.029296875 0.052734375
1 0.2666015625 0.32421875 0.056640625 0.068359375
1 0.2392578125 0.30859375 0.009765625 0.013671875
1 0.2197265625 0.15234375 0.015625 0.03515625
0 0.391962220703125 0.2387775625 0.366580072265625 0.210208517578125 0.336206783203125 0.18521928125 0.321200375 0.1829911484375 0.291971404296875 0.235325802734375 0.259740490234375 0.25823259765625 0.257721419921875 0.257798775390625 0.2718115390625 0.28621798828125 0.294401146484375 0.32985979296875 0.305467732421875 0.333144087890625 0.3359678203125 0.37426932421875 0.363480029296875 0.343813830078125 0.367596478515625 0.3206635859375 0.38918004296875 0.280887947265625 0.391962220703125 0.2387775625
1 0.36112551171875 0.430186751953125 0.379211072265625 0.431962671875 0.38987171484375 0.432715333984375 0.40084205859375 0.401838291015625 0.409127830078125 0.39329429296875 0.397680841796875 0.369212056640625 0.363653712890625 0.38720546875 0.36112551171875 0.430186751953125
1 0.38161641796875 0.29497195703125 0.382714171875 0.297139521484375 0.369179755859375 0.3101878125 0.352345646484375 0.347620138671875 0.361676248046875 0.3758261640625 0.41057226953125 0.360651451171875 0.407206970703125 0.39410249609375 0.39179203515625 0.43082391796875 0.400779017578125 0.446012009765625 0.446568431640625 0.443486814453125 0.441703583984375 0.499680166015625 0.45794489453125 0.499318009765625 0.47885309375 0.461745923828125 0.4967394453125 0.422626609375 0.519836333984375 0.4107013515625 0.542697751953125 0.381668943359375 0.544616533203125 0.351835013671875 0.528623712890625 0.314290048828125 0.51495538671875 0.2989203203125 0.492589369140625 0.300658806640625 0.46751580078125 0.3001453671875 0.440588419921875 0.322048748046875 0.407826548828125 0.3110597421875 0.38161641796875 0.29497195703125
1 0.4375 0.3125 0.01171875 0.013671875
1 0.4345703125 0.2900390625 0.0078125 0.01171875
1 0.45703125 0.2900390625 0.0234375 0.025390625
0 0.60647139453125 0.283313978515625 0.60002329296875 0.267408865234375 0.58519223046875 0.24289894921875 0.5691341640625 0.228969298828125 0.547370697265625 0.217267154296875 0.507769388671875 0.226606806640625 0.498849888671875 0.245786908203125 0.4940500078125 0.27908057421875 0.51291226171875 0.298971515625 0.527939509765625 0.316238376953125 0.5463225703125 0.35149372265625 0.558468103515625 0.350768798828125 0.58455094140625 0.325103935546875 0.591605052734375 0.30300976171875 0.60647139453125 0.283313978515625
1 0.588221638671875 0.25147334765625 0.609785298828125 0.284208892578125 0.596870017578125 0.298595548828125 0.61544328125 0.30790819921875 0.626155388671875 0.3360528828125 0.668624384765625 0.3395142890625 0.6804803359375 0.30517763671875 0.68120287890625 0.253321638671875 0.68560338671875 0.2059170234375 0.6656346875 0.18823115234375 0.646244884765625 0.201485240234375 0.6278781875 0.201373677734375 0.628145244140625 0.175173873046875 0.630217244140625 0.145588673828125 0.61632278515625 0.133460751953125 0.598356056640625 0.121907091796875 0.573536548828125 0.1390779609375 0.565952990234375 0.18646093359375 0.5675712578125 0.227573107421875 0.588221638671875 0.25147334765625
1 0.6064453125 0.3076171875 0.01171875 0.013671875
1 0.55642251171875 0.431293345703125 0.576447373046875 0.39804251953125 0.53473351953125 0.3993563515625 0.535691794921875 0.3972563828125 0.51813394140625 0.424257681640625 0.505023587890625 0.46044786328125 0.508286060546875 0.480023142578125 0.5184912265625 0.485754240234375 0.535443083984375 0.465852431640625 0.55642251171875 0.431293345703125
1 0.591036052734375 0.4680348359375 0.61432159765625 0.453930171875 0.633189474609375 0.415044646484375 0.61500925390625 0.3969397109375 0.5937021796875 0.39029783203125 0.579789984375 0.360112955078125 0.58110596875 0.3639072109375 0.568004734375 0.386102458984375 0.565707896484375 0.426718806640625 0.57782724609375 0.45802968359375 0.591036052734375 0.4680348359375
1 0.63671875 0.484375 0.03125 0.03125
0 0.492175193359375 0.59116710546875 0.51884405859375 0.602265142578125 0.546421646484375 0.6100889765625 0.566594099609375 0.60918055859375 0.577635794921875 0.59874479296875 0.606059708984375 0.5317181796875 0.6034707109375 0.509667046875 0.585468765625 0.509536298828125 0.5773932265625 0.50480103125 0.55768831640625 0.475027791015625 0.5393715234375 0.478541896484375 0.5135549375 0.484296357421875 0.490632513671875 0.467817806640625 0.47314121875 0.478496126953125 0.47892646484375 0.527680734375 0.474577177734375 0.577393318359375 0.492175193359375 0.59116710546875
1 0.522007619140625 0.59870546484375 0.507793369140625 0.60811197265625 0.5032964375 0.647339046875 0.51196848046875 0.69088235546875 0.525952091796875 0.724331712890625 0.53677436328125 0.76457765625 0.560980294921875 0.7848758671875 0.578686130859375 0.780414076171875 0.598777193359375 0.756815984375 0.61411143359375 0.68245716796875 0.621028296875 0.62938019140625 0.62320379296875 0.56761440234375 0.61706728515625 0.568197671875 0.600648734375 0.586107560546875 0.572995259765625 0.61482896484375 0.5564556953125 0.618628994140625 0.536204349609375 0.61007586328125 0.522007619140625 0.59870546484375
1 0.6552734375 0.5869140625 0.01171875 0.013671875
0 0.781398314453125 0.577651791015625 0.78997771484375 0.51943959765625 0.7688719765625 0.483948466796875 0.721347177734375 0.497536708984375 0.687188220703125 0.50431480859375 0.66796062109375 0.51266010546875 0.66493500390625 0.51821664453125 0.67313076171875 0.55847753515625 0.672161169921875 0.583761984375 0.653207283203125 0.606120236328125 0.6526708203125 0.62125506640625 0.7089051484375 0.6250521015625 0.7236643203125 0.643872986328125 0.7450979375 0.655005162109375 0.763517212890625 0.631368384765625 0.781398314453125 0.577651791015625
1 0.6630859375 0.3828125 0.015625 0.02734375
1 0.6572265625 0.4091796875 0.005859375 0.0078125
1 0.71319746484375 0.4117574140625 0.703959537109375 0.374624580078125 0.696986322265625 0.358004396484375 0.674043240234375 0.35551438671875 0.6744895546875 0.377306791015625 0.660907626953125 0.4164086953125 0.63908622265625 0.441110013671875 0.6335930390625 0.471228275390625 0.642039814453125 0.4712707109375 0.668088576171875 0.473525478515625 0.690216943359375 0.50493613671875 0.70741892578125 0.500504224609375 0.70814429296875 0.455082904296875 0.71319746484375 0.4117574140625
1 0.7371118125 0.47830558203125 0.75556699609375 0.483907263671875 0.777685291015625 0.472562015625 0.7819545703125 0.450577056640625 0.763291798828125 0.413180396484375 0.750187974609375 0.399542958984375 0.726246607421875 0.40601953515625 0.71886653515625 0.4141884296875 0.712419931640625 0.424356548828125 0.712595640625 0.424964935546875 0.720859798828125 0.4598099453125 0.7371118125 0.47830558203125
1 0.81616138671875 0.334143474609375 0.788914490234375 0.339681359375 0.769649310546875 0.367707220703125 0.76985220703125 0.36663306640625 0.761345638671875 0.405545650390625 0.772559779296875 0.418649310546875 0.790528517578125 0.420761943359375 0.835478609375 0.408383248046875 0.82904794921875 0.345676259765625 0.81616138671875 0.334143474609375
0 0.7176411328125 0.247557845703125 0.69070366796875 0.28131731640625 0.68463134375 0.324591294921875 0.6991275859375 0.35825627734375 0.72499699609375 0.390423193359375 0.75927064453125 0.404951287109375 0.765175634765625 0.40574626171875 0.767511841796875 0.3785360703125 0.785886787109375 0.346794890625 0.821204236328125 0.34434321875 0.8316685859375 0.32278864453125 0.815602416015625 0.2745602734375 0.790844396484375 0.23265269921875 0.767236673828125 0.230739244140625 0.7176411328125 0.247557845703125
1 0.8232421875 0.23828125 0.01171875 0.017578125
1 0.837890625 0.240234375 0.013671875 0.017578125
1 0.8466796875 0.2490234375 0.01171875 0.013671875
1 0.8310546875 0.2763671875 0.015625 0.01953125
1 0.849609375 0.259765625 0.01171875 0.01171875
0 1 0.24667615625 0.936863212890625 0.25092889453125 0.9059865234375 0.26681948046875 0.886400337890625 0.320290076171875 0.894237439453125 0.3566387578125 0.925491814453125 0.371221392578125 0.950385353515625 0.3983463359375 0.9791613984375 0.38840249609375 1 0.392186408203125 1 0.24667615625
1 0.8974609375 0.392578125 0.080078125 0.060546875
1 0.9228515625 0.4287109375 0.080078125 0.052734375
0 0.988517990234375 0.51823246484375 0.95527565625 0.5084123359375 0.92929196484375 0.514762673828125 0.872135796875 0.5195771875 0.85560751953125 0.53145587109375 0.8527961796875 0.586656294921875 0.87491237890625 0.626275333984375 0.9157509453125 0.659934763671875 0.950366884765625 0.670907806640625 0.992562900390625 0.606836908203125 0.9993378515625 0.529398869140625 0.988517990234375 0.51823246484375
1 0.8585953671875 0.528797912109375 0.88134676171875 0.51880435546875 0.907629306640625 0.510340728515625 0.94117167578125 0.50915780859375 0.982148109375 0.484721736328125 0.9730634296875 0.448869021484375 0.957303107421875 0.4481773203125 0.9306633984375 0.454821234375 0.877527306640625 0.475462369140625 0.839962244140625 0.52005421484375 0.848689501953125 0.530850623046875 0.8585953671875 0.528797912109375
1 0.8212890625 0.5615234375 0.01171875 0.013671875
1 0.8310546875 0.5634765625 0.009765625 0.01171875
1 0.8330078125 0.5419921875 0.015625 0.017578125
1 0.8388671875 0.580078125 0.01171875 0.013671875
1 0.974609375 0.4189453125 0.05078125 0.087890625