1 0.05859375 0.4755859375 0.01171875 0.013671875
1 0.076171875 0.4365234375 0.005859375 0.01171875
1 0.1943359375 0.5771484375 0.025390625 0.041015625
0 0.078022482421875 0.489665833984375 0.0858343828125 0.517196822265625 0.10590025390625 0.53484724609375 0.11240696484375 0.56308406640625 0.1321008828125 0.566498107421875 0.17963458203125 0.557873626953125 0.193849404296875 0.5349211640625 0.175093623046875 0.49500996484375 0.146140267578125 0.472940556640625 0.104720357421875 0.46534387109375 0.077369322265625 0.490204654296875 0.078022482421875 0.489665833984375
1 0.10877301171875 0.552272220703125 0.10454609375 0.5305683359375 0.089964669921875 0.517468994140625 0.0827018984375 0.5165387578125 0.069080818359375 0.521724716796875 0.0819611796875 0.576292150390625 0.09423572265625 0.579624021484375 0.10877301171875 0.552272220703125
1 0.05764811328125 0.628535390625 0.067687458984375 0.63667533984375 0.08562161328125 0.63192655078125 0.091496048828125 0.62319203515625 0.0896209296875 0.606671029296875 0.07178207421875 0.578239365234375 0.059364154296875 0.605298892578125 0.05764811328125 0.628535390625
1 0.093094845703125 0.647441548828125 0.08139142578125 0.6315888203125 0.07433941796875 0.635380353515625 0.056021169921875 0.638628888671875 0.05643902734375 0.6412671484375 0.057358595703125 0.6462509921875 0.072219505859375 0.655187015625 0.090423158203125 0.658061291015625 0.093094845703125 0.647441548828125
1 0.0509044765625 0.6941954375 0.0812431953125 0.697298783203125 0.09123654296875 0.68645253125 0.0719144375 0.653800376953125 0.0520292734375 0.6435592265625 0.03330240234375 0.65956464453125 0.033189962890625 0.684416125 0.0509044765625 0.6941954375
0 0.1572265625 0.71484375 0.1015625 0.10546875
1 0.21484375 0.7880859375 0.01171875 0.01171875
1 0.2666015625 0.7685546875 0.08203125 0.123046875
1 0.384765625 0.6787109375 0.046875 0.056640625
1 0.3515625 0.80078125 0.04296875 0.048828125
1 0.4404296875 0.7958984375 0.017578125 0.01953125
0 0.3320123515625 0.760319826171875 0.361179630859375 0.7814791875 0.38572248828125 0.783839052734375 0.415215880859375 0.75926148828125 0.410341267578125 0.730950623046875 0.3978405703125 0.720095966796875 0.37008844140625 0.70656131640625 0.342730361328125 0.693388775390625 0.3279693046875 0.718531357421875 0.32578526171875 0.747322748046875 0.3320123515625 0.760319826171875
1 0.3125 0.724609375 0.0078125 0.0078125
1 0.3046875 0.7802734375 0.0078125 0.01171875
1 0.490234375 0.8115234375 0.013671875 0.015625
1 0.4638671875 0.794921875 0.0078125 0.0078125
1 0.5458984375 0.8349609375 0.015625 0.01953125
1 0.5263671875 0.7392578125 0.015625 0.021484375
1 0.5634765625 0.7333984375 0.009765625 0.013671875
1 0.56640625 0.7529296875 0.009765625 0.01953125
1 0.5751953125 0.75 0.01171875 0.015625
1 0.5859375 0.740234375 0.01171875 0.01171875
1 0.59375 0.8349609375 0.015625 0.015625
1 0.6005859375 0.806640625 0.009765625 0.01171875
1 0.6171875 0.7958984375 0.015625 0.01953125
1 0.62109375 0.7666015625 0.009765625 0.009765625
1 0.6376953125 0.775390625 0.009765625 0.01953125
1 0.662109375 0.7587890625 0.01171875 0.015625
1 0.609375 0.7392578125 0.013671875 0.013671875
1 0.595703125 0.71875 0.005859375 0.0078125
1 0.646484375 0.7880859375 0.005859375 0.005859375
0 0.5325759609375 0.725708173828125 0.5362398671875 0.758108775390625 0.538567595703125 0.757295234375 0.544188091796875 0.756231431640625 0.5580004375 0.73759061328125 0.577393978515625 0.697606189453125 0.58601459375 0.66034117578125 0.569039181640625 0.64743790625 0.527638939453125 0.64471803515625 0.51259898046875 0.656770478515625 0.502290412109375 0.6952725859375 0.510647140625 0.70607695703125 0.5325759609375 0.725708173828125
1 0.2705078125 0.5263671875 0.044921875 0.05859375
1 0.22265625 0.4482421875 0.0078125 0.009765625
1 0.197265625 0.4365234375 0.005859375 0.0078125
1 0.2333984375 0.4501953125 0.0078125 0.0078125
1 0.244140625 0.447265625 0.009765625 0.009765625
1 0.24609375 0.4150390625 0.009765625 0.013671875
1 0.2587890625 0.412109375 0.009765625 0.01953125
0 0.3232421875 0.4384765625 0.087890625 0.09375
1 0.3876953125 0.4931640625 0.0703125 0.09765625
1 0.4267578125 0.34765625 0.015625 0.01953125
1 0.439453125 0.3828125 0.021484375 0.029296875
1 0.4384765625 0.3623046875 0.009765625 0.009765625
1 0.46875 0.3544921875 0.009765625 0.01171875
1 0.3349609375 0.3173828125 0.01171875 0.017578125
1 0.4287109375 0.2919921875 0.013671875 0.017578125
1 0.455078125 0.275390625 0.0234375 0.033203125
1 0.490234375 0.2919921875 0.02734375 0.033203125
1 0.490234375 0.2705078125 0.01171875 0.013671875
1 0.466796875 0.4248046875 0.005859375 0.009765625
1 0.470703125 0.4033203125 0.0078125 0.0078125
0 0.464965640625 0.3885037734375 0.477545162109375 0.41019626953125 0.466568109375 0.436834994140625 0.466788625 0.457379056640625 0.497378232421875 0.48599652734375 0.517524767578125 0.491439771484375 0.54601593359375 0.464111703125 0.551578662109375 0.419209544921875 0.5128940859375 0.370766248046875 0.494844755859375 0.369482873046875 0.4629072421875 0.372752330078125 0.464965640625 0.3885037734375
1 0.5654296875 0.369140625 0.009765625 0.009765625
1 0.62109375 0.380859375 0.013671875 0.01953125
1 0.640625 0.3818359375 0.015625 0.021484375
1 0.69140625 0.4736328125 0.029296875 0.029296875
1 0.556640625 0.5458984375 0.009765625 0.013671875
1 0.4814453125 0.568359375 0.015625 0.01953125
1 0.4267578125 0.5732421875 0.048828125 0.03515625
1 0.6298828125 0.560546875 0.03125 0.037109375
1 0.6708984375 0.5869140625 0.03125 0.037109375
1 0.693359375 0.533203125 0.02734375 0.037109375
1 0.724609375 0.513671875 0.05078125 0.048828125
1 0.7626953125 0.5400390625 0.021484375 0.025390625
1 0.7724609375 0.509765625 0.021484375 0.0234375
1 0.77371644921875 0.6781107578125 0.7785640546875 0.685968978515625 0.7963207109375 0.70710596875 0.820663791015625 0.70882746875 0.847305109375 0.670757609375 0.839287966796875 0.643934564453125 0.790844216796875 0.625297984375 0.76804013671875 0.61649728125 0.766663599609375 0.62963100390625 0.778566296875 0.646061140625 0.779512443359375 0.656935212890625 0.77371644921875 0.6781107578125
0 0.710264287109375 0.629979814453125 0.732887990234375 0.665231228515625 0.750050572265625 0.6790528984375 0.772130751953125 0.6862039765625 0.77925014453125 0.667006521484375 0.778681478515625 0.650128044921875 0.761717341796875 0.6232179375 0.725892685546875 0.6225160859375 0.710264287109375 0.629979814453125
1 0.619827109375 0.6827504140625 0.643898646484375 0.704722287109375 0.659492068359375 0.7213531640625 0.672545537109375 0.74741244140625 0.66651079296875 0.778647427734375 0.654512412109375 0.801586556640625 0.663870275390625 0.833958771484375 0.68570222265625 0.859959552734375 0.700510478515625 0.871299123046875 0.7220608828125 0.8839362109375 0.735119623046875 0.882540630859375 0.743675791015625 0.849223134765625 0.741765962890625 0.80837306640625 0.758869541015625 0.783203962890625 0.7915080078125 0.75393055078125 0.8121591796875 0.7209488359375 0.789754076171875 0.697199404296875 0.765407595703125 0.695135302734375 0.7300497734375 0.69341824609375 0.70282253515625 0.677513755859375 0.6573257578125 0.665467201171875 0.632626755859375 0.6627251796875 0.618011912109375 0.671944814453125 0.616608056640625 0.67625366796875 0.619827109375 0.6827504140625
1 0.765625 0.83203125 0.056640625 0.07421875
1 0.8203125 0.798828125 0.021484375 0.025390625
1 0.875 0.8115234375 0.01171875 0.01171875
1 0.83203125 0.7802734375 0.0078125 0.009765625
1 0.8681640625 0.78125 0.009765625 0.01171875
1 0.8828125 0.765625 0.01171875 0.01171875
1 0.88671875 0.78515625 0.01171875 0.009765625
1 0.9140625 0.783203125 0.025390625 0.029296875
1 0.9150390625 0.828125 0.015625 0.015625
1 0.8935546875 0.822265625 0.013671875 0.013671875
1 0.8955078125 0.927734375 0.0546875 0.0390625
1 0.9775390625 0.8486328125 0.044921875 0.056640625
1 0.9921875 0.68359375 0.015625 0.03515625
1 0.919921875 0.5927734375 0.01171875 0.013671875
0 0.953125 0.591796875 0.07421875 0.087890625
1 0.91796875 0.3779296875 0.041015625 0.0546875
0 0.887200470703125 0.31109404296875 0.837723689453125 0.329087650390625 0.83329514453125 0.344857447265625 0.858301650390625 0.374639947265625 0.873479134765625 0.387071169921875 0.902658947265625 0.394449998046875 0.901648169921875 0.393591515625 0.89827765625 0.35530426171875 0.910695478515625 0.347061916015625 0.907811322265625 0.332127541015625 0.887200470703125 0.31109404296875
1 0.990234375 0.486328125 0.01953125 0.02734375
1 0.8203125 0.296875 0.0546875 0.076171875
1 0.78515625 0.2880859375 0.02734375 0.02734375
1 0.8740234375 0.2294921875 0.021484375 0.0234375
1 0.951171875 0.2138671875 0.015625 0.025390625
1 0.927734375 0.1640625 0.052734375 0.046875
1 0.7392578125 0.3173828125 0.025390625 0.03125
1 0.7001953125 0.318359375 0.009765625 0.013671875
1 0.72265625 0.2412109375 0.01171875 0.01171875
1 0.623046875 0.2392578125 0.041015625 0.05078125
1 0.03515625 0.1044921875 0.0703125 0.083984375
1 0.0205078125 0.20703125 0.041015625 0.171875
1 0.0673828125 0.20703125 0.076171875 0.09375
1 0.1376953125 0.1943359375 0.11328125 0.15234375
1 0.1357421875 0.0693359375 0.029296875 0.029296875
1 0.177734375 0.08203125 0.056640625 0.080078125
1 0.185546875 0.1259765625 0.0234375 0.025390625
1 0.2275390625 0.1708984375 0.12109375 0.134765625
1 0.333984375 0.1640625 0.138671875 0.12890625
1 0.4296875 0.125 0.109375 0.158203125
1 0.5263671875 0.115234375 0.130859375 0.150390625
1 0.6337890625 0.0927734375 0.158203125 0.185546875
1 0.7666015625 0.0849609375 0.166015625 0.169921875
1 0.87109375 0.05859375 0.09765625 0.1171875
1 0.927734375 0.119140625 0.029296875 0.029296875
1 0.9033203125 0.0302734375 0.037109375 0.041015625
1 0.9228515625 0.0634765625 0.033203125 0.052734375
1 0.2109375 0.916015625 0.041015625 0.04296875
0 0.69140625 0.392578125 0.09375 0.103515625
1 0.72265625 0.4462890625 0.017578125 0.021484375
1 0.1552734375 0.6162109375 0.025390625 0.037109375