0 0.28168704296875 0.170518662109375 0.316694095703125 0.155513056640625 0.358415013671875 0.164079455078125 0.38939826953125 0.14827248046875 0.407591265625 0.093799732421875 0.3863691171875 0.060302734375 0.35143440234375 0.03791300390625 0.31143753515625 0.011765091796875 0.285260236328125 0.026387533203125 0.26185137109375 0.0451976640625 0.22870551171875 0.075569435546875 0.230946482421875 0.10076 0.26973771484375 0.1163330078125 0.27567244140625 0.132728859375 0.28168704296875 0.170518662109375
1 0.494509849609375 0.03141162890625 0.494428470703125 0.00738864453125 0.488948869140625 0 0.455364462890625 0.007229275390625 0.425808376953125 0.030991166015625 0.41164671484375 0.043276185546875 0.41136791015625 0.04375542578125 0.41988118359375 0.05715829296875 0.4394847734375 0.087699607421875 0.4580831640625 0.08901186328125 0.461039978515625 0.07639001953125 0.479570552734375 0.0611538359375 0.494509849609375 0.03141162890625
1 0.470703125 0.1484375 0.0595703125 0.0390625
0 0.607421875 0.076171875 0.15625 0.1513671875
0 0.623046875 0.30859375 0.1611328125 0.1533203125
1 0.447265625 0.275390625 0.0595703125 0.0341796875
1 0.4423828125 0.2998046875 0.015625 0.013671875
1 0.46555507421875 0.33472244921875 0.472565828125 0.3104146328125 0.46598156640625 0.2986224140625 0.44428921875 0.306898330078125 0.425540123046875 0.31597222265625 0.453554505859375 0.33631614453125 0.46555507421875 0.33472244921875
1 0.3935546875 0.30078125 0.041015625 0.03125
1 0.41222240234375 0.2598040546875 0.44261640234375 0.23138766796875 0.44256064453125 0.22098795703125 0.43512490234375 0.20446664453125 0.40827094140625 0.18547566796875 0.37754087109375 0.179951986328125 0.32881974609375 0.18192884765625 0.32944215234375 0.21217402734375 0.32944215234375 0.22712198828125 0.347491982421875 0.242702908203125 0.373691888671875 0.2603409375 0.3809678828125 0.280248572265625 0.390302494140625 0.27996148046875 0.41222240234375 0.2598040546875
1 0.296875 0.1845703125 0.037109375 0.0126953125
1 0.2919921875 0.2333984375 0.015625 0.009765625
1 0.3056640625 0.259765625 0.0126953125 0.009765625
1 0.314453125 0.162109375 0.013671875 0.0185546875
1 0.302734375 0.33203125 0.0126953125 0.0126953125
1 0.2587890625 0.3671875 0.0126953125 0.0107421875
0 0.398663556640625 0.33122875 0.37978636328125 0.30759797265625 0.379391517578125 0.27248015234375 0.370970171875 0.260531955078125 0.34380123828125 0.25017971484375 0.325534396484375 0.250551576171875 0.313930181640625 0.26403582421875 0.274490921875 0.26644784375 0.2505199296875 0.2688406484375 0.254427685546875 0.30476887890625 0.27683437109375 0.31672837890625 0.309482904296875 0.3280933515625 0.3177490234375 0.355377197265625 0.32384349609375 0.36364519921875 0.36395791015625 0.363511826171875 0.39378978515625 0.3538083671875 0.398663556640625 0.33122875
1 0.447954341796875 0.45291363671875 0.44295548828125 0.42500926953125 0.433947904296875 0.3912251796875 0.423342857421875 0.385110361328125 0.39945173828125 0.38139512890625 0.361683787109375 0.375837537109375 0.327546296875 0.37094907421875 0.32682291796875 0.371404576171875 0.34118803125 0.41688255078125 0.348735291015625 0.441269486328125 0.36740752734375 0.461163556640625 0.427562572265625 0.485284876953125 0.447954341796875 0.47534744921875 0.447954341796875 0.45291363671875
1 0.4658203125 0.4326171875 0.017578125 0.013671875
1 0.509765625 0.4052734375 0.015625 0.025390625
1 0.5549150625 0.523121021484375 0.5564130625 0.501090720703125 0.546403296875 0.475082962890625 0.529049720703125 0.45757378515625 0.50061939453125 0.45707194140625 0.455593533203125 0.472102412109375 0.441449955078125 0.48010366796875 0.449200666015625 0.49121658984375 0.473186728515625 0.50998376953125 0.49612991796875 0.5116034609375 0.515499916015625 0.5162421328125 0.5298469453125 0.53239158203125 0.552226501953125 0.5352715390625 0.5549150625 0.523121021484375
1 0.4794921875 0.5205078125 0.087890625 0.021484375
1 0.5224609375 0.5361328125 0.0234375 0.013671875
1 0.5009765625 0.5693359375 0.009765625 0.0107421875
1 0.529296875 0.6005859375 0.017578125 0.015625
0 0.6572265625 0.521484375 0.181640625 0.146484375
0 0.41906286328125 0.54119873046875 0.4049238046875 0.52179859375 0.378552095703125 0.502506962890625 0.34563229296875 0.489180953125 0.2947530859375 0.49508101953125 0.28481113671875 0.526635064453125 0.292849693359375 0.551667390625 0.3107759453125 0.572979962890625 0.33510561328125 0.5852955 0.37023172265625 0.6046843359375 0.41089922265625 0.58994321484375 0.422818408203125 0.55562337109375 0.41906286328125 0.54119873046875
1 0.39073651953125 0.52449883203125 0.447758427734375 0.566886619140625 0.481174044921875 0.5491174765625 0.45351532421875 0.535176595703125 0.425490390625 0.519423873046875 0.39361496875 0.49216150390625 0.36151951953125 0.473220259765625 0.341435185546875 0.41666666796875 0.34175769140625 0.417392306640625 0.33969907421875 0.41229248046875 0.31951075390625 0.436020462890625 0.32504159375 0.45201393359375 0.34256998828125 0.475935193359375 0.3670051484375 0.501476146484375 0.39073651953125 0.52449883203125
1 0.5048828125 0.63671875 0.013671875 0.0126953125
1 0.611328125 0.650390625 0.021484375 0.0234375
0 0.71617597265625 0.767913818359375 0.73169548046875 0.756613271484375 0.721631462890625 0.71602037109375 0.69186891015625 0.68094776171875 0.65438277734375 0.64852340234375 0.624585564453125 0.639084427734375 0.6206205390625 0.65823590234375 0.59879105078125 0.66333233984375 0.5778959296875 0.66216362890625 0.5582441171875 0.68944069140625 0.54958164453125 0.71229609765625 0.529111509765625 0.72380235546875 0.530089578125 0.72475405078125 0.554380064453125 0.737332943359375 0.5820327578125 0.75767460546875 0.5787956328125 0.780901873046875 0.56970666796875 0.799615931640625 0.573368779296875 0.80945728515625 0.62471667578125 0.79647601171875 0.68733874609375 0.780014603515625 0.71617597265625 0.767913818359375
1 0.546755943359375 0.6686559609375 0.495037314453125 0.680926287109375 0.43857602734375 0.69556568359375 0.42263002734375 0.70800555078125 0.44655430078125 0.72298403125 0.48763322265625 0.7352396640625 0.518403982421875 0.749525283203125 0.535686728515625 0.722806576171875 0.54641233984375 0.71838152734375 0.5615550859375 0.69106942578125 0.564799744140625 0.6679167578125 0.546755943359375 0.6686559609375
1 0.54329879296875 0.64723262109375 0.528134947265625 0.64862060546875 0.49465151171875 0.667913365234375 0.47176601953125 0.678385763671875 0.50022153515625 0.68083134375 0.529797212890625 0.682185419921875 0.5435323828125 0.671296296875 0.552490234375 0.651879205078125 0.54329879296875 0.64723262109375
0 0.433474693359375 0.719910798828125 0.388474453125 0.72128521875 0.3621976875 0.73069028515625 0.342441888671875 0.747370966796875 0.307178638671875 0.759166576171875 0.278163580078125 0.787326388671875 0.323490849609375 0.82133201171875 0.36116837890625 0.816006130859375 0.373462818359375 0.811854609375 0.40761236328125 0.80125370703125 0.45665599609375 0.77920758203125 0.466153369140625 0.755476208984375 0.433474693359375 0.719910798828125
1 0.559879255859375 0.856925681640625 0.571596498046875 0.83313101171875 0.5566722734375 0.81449268359375 0.531476056640625 0.794521755859375 0.50319040625 0.764715123046875 0.47667401953125 0.768208822265625 0.461427287109375 0.797062626953125 0.4559793359375 0.830664740234375 0.4733133203125 0.84942287890625 0.48084400390625 0.878120705078125 0.50551426171875 0.87628851953125 0.559879255859375 0.856925681640625
1 0.40901240625 0.807220458984375 0.404987099609375 0.82796562890625 0.399905357421875 0.835113525390625 0.3695671171875 0.8219028046875 0.331790123046875 0.81684027734375 0.36591254296875 0.863250732421875 0.40647304296875 0.90966796875 0.437350802734375 0.93316650390625 0.4768835 0.9076662421875 0.47913200390625 0.85408980859375 0.473430869140625 0.82991988671875 0.43167679296875 0.80683390234375 0.40901240625 0.807220458984375
0 0.440899884765625 1 0.474674177734375 0.99493747265625 0.46979588671875 0.959364150390625 0.42511966015625 0.93693259765625 0.384113076171875 0.914042154296875 0.325664001953125 0.900375931640625 0.304844232421875 0.92487815625 0.29566183203125 0.97336267578125 0.294710888671875 0.9735977734375 0.32164773828125 1 0.440899884765625 1
1 0.505859375 0.955078125 0.0234375 0.0126953125
1 0.5146484375 0.990234375 0.0283203125 0.015625
1 0.5556640625 0.912109375 0.0126953125 0.013671875
1 0.5595703125 0.9384765625 0.0107421875 0.0126953125
1 0.630859375 0.916015625 0.0283203125 0.03125
1 0.712890625 0.9013671875 0.0908203125 0.0595703125
0 0.7402328671875 1 0.75662947265625 0.96830919140625 0.75234194140625 0.93530838671875 0.723983953125 0.92423050390625 0.684888298828125 0.9251641171875 0.6589973359375 0.92261646484375 0.6269666875 0.930517126953125 0.62112991796875 0.954636185546875 0.6238109453125 0.979506880859375 0.645982529296875 1 0.649701908203125 1 0.684681833984375 1 0.7402328671875 1
1 0.6357421875 0.8388671875 0.009765625 0.0078125
1 0.6552734375 0.8564453125 0.0107421875 0.009765625
1 0.4892578125 0.611328125 0.009765625 0.005859375
1 0.380859375 0.642578125 0.015625 0.009765625
1 0.451171875 0.1845703125 0.0126953125 0.0078125
1 0.453125 0.1162109375 0.013671875 0.0126953125