1 0.8603515625 0.474609375 0.05078125 0.04296875
0 0.9365234375 0.43359375 0.126953125 0.16796875
1 0.9228515625 0.607421875 0.078125 0.078125
1 0.9208984375 0.697265625 0.01953125 0.03125
0 0.8623046875 0.7041015625 0.140625 0.181640625
1 0.755859375 0.6484375 0.044921875 0.056640625
1 0.771484375 0.703125 0.01171875 0.01171875
1 0.6904296875 0.6064453125 0.01171875 0.013671875
0 0.6298828125 0.662109375 0.154296875 0.205078125
1 0.8955078125 0.55078125 0.013671875 0.01171875
1 0.8505859375 0.5390625 0.01171875 0.01171875
1 0.8310546875 0.5341796875 0.013671875 0.01171875
1 0.802734375 0.537109375 0.01171875 0.01171875
1 0.783203125 0.5146484375 0.01171875 0.013671875
1 0.732421875 0.5439453125 0.0078125 0.01171875
1 0.728515625 0.5546875 0.0078125 0.01171875
1 0.724609375 0.5341796875 0.0078125 0.01171875
1 0.615234375 0.515625 0.013671875 0.01171875
1 0.658203125 0.53515625 0.009765625 0.015625
1 0.6044921875 0.482421875 0.017578125 0.0234375
1 0.5615234375 0.5205078125 0.052734375 0.060546875
1 0.6005859375 0.5380859375 0.005859375 0.0078125
1 0.5380859375 0.4599609375 0.015625 0.01953125
1 0.501953125 0.4541015625 0.0078125 0.0078125
1 0.4716796875 0.6474609375 0.013671875 0.017578125
0 0.4228515625 0.634765625 0.162109375 0.2109375
1 0.310546875 0.6123046875 0.123046875 0.115234375
1 0.357421875 0.505859375 0.041015625 0.052734375
1 0.3916015625 0.484375 0.015625 0.015625
1 0.3525390625 0.4619140625 0.03515625 0.03125
1 0.2734375 0.4365234375 0.064453125 0.08203125
1 0.2705078125 0.4130859375 0.02734375 0.021484375
1 0.2509765625 0.39453125 0.0390625 0.033203125
1 0.220703125 0.3876953125 0.015625 0.021484375
0 0.3251953125 0.29296875 0.146484375 0.15625
1 0.2353515625 0.224609375 0.064453125 0.056640625
0 0.1123046875 0.2607421875 0.171875 0.205078125
1 0.1474609375 0.4189453125 0.0859375 0.056640625
1 0.0751953125 0.39453125 0.048828125 0.0625
1 0.0400390625 0.3896484375 0.013671875 0.015625
0 0.0498046875 0.53515625 0.099609375 0.16015625
1 0.0009765625 0.486328125 0.001953125 0.01171875
1 0.0166015625 0.5068359375 0.017578125 0.025390625
1 0.0908203125 0.5576171875 0.01171875 0.01171875
0 0.220703125 0.5498046875 0.130859375 0.15625
1 0.2265625 0.5126953125 0.013671875 0.01171875
1 0.326171875 0.55078125 0.013671875 0.017578125
1 0.3076171875 0.55859375 0.01953125 0.021484375
1 0.74609375 0.7138671875 0.0078125 0.009765625
0 0.72265625 0.44921875 0.029296875 0.03515625
0 0.5 0.3212890625 0.166015625 0.2109375
1 0.5810546875 0.349609375 0.06640625 0.1171875
0 0.7412109375 0.3583984375 0.16015625 0.173828125