0 0.0771484375 0.2265625 0.095703125 0.15625
1 0.12890625 0.2646484375 0.015625 0.0234375
1 0.0537109375 0.400390625 0.09765625 0.091796875
1 0.0380859375 0.4140625 0.0234375 0.01953125
1 0.109375 0.591796875 0.037109375 0.0390625
1 0.1650390625 0.537109375 0.015625 0.017578125
0 0.28022252734375 0.48974987890625 0.217665619140625 0.495021666015625 0.178655642578125 0.507596193359375 0.166809951171875 0.549200302734375 0.141737412109375 0.577398986328125 0.1313147109375 0.620184423828125 0.148614720703125 0.63844391796875 0.189653068359375 0.6674448828125 0.22771819140625 0.688721064453125 0.25600858203125 0.6702184609375 0.275426623046875 0.636066638671875 0.291822859375 0.602024712890625 0.2936339296875 0.5651967890625 0.287968576171875 0.526430287109375 0.28022252734375 0.48974987890625
1 0.3623046875 0.548828125 0.09765625 0.126953125
0 0.287109375 0.3037109375 0.158203125 0.181640625
1 0.2060546875 0.3037109375 0.01953125 0.021484375
1 0.255859375 0.453125 0.015625 0.017578125
0 0.4453125 0.6396484375 0.14453125 0.19921875
1 0.576171875 0.609375 0.017578125 0.01953125
1 0.556640625 0.6015625 0.0078125 0.013671875
1 0.482421875 0.4912109375 0.015625 0.015625
1 0.533203125 0.4677734375 0.0078125 0.013671875
1 0.591796875 0.482421875 0.015625 0.017578125
1 0.57421875 0.5009765625 0.009765625 0.01171875
1 0.5625 0.537109375 0.125 0.10546875
1 0.6396484375 0.4921875 0.0078125 0.013671875
1 0.70703125 0.5458984375 0.029296875 0.041015625
1 0.73046875 0.5546875 0.01953125 0.015625
0 0.703125 0.654296875 0.189453125 0.20703125
1 0.8017578125 0.51171875 0.16796875 0.208984375
1 0.876953125 0.5458984375 0.025390625 0.025390625
1 0.8603515625 0.5595703125 0.01171875 0.013671875
0 0.9033203125 0.66796875 0.173828125 0.19140625
1 0.9951171875 0.44140625 0.009765625 0.015625
0 0.8645035390625 0.341654482421875 0.8547039453125 0.3739479453125 0.8430681328125 0.394296615234375 0.843329486328125 0.408214771484375 0.852232083984375 0.419769677734375 0.867988640625 0.434560755859375 0.8907392578125 0.45203426171875 0.91233845703125 0.467387287109375 0.934091765625 0.476958505859375 0.965541244140625 0.460544244140625 0.986223369140625 0.44279914453125 0.990322431640625 0.4275778359375 0.99403226171875 0.39603927734375 0.9927273125 0.361079263671875 0.988001080078125 0.336006115234375 0.963686462890625 0.310622224609375 0.9418628515625 0.296014666015625 0.924463181640625 0.2844366953125 0.92434307421875 0.285195962890625 0.9055716640625 0.29267766015625 0.88255433984375 0.312640037109375 0.8645035390625 0.341654482421875
1 0.80078125 0.306640625 0.033203125 0.0390625
1 0.7060546875 0.291015625 0.080078125 0.119140625
1 0.3974609375 0.2939453125 0.123046875 0.212890625
0 0.5048828125 0.30859375 0.162109375 0.212890625