0 0.392578125 0.6357421875 0.0986328125 0.140625
1 0.228515625 0.580078125 0.0283203125 0.0419921875
1 0.248046875 0.5908203125 0.009765625 0.0078125
1 0.376953125 0.4658203125 0.0107421875 0.0107421875
1 0.38671875 0.453125 0.009765625 0.013671875
1 0.396484375 0.4912109375 0.0107421875 0.013671875
1 0.4091796875 0.490234375 0.009765625 0.017578125
1 0.4052734375 0.541015625 0.009765625 0.0126953125
1 0.470703125 0.541015625 0.0126953125 0.0185546875
1 0.4541015625 0.482421875 0.005859375 0.009765625
1 0.427734375 0.466796875 0.0126953125 0.015625
0 0.353515625 0.2890625 0.087890625 0.099609375
1 0.533203125 0.5380859375 0.017578125 0.015625
1 0.560546875 0.5087890625 0.0107421875 0.017578125
1 0.625 0.5693359375 0.0107421875 0.009765625
1 0.5849609375 0.50390625 0.0234375 0.0126953125
1 0.6484375 0.5283203125 0.013671875 0.0185546875
1 0.7197265625 0.5234375 0.0107421875 0.017578125
0 0.67708333203125 0.527160494140625 0.64645182421875 0.57189549609375 0.6346155234375 0.6000638984375 0.628494828125 0.64033805859375 0.64204644140625 0.6639383203125 0.686153609375 0.68624373046875 0.755398220703125 0.683608216796875 0.7690954140625 0.646954572265625 0.75635579296875 0.594815779296875 0.732602720703125 0.55468508984375 0.715917064453125 0.54772979296875 0.67708333203125 0.527160494140625
1 0.5458984375 0.2744140625 0.0126953125 0.015625
1 0.728515625 0.3369140625 0.0205078125 0.0234375
0 0.615351923828125 0.420722951171875 0.64936985546875 0.431454421875 0.69367283984375 0.420096021484375 0.70415280078125 0.41044828125 0.717532310546875 0.33260861328125 0.728518638671875 0.286006890625 0.70692977734375 0.25740392578125 0.68225148046875 0.22493757421875 0.64692644140625 0.211403677734375 0.60164387890625 0.23393293359375 0.568011751953125 0.273955921875 0.5642642421875 0.343191390625 0.578143083984375 0.37942869140625 0.615351923828125 0.420722951171875
1 0.7626953125 0.35546875 0.0126953125 0.0205078125
0 0.8828125 0.326171875 0.115234375 0.140625
1 0.802734375 0.1953125 0.025390625 0.0341796875
1 0.845703125 0.1669921875 0.013671875 0.0205078125
1 0.884765625 0.212890625 0.015625 0.0126953125
1 0.9638671875 0.181640625 0.017578125 0.0205078125
0 0.9140625 0.59375 0.138671875 0.1484375
1 0.2763671875 0.900390625 0.0234375 0.0263671875
1 0.2255859375 0.943359375 0.025390625 0.0390625