0 0.6572265625 0.974609375 0.099609375 0.046875
1 0.595703125 0.9453125 0.0234375 0.021484375
1 0.5869140625 0.8759765625 0.009765625 0.009765625
1 0.59375 0.8642578125 0.015625 0.013671875
0 0.6474609375 0.796875 0.173828125 0.130859375
1 0.619140625 0.71484375 0.015625 0.009765625
1 0.4853515625 0.646484375 0.01953125 0.015625
0 0.6484375 0.5830078125 0.1953125 0.130859375
1 0.583984375 0.51953125 0.01171875 0.009765625
1 0.4951171875 0.4755859375 0.1875 0.119140625
1 0.458984375 0.53125 0.013671875 0.009765625
1 0.5341796875 0.330078125 0.044921875 0.056640625
0 0.6416015625 0.37109375 0.1171875 0.125
1 0.4833984375 0.2607421875 0.009765625 0.009765625
1 0.494140625 0.251953125 0.01171875 0.005859375
1 0.474609375 0.2236328125 0.009765625 0.013671875
0 0.6240234375 0.16015625 0.130859375 0.109375
1 0.4501953125 0.1630859375 0.015625 0.017578125
1 0.48046875 0.123046875 0.138671875 0.109375
1 0.396484375 0.05859375 0.134765625 0.115234375
0 0.333984375 0.1630859375 0.138671875 0.1328125
1 0.2431640625 0.1376953125 0.029296875 0.017578125
0 0.333984375 0.3671875 0.16796875 0.115234375
1 0.3134765625 0.310546875 0.013671875 0.009765625
0 0.34375 0.6025390625 0.16015625 0.10546875
1 0.3017578125 0.548828125 0.021484375 0.009765625
1 0.3583984375 0.6396484375 0.009765625 0.009765625
1 0.4482421875 0.6201171875 0.0234375 0.017578125
1 0.4541015625 0.6513671875 0.021484375 0.009765625
1 0.458984375 0.6865234375 0.013671875 0.009765625
1 0.4521484375 0.7646484375 0.017578125 0.009765625
0 0.337890625 0.826171875 0.1484375 0.130859375
1 0.4697265625 0.8818359375 0.04296875 0.021484375
1 0.4853515625 0.986328125 0.009765625 0.02734375
1 0.4677734375 0.9541015625 0.009765625 0.009765625
1 0.56573965625 0.421855107421875 0.5934385859375 0.415022998046875 0.58142932421875 0.392609994140625 0.554343380859375 0.37877690234375 0.58141890234375 0.359026685546875 0.574213890625 0.3445910859375 0.5537276171875 0.358611328125 0.531441955078125 0.37955648046875 0.525673970703125 0.39986852734375 0.540528994140625 0.4205565234375 0.56573965625 0.421855107421875