0 0.0908203125 0.20703125 0.1328125 0.17578125
1 0.02734375 0.3486328125 0.03125 0.037109375
1 0.2412109375 0.25 0.01171875 0.01953125
0 0.3037109375 0.248046875 0.138671875 0.173828125
1 0.1943359375 0.349609375 0.033203125 0.052734375
1 0.1240234375 0.3603515625 0.111328125 0.06640625
0 0.5859375 0.2236328125 0.078125 0.109375
0 0.2763671875 0.53125 0.119140625 0.150390625
0 0.05859375 0.5341796875 0.1015625 0.150390625
1 0.1416015625 0.5478515625 0.08203125 0.123046875
1 0.20703125 0.6591796875 0.017578125 0.021484375
1 0.314453125 0.6435546875 0.013671875 0.017578125
1 0.5068359375 0.9892578125 0.029296875 0.021484375
1 0.4560546875 0.5068359375 0.0234375 0.0234375
0 0.5439453125 0.6513671875 0.087890625 0.12890625
1 0.611328125 0.7685546875 0.029296875 0.046875
1 0.5078125 0.4892578125 0.017578125 0.01953125
1 0.5458984375 0.474609375 0.044921875 0.0703125
1 0.54296875 0.5146484375 0.01171875 0.01171875
1 0.642578125 0.4453125 0.068359375 0.0859375
1 0.7470703125 0.41015625 0.037109375 0.044921875
1 0.8154296875 0.505859375 0.041015625 0.048828125
1 0.7109375 0.287109375 0.013671875 0.01953125
1 0.7099609375 0.32421875 0.013671875 0.01953125
1 0.822265625 0.3447265625 0.046875 0.056640625
1 0.7529296875 0.4658203125 0.02734375 0.03125
1 0.7578125 0.5966796875 0.017578125 0.01953125
1 0.7373046875 0.666015625 0.029296875 0.033203125
1 0.685546875 0.689453125 0.015625 0.01953125
1 0.65234375 0.6103515625 0.017578125 0.02734375
1 0.7509765625 0.9013671875 0.044921875 0.048828125
1 0.1767578125 0.1796875 0.01171875 0.01953125
1 0.3564453125 0.3896484375 0.015625 0.021484375