0 0.54974151171875 0.144135724609375 0.548774330078125 0.1718321953125 0.56334123046875 0.199425341796875 0.59053683203125 0.204749625 0.620848853515625 0.19838672265625 0.645319986328125 0.173126052734375 0.666052556640625 0.154827140625 0.649192708984375 0.126222001953125 0.622036421875 0.108760396484375 0.581519126953125 0.096321939453125 0.5590754140625 0.090643353515625 0.552392416015625 0.118142482421875 0.54974151171875 0.144135724609375
0 0.591796875 0.3837890625 0.146484375 0.125
0 0.2998046875 0.154296875 0.197265625 0.140625
1 0.3642578125 0.0859375 0.009765625 0.0078125
1 0.322265625 0.240234375 0.015625 0.005859375
1 0.373046875 0.412109375 0.009765625 0.009765625
0 0.36677711328125 0.309110986328125 0.32068813671875 0.29614771875 0.28531321875 0.302184533203125 0.23416850390625 0.331570306640625 0.225229111328125 0.371908576171875 0.244860875 0.410912515625 0.290872982421875 0.425213296875 0.334581095703125 0.42763421484375 0.360806857421875 0.41716004296875 0.377779349609375 0.38562528125 0.38946481640625 0.35664170703125 0.39227590234375 0.32955928125 0.36677711328125 0.309110986328125
1 0.30078125 0.458984375 0.029296875 0.01953125
1 0.3427734375 0.4716796875 0.013671875 0.009765625
0 0.3037109375 0.5673828125 0.2265625 0.150390625
0 0.2841796875 0.7939453125 0.1796875 0.140625
1 0.427734375 0.85546875 0.068359375 0.083984375
1 0.4208984375 0.9267578125 0.015625 0.013671875
0 0.3076171875 0.9482421875 0.138671875 0.091796875
0 0.5712890625 0.9638671875 0.119140625 0.072265625
0 0.587890625 0.80859375 0.208984375 0.169921875
1 0.537109375 0.70703125 0.005859375 0.0078125
1 0.4775390625 0.7509765625 0.013671875 0.015625
0 0.5966796875 0.587890625 0.193359375 0.14453125
1 0.466796875 0.294921875 0.013671875 0.013671875
1 0.49609375 0.341796875 0.009765625 0.009765625
1 0.912109375 0.8134765625 0.01953125 0.013671875