0 0.228515625 0.28125 0.1953125 0.212890625
1 0.275390625 0.4658203125 0.15625 0.166015625
1 0.125 0.4306640625 0.01171875 0.013671875
1 0.138671875 0.4306640625 0.015625 0.009765625
0 0.119140625 0.6025390625 0.1953125 0.23828125
0 0.359375 0.634765625 0.16796875 0.205078125
1 0.4482421875 0.5546875 0.044921875 0.037109375
1 0.5224609375 0.509765625 0.009765625 0.017578125
1 0.572265625 0.5146484375 0.025390625 0.03515625
1 0.5615234375 0.544921875 0.021484375 0.01953125
0 0.4501953125 0.3271484375 0.181640625 0.203125
0 0.6630859375 0.3984375 0.205078125 0.265625
1 0.654296875 0.5439453125 0.0234375 0.01953125
1 0.5966796875 0.53125 0.01953125 0.017578125
0 0.6259765625 0.7265625 0.173828125 0.212890625
0 0.8466796875 0.783203125 0.2109375 0.248046875
1 0.818359375 0.5947265625 0.03515625 0.041015625
1 0.83984375 0.6171875 0.021484375 0.01953125
1 0.9267578125 0.6044921875 0.02734375 0.033203125
0 0.896484375 0.45703125 0.20703125 0.255859375