0 0.169921875 0.46875 0.158203125 0.203125
1 0.271484375 0.5771484375 0.078125 0.115234375
1 0.11328125 0.771484375 0.015625 0.017578125
1 0.146484375 0.765625 0.01171875 0.01171875
1 0.2314453125 0.8701171875 0.03125 0.03515625
0 0.2109375 0.7353515625 0.146484375 0.177734375
1 0.310546875 0.7890625 0.01171875 0.017578125
1 0.33984375 0.748046875 0.015625 0.01953125
1 0.3505859375 0.7392578125 0.015625 0.017578125
1 0.3642578125 0.7294921875 0.01171875 0.015625
1 0.3271484375 0.7138671875 0.01171875 0.013671875
1 0.375 0.72265625 0.01171875 0.015625
1 0.40625 0.6787109375 0.025390625 0.033203125
0 0.42228377734375 0.7467875703125 0.44431219921875 0.74119907421875 0.46308374609375 0.724440330078125 0.4676336953125 0.69935791015625 0.46131695703125 0.67240262890625 0.4456450078125 0.652754236328125 0.427325404296875 0.64876252734375 0.419194298828125 0.65221704296875 0.411396048828125 0.664742408203125 0.408629294921875 0.682718900390625 0.393802853515625 0.706768791015625 0.408269734375 0.73097191015625 0.42228377734375 0.7467875703125
1 0.5693359375 0.548828125 0.009765625 0.01171875
1 0.5712890625 0.6689453125 0.025390625 0.025390625
1 0.599609375 0.6875 0.01171875 0.017578125
1 0.6123046875 0.6904296875 0.01171875 0.013671875
0 0.3984375 0.42578125 0.140625 0.197265625
1 0.326171875 0.447265625 0.009765625 0.013671875
1 0.46484375 0.392578125 0.01953125 0.02734375
1 0.509765625 0.4296875 0.01171875 0.01171875
1 0.5537109375 0.52734375 0.109375 0.15625
0 0.609375 0.3935546875 0.0625 0.11328125
1 0.6484375 0.501953125 0.12109375 0.130859375
0 0.72223892578125 0.66584369140625 0.720604470703125 0.634505197265625 0.708707865234375 0.594484138671875 0.695206283203125 0.570062103515625 0.6679988125 0.56551822265625 0.621229611328125 0.55463135546875 0.618002390625 0.559084123046875 0.594599748046875 0.586765630859375 0.58414046484375 0.6287184609375 0.59210618359375 0.654335771484375 0.609057140625 0.675860041015625 0.630437140625 0.707219345703125 0.64633087109375 0.721033361328125 0.676180380859375 0.7201096875 0.70179594140625 0.693546919921875 0.72223892578125 0.66584369140625
1 0.8017578125 0.51953125 0.068359375 0.08984375
0 0.8662109375 0.634765625 0.15234375 0.1796875
1 0.9384765625 0.6298828125 0.021484375 0.0234375
1 0.75 0.494140625 0.01171875 0.013671875
1 0.72265625 0.48828125 0.01171875 0.017578125
1 0.78515625 0.46484375 0.0078125 0.013671875
1 0.8505859375 0.4765625 0.01171875 0.01171875
1 0.83203125 0.4853515625 0.013671875 0.01171875
1 0.8701171875 0.474609375 0.009765625 0.017578125
1 0.8828125 0.4716796875 0.0078125 0.013671875
1 0.958984375 0.462890625 0.015625 0.01953125
1 0.958984375 0.4443359375 0.01171875 0.01953125
1 0.9755859375 0.451171875 0.01171875 0.01171875
1 0.947265625 0.4560546875 0.0078125 0.013671875
1 0.916015625 0.373046875 0.015625 0.0234375
0 0.95703125 0.34375 0.0546875 0.048828125
0 0.7900390625 0.3330078125 0.083984375 0.087890625
0 0.9755859375 0.626953125 0.048828125 0.15625
1 0.947265625 0.5771484375 0.01171875 0.013671875
1 0.9658203125 0.48828125 0.01171875 0.01171875
1 0.0537109375 0.638671875 0.015625 0.0234375