0 0.0947265625 0.41796875 0.130859375 0.1953125
1 0.16796875 0.4609375 0.013671875 0.013671875
1 0.23046875 0.5205078125 0.01953125 0.01953125
1 0.1416015625 0.5634765625 0.01171875 0.03125
1 0.07421875 0.5556640625 0.029296875 0.03515625
0 0.1171875 0.6943359375 0.162109375 0.193359375
0 0.3134765625 0.6962890625 0.140625 0.1796875
0 0.2998046875 0.38671875 0.12109375 0.142578125
1 0.455078125 0.634765625 0.025390625 0.04296875
1 0.4033203125 0.6748046875 0.01171875 0.015625
0 0.5537109375 0.6708984375 0.123046875 0.1640625
1 0.701171875 0.69140625 0.01171875 0.021484375
0 0.6806240078125 0.66407205078125 0.69745941796875 0.68149892578125 0.721144279296875 0.71213540625 0.758717900390625 0.7221720546875 0.784137087890625 0.709593341796875 0.7968381171875 0.6877733515625 0.792654498046875 0.64390113671875 0.77676186328125 0.6060310859375 0.75505953125 0.606562130859375 0.714297599609375 0.63595489453125 0.6806240078125 0.66407205078125
0 0.9423828125 0.650390625 0.115234375 0.15625
0 0.943359375 0.365234375 0.107421875 0.158203125
1 0.8779296875 0.482421875 0.0234375 0.01953125
0 0.779296875 0.392578125 0.1484375 0.181640625
1 0.75 0.5224609375 0.017578125 0.01953125
0 0.521484375 0.3759765625 0.1015625 0.12890625