0 0.142578125 0.310546875 0.1171875 0.1591796875
1 0.0693359375 0.3212890625 0.021484375 0.03125
1 0.2041015625 0.306640625 0.013671875 0.021484375
1 0.2353515625 0.31640625 0.0126953125 0.015625
0 0.376953125 0.3037109375 0.1328125 0.1611328125
1 0.5283203125 0.27734375 0.0126953125 0.0126953125
1 0.5107421875 0.228515625 0.009765625 0.0107421875
0 0.59375 0.33203125 0.1298828125 0.138671875
1 0.552734375 0.4521484375 0.068359375 0.060546875
1 0.0595703125 0.51953125 0.029296875 0.025390625
1 0.35546875 0.474609375 0.0888671875 0.125
0 0.0224609375 0.6240234375 0.044921875 0.1376953125
0 0.1884765625 0.623046875 0.1044921875 0.1298828125
0 0.38671875 0.6162109375 0.125 0.1669921875
1 0.4072265625 0.7734375 0.15625 0.1513671875
0 0.603515625 0.62890625 0.138671875 0.1689453125
1 0.5810546875 0.501953125 0.015625 0.021484375
0 0.8291015625 0.6025390625 0.134765625 0.1875
1 0.7763671875 0.4521484375 0.068359375 0.0654296875
1 0.6806640625 0.439453125 0.0126953125 0.015625
1 0.912109375 0.4765625 0.0283203125 0.015625
1 0.8564453125 0.4658203125 0.005859375 0.009765625
0 0.826171875 0.3369140625 0.09375 0.134765625
1 0.7626953125 0.3701171875 0.046875 0.099609375
1 0.904296875 0.357421875 0.0126953125 0.0126953125
1 0.724609375 0.248046875 0.0126953125 0.015625
1 0.677734375 0.2724609375 0.009765625 0.0126953125
1 0.9677734375 0.2587890625 0.0185546875 0.0126953125
1 0.744140625 0.4541015625 0.0107421875 0.0126953125
1 0.91796875 0.677734375 0.015625 0.0185546875
1 1 0.562593771484375 0.97714220703125 0.527650517578125 0.94489555078125 0.503858025390625 0.903537326171875 0.494045513671875 0.886874478515625 0.54049184375 0.88589691015625 0.559562275390625 0.889377169921875 0.596825703125 0.89928445703125 0.61919956640625 0.91114687890625 0.6229263125 0.9271305546875 0.616635587890625 0.93496415234375 0.59471316796875 0.975787880859375 0.594777466796875 1 0.60282707421875 1 0.562593771484375
0 1 0.604938271484375 0.97493991796875 0.58190130859375 0.940247837890625 0.59161737109375 0.930172767578125 0.60353437890625 0.930172767578125 0.649625716796875 0.93867951171875 0.68168751171875 0.95198567578125 0.698274337890625 1 0.69157905859375 1 0.6255157421875 1 0.604938271484375