1 0.9072265625 0.1435546875 0.169921875 0.208984375
1 0.8935546875 0.2607421875 0.03515625 0.02734375
1 0.9404296875 0.28515625 0.009765625 0.009765625
1 0.8984375 0.2890625 0.013671875 0.0078125
1 0.9169921875 0.3505859375 0.16015625 0.1171875
1 0.9248046875 0.556640625 0.150390625 0.3125
1 0.9384765625 0.73828125 0.080078125 0.064453125
1 0.9541015625 0.8251953125 0.091796875 0.072265625
1 0.94140625 0.9228515625 0.1171875 0.126953125
1 0.8330078125 0.873046875 0.13671875 0.123046875
1 0.7958984375 0.9169921875 0.205078125 0.154296875
0 0.591796875 0.046875 0.15625 0.09375
1 0.646484375 0.12109375 0.013671875 0.009765625
1 0.626953125 0.1708984375 0.0078125 0.01171875
1 0.6005859375 0.1572265625 0.005859375 0.009765625
1 0.5927734375 0.1630859375 0.009765625 0.005859375
0 0.625 0.224609375 0.130859375 0.11328125
1 0.7041015625 0.154296875 0.009765625 0.005859375
1 0.708984375 0.2509765625 0.013671875 0.005859375
1 0.6982421875 0.2626953125 0.009765625 0.013671875
1 0.7158203125 0.2666015625 0.009765625 0.009765625
1 0.689453125 0.2880859375 0.009765625 0.00390625
1 0.6904296875 0.2978515625 0.013671875 0.00390625
1 0.7041015625 0.314453125 0.03515625 0.037109375
1 0.6435546875 0.3017578125 0.013671875 0.0078125
1 0.6396484375 0.3095703125 0.013671875 0.009765625
1 0.6337890625 0.3173828125 0.01171875 0.005859375
1 0.416015625 0.1533203125 0.126953125 0.134765625
1 0.423828125 0.0263671875 0.015625 0.015625
1 0.408203125 0.029296875 0.013671875 0.017578125
1 0.458984375 0.0498046875 0.013671875 0.015625
1 0.4560546875 0.08203125 0.021484375 0.01953125
1 0.4091796875 0.0478515625 0.015625 0.015625
0 0.3173828125 0.041015625 0.130859375 0.07421875
1 0.24609375 0.0419921875 0.01953125 0.015625
1 0.3017578125 0.1142578125 0.009765625 0.005859375
1 0.2744140625 0.13671875 0.01171875 0.009765625
0 0.3125 0.220703125 0.14453125 0.12890625
1 0.232421875 0.2841796875 0.009765625 0.009765625
1 0.2041015625 0.3564453125 0.015625 0.013671875
1 0.220703125 0.33984375 0.013671875 0.0078125
1 0.3193359375 0.345703125 0.009765625 0.01171875
1 0.3466796875 0.353515625 0.013671875 0.005859375
1 0.32421875 0.3662109375 0.015625 0.013671875
1 0.26953125 0.349609375 0.013671875 0.013671875
1 0.2001953125 0.4501953125 0.013671875 0.01171875
1 0.3671875 0.4287109375 0.037109375 0.01953125
0 0.3056640625 0.4560546875 0.103515625 0.115234375
1 0.216796875 0.5234375 0.150390625 0.12109375
1 0.2841796875 0.52734375 0.01171875 0.01171875
1 0.3193359375 0.52734375 0.01171875 0.005859375
1 0.3388671875 0.533203125 0.009765625 0.009765625
1 0.34765625 0.544921875 0.009765625 0.013671875
1 0.328125 0.5537109375 0.005859375 0.005859375
1 0.3056640625 0.55859375 0.04296875 0.04296875
1 0.2607421875 0.6201171875 0.015625 0.013671875
1 0.224609375 0.619140625 0.009765625 0.009765625
1 0.2119140625 0.595703125 0.015625 0.013671875
0 0.365234375 0.6279296875 0.130859375 0.103515625
1 0.3037109375 0.607421875 0.01171875 0.005859375
1 0.3212890625 0.671875 0.013671875 0.013671875
1 0.275390625 0.7255859375 0.10546875 0.052734375
1 0.1650390625 0.732421875 0.140625 0.07421875
1 0.1005859375 0.71875 0.01953125 0.009765625
1 0.0439453125 0.712890625 0.078125 0.111328125
1 0.2431640625 0.80078125 0.03515625 0.02734375
1 0.2705078125 0.7568359375 0.005859375 0.005859375
1 0.2529296875 0.763671875 0.0078125 0.005859375
1 0.2822265625 0.7822265625 0.009765625 0.005859375
1 0.263671875 0.8095703125 0.01953125 0.015625
1 0.287109375 0.80859375 0.009765625 0.009765625
1 0.298828125 0.794921875 0.009765625 0.009765625
1 0.2490234375 0.6904296875 0.005859375 0.005859375
1 0.1865234375 0.884765625 0.015625 0.017578125
1 0.2490234375 0.841796875 0.009765625 0.005859375
1 0.2744140625 0.8369140625 0.009765625 0.009765625
1 0.22265625 0.779296875 0.005859375 0.009765625
1 0.255859375 0.8740234375 0.01953125 0.021484375
1 0.234375 0.8701171875 0.013671875 0.013671875
1 0.2451171875 0.8544921875 0.009765625 0.009765625
1 0.21875 0.896484375 0.01171875 0.009765625
1 0.28515625 0.892578125 0.009765625 0.009765625
1 0.2958984375 0.8974609375 0.009765625 0.009765625
1 0.2763671875 0.8994140625 0.013671875 0.013671875
1 0.265625 0.9033203125 0.0078125 0.005859375
1 0.2685546875 0.880859375 0.005859375 0.0078125
1 0.291015625 0.9267578125 0.015625 0.013671875
1 0.318359375 0.9423828125 0.0234375 0.017578125
1 0.328125 0.8935546875 0.0078125 0.0078125
1 0.32421875 0.904296875 0.005859375 0.0078125
1 0.3525390625 0.93359375 0.013671875 0.009765625
0 0.3583984375 0.849609375 0.130859375 0.10546875
1 0.3515625 0.7841796875 0.015625 0.0078125
1 0.341796875 0.75390625 0.009765625 0.005859375
1 0.4736328125 0.8232421875 0.01953125 0.013671875
1 0.4599609375 0.8427734375 0.01171875 0.01171875
1 0.455078125 0.9072265625 0.009765625 0.0078125
1 0.38671875 0.943359375 0.009765625 0.005859375
1 0.380859375 0.9560546875 0.009765625 0.005859375
1 0.470703125 0.8935546875 0.005859375 0.009765625
1 0.529296875 0.8603515625 0.07421875 0.0546875
1 0.5283203125 0.9189453125 0.095703125 0.087890625
1 0.470703125 0.8056640625 0.01171875 0.005859375
1 0.50390625 0.751953125 0.037109375 0.078125
1 0.5263671875 0.9814453125 0.021484375 0.021484375
1 0.6396484375 0.8935546875 0.0078125 0.005859375
1 0.6669921875 0.9501953125 0.017578125 0.03125
0 0.6474609375 0.83203125 0.109375 0.103515625
1 0.7939453125 0.6787109375 0.013671875 0.013671875
1 0.7880859375 0.666015625 0.013671875 0.0078125
1 0.7705078125 0.640625 0.009765625 0.009765625
1 0.728515625 0.646484375 0.013671875 0.013671875
1 0.771484375 0.6728515625 0.01171875 0.0078125
1 0.7734375 0.6884765625 0.015625 0.01953125
1 0.7822265625 0.7109375 0.013671875 0.013671875
1 0.8115234375 0.7568359375 0.021484375 0.015625
1 0.8076171875 0.740234375 0.013671875 0.009765625
1 0.794921875 0.7294921875 0.009765625 0.009765625
1 0.779296875 0.7255859375 0.009765625 0.013671875
1 0.7783203125 0.7412109375 0.0234375 0.01953125
1 0.7587890625 0.75 0.013671875 0.005859375
1 0.7646484375 0.7587890625 0.013671875 0.009765625
1 0.7509765625 0.7783203125 0.015625 0.01171875
1 0.73828125 0.7841796875 0.013671875 0.01171875
1 0.7587890625 0.8173828125 0.013671875 0.01171875
0 0.6494140625 0.609375 0.146484375 0.09375
1 0.607421875 0.5654296875 0.009765625 0.015625
0 0.6337890625 0.421875 0.15625 0.103515625
1 0.814453125 0.4453125 0.0546875 0.048828125
1 0.74609375 0.451171875 0.029296875 0.029296875
1 0.716796875 0.494140625 0.01953125 0.009765625
1 0.703125 0.4892578125 0.0078125 0.009765625
1 0.6376953125 0.5205078125 0.015625 0.01171875
1 0.4306640625 0.3154296875 0.171875 0.099609375
1 0.453125 0.3583984375 0.115234375 0.064453125
1 0.4853515625 0.416015625 0.029296875 0.017578125
1 0.453125 0.4326171875 0.013671875 0.015625
1 0.431640625 0.423828125 0.009765625 0.009765625
1 0.4755859375 0.470703125 0.013671875 0.015625
1 0.478515625 0.48828125 0.015625 0.009765625
1 0.5166015625 0.521484375 0.091796875 0.099609375
1 0.18359375 0.2275390625 0.0234375 0.013671875
1 0.482421875 0.6181640625 0.01171875 0.005859375
1 0.4931640625 0.658203125 0.015625 0.013671875
1 0.634765625 0.5048828125 0.013671875 0.009765625
1 0.6708984375 0.5166015625 0.015625 0.005859375
1 0.587890625 0.58203125 0.009765625 0.0078125
1 0.728515625 0.9169921875 0.015625 0.009765625
1 0.7080078125 0.9169921875 0.01171875 0.005859375
1 0.7001953125 0.890625 0.01171875 0.0078125
1 0.6904296875 0.861328125 0.0078125 0.009765625
1 0.7529296875 0.3994140625 0.013671875 0.013671875
1 0.80078125 0.3662109375 0.009765625 0.005859375
1 0.6943359375 0.3388671875 0.013671875 0.005859375
1 0.6064453125 0.2998046875 0.005859375 0.005859375
1 0.6943359375 0.4794921875 0.009765625 0.005859375
1 0.658203125 0.4921875 0.009765625 0.005859375
1 0.6962890625 0.4619140625 0.005859375 0.005859375
1 0.6865234375 0.4580078125 0.0078125 0.0078125
1 0.7705078125 0.40625 0.0078125 0.005859375
1 0.7158203125 0.6201171875 0.0078125 0.005859375