0 0.982421875 0.6826171875 0.0341796875 0.115234375
0 0.810546875 0.685546875 0.162109375 0.2158203125
1 0.662109375 0.5361328125 0.0419921875 0.0654296875
0 0.5673828125 0.673828125 0.1513671875 0.1953125
0 0.3310546875 0.646484375 0.150390625 0.1875
1 0.36328125 0.529296875 0.0185546875 0.021484375
0 0.0859375 0.6630859375 0.171875 0.1982421875
1 0.08984375 0.4755859375 0.0439453125 0.0439453125
0 0.107421875 0.3125 0.1591796875 0.154296875
1 0.0341796875 0.2685546875 0.0234375 0.03125
0 0.3232421875 0.318359375 0.111328125 0.1689453125
1 0.263671875 0.3896484375 0.0185546875 0.0283203125
1 0.4560546875 0.3994140625 0.09375 0.0625
1 0.513671875 0.3388671875 0.044921875 0.0966796875
0 0.5947265625 0.3203125 0.1201171875 0.1533203125
1 0.5693359375 0.2431640625 0.009765625 0.017578125
0 0.802734375 0.373046875 0.125 0.158203125