0 0.0990609140625 0.39845878515625 0.1257108359375 0.407979615234375 0.151284591796875 0.41333303125 0.17872823828125 0.417189984375 0.2076928828125 0.40558715234375 0.215830712890625 0.3790970703125 0.21267113671875 0.34828599609375 0.19010677734375 0.3213084609375 0.174075251953125 0.29877670703125 0.143864482421875 0.31255414453125 0.123659927734375 0.337736431640625 0.107054400390625 0.376731595703125 0.0990609140625 0.39845878515625
0 0.39453125 0.396484375 0.138671875 0.158203125
0 0.134765625 0.6630859375 0.16015625 0.208984375
1 0.07421875 0.591796875 0.009765625 0.01171875
1 0.2236328125 0.6494140625 0.009765625 0.015625
1 0.3994140625 0.6171875 0.01171875 0.01171875
0 0.345872966796875 0.594944638671875 0.31923273828125 0.58931806640625 0.296231111328125 0.6125397421875 0.278521248046875 0.65702120703125 0.28082730859375 0.692833357421875 0.304706025390625 0.746769546875 0.343888896484375 0.75987646484375 0.384731244140625 0.744429267578125 0.40376326171875 0.70016405859375 0.410739658203125 0.656948439453125 0.403064203125 0.629771494140625 0.37347630078125 0.60959569921875 0.345872966796875 0.594944638671875
1 0.4384765625 0.693359375 0.021484375 0.03125
1 0.4560546875 0.6533203125 0.01171875 0.013671875
0 0.546875 0.7021484375 0.17578125 0.2421875
0 0.7705078125 0.7451171875 0.158203125 0.19140625
1 0.845703125 0.6083984375 0.08984375 0.076171875
1 0.9169921875 0.6240234375 0.015625 0.01953125
0 0.92578125 0.73828125 0.107421875 0.146484375
0 0.9638671875 0.4755859375 0.072265625 0.126953125
0 0.81640625 0.4453125 0.189453125 0.224609375
1 0.7099609375 0.4853515625 0.009765625 0.009765625
1 0.748046875 0.548828125 0.017578125 0.015625
0 0.5966796875 0.4130859375 0.162109375 0.20703125
1 0.2919921875 0.51171875 0.015625 0.015625
1 0.341796875 0.4873046875 0.009765625 0.01171875
1 0.8544921875 0.123046875 0.017578125 0.0234375