1 0.2646484375 0.849609375 0.02734375 0.0234375
0 0.2568359375 0.7392578125 0.177734375 0.13671875
0 0.2685546875 0.599609375 0.20703125 0.16796875
1 0.388671875 0.8994140625 0.03125 0.0234375
1 0.3916015625 0.8759765625 0.0390625 0.03125
1 0.404296875 0.8349609375 0.02734375 0.021484375
1 0.3857421875 0.771484375 0.05859375 0.033203125
1 0.4169921875 0.7265625 0.017578125 0.01171875
1 0.3818359375 0.607421875 0.0234375 0.0234375
1 0.384765625 0.630859375 0.013671875 0.01171875
1 0.390625 0.515625 0.013671875 0.013671875
0 0.2783203125 0.357421875 0.16796875 0.14453125
0 0.322265625 0.1474609375 0.171875 0.140625
1 0.4970703125 0.0166015625 0.044921875 0.033203125
1 0.67578125 0.0283203125 0.025390625 0.021484375
0 0.6220703125 0.171875 0.177734375 0.146484375
0 0.607421875 0.40234375 0.150390625 0.11328125
1 0.451171875 0.4658203125 0.037109375 0.02734375
1 0.4267578125 0.4169921875 0.060546875 0.052734375
1 0.4443359375 0.3583984375 0.03515625 0.044921875
1 0.4716796875 0.328125 0.037109375 0.03125
0 0.572265625 0.6162109375 0.12109375 0.107421875
1 0.5830078125 0.5546875 0.01953125 0.01953125
1 0.5458984375 0.72265625 0.0234375 0.017578125
0 0.556640625 0.8330078125 0.15234375 0.12890625
1 0.5712890625 0.810546875 0.013671875 0.013671875