0 0.7080078125 0.1630859375 0.201171875 0.1591796875
0 0.646484375 0.4091796875 0.21875 0.1640625
1 0.552734375 0.3154296875 0.021484375 0.03125
0 0.685546875 0.671875 0.208984375 0.138671875
0 0.7080078125 0.9013671875 0.208984375 0.197265625
0 0.3515625 0.8828125 0.2294921875 0.2080078125
1 0.40625 0.98828125 0.046875 0.0234375
1 0.505859375 0.927734375 0.015625 0.015625
1 0.4794921875 0.7412109375 0.03125 0.03125
0 0.3525390625 0.6455078125 0.2001953125 0.1875
0 0.359375 0.396484375 0.1748046875 0.142578125
0 0.3740234375 0.158203125 0.1689453125 0.1533203125
1 0.5078125 0.166015625 0.021484375 0.021484375
1 0.4677734375 0.0439453125 0.013671875 0.009765625
1 0.5615234375 0.0625 0.0126953125 0.0126953125