1 0.0205078125 0.44921875 0.041015625 0.06640625
0 0.2367167109375 0.508321939453125 0.2261185703125 0.502191125 0.211340529296875 0.5023363828125 0.17869113671875 0.519061548828125 0.17748005859375 0.5294708359375 0.141970404296875 0.55107303515625 0.13149276171875 0.583789099609375 0.134855720703125 0.625656171875 0.14617638671875 0.639130357421875 0.187541443359375 0.644635005859375 0.20910126171875 0.63230995703125 0.230071642578125 0.6064563984375 0.24175180859375 0.579797203125 0.24485622265625 0.528083900390625 0.2367167109375 0.508321939453125
1 0.1708984375 0.521484375 0.01953125 0.021484375
1 0.2421875 0.373046875 0.0234375 0.025390625
0 0.18846684375 0.2609333828125 0.16387576171875 0.306465505859375 0.1456152578125 0.36413546875 0.165758177734375 0.3785846171875 0.220706642578125 0.394788173828125 0.232536314453125 0.3691854453125 0.24510737890625 0.363881783203125 0.265274978515625 0.377707431640625 0.28096034375 0.370207126953125 0.284176439453125 0.332195177734375 0.266683421875 0.292890921875 0.2363370625 0.255507146484375 0.18846684375 0.2609333828125
1 0.2890625 0.4453125 0.076171875 0.076171875
1 0.2099609375 0.4501953125 0.01953125 0.017578125
1 0.189453125 0.451171875 0.01171875 0.017578125
1 0.3173828125 0.4873046875 0.015625 0.0234375
1 0.356896091796875 0.527062591796875 0.36941935546875 0.51704595703125 0.3900175859375 0.49854737109375 0.408609779296875 0.479910181640625 0.4039712421875 0.436149740234375 0.394364671875 0.42848683984375 0.364081974609375 0.430183017578125 0.3354751328125 0.419949865234375 0.336358986328125 0.419757681640625 0.33312233203125 0.4192411875 0.330646103515625 0.441370646484375 0.33494533984375 0.4715155234375 0.345988326171875 0.514080951171875 0.356896091796875 0.527062591796875
1 0.36296209765625 0.558703005859375 0.372341576171875 0.53207361328125 0.36905901953125 0.516805779296875 0.356705181640625 0.523704267578125 0.340878953125 0.5325613671875 0.326776791015625 0.547359173828125 0.327945021484375 0.549511693359375 0.3356295078125 0.5526767890625 0.36296209765625 0.558703005859375
1 0.3859607265625 0.603308330078125 0.383160021484375 0.580703119140625 0.391074546875 0.573793126953125 0.405139947265625 0.559352607421875 0.400846693359375 0.543144041015625 0.369764630859375 0.53811115234375 0.3653671953125 0.552918486328125 0.36176279296875 0.575747953125 0.37694276171875 0.610153173828125 0.3859607265625 0.603308330078125
1 0.2900390625 0.6201171875 0.01953125 0.02734375
1 0.33984375 0.6484375 0.02734375 0.025390625
0 0.38179799609375 0.607121474609375 0.3441868203125 0.61778975 0.332461037109375 0.630692779296875 0.348415845703125 0.639740880859375 0.353595224609375 0.682821923828125 0.3854726015625 0.704746033203125 0.405437537109375 0.707610552734375 0.42341798046875 0.68074883984375 0.441771994140625 0.6196622734375 0.43337062109375 0.592123990234375 0.408145884765625 0.577483587890625 0.392597984375 0.585015125 0.38179799609375 0.607121474609375
1 0.458984375 0.6640625 0.015625 0.017578125
1 0.517578125 0.505859375 0.013671875 0.013671875
1 0.576171875 0.5419921875 0.015625 0.01953125
1 0.537689580078125 0.68694001953125 0.563952796875 0.704825861328125 0.580723474609375 0.694041859375 0.581070041015625 0.674929751953125 0.5709423125 0.66477721484375 0.56419007421875 0.64728684375 0.561415845703125 0.630504900390625 0.55482447265625 0.63278975 0.542719890625 0.654722029296875 0.537689580078125 0.68694001953125
0 0.578399830078125 0.67269603125 0.579642169921875 0.711049900390625 0.614758298828125 0.72708114453125 0.6379980234375 0.6937506796875 0.649378154296875 0.654406259765625 0.645665904296875 0.603488240234375 0.623474279296875 0.5850138984375 0.59878924609375 0.579214919921875 0.57530698828125 0.59957123828125 0.567493439453125 0.632517453125 0.565271177734375 0.650863345703125 0.578399830078125 0.67269603125
1 0.67578125 0.5498046875 0.013671875 0.015625
1 0.692567396484375 0.437497625 0.689549197265625 0.454361763671875 0.682838728515625 0.481029794921875 0.665413634765625 0.49693112109375 0.6698891328125 0.527378158203125 0.68613945703125 0.539741814453125 0.71276448828125 0.527129388671875 0.733840189453125 0.534317173828125 0.75769646875 0.532988404296875 0.738128724609375 0.479592935546875 0.706695291015625 0.446797228515625 0.692567396484375 0.437497625
0 0.63674414453125 0.291016248046875 0.605745111328125 0.31423402734375 0.5885925390625 0.35048991015625 0.578743685546875 0.3928885859375 0.585610640625 0.40396322265625 0.604598396484375 0.438628869140625 0.63827283203125 0.4479437109375 0.68261242578125 0.4717574375 0.687451892578125 0.457084013671875 0.700350859375 0.426540296875 0.72369682421875 0.386098291015625 0.71413135546875 0.3211013828125 0.68696667578125 0.298932673828125 0.63674414453125 0.291016248046875
1 0.7998046875 0.490234375 0.03125 0.029296875
0 0.94550015625 0.4681857265625 0.965524419921875 0.403280251953125 0.952767396484375 0.3590764296875 0.91187667578125 0.330982650390625 0.87605369921875 0.31753931640625 0.838341314453125 0.335461681640625 0.814183181640625 0.357806251953125 0.792168798828125 0.40038935546875 0.791634015625 0.43546898046875 0.8010726953125 0.47662173828125 0.82302983203125 0.490437630859375 0.8510485078125 0.503813033203125 0.891472111328125 0.490830181640625 0.89676889453125 0.478554685546875 0.94550015625 0.4681857265625
1 0.8310546875 0.603515625 0.044921875 0.076171875
1 0.7373046875 0.689453125 0.015625 0.01953125
1 0.7102779296875 0.772736998046875 0.719910916015625 0.804590126953125 0.75251714453125 0.80245193359375 0.7755119375 0.781371314453125 0.78382393359375 0.74634959765625 0.78753265625 0.726268560546875 0.772157005859375 0.720318451171875 0.7508971796875 0.703648880859375 0.71811905859375 0.728810791015625 0.7102779296875 0.772736998046875
0 0.79442267578125 0.619789556640625 0.77739234765625 0.64351687109375 0.76337912890625 0.685527541015625 0.7681208671875 0.717023642578125 0.787986421875 0.729512333984375 0.7954898359375 0.751594857421875 0.831595443359375 0.782776423828125 0.85462440234375 0.77166357421875 0.875078876953125 0.72892608984375 0.8860020546875 0.69408497265625 0.885285576171875 0.669426787109375 0.84522135546875 0.644642505859375 0.81844241015625 0.632076828125 0.79442267578125 0.619789556640625
1 0.9228515625 0.6796875 0.041015625 0.044921875
1 0.96484375 0.5517578125 0.06640625 0.052734375
1 0.9697265625 0.6640625 0.0234375 0.03515625
1 0.900390625 0.5927734375 0.017578125 0.0234375
1 0.92578125 0.5947265625 0.01953125 0.021484375
1 0.96484375 0.5947265625 0.025390625 0.02734375
0 0.4521484375 0.330078125 0.146484375 0.16796875