0 0.8134765625 0.65234375 0.158203125 0.1826171875
1 0.7265625 0.482421875 0.1279296875 0.140625
1 0.880859375 0.4833984375 0.009765625 0.0126953125
1 0.8681640625 0.486328125 0.0126953125 0.0078125
0 0.84765625 0.314453125 0.150390625 0.208984375
0 0.6064453125 0.3369140625 0.130859375 0.177734375
1 0.5380859375 0.435546875 0.0390625 0.029296875
1 0.4755859375 0.4951171875 0.005859375 0.017578125
1 0.4267578125 0.501953125 0.0185546875 0.03125
1 0.4296875 0.4697265625 0.017578125 0.015625
0 0.587890625 0.6572265625 0.146484375 0.171875
0 0.3642578125 0.6357421875 0.15625 0.2373046875
1 0.33984375 0.4921875 0.0185546875 0.015625
1 0.3984375 0.4912109375 0.015625 0.013671875
0 0.326171875 0.3076171875 0.134765625 0.1875
0 0.0986328125 0.3017578125 0.166015625 0.2158203125
1 0.1689453125 0.4794921875 0.0283203125 0.0361328125
1 0.142578125 0.4619140625 0.017578125 0.015625
1 0.060546875 0.494140625 0.021484375 0.0283203125
0 0.123046875 0.630859375 0.1611328125 0.224609375