0 0.1533203125 0.3232421875 0.21484375 0.21484375
1 0.052734375 0.3076171875 0.029296875 0.029296875
1 0.2314453125 0.4765625 0.017578125 0.02734375
1 0.1796875 0.4892578125 0.103515625 0.115234375
1 0.021484375 0.4453125 0.04296875 0.125
1 0.1212595 0.490977125 0.140675111328125 0.470497681640625 0.137358845703125 0.4401667109375 0.112697515625 0.40811938671875 0.068641345703125 0.37371034375 0.03504139453125 0.355228357421875 0.02878846875 0.358675708984375 0.036534662109375 0.402359693359375 0.031064763671875 0.44148964453125 0.033911576171875 0.459692845703125 0.042457052734375 0.478413771484375 0.03950022265625 0.502165720703125 0.040139708984375 0.521769185546875 0.05196104296875 0.515208162109375 0.064252865234375 0.512865400390625 0.084832873046875 0.51351909375 0.1212595 0.490977125
0 0 0.655403876953125 0.000847404296875 0.656546611328125 0.066512251953125 0.677349232421875 0.11150603515625 0.669135115234375 0.153900779296875 0.614652380859375 0.1536312421875 0.551624607421875 0.142142837890625 0.516142208984375 0.132881255859375 0.497174125 0.102303140625 0.4908868671875 0.081433439453125 0.51137788671875 0.072461509765625 0.512195908203125 0.050987216796875 0.5063152890625 0.03883949609375 0.48598544921875 0.006017041015625 0.507364146484375 0 0.52128208984375 0 0.655403876953125
0 0.3076171875 0.6376953125 0.140625 0.177734375
1 0.38671875 0.6279296875 0.017578125 0.025390625
1 0.3955078125 0.5478515625 0.013671875 0.015625
1 0.3203125 0.4970703125 0.166015625 0.15234375
0 0.3681640625 0.36328125 0.19140625 0.2109375
1 0.4375 0.6435546875 0.048828125 0.056640625
0 0.501953125 0.7158203125 0.169921875 0.208984375
1 0.470703125 0.525390625 0.0390625 0.056640625
1 0.532658498046875 0.4947749609375 0.51660705078125 0.4943094140625 0.49828386328125 0.4898348046875 0.492272037109375 0.50763465625 0.50650527734375 0.518953466796875 0.5185825390625 0.524273990234375 0.5302952578125 0.538126990234375 0.541219744140625 0.528130361328125 0.54613291796875 0.508187064453125 0.532658498046875 0.4947749609375
1 0.4738160078125 0.530651791015625 0.48123939453125 0.572141669921875 0.4793350546875 0.593777376953125 0.491817162109375 0.604933666015625 0.512205919921875 0.614745771484375 0.53493141015625 0.59830392578125 0.57115215625 0.5653755703125 0.574570091796875 0.54096083203125 0.56156790625 0.5374251953125 0.5473840625 0.529006443359375 0.5325057109375 0.526234083984375 0.517605095703125 0.522177287109375 0.493532517578125 0.523528078125 0.4738160078125 0.530651791015625
1 0.6142578125 0.60546875 0.015625 0.015625
1 0.6328125 0.58984375 0.02734375 0.033203125
0 0.617566900390625 0.371091634765625 0.600651603515625 0.353482013671875 0.586334330078125 0.3482513359375 0.5473826171875 0.3891208828125 0.52966259375 0.4484053515625 0.533269623046875 0.481444287109375 0.552564115234375 0.52630402734375 0.564470814453125 0.539652677734375 0.589846888671875 0.543144546875 0.616532474609375 0.520897126953125 0.6394904453125 0.4645335703125 0.650388689453125 0.4072708984375 0.639420927734375 0.3960228984375 0.617566900390625 0.371091634765625
1 0.6962890625 0.6494140625 0.06640625 0.087890625
0 0.63729455859375 0.721926173828125 0.63133275 0.771720927734375 0.641074421875 0.80558698046875 0.669515724609375 0.82348731640625 0.711251376953125 0.81372261328125 0.745788142578125 0.782252724609375 0.767820951171875 0.742937240234375 0.765847974609375 0.72106856640625 0.745716859375 0.681362453125 0.6971035546875 0.6837050078125 0.663689486328125 0.696765763671875 0.63729455859375 0.721926173828125
1 0.7119140625 0.546875 0.013671875 0.017578125
0 0.7978515625 0.5 0.171875 0.216796875
1 0.7294921875 0.60546875 0.015625 0.021484375
1 0.7646484375 0.62890625 0.029296875 0.0390625
1 0.787109375 0.62890625 0.037109375 0.04296875
1 0.8154296875 0.6396484375 0.015625 0.017578125
1 0.830078125 0.6513671875 0.0234375 0.025390625
1 0.845703125 0.6552734375 0.021484375 0.025390625
1 0.8642578125 0.6533203125 0.017578125 0.021484375
0 0.873897443359375 0.7503020625 0.84427468359375 0.78326161328125 0.8342478125 0.82821373046875 0.8807665625 0.87058615625 0.915147552734375 0.882499896484375 0.941222564453125 0.785186623046875 0.949695806640625 0.75356405078125 0.908462220703125 0.735097892578125 0.90751752734375 0.7356738984375 0.873897443359375 0.7503020625
1 0.9272818671875 0.736162529296875 0.949698927734375 0.75355240625 0.9689099375 0.6818559453125 0.976542255859375 0.635923419921875 0.96428434375 0.59626567578125 0.953777619140625 0.5976210546875 0.929954841796875 0.597136220703125 0.894021228515625 0.603434396484375 0.883114283203125 0.620881908203125 0.8966203203125 0.6563307734375 0.874682138671875 0.690791294921875 0.838031955078125 0.721928478515625 0.8378855859375 0.7658210234375 0.889803388671875 0.7430007109375 0.9272818671875 0.736162529296875
0 1 0.468310875 0.9932616328125 0.466001138671875 0.920192818359375 0.478500193359375 0.909691341796875 0.502814259765625 0.92782573046875 0.539845642578125 0.92649260546875 0.574886330078125 0.92772551171875 0.58804780078125 0.93632983203125 0.59408176171875 0.98930090625 0.6057558125 1 0.56582625 1 0.468310875