0 0.0234375 0.421875 0.046875 0.17578125
0 0.173828125 0.3828125 0.12890625 0.158203125
0 0.3720703125 0.3818359375 0.126953125 0.138671875
0 0.5576171875 0.3642578125 0.12890625 0.154296875
0 0.7373046875 0.3154296875 0.115234375 0.15625
0 0.9091796875 0.2685546875 0.13671875 0.166015625
1 0.7509765625 0.4072265625 0.0390625 0.048828125
0 0.19140625 0.6435546875 0.125 0.146484375
1 0.1552734375 0.5556640625 0.015625 0.015625
1 0.1826171875 0.57421875 0.015625 0.017578125
1 0.232421875 0.5693359375 0.01171875 0.025390625
1 0.248046875 0.5673828125 0.01953125 0.021484375
1 0.28125 0.564453125 0.013671875 0.013671875
1 0.2548828125 0.5439453125 0.0234375 0.017578125
1 0.3173828125 0.55078125 0.013671875 0.017578125
1 0.3232421875 0.529296875 0.0703125 0.056640625
1 0.375 0.5419921875 0.01953125 0.0234375
1 0.4716796875 0.53125 0.013671875 0.015625
1 0.486328125 0.5341796875 0.013671875 0.013671875
1 0.3798828125 0.5244140625 0.017578125 0.009765625
1 0.521484375 0.5322265625 0.01171875 0.01953125
1 0.5322265625 0.5205078125 0.017578125 0.03125
1 0.54296875 0.5087890625 0.015625 0.03125
1 0.5546875 0.48828125 0.052734375 0.064453125
1 0.599609375 0.48046875 0.060546875 0.060546875
1 0.6474609375 0.5166015625 0.015625 0.01953125
1 0.6455078125 0.501953125 0.015625 0.015625
1 0.681640625 0.5107421875 0.01171875 0.01171875
1 0.685546875 0.4970703125 0.015625 0.015625
1 0.7080078125 0.5 0.0234375 0.02734375
0 0.6162109375 0.6044921875 0.12109375 0.16015625
0 0.39453125 0.6171875 0.140625 0.154296875
1 0.3529493515625 0.658185791015625 0.342613931640625 0.6469043359375 0.328754087890625 0.6460320625 0.318104015625 0.646303154296875 0.304064369140625 0.64877872265625 0.297208998046875 0.652299779296875 0.286480880859375 0.68266858984375 0.2796245546875 0.731116048828125 0.275768109375 0.809230220703125 0.27823019921875 0.846222376953125 0.294534115234375 0.863975857421875 0.312296705078125 0.87551930859375 0.322626123046875 0.87210186328125 0.3449913203125 0.8407523203125 0.370046271484375 0.81158049609375 0.386691876953125 0.787186177734375 0.39244245703125 0.743904072265625 0.37053048046875 0.695803705078125 0.3529493515625 0.658185791015625
1 0.7666015625 0.7724609375 0.212890625 0.234375
1 0.8525390625 0.6669921875 0.021484375 0.021484375
1 0.7626953125 0.5390625 0.041015625 0.0390625
1 0.7470703125 0.470703125 0.01171875 0.01171875
1 0.859375 0.470703125 0.033203125 0.025390625
1 0.896484375 0.56640625 0.01171875 0.017578125
1 0.782887248046875 0.48409330078125 0.795191376953125 0.506722091796875 0.819060083984375 0.533224771484375 0.843223224609375 0.543803376953125 0.854204046875 0.541867162109375 0.863349083984375 0.527593029296875 0.860366537109375 0.48677051171875 0.849330302734375 0.471462486328125 0.828853775390625 0.462622615234375 0.812745587890625 0.456946861328125 0.781919603515625 0.4675271484375 0.782887248046875 0.48409330078125
0 0.812307388671875 0.629281158203125 0.833879041015625 0.61239198828125 0.86140873828125 0.577311484375 0.85916973046875 0.55199894921875 0.850373529296875 0.543341396484375 0.833406984375 0.536546853515625 0.8115012890625 0.521840888671875 0.78592040234375 0.505213599609375 0.7864019765625 0.50565357421875 0.782516337890625 0.520724970703125 0.772273806640625 0.557505767578125 0.76292059375 0.586097267578125 0.76299965625 0.607934328125 0.77821622265625 0.63225931640625 0.793998974609375 0.633407705078125 0.812307388671875 0.629281158203125
0 0.9619140625 0.5283203125 0.076171875 0.103515625
1 0.9658203125 0.5888671875 0.029296875 0.033203125
1 0.9501953125 0.439453125 0.091796875 0.072265625
1 0.0810546875 0.572265625 0.0234375 0.015625
0 0.0546875 0.6875 0.07421875 0.10546875