0 0.1337890625 0.3134765625 0.1357421875 0.1201171875
1 0.078125 0.48828125 0.013671875 0.013671875
1 0.033203125 0.6474609375 0.0107421875 0.015625
1 0.052734375 0.6728515625 0.017578125 0.0234375
1 0.0185546875 0.6318359375 0.017578125 0.015625
1 0.025390625 0.60546875 0.005859375 0.0126953125
1 0.0380859375 0.623046875 0.0126953125 0.015625
0 0.1417724609375 0.52559919921875 0.128404404296875 0.517620322265625 0.09907407421875 0.521374662109375 0.05381763671875 0.54275655859375 0.042068142578125 0.56775294140625 0.040683775390625 0.61365137890625 0.051502822265625 0.6322301796875 0.06709798046875 0.672146267578125 0.09024251171875 0.67770664453125 0.13623589453125 0.68418209765625 0.161641890625 0.67109495703125 0.184388564453125 0.627941744140625 0.1816650390625 0.592162181640625 0.1614501953125 0.5571554296875 0.1417724609375 0.52559919921875
1 0.220703125 0.666015625 0.0107421875 0.0205078125
1 0.234375 0.6650390625 0.0078125 0.0126953125
1 0.2392578125 0.6318359375 0.0126953125 0.0185546875
1 0.25390625 0.6396484375 0.015625 0.0185546875
1 0.2509765625 0.6015625 0.0126953125 0.009765625
1 0.2412109375 0.587890625 0.0107421875 0.0126953125
1 0.2451171875 0.572265625 0.0078125 0.0107421875
1 0.255859375 0.5693359375 0.0078125 0.009765625
1 0.10546875 0.4921875 0.009765625 0.0126953125
1 0.095703125 0.4580078125 0.0078125 0.0078125
1 0.1044921875 0.4697265625 0.0048828125 0.0107421875
1 0.1279296875 0.462890625 0.009765625 0.013671875
1 0.138671875 0.482421875 0.009765625 0.015625
1 0.103515625 0.4072265625 0.0078125 0.0126953125
1 0.224609375 0.376953125 0.009765625 0.009765625
1 0.220703125 0.388671875 0.009765625 0.009765625
1 0.148692943359375 0.447148076171875 0.1585022734375 0.45788725 0.172336154296875 0.460995771484375 0.17955638671875 0.45646259375 0.186367458984375 0.440117228515625 0.180897654296875 0.419745048828125 0.17137240234375 0.41361038671875 0.144868826171875 0.42463991796875 0.1435396171875 0.42403107421875 0.148692943359375 0.447148076171875
1 0.161386748046875 0.458437822265625 0.14310257421875 0.47157017578125 0.1443488984375 0.47703169140625 0.15086835546875 0.4869651015625 0.17771327734375 0.50607940234375 0.203703703125 0.516203703125 0.20740499609375 0.51558079296875 0.21419270703125 0.500306431640625 0.216131517578125 0.47161840234375 0.21768376953125 0.44537278125 0.23789243359375 0.43290553515625 0.24134205078125 0.40640773828125 0.22789924609375 0.40736621484375 0.199680658203125 0.422285919921875 0.19665602734375 0.43146781640625 0.180881830078125 0.458349408203125 0.161386748046875 0.458437822265625
1 0.228596251953125 0.485245064453125 0.23935426171875 0.485930265625 0.25843189453125 0.46712038671875 0.25877323828125 0.42818347265625 0.245334201171875 0.411075544921875 0.236297984375 0.43143265234375 0.21734091796875 0.445992677734375 0.208538291015625 0.45198567578125 0.208526234375 0.46193415625 0.2202080625 0.47450991015625 0.228596251953125 0.485245064453125
0 0.348659939453125 0.322987798828125 0.33664369921875 0.288322240234375 0.32047164453125 0.2353780859375 0.311009837890625 0.233778212890625 0.26059751171875 0.230814767578125 0.236676251953125 0.24031153515625 0.22322591015625 0.278086419921875 0.224012587890625 0.3239595390625 0.2367748125 0.36048176953125 0.273203306640625 0.38611593359375 0.301202619140625 0.40774739453125 0.311826353515625 0.404581404296875 0.3487756796875 0.354507861328125 0.348659939453125 0.322987798828125
1 0.380859375 0.25 0.0126953125 0.013671875
1 0.41015625 0.3662109375 0.005859375 0.0126953125
1 0.30859375 0.4951171875 0.0126953125 0.0234375
1 0.326171875 0.458984375 0.017578125 0.015625
1 0.3369140625 0.5068359375 0.0078125 0.009765625
1 0.37109375 0.509765625 0.009765625 0.009765625
1 0.380859375 0.515625 0.0078125 0.0078125
1 0.392578125 0.51171875 0.0078125 0.0126953125
1 0.3955078125 0.4921875 0.0048828125 0.009765625
1 0.3896484375 0.576171875 0.009765625 0.0126953125
1 0.33984375 0.681640625 0.015625 0.0185546875
1 0.3486328125 0.6650390625 0.009765625 0.0126953125
1 0.275390625 0.662109375 0.009765625 0.0126953125
1 0.2900390625 0.6416015625 0.005859375 0.009765625
1 0.3681640625 0.640625 0.0078125 0.009765625
1 0.4013671875 0.6357421875 0.005859375 0.0107421875
1 0.4404296875 0.62109375 0.013671875 0.017578125
0 0.31948269921875 0.67832142578125 0.33938676953125 0.6636108515625 0.35727789453125 0.6445089921875 0.359825720703125 0.606500029296875 0.359979439453125 0.578596123046875 0.33705665234375 0.5560136953125 0.314636751953125 0.53062678125 0.3148071640625 0.53133161328125 0.2644488125 0.54877526171875 0.262810080078125 0.576315623046875 0.259675203125 0.60691180078125 0.258750806640625 0.63442990234375 0.266998724609375 0.661232044921875 0.27824310546875 0.65247266015625 0.293165591796875 0.635086509765625 0.295650123046875 0.667684962890625 0.307579626953125 0.68879651953125 0.31948269921875 0.67832142578125
1 0.55859375 0.6123046875 0.0107421875 0.0205078125
1 0.568359375 0.6142578125 0.0048828125 0.0126953125
1 0.564453125 0.576171875 0.005859375 0.013671875
1 0.537109375 0.673828125 0.015625 0.0185546875
0 0.56351203515625 0.64192058984375 0.553805533203125 0.61801475 0.555303763671875 0.592583318359375 0.5516680859375 0.56693858203125 0.551494197265625 0.526351421875 0.5177311484375 0.5171997421875 0.5071482421875 0.524556884765625 0.473637681640625 0.537003650390625 0.455391822265625 0.553455900390625 0.4428690078125 0.590800837890625 0.462088646484375 0.6220415625 0.4851310703125 0.64488923046875 0.4939834296875 0.6476139609375 0.509958990234375 0.6386941328125 0.53499140234375 0.628399884765625 0.5620110234375 0.65742502734375 0.56351203515625 0.64192058984375
1 0.43359375 0.3681640625 0.0078125 0.0078125
1 0.451171875 0.3330078125 0.009765625 0.0078125
0 0.478614267578125 0.41323061328125 0.502666640625 0.421146140625 0.525912609375 0.400986865234375 0.539016466796875 0.38098103515625 0.54473609765625 0.35305967578125 0.540990142578125 0.307094380859375 0.52614770703125 0.27800246484375 0.5 0.26374859765625 0.50001315234375 0.26316660546875 0.471278541015625 0.25950038671875 0.464236275390625 0.266071083984375 0.443614201171875 0.29487145703125 0.442962337890625 0.31814674609375 0.455866443359375 0.329816173828125 0.439998125 0.3468638203125 0.435373427734375 0.36080093359375 0.44537826171875 0.38003296875 0.451559869140625 0.396987453125 0.478614267578125 0.41323061328125
1 0.458984375 0.4580078125 0.0126953125 0.013671875
1 0.42578125 0.462890625 0.009765625 0.0126953125
1 0.431640625 0.455078125 0.005859375 0.0078125
1 0.443359375 0.458984375 0.0078125 0.0078125
1 0.4423828125 0.4931640625 0.0107421875 0.017578125
1 0.4912109375 0.5048828125 0.0185546875 0.0185546875
1 0.400390625 0.4658203125 0.009765625 0.015625
1 0.390625 0.4599609375 0.009765625 0.015625
1 0.27734375 0.4736328125 0.009765625 0.0107421875
1 0.3642578125 0.46875 0.0078125 0.0126953125
1 0.46603075 0.451723177734375 0.483878498046875 0.468112111328125 0.49921990234375 0.489731296875 0.508470939453125 0.493786607421875 0.512119896484375 0.465763318359375 0.499443490234375 0.432857216796875 0.48426402734375 0.410594662109375 0.450861150390625 0.42239123046875 0.4407864453125 0.429619546875 0.4432730625 0.4367448359375 0.44269846875 0.43647301953125 0.46603075 0.451723177734375
1 0.4853515625 0.4873046875 0.0078125 0.015625
1 0.560546875 0.458984375 0.009765625 0.0107421875
1 0.552734375 0.4560546875 0.009765625 0.0126953125
1 0.572844328125 0.4349418671875 0.566412826171875 0.46583565625 0.549617267578125 0.4871654921875 0.53978998828125 0.49594359375 0.5386194296875 0.51136363671875 0.54343319140625 0.52034888671875 0.584171794921875 0.51627604296875 0.61147115625 0.51225032421875 0.6446175625 0.51225032421875 0.657920349609375 0.50997058203125 0.661373666015625 0.49926237109375 0.6399451875 0.474962296875 0.6385214453125 0.44151146875 0.624800248046875 0.418292078125 0.60051606640625 0.389212216796875 0.590458623046875 0.37740907421875 0.5784776484375 0.38688534765625 0.572844328125 0.4349418671875
1 0.669921875 0.4921875 0.021484375 0.048828125
1 0.681640625 0.47265625 0.0107421875 0.013671875
1 0.685546875 0.486328125 0.0078125 0.013671875
1 0.6962890625 0.4814453125 0.0078125 0.017578125
1 0.7001953125 0.5 0.0078125 0.0107421875
1 0.673828125 0.4599609375 0.017578125 0.0185546875
1 0.708984375 0.4619140625 0.0078125 0.0078125
1 0.6435546875 0.369140625 0.005859375 0.0078125
1 0.615234375 0.37890625 0.0048828125 0.0078125
1 0.611328125 0.345703125 0.0078125 0.009765625
1 0.623046875 0.349609375 0.0048828125 0.0126953125
1 0.5966796875 0.2978515625 0.0078125 0.0107421875
1 0.6474609375 0.322265625 0.0126953125 0.0205078125
1 0.744140625 0.3427734375 0.009765625 0.0107421875
1 0.7607421875 0.2998046875 0.005859375 0.0078125
0 0.758574513671875 0.288995642578125 0.769979251953125 0.280259189453125 0.768454400390625 0.242911974609375 0.747535576171875 0.226516466796875 0.72005537109375 0.225582650390625 0.67973846484375 0.249922181640625 0.66194990234375 0.27770653515625 0.653548833984375 0.30328458203125 0.65433222265625 0.318542412109375 0.667096583984375 0.3261455703125 0.67673397265625 0.35665026953125 0.685494265625 0.37603465234375 0.707447193359375 0.378338505859375 0.725737189453125 0.36842820703125 0.7394567421875 0.33828629296875 0.75380349609375 0.3436151875 0.763371837890625 0.3470139765625 0.77090813671875 0.34430787890625 0.769888830078125 0.33065901953125 0.7500378125 0.307028619140625 0.758574513671875 0.288995642578125
1 0.798828125 0.3271484375 0.015625 0.021484375
1 0.802734375 0.498046875 0.0205078125 0.025390625
1 0.78515625 0.4677734375 0.017578125 0.017578125
1 0.724609375 0.5 0.005859375 0.013671875
1 0.763671875 0.591796875 0.0107421875 0.0126953125
1 0.7724609375 0.5810546875 0.0107421875 0.0126953125
1 0.6630859375 0.60546875 0.0078125 0.0107421875
1 0.63671875 0.626953125 0.009765625 0.0126953125
1 0.6328125 0.6171875 0.009765625 0.009765625
1 0.6015625 0.630859375 0.0107421875 0.0126953125
1 0.587890625 0.6357421875 0.0048828125 0.009765625
1 0.587890625 0.666015625 0.005859375 0.009765625
1 0.623046875 0.669921875 0.0048828125 0.0126953125
1 0.08203125 0.9267578125 0.1640625 0.146484375
1 0.53284294140625 0.68208871875 0.519428771484375 0.66868208203125 0.499712154296875 0.651246623046875 0.47199466015625 0.648290814453125 0.460878724609375 0.669053818359375 0.45647213671875 0.71129115234375 0.42934691015625 0.71711033984375 0.41172206640625 0.75861424609375 0.432205765625 0.78642618359375 0.456006462890625 0.7844188046875 0.486953546875 0.78611271875 0.505108869140625 0.819862396484375 0.504899390625 0.8611794296875 0.530092591796875 0.876543208984375 0.53431230859375 0.877254533203125 0.551418728515625 0.8748312109375 0.561000494140625 0.86722166015625 0.55652608984375 0.81936205859375 0.54299135546875 0.780146845703125 0.54177065234375 0.73517875390625 0.561481240234375 0.702365451171875 0.57535505859375 0.68841226171875 0.560911580078125 0.66403838671875 0.55194619140625 0.66403838671875 0.53284294140625 0.68208871875
1 0.56640625 0.705078125 0.005859375 0.0126953125
1 0.451171875 0.703125 0.0126953125 0.013671875
1 0.5107421875 0.654296875 0.0078125 0.0126953125
1 0.6611328125 0.6552734375 0.0107421875 0.0234375
0 0.685814375 0.513843677734375 0.66674201953125 0.515601892578125 0.64294207421875 0.53306648828125 0.641010802734375 0.54398148046875 0.658982265625 0.564382796875 0.669456953125 0.590574162109375 0.671764986328125 0.625847962890625 0.68164966796875 0.642445505859375 0.70053364453125 0.64206975 0.73019522265625 0.641812548828125 0.75186873046875 0.642037599609375 0.758312837890625 0.60719883203125 0.75937530078125 0.57380682421875 0.736425330078125 0.53691948828125 0.71724748046875 0.51517288671875 0.685814375 0.513843677734375
1 0.8056640625 0.611328125 0.013671875 0.017578125
1 0.830078125 0.591796875 0.0107421875 0.0126953125
1 0.8349609375 0.619140625 0.0078125 0.0126953125
1 0.853515625 0.6044921875 0.0126953125 0.0185546875
1 0.8642578125 0.568359375 0.0126953125 0.0205078125
1 0.94921875 0.6630859375 0.009765625 0.0126953125
0 0.89496376953125 0.650176625 0.912948796875 0.66853740625 0.91881419921875 0.678720984375 0.9184118203125 0.6778549375 0.9431838046875 0.6603551796875 0.9563975390625 0.6504358359375 0.96900016796875 0.63311591796875 0.970622498046875 0.612866310546875 0.96689106640625 0.57551078515625 0.953715005859375 0.561346611328125 0.92496292578125 0.54468778125 0.89395028515625 0.554400158203125 0.8804230859375 0.58002688671875 0.875341345703125 0.60837934765625 0.876267421875 0.62812962109375 0.89496376953125 0.650176625
1 0.9951171875 0.658203125 0.009765625 0.017578125
1 0.947265625 0.49609375 0.029296875 0.0498046875
1 0.9287109375 0.494140625 0.0078125 0.0107421875
1 0.9375 0.45703125 0.013671875 0.017578125
1 0.951171875 0.458984375 0.015625 0.015625
1 0.98046875 0.4814453125 0.0078125 0.0107421875
1 0.8955078125 0.466796875 0.0126953125 0.013671875
1 0.8486328125 0.4736328125 0.0703125 0.107421875
1 0.923828125 0.3984375 0.025390625 0.025390625
1 0.9814453125 0.435546875 0.037109375 0.083984375
1 0.990234375 0.384765625 0.0107421875 0.013671875
0 0.838666751953125 0.302467126953125 0.834974501953125 0.32452719140625 0.858448169921875 0.359696501953125 0.87630208203125 0.37430676171875 0.899579837890625 0.38962934765625 0.92013813671875 0.377693583984375 0.935245466796875 0.346387322265625 0.941929193359375 0.318764267578125 0.93688738671875 0.29497110546875 0.91705246875 0.267874509765625 0.90204384765625 0.25569460546875 0.86534589453125 0.255687572265625 0.847850658203125 0.278262041015625 0.838666751953125 0.302467126953125
1 0.9890521015625 0.216987767578125 0.97401183203125 0.204705384765625 0.942067087890625 0.2234740703125 0.9075159140625 0.24816040625 0.90744734375 0.247742453125 0.90183437109375 0.25812696875 0.908186546875 0.26408078515625 0.923972046875 0.277993787109375 0.939613625 0.30502306640625 0.951312029296875 0.32712834375 0.961435576171875 0.32606236328125 0.97697618359375 0.32011457421875 0.99358452734375 0.299439984375 0.99776656640625 0.25612963671875 0.9890521015625 0.216987767578125