1 0.072265625 0.3154296875 0.015625 0.01953125
1 0.146484375 0.2705078125 0.005859375 0.009765625
0 0.2177734375 0.3212890625 0.185546875 0.20703125
1 0.05859375 0.451171875 0.015625 0.015625
1 0.0263671875 0.4296875 0.01171875 0.01171875
1 0.11328125 0.455078125 0.0078125 0.01171875
1 0.1552734375 0.462890625 0.021484375 0.021484375
1 0.177734375 0.4912109375 0.01171875 0.017578125
1 0.2265625 0.482421875 0.025390625 0.02734375
0 0.1083984375 0.591796875 0.208984375 0.2265625
1 0.3212890625 0.5341796875 0.06640625 0.099609375
1 0.2939453125 0.4970703125 0.01171875 0.013671875
0 0.4482421875 0.3564453125 0.150390625 0.19140625
1 0.384765625 0.30859375 0.01171875 0.013671875
1 0.2197265625 0.685546875 0.013671875 0.015625
0 0.37890625 0.6796875 0.171875 0.216796875
1 0.4091796875 0.5283203125 0.01171875 0.01953125
1 0.4345703125 0.49609375 0.015625 0.015625
1 0.4248046875 0.52734375 0.021484375 0.021484375
1 0.5126953125 0.5478515625 0.01171875 0.013671875
1 0.5 0.701171875 0.01953125 0.021484375
1 0.5361328125 0.671875 0.0078125 0.01171875
1 0.58984375 0.5849609375 0.037109375 0.052734375
1 0.6064453125 0.57421875 0.01171875 0.017578125
1 0.619140625 0.5771484375 0.01171875 0.017578125
1 0.546875 0.552734375 0.015625 0.017578125
1 0.5712890625 0.5634765625 0.0078125 0.013671875
0 0.6044921875 0.744140625 0.201171875 0.263671875
0 0.646484375 0.4140625 0.14453125 0.19921875
1 0.6875 0.6015625 0.01171875 0.017578125
1 0.7392578125 0.771484375 0.021484375 0.021484375
1 0.7216796875 0.8017578125 0.01953125 0.02734375
1 0.759765625 0.779296875 0.01171875 0.013671875
0 0.8486328125 0.783203125 0.1640625 0.208984375
1 0.93359375 0.8447265625 0.021484375 0.02734375
1 0.8935546875 0.63671875 0.015625 0.0234375
1 0.96484375 0.654296875 0.0390625 0.05859375
1 0.802734375 0.4453125 0.025390625 0.02734375
0 0.926249416015625 0.56723027734375 0.941658025390625 0.54366562109375 0.952616876953125 0.5194524921875 0.96422568359375 0.471844169921875 0.974109185546875 0.40708337890625 0.9435686640625 0.39533598828125 0.9180188125 0.387727439453125 0.89019487890625 0.38848303515625 0.863745904296875 0.388586279296875 0.8407291875 0.399945294921875 0.816396470703125 0.443072234375 0.797268283203125 0.475945185546875 0.799008142578125 0.543746771484375 0.824144376953125 0.5749622578125 0.88879690234375 0.57263139453125 0.926249416015625 0.56723027734375
1 0.84375 0.625 0.015625 0.015625
1 0.931640625 0.619140625 0.0078125 0.013671875
1 0.703125 0.0478515625 0.060546875 0.044921875