0 0.1044921875 0.525390625 0.15625 0.19140625
1 0.1103515625 0.65234375 0.03125 0.025390625
1 0.1318359375 0.6455078125 0.0234375 0.029296875
1 0.1884765625 0.6162109375 0.017578125 0.017578125
1 0.2900390625 0.5986328125 0.013671875 0.015625
1 0.2314453125 0.845703125 0.013671875 0.017578125
1 0.267578125 0.7890625 0.015625 0.01953125
1 0.265625 0.76171875 0.009765625 0.013671875
0 0.1943359375 0.7744140625 0.150390625 0.16796875
1 0.3515625 0.8037109375 0.009765625 0.01171875
0 0.339933994140625 0.707838423828125 0.318503990234375 0.72915853515625 0.324611837890625 0.757032138671875 0.3496248828125 0.79879713671875 0.3664051640625 0.821290708984375 0.391032712890625 0.822999091796875 0.429380072265625 0.80855690234375 0.434640802734375 0.76957346875 0.419822337890625 0.7189669921875 0.39065887890625 0.6805272265625 0.379617884765625 0.6814887265625 0.365099021484375 0.68654175 0.339933994140625 0.707838423828125
0 0.5791015625 0.697265625 0.150390625 0.16796875
1 0.6025390625 0.7587890625 0.015625 0.015625
0 0.7880859375 0.6357421875 0.185546875 0.220703125
0 0.9375 0.583984375 0.125 0.265625
0 0.900390625 0.3271484375 0.173828125 0.193359375
0 0.7080078125 0.3525390625 0.171875 0.171875
1 0.7783203125 0.443359375 0.017578125 0.0234375
0 0.5185546875 0.4345703125 0.16015625 0.193359375
0 0.3095703125 0.4736328125 0.134765625 0.166015625
1 0.0712890625 0.66015625 0.013671875 0.015625