0 0.716796875 0.8662109375 0.220703125 0.203125
1 0.6708984375 0.7353515625 0.015625 0.009765625
0 0.708984375 0.611328125 0.162109375 0.1015625
1 0.76953125 0.6884765625 0.083984375 0.0595703125
1 0.8037109375 0.6240234375 0.0341796875 0.021484375
1 0.736328125 0.5205078125 0.0283203125 0.013671875
1 0.720703125 0.486328125 0.0126953125 0.009765625
1 0.7099609375 0.4599609375 0.0107421875 0.009765625
0 0.705078125 0.3681640625 0.181640625 0.1376953125
1 0.8125 0.2724609375 0.0341796875 0.03125
0 0.728515625 0.115234375 0.201171875 0.177734375
1 0.568359375 0.216796875 0.013671875 0.015625
1 0.5693359375 0.1533203125 0.041015625 0.0341796875
0 0.4052734375 0.119140625 0.1904296875 0.166015625
0 0.392578125 0.36328125 0.2158203125 0.177734375
1 0.5390625 0.3125 0.015625 0.009765625
1 0.333984375 0.673828125 0.046875 0.03125
1 0.451171875 0.5302734375 0.0185546875 0.015625
0 0.3505859375 0.822265625 0.275390625 0.189453125
1 0.509765625 0.7744140625 0.0341796875 0.0185546875
1 0.451171875 0.7421875 0.0126953125 0.0078125
0 0.36328125 0.9697265625 0.12890625 0.060546875
1 0.53125 0.970703125 0.0439453125 0.021484375
0 0.3623046875 0.59375 0.212890625 0.126953125