0 0.140625 0.4345703125 0.15625 0.177734375
1 0.33203125 0.5126953125 0.0234375 0.05078125
0 0.34375 0.38671875 0.16015625 0.205078125
0 0.6240234375 0.4404296875 0.140625 0.16796875
1 0.6201171875 0.5693359375 0.025390625 0.025390625
0 0.869140625 0.3984375 0.169921875 0.20703125
1 0.767578125 0.5087890625 0.01171875 0.015625
1 0.0390625 0.69140625 0.021484375 0.029296875
1 0.177154201171875 0.819417525390625 0.200439607421875 0.81674391796875 0.20988395703125 0.81228000390625 0.212771390625 0.793320654296875 0.207801630859375 0.7806887890625 0.19480329296875 0.7833378828125 0.176118400390625 0.79615456640625 0.1731049140625 0.8170280390625 0.177154201171875 0.819417525390625
1 0.2744140625 0.775390625 0.029296875 0.029296875
1 0.2919921875 0.75390625 0.015625 0.021484375
1 0.275390625 0.685546875 0.013671875 0.013671875
0 0.207618587890625 0.658345015625 0.1664361953125 0.647867021484375 0.1307804140625 0.665767095703125 0.106788978515625 0.688062083984375 0.1014230234375 0.713602435546875 0.102728892578125 0.746467451171875 0.10097354296875 0.776304318359375 0.1171478125 0.802866107421875 0.138359220703125 0.816887142578125 0.16966162109375 0.79963776953125 0.190014455078125 0.79871599609375 0.223612984375 0.805890439453125 0.22367894140625 0.8052484609375 0.24107515234375 0.78582502734375 0.248867537109375 0.77227867578125 0.24851237109375 0.7208494140625 0.242299173828125 0.6775852578125 0.230492390625 0.662486484375 0.207618587890625 0.658345015625
1 0.3857421875 0.69140625 0.013671875 0.01953125
1 0.48828125 0.7041015625 0.01953125 0.021484375
1 0.494140625 0.71875 0.013671875 0.013671875
1 0.5166015625 0.7314453125 0.037109375 0.052734375
0 0.42451308984375 0.791847029296875 0.454227076171875 0.787152044921875 0.487634615234375 0.766962333984375 0.49981141796875 0.73716094140625 0.497134126953125 0.722409365234375 0.478727623046875 0.697405259765625 0.463714009765625 0.668066650390625 0.42926961328125 0.640931921875 0.429271244140625 0.641360423828125 0.416954595703125 0.654395091796875 0.396626798828125 0.689518001953125 0.37833154296875 0.720991001953125 0.371880998046875 0.744453439453125 0.37862422265625 0.769233349609375 0.3998729609375 0.787395296875 0.42451308984375 0.791847029296875
1 0.4453125 0.59375 0.025390625 0.021484375
1 0.60546875 0.7099609375 0.021484375 0.02734375
1 0.708984375 0.6728515625 0.017578125 0.021484375
0 0.712381517578125 0.78243352734375 0.727662564453125 0.752102435546875 0.730441625 0.7143896328125 0.716839322265625 0.68991727734375 0.70092830078125 0.6679889453125 0.68427608203125 0.628185728515625 0.68390251171875 0.628365876953125 0.6715511328125 0.6301987421875 0.651294615234375 0.660029998046875 0.633549134765625 0.692041607421875 0.619024640625 0.733577724609375 0.621972341796875 0.756737166015625 0.653639326171875 0.7968750625 0.683884060546875 0.80522718359375 0.712381517578125 0.78243352734375
1 0.7998046875 0.666015625 0.013671875 0.01953125
1 0.814453125 0.6962890625 0.017578125 0.0234375
1 0.8359375 0.708984375 0.01171875 0.021484375
1 0.857421875 0.6416015625 0.013671875 0.013671875
1 0.88671875 0.7646484375 0.03515625 0.037109375
0 1 0.64545349609375 0.993384451171875 0.62462030859375 0.96238814453125 0.58459817578125 0.916579556640625 0.613689607421875 0.88241777734375 0.649861078125 0.871064154296875 0.68719746875 0.873387529296875 0.727763701171875 0.887254783203125 0.741672892578125 0.92047447265625 0.760089998046875 0.960451796875 0.766692169921875 0.982248166015625 0.751505498046875 1 0.733864119140625 1 0.64545349609375
1 0.3193359375 0.5654296875 0.01171875 0.013671875