0 0.0625 0.4990234375 0.125 0.158203125
1 0.126953125 0.5224609375 0.02734375 0.041015625
1 0.1123046875 0.5966796875 0.08984375 0.0859375
1 0.119140625 0.6474609375 0.05859375 0.0703125
0 0.1103515625 0.7392578125 0.15234375 0.150390625
1 0.1875 0.8828125 0.14453125 0.234375
1 0.21484375 0.619140625 0.015625 0.021484375
1 0.2236328125 0.5966796875 0.0234375 0.037109375
1 0.2373046875 0.552734375 0.03125 0.052734375
0 0.19854941796875 0.419597361328125 0.169949892578125 0.42940435546875 0.17752155078125 0.44839962109375 0.19831124609375 0.46859086328125 0.22147097265625 0.508611251953125 0.241626884765625 0.520687990234375 0.26771326171875 0.513434626953125 0.281422009765625 0.47599436328125 0.27272652734375 0.42660909375 0.26062085546875 0.377525259765625 0.237848435546875 0.373184189453125 0.229047576171875 0.3966691015625 0.19854941796875 0.419597361328125
1 0.31922765625 0.58986533984375 0.330349470703125 0.590052845703125 0.3474485703125 0.554869658203125 0.33829491015625 0.528412671875 0.316496388671875 0.504622392578125 0.2889855078125 0.50996996484375 0.25408025390625 0.558697828125 0.265965041015625 0.571543625 0.292902189453125 0.571287041015625 0.30977759765625 0.559067263671875 0.31922765625 0.58986533984375
1 0.357876494140625 0.578052318359375 0.3476218828125 0.5598908828125 0.322155869140625 0.564391802734375 0.300284734375 0.55447848828125 0.274106490234375 0.57706007421875 0.25081536328125 0.568933458984375 0.246491875 0.576965837890625 0.26304924609375 0.6301585546875 0.271377779296875 0.638945998046875 0.28677064453125 0.623871966796875 0.29760043359375 0.62950978125 0.308430900390625 0.654614408203125 0.306590732421875 0.673865294921875 0.316395404296875 0.67431058203125 0.330594130859375 0.635132798828125 0.357876494140625 0.578052318359375
0 0.232949966796875 0.728713658203125 0.26795540625 0.74819975 0.31294616015625 0.739686037109375 0.33954346875 0.70621484765625 0.343620322265625 0.66298989453125 0.3121331796875 0.64246549609375 0.284618814453125 0.62514998046875 0.2574653515625 0.632315994140625 0.237175375 0.633610568359375 0.2376455 0.631703205078125 0.2161731171875 0.66674865234375 0.232949966796875 0.728713658203125
1 0.349609375 0.671875 0.009765625 0.01171875
1 0.2333984375 0.6298828125 0.01171875 0.013671875
1 0.4541015625 0.7734375 0.06640625 0.09765625
1 0.572265625 0.669921875 0.009765625 0.015625
1 0.44140625 0.5576171875 0.021484375 0.0234375
0 0.491434654296875 0.59343765625 0.4667309609375 0.54374792578125 0.45905112890625 0.542549224609375 0.442224419921875 0.5836695625 0.414058447265625 0.62483766796875 0.422508576171875 0.670733416015625 0.4398370625 0.6922431328125 0.482754017578125 0.711919630859375 0.51913026171875 0.72225763671875 0.538879150390625 0.700130970703125 0.532041685546875 0.629115658203125 0.519951947265625 0.614037533203125 0.491434654296875 0.59343765625
1 0.3466796875 0.455078125 0.009765625 0.01171875
1 0.4501953125 0.5 0.01171875 0.01171875
1 0.45703125 0.486328125 0.056640625 0.05078125
0 0.356505943359375 0.41149484765625 0.35340662109375 0.445266017578125 0.357625400390625 0.466363166015625 0.38959255859375 0.503267732421875 0.38979325390625 0.503812115234375 0.404629232421875 0.4964429140625 0.429552953125 0.469446453125 0.467369234375 0.4537009765625 0.464795283203125 0.410206013671875 0.4394418125 0.363562189453125 0.4039481953125 0.35308490234375 0.382645177734375 0.36283005859375 0.369934796875 0.385214708984375 0.356505943359375 0.41149484765625
1 0.498046875 0.52734375 0.0078125 0.01171875
1 0.5146484375 0.5234375 0.0234375 0.02734375
1 0.462890625 0.5341796875 0.015625 0.015625
1 0.5478515625 0.533203125 0.0234375 0.0234375
1 0.5400390625 0.4580078125 0.03515625 0.033203125
1 0.60572574609375 0.569538560546875 0.6229615234375 0.555431705078125 0.618955796875 0.536037185546875 0.603883267578125 0.538966990234375 0.575403166015625 0.550463404296875 0.56661447265625 0.55792708984375 0.553838513671875 0.6083888203125 0.566569560546875 0.622889080078125 0.5875198046875 0.603111796875 0.609308048828125 0.58583066796875 0.60572574609375 0.569538560546875
0 0.681713271484375 0.521766396484375 0.652302365234375 0.525389220703125 0.622682234375 0.5319021328125 0.609709830078125 0.56572434375 0.607046740234375 0.59274528515625 0.603657130859375 0.59687873046875 0.6022960390625 0.598022689453125 0.61376246875 0.627162021484375 0.633930126953125 0.6534014609375 0.650499736328125 0.667603875 0.67446055078125 0.664380900390625 0.6992552890625 0.64352593359375 0.706545916015625 0.610447060546875 0.691542671875 0.583314298828125 0.687578169921875 0.551118853515625 0.681713271484375 0.521766396484375
1 0.6413115078125 0.391042921875 0.63799051953125 0.434386767578125 0.60916602734375 0.45811174609375 0.571809349609375 0.47540343359375 0.5402270859375 0.504757396484375 0.557729876953125 0.53547044921875 0.57968958984375 0.5527097109375 0.597603630859375 0.545407876953125 0.623060939453125 0.534973525390625 0.674110755859375 0.5179596484375 0.694956455078125 0.55147209765625 0.72300841015625 0.548043828125 0.7384583515625 0.57565964453125 0.778114796875 0.59642903515625 0.799805083984375 0.567002056640625 0.80147250390625 0.541436423828125 0.81301381640625 0.507139091796875 0.83398759375 0.477161552734375 0.813216052734375 0.449409265625 0.78531985546875 0.45298330078125 0.762140482421875 0.476210748046875 0.742776115234375 0.457380046875 0.746683087890625 0.40870245703125 0.722205125 0.393008947265625 0.69723548046875 0.371918912109375 0.660766416015625 0.363321642578125 0.646431072265625 0.369336265625 0.6413115078125 0.391042921875
1 0.728515625 0.5751953125 0.021484375 0.025390625
0 0.906923458984375 0.510940072265625 0.87207260546875 0.4955048828125 0.855016341796875 0.48748524609375 0.848495796875 0.49174214453125 0.831995630859375 0.503397 0.8137733671875 0.503150056640625 0.80945840234375 0.50859823046875 0.806176318359375 0.541045306640625 0.80669537890625 0.57277930859375 0.823370447265625 0.591253775390625 0.86482619921875 0.6147037890625 0.880753990234375 0.602009369140625 0.898934455078125 0.564765091796875 0.917525853515625 0.5348334609375 0.906923458984375 0.510940072265625
1 0.8081264296875 0.3678624453125 0.788530716796875 0.352237685546875 0.771989099609375 0.378199279296875 0.761854669921875 0.400064794921875 0.762496041015625 0.43998184375 0.77729708984375 0.450980994140625 0.804457431640625 0.4474234921875 0.825736603515625 0.444829857421875 0.853656955078125 0.454645857421875 0.89353102734375 0.44095678515625 0.872787015625 0.399388470703125 0.850132029296875 0.383369673828125 0.8081264296875 0.3678624453125
0 0.7718872734375 0.265662080078125 0.748865029296875 0.2500143515625 0.73517975 0.262568865234375 0.6887800703125 0.267736419921875 0.688816525390625 0.269914296875 0.67899518359375 0.29717215625 0.680908865234375 0.3320433203125 0.715758490234375 0.374237501953125 0.738145787109375 0.38487478125 0.75979252734375 0.402440580078125 0.787686447265625 0.383540302734375 0.802430990234375 0.355636205078125 0.79676940625 0.297232962890625 0.7718872734375 0.265662080078125
0 0.552873173828125 0.277768828125 0.52909922265625 0.30229384375 0.521193119140625 0.317072365234375 0.5200183125 0.3616263984375 0.5405918828125 0.38717775 0.572179453125 0.4293813828125 0.629381482421875 0.449663953125 0.64386299609375 0.416937140625 0.64904102734375 0.374631591796875 0.643716201171875 0.33242528515625 0.622354009765625 0.287435712890625 0.595518849609375 0.278813654296875 0.552873173828125 0.277768828125
0 0.91796875 0.2724609375 0.12109375 0.17578125
0 0.96484375 0.5078125 0.0703125 0.1640625
1 0.9140625 0.572265625 0.013671875 0.021484375
1 0.9365234375 0.4814453125 0.01171875 0.013671875
1 0.9189453125 0.3876953125 0.080078125 0.078125