1 0.130859375 0.4462890625 0.009765625 0.009765625
1 0.07421875 0.501953125 0.013671875 0.0185546875
0 0.21770562109375 0.38317901171875 0.213389755859375 0.35106095703125 0.198215060546875 0.322998650390625 0.175694443359375 0.29197530859375 0.16052698046875 0.295556037109375 0.109300853515625 0.33187572265625 0.103071650390625 0.36694155078125 0.092532009765625 0.411182244140625 0.09559280859375 0.430280671875 0.122955548828125 0.43623167578125 0.15705023828125 0.455195072265625 0.195869501953125 0.47167004296875 0.20796712109375 0.45761116015625 0.2136266640625 0.42665051171875 0.21770562109375 0.38317901171875
1 0.2431640625 0.419921875 0.0185546875 0.0341796875
1 0.158203125 0.5078125 0.009765625 0.015625
1 0.2333984375 0.458984375 0.009765625 0.0078125
1 0.23046875 0.4970703125 0.0283203125 0.041015625
1 0.265625 0.505859375 0.048828125 0.060546875
1 0.171875 0.541015625 0.005859375 0.0126953125
1 0.056640625 0.650390625 0.0361328125 0.033203125
0 0.181640625 0.693359375 0.109375 0.177734375
1 0.24609375 0.673828125 0.015625 0.0263671875
1 0.2607421875 0.66796875 0.0126953125 0.021484375
1 0.2802734375 0.6982421875 0.0078125 0.009765625
1 0.298828125 0.642578125 0.0048828125 0.0107421875
1 0.31640625 0.611328125 0.0107421875 0.021484375
0 0.3818359375 0.6826171875 0.109375 0.1435546875
1 0.396484375 0.5869140625 0.03125 0.0390625
1 0.4296875 0.5361328125 0.0107421875 0.013671875
1 0.3681640625 0.5126953125 0.0107421875 0.0107421875
1 0.4375 0.509765625 0.005859375 0.0107421875
1 0.4462890625 0.5126953125 0.0107421875 0.0126953125
1 0.4755859375 0.5 0.013671875 0.015625
1 0.49609375 0.55078125 0.0078125 0.0126953125
1 0.4189453125 0.505859375 0.005859375 0.0185546875
0 0.35546875 0.376953125 0.1201171875 0.150390625
0 0.61328125 0.6923828125 0.119140625 0.150390625
1 0.572265625 0.4931640625 0.03125 0.03125
0 0.5810546875 0.3603515625 0.1484375 0.193359375
1 0.6728515625 0.466796875 0.041015625 0.068359375
1 0.654296875 0.50390625 0.0107421875 0.009765625
1 0.7470703125 0.51171875 0.0283203125 0.013671875
0 0.806640625 0.6953125 0.1669921875 0.193359375
0 0.970703125 0.7060546875 0.0576171875 0.119140625
1 0.91796875 0.533203125 0.03125 0.0419921875
0 0.9619140625 0.404296875 0.076171875 0.1328125
1 0.9404296875 0.3134765625 0.0126953125 0.015625
0 0.798828125 0.388671875 0.134765625 0.1533203125
1 0.830078125 0.5126953125 0.0107421875 0.0107421875
1 0.9072265625 0.5078125 0.0107421875 0.0126953125
1 0.62890625 0.4619140625 0.009765625 0.0126953125
1 0.4677734375 0.6376953125 0.0078125 0.013671875
1 0.04296875 0.0615234375 0.0439453125 0.0390625
1 0.9130859375 0.05078125 0.025390625 0.0283203125
1 0.95703125 0.244140625 0.0234375 0.037109375