0 0.0595703125 0.6689453125 0.1015625 0.16796875
1 0.046875 0.552734375 0.09375 0.09375
1 0.10546875 0.6552734375 0.02734375 0.03125
1 0.10546875 0.5048828125 0.021484375 0.01953125
1 0.126953125 0.5087890625 0.015625 0.017578125
1 0.1748046875 0.5009765625 0.0234375 0.021484375
1 0.2421875 0.5302734375 0.046875 0.056640625
1 0.224609375 0.5 0.0234375 0.021484375
1 0.298828125 0.4833984375 0.01171875 0.013671875
1 0.3193359375 0.4833984375 0.01171875 0.013671875
1 0.33984375 0.5126953125 0.017578125 0.01953125
1 0.3427734375 0.46875 0.01171875 0.013671875
1 0.3564453125 0.4775390625 0.017578125 0.015625
1 0.38671875 0.45703125 0.01171875 0.015625
0 0.0263671875 0.3603515625 0.052734375 0.169921875
0 0.2021484375 0.3369140625 0.1953125 0.216796875
0 0.41796875 0.2646484375 0.185546875 0.220703125
1 0.587890625 0.2880859375 0.03125 0.0234375
0 0.6748046875 0.251953125 0.201171875 0.244140625
0 0.892578125 0.2236328125 0.171875 0.2109375
0 0.7294921875 0.572265625 0.197265625 0.23828125
1 0.814453125 0.55078125 0.015625 0.025390625
1 0.861328125 0.5302734375 0.013671875 0.013671875
1 0.894268814453125 0.529176244140625 0.884293662109375 0.55141448046875 0.878094798828125 0.594507919921875 0.879941767578125 0.627252521484375 0.885333830078125 0.63997397265625 0.923398271484375 0.612125310546875 0.96025111328125 0.63648729296875 0.994404400390625 0.639051384765625 0.968065888671875 0.591340529296875 0.9445988203125 0.574122314453125 0.928247650390625 0.541525572265625 0.914835404296875 0.525765759765625 0.91622173046875 0.49242412890625 0.89756088671875 0.48188403125 0.894268814453125 0.529176244140625
0 1 0.47203274609375 0.9630827265625 0.437589470703125 0.94528519921875 0.460480080078125 0.90250023828125 0.508722314453125 0.920790345703125 0.53208763671875 0.940499677734375 0.564261119140625 0.96481346484375 0.594168240234375 0.98889853515625 0.631636751953125 1 0.617124962890625 1 0.47203274609375
1 0.9697265625 0.380859375 0.017578125 0.01953125
0 0.505859375 0.607421875 0.19921875 0.23046875
1 0.5986328125 0.6044921875 0.013671875 0.021484375
1 0.51953125 0.47265625 0.015625 0.013671875
1 0.5087890625 0.4423828125 0.013671875 0.017578125
1 0.4248046875 0.4560546875 0.005859375 0.0078125
1 0.5224609375 0.447265625 0.005859375 0.009765625
1 0.5791015625 0.427734375 0.005859375 0.01171875
1 0.591796875 0.4365234375 0.005859375 0.005859375
1 0.6005859375 0.4326171875 0.0078125 0.009765625
1 0.611328125 0.42578125 0.013671875 0.01171875
1 0.63671875 0.431640625 0.009765625 0.013671875
1 0.7958984375 0.4306640625 0.01171875 0.01171875
1 0.765625 0.4013671875 0.005859375 0.0078125
1 0.8095703125 0.3896484375 0.01171875 0.01171875
1 0.8271484375 0.400390625 0.01171875 0.01171875
1 0.818359375 0.4462890625 0.01171875 0.01171875
1 0.8671875 0.392578125 0.009765625 0.01171875
1 0.8798828125 0.396484375 0.0078125 0.0078125
1 0.921875 0.4111328125 0.009765625 0.009765625
0 0.2236328125 0.65625 0.208984375 0.23046875
1 0.849609375 0.5556640625 0.01171875 0.01171875