0 0.0751953125 0.357421875 0.150390625 0.189453125
0 0.3046875 0.3349609375 0.1767578125 0.1845703125
0 0.517578125 0.3486328125 0.1328125 0.1875
0 0.7421875 0.3515625 0.150390625 0.1982421875
1 0.810546875 0.2783203125 0.005859375 0.0107421875
1 0.826171875 0.2705078125 0.005859375 0.009765625
0 0.947265625 0.375 0.1044921875 0.212890625
0 0.9501953125 0.673828125 0.099609375 0.1328125
0 0.74609375 0.658203125 0.107421875 0.1142578125
1 0.7822265625 0.5712890625 0.056640625 0.052734375
1 0.642578125 0.626953125 0.0439453125 0.0439453125
0 0.5146484375 0.669921875 0.15625 0.138671875
1 0.599609375 0.62890625 0.009765625 0.0107421875
0 0.30078125 0.6591796875 0.1484375 0.203125
1 0.3779296875 0.5048828125 0.0234375 0.044921875
0 0.08203125 0.6884765625 0.1640625 0.228515625
1 0.080078125 0.5302734375 0.0126953125 0.015625