0 0.330078125 0.876953125 0.1435546875 0.1640625
1 0.4921875 0.841796875 0.1845703125 0.1435546875
1 0.3759765625 0.765625 0.015625 0.009765625
1 0.521484375 0.77734375 0.0283203125 0.015625
1 0.537109375 0.771484375 0.0078125 0.009765625
1 0.5361328125 0.7568359375 0.009765625 0.005859375
1 0.5458984375 0.7470703125 0.009765625 0.0029296875
1 0.5517578125 0.91796875 0.0126953125 0.009765625
1 0.53515625 0.923828125 0.0126953125 0.0126953125
1 0.544921875 0.88671875 0.009765625 0.005859375
1 0.5615234375 0.716796875 0.009765625 0.009765625
1 0.6630859375 0.947265625 0.115234375 0.052734375
1 0.65625 0.7802734375 0.0126953125 0.013671875
1 0.6142578125 0.705078125 0.0107421875 0.0126953125
0 0.654296875 0.63671875 0.146484375 0.1279296875
1 0.689453125 0.5615234375 0.015625 0.0126953125
1 0.69921875 0.3720703125 0.013671875 0.009765625
1 0.685546875 0.3603515625 0.021484375 0.009765625
0 0.658203125 0.2216796875 0.1611328125 0.1279296875
1 0.7255859375 0.154296875 0.013671875 0.009765625
1 0.666015625 0.2919921875 0.021484375 0.015625
1 0.619140625 0.2998046875 0.0185546875 0.0126953125
1 0.5625 0.087890625 0.0751953125 0.072265625
1 0.634765625 0.1005859375 0.0126953125 0.0126953125
1 0.6064453125 0.060546875 0.0126953125 0.0126953125
1 0.501953125 0.09765625 0.0126953125 0.013671875
1 0.5283203125 0.103515625 0.009765625 0.0078125
1 0.509765625 0.0439453125 0.056640625 0.0341796875
0 0.669921875 0.0302734375 0.146484375 0.060546875
0 0.416015625 0.12109375 0.0263671875 0.025390625
0 0.369140625 0.2099609375 0.1220703125 0.1220703125
1 0.4697265625 0.2529296875 0.021484375 0.009765625
1 0.5029296875 0.1953125 0.0126953125 0.0078125
1 0.5068359375 0.216796875 0.009765625 0.0078125
1 0.529296875 0.2392578125 0.0126953125 0.0126953125
1 0.4931640625 0.259765625 0.0078125 0.005859375
1 0.53125 0.2890625 0.005859375 0.005859375
1 0.5478515625 0.2919921875 0.009765625 0.005859375
1 0.533203125 0.330078125 0.009765625 0.005859375
1 0.537109375 0.369140625 0.0107421875 0.0078125
1 0.5302734375 0.4814453125 0.0078125 0.005859375
1 0.501953125 0.521484375 0.013671875 0.0126953125
1 0.541015625 0.5224609375 0.0126953125 0.005859375
1 0.517578125 0.642578125 0.0595703125 0.052734375
1 0.4814453125 0.6279296875 0.005859375 0.005859375
1 0.498046875 0.6416015625 0.015625 0.009765625
1 0.5380859375 0.595703125 0.0078125 0.005859375
1 0.53515625 0.5859375 0.009765625 0.0078125
1 0.513671875 0.5849609375 0.0078125 0.0107421875
1 0.5126953125 0.564453125 0.005859375 0.0029296875
1 0.533203125 0.5615234375 0.009765625 0.005859375
1 0.5390625 0.5458984375 0.0078125 0.005859375
0 0.357421875 0.654296875 0.15625 0.109375
1 0.337890625 0.5849609375 0.0126953125 0.0078125
0 0.349609375 0.4365234375 0.1591796875 0.1220703125
1 0.3408203125 0.505859375 0.009765625 0.005859375
0 0.3828125 0.0390625 0.146484375 0.078125
1 0.6689453125 0.736328125 0.009765625 0.009765625
0 0.700391658203125 0.379049634765625 0.670800263671875 0.36213676171875 0.630439126953125 0.331139943359375 0.5953913828125 0.347262267578125 0.572093392578125 0.397610779296875 0.57528315234375 0.439591341796875 0.611460744140625 0.4727880078125 0.635712908203125 0.4783877421875 0.71687437890625 0.460356212890625 0.750881833984375 0.43220899609375 0.72836405859375 0.38547350390625 0.700391658203125 0.379049634765625
0 0.6339578515625 0.9220028828125 0.664096947265625 0.92533559765625 0.700953138671875 0.92641033203125 0.722730310546875 0.908469224609375 0.7389236796875 0.873582951171875 0.73258894140625 0.832657748046875 0.68879347265625 0.788556134765625 0.6543158203125 0.788556134765625 0.6088531328125 0.804739169921875 0.57407407421875 0.83134920703125 0.622103037109375 0.912604115234375 0.6339578515625 0.9220028828125