0 0.2060546875 0.2646484375 0.16796875 0.224609375
0 0.463212501953125 0.39670880859375 0.493975857421875 0.352325759765625 0.50170740625 0.30745816015625 0.491378099609375 0.29197511328125 0.475319291015625 0.279096748046875 0.468227712890625 0.2524190546875 0.467991126953125 0.228796994140625 0.4850853203125 0.182342185546875 0.44747773046875 0.1856001875 0.39490675 0.196199373046875 0.360917419921875 0.2235233828125 0.3447755 0.270856541015625 0.34402960546875 0.31894199609375 0.362826388671875 0.349290435546875 0.390682732421875 0.391459775390625 0.463212501953125 0.39670880859375
0 0.654296875 0.3330078125 0.17578125 0.208984375
1 0.76953125 0.373046875 0.01953125 0.033203125
0 0.880859375 0.3427734375 0.1796875 0.216796875
0 0.8583984375 0.61328125 0.13671875 0.1484375
1 0.69921875 0.59375 0.029296875 0.0390625
0 0.630245515625 0.728311248046875 0.669029703125 0.73009068359375 0.69329681640625 0.716366166015625 0.72641943359375 0.691866021484375 0.733107076171875 0.67212425 0.72137547265625 0.655004224609375 0.7083185234375 0.638063451171875 0.688909890625 0.62119619921875 0.68507483984375 0.591545509765625 0.68018426953125 0.580640568359375 0.675541169921875 0.577409263671875 0.657783494140625 0.564996248046875 0.619458625 0.5710583515625 0.604212166015625 0.59059240625 0.5852923203125 0.6248076015625 0.59033910546875 0.664999224609375 0.60854665625 0.70753323046875 0.630245515625 0.728311248046875
1 0.583984375 0.5146484375 0.017578125 0.017578125
1 0.4404296875 0.73046875 0.021484375 0.02734375
1 0.4814453125 0.517578125 0.0859375 0.091796875
0 0.3955078125 0.5927734375 0.125 0.16796875
1 0.296875 0.697265625 0.015625 0.025390625
1 0.19754280078125 0.501732517578125 0.18890196875 0.537653498046875 0.1990409140625 0.55240211328125 0.218675896484375 0.544557712890625 0.23749175 0.521897298828125 0.2384627578125 0.47232089453125 0.211925072265625 0.451693986328125 0.167687615234375 0.4571673984375 0.16063937109375 0.49982475390625 0.17696923046875 0.5064072578125 0.19754280078125 0.501732517578125
0 0.1356750625 0.49463463671875 0.09142047265625 0.537598912109375 0.085518814453125 0.576130599609375 0.088362484375 0.625532623046875 0.121094818359375 0.6755099140625 0.17244765234375 0.672544326171875 0.223371892578125 0.643020505859375 0.26220488671875 0.596313244140625 0.262837 0.564632306640625 0.206027544921875 0.558522634765625 0.191300205078125 0.5262792890625 0.183331359375 0.5094465546875 0.1356750625 0.49463463671875