0 0 0.38131656640625 0.02325173828125 0.40885602734375 0.04973205078125 0.440801720703125 0.0855656953125 0.45778342578125 0.137415244140625 0.43308748046875 0.149328486328125 0.400408783203125 0.135741439453125 0.360042828125 0.14636891015625 0.32346798828125 0.108127791015625 0.322103638671875 0.091130890625 0.318211298828125 0.070946498046875 0.281607083984375 0.045670595703125 0.2824527734375 0.019564673828125 0.31905295703125 0.00374757421875 0.34457971484375 0 0.35376864453125 0 0.38131656640625
1 0.035912978515625 0.46796591796875 0.02544540234375 0.483519189453125 0.005462609375 0.515750814453125 0.002380130859375 0.5499659140625 0.01038149609375 0.55450422265625 0.034235333984375 0.551657330078125 0.061935205078125 0.533204724609375 0.07479951171875 0.512955451171875 0.0869669296875 0.5084824609375 0.083397880859375 0.490182623046875 0.050695140625 0.474447205078125 0.036354669921875 0.467630787109375 0.035912978515625 0.46796591796875
1 0.1474609375 0.513671875 0.046875 0.064453125
0 0.0927734375 0.658203125 0.169921875 0.173828125
0 0.3251953125 0.6455078125 0.171875 0.177734375
1 0.2705078125 0.474609375 0.04296875 0.064453125
1 0.2939453125 0.466796875 0.015625 0.017578125
1 0.3318759375 0.473848748046875 0.308269560546875 0.44852248046875 0.301548244140625 0.46823765234375 0.2959776484375 0.490776888671875 0.308484388671875 0.495874962890625 0.331756623046875 0.485954087890625 0.3318759375 0.473848748046875
1 0.2890625 0.4189453125 0.03515625 0.044921875
1 0.20837020703125 0.3639689296875 0.193533666015625 0.365790626953125 0.163438076171875 0.3688588203125 0.1674135625 0.417457705078125 0.176641125 0.447285548828125 0.198763220703125 0.471624927734375 0.21606757421875 0.476991802734375 0.2263965625 0.475779740234375 0.250897041015625 0.442149205078125 0.2682328515625 0.41793611328125 0.26738019921875 0.408636091796875 0.246734232421875 0.403840462890625 0.226034708984375 0.379985380859375 0.20837020703125 0.3639689296875
1 0.162109375 0.3369140625 0.017578125 0.0390625
1 0.2099609375 0.326171875 0.01171875 0.017578125
1 0.23828125 0.3359375 0.009765625 0.013671875
1 0.1416015625 0.357421875 0.01953125 0.015625
1 0.3095703125 0.32421875 0.015625 0.013671875
1 0.3388671875 0.2763671875 0.01171875 0.013671875
0 0.294381751953125 0.404130326171875 0.320136939453125 0.4199869453125 0.3419542890625 0.41239773828125 0.347949828125 0.381605671875 0.343193490234375 0.341774009765625 0.33424438671875 0.336732580078125 0.3061565234375 0.331853140625 0.290897408203125 0.300833005859375 0.276296365234375 0.28005083203125 0.240159703125 0.28055075390625 0.2407060625 0.3046346796875 0.243118458984375 0.34407391796875 0.23114891796875 0.357234953125 0.23300599609375 0.375410955078125 0.2465921328125 0.40111575390625 0.25947757421875 0.408018208984375 0.294381751953125 0.404130326171875
1 0.39814778515625 0.352501259765625 0.35125812890625 0.34378559375 0.350894181640625 0.344559091796875 0.35990651953125 0.377846373046875 0.37002544140625 0.4146555078125 0.376624576171875 0.4379157734375 0.38398624609375 0.4476965625 0.41861626171875 0.452519759765625 0.446921841796875 0.454080666015625 0.469188435546875 0.451346671875 0.47656666015625 0.42989583203125 0.445294080078125 0.37312882421875 0.423272724609375 0.357020244140625 0.39814778515625 0.352501259765625
1 0.4287109375 0.474609375 0.015625 0.01953125
1 0.4072265625 0.521484375 0.02734375 0.021484375
1 0.50664163671875 0.472169875 0.485091177734375 0.450649744140625 0.473116517578125 0.444311130859375 0.4668985703125 0.459324392578125 0.45746740625 0.505846392578125 0.461430294921875 0.534003642578125 0.480923830078125 0.549094037109375 0.50795761328125 0.555859642578125 0.529641142578125 0.551687990234375 0.541373439453125 0.547538693359375 0.535787568359375 0.5256769296875 0.51801003125 0.51340496484375 0.511045326171875 0.494744658203125 0.50664163671875 0.472169875
1 0.517578125 0.4775390625 0.03125 0.08984375
1 0.5390625 0.517578125 0.015625 0.025390625
1 0.5693359375 0.4921875 0.01171875 0.01171875
1 0.603515625 0.5166015625 0.017578125 0.01953125
0 0.5400390625 0.6533203125 0.16796875 0.197265625
0 0.50021160546875 0.283169125 0.47010437890625 0.2968824375 0.47044890625 0.3481014375 0.4876875 0.379151828125 0.510049236328125 0.402975908203125 0.531027884765625 0.414645294921875 0.545802693359375 0.416614923828125 0.578414138671875 0.400602044921875 0.588089259765625 0.35844118359375 0.564564150390625 0.3259398046875 0.549375369140625 0.303292373046875 0.526036998046875 0.28809708984375 0.50021160546875 0.283169125
1 0.431049548828125 0.33219373828125 0.41450125 0.32865323828125 0.393410470703125 0.351582791015625 0.398723166015625 0.35300455078125 0.3979636328125 0.3527728828125 0.456543345703125 0.365815361328125 0.479254857421875 0.39536321875 0.51019865234375 0.423678599609375 0.529249337890625 0.449574865234375 0.5464570546875 0.47532845703125 0.56002141015625 0.439996400390625 0.511000353515625 0.388565296875 0.4852571484375 0.36781657421875 0.45692867578125 0.346676208984375 0.431049548828125 0.33219373828125
1 0.63671875 0.48828125 0.013671875 0.015625
1 0.6630859375 0.591796875 0.025390625 0.0234375
0 0.69512680078125 0.5347229609375 0.67044801171875 0.557552529296875 0.674154486328125 0.57814947265625 0.671756380859375 0.600437345703125 0.653230875 0.606706794921875 0.666230859375 0.63513158203125 0.702981943359375 0.668386763671875 0.74142026953125 0.6936531953125 0.782937091796875 0.698695166015625 0.792262052734375 0.6819141484375 0.800758267578125 0.65181715625 0.809465263671875 0.58765571875 0.81609204296875 0.53510854296875 0.80587774609375 0.532673087890625 0.788410845703125 0.543974974609375 0.765751216796875 0.5500186640625 0.742191162109375 0.52505111328125 0.726745765625 0.502474666015625 0.725681966796875 0.50161987109375 0.71675615625 0.52333968359375 0.69512680078125 0.5347229609375
1 0.686622267578125 0.41520041015625 0.678972890625 0.4730249375 0.67309694140625 0.525853439453125 0.674562234375 0.54385283203125 0.697146900390625 0.5378107578125 0.722409986328125 0.519452375 0.725494927734375 0.50826743359375 0.749908240234375 0.4878573203125 0.731979091796875 0.4590568984375 0.71480855078125 0.419777759765625 0.69702608203125 0.397857232421875 0.686622267578125 0.41520041015625
1 0.65094159765625 0.5098129375 0.651411966796875 0.525032908203125 0.6571440703125 0.533589560546875 0.6753247421875 0.522332130859375 0.6844588046875 0.507372291015625 0.679510453125 0.4781820859375 0.67361524609375 0.45023671484375 0.666009947265625 0.47422788671875 0.65094159765625 0.5098129375
0 0.758149642578125 0.2448008359375 0.733735775390625 0.277031439453125 0.72632559765625 0.313469365234375 0.712176876953125 0.335110771484375 0.706044248046875 0.36233786328125 0.710164220703125 0.407170177734375 0.749447060546875 0.435270939453125 0.77184410546875 0.42295223046875 0.787748986328125 0.371587416015625 0.79410908984375 0.336400490234375 0.796731349609375 0.32369175 0.797425796875 0.285646 0.758149642578125 0.2448008359375
1 0.819055115234375 0.517922830078125 0.839373322265625 0.53046437109375 0.861562658203125 0.515934626953125 0.8741557421875 0.459615125 0.87296772265625 0.434905466796875 0.843566044921875 0.430928302734375 0.82283524609375 0.416009564453125 0.79014753515625 0.425511974609375 0.763366912109375 0.444161455078125 0.7631307890625 0.470905966796875 0.79616240234375 0.495348265625 0.819055115234375 0.517922830078125
1 0.844201966796875 0.3226428828125 0.793978970703125 0.294430818359375 0.80360762109375 0.331309259765625 0.820417171875 0.3598113828125 0.81394186328125 0.36572635546875 0.79384188671875 0.372249857421875 0.7962203046875 0.39479241796875 0.824222751953125 0.433421791015625 0.84890730859375 0.436134857421875 0.9018103671875 0.4273737890625 0.92230273046875 0.3850280625 0.895216296875 0.357244212890625 0.844201966796875 0.3226428828125
0 0.944931744140625 0.2394965390625 0.897927673828125 0.254519271484375 0.876145376953125 0.278169923828125 0.8968328828125 0.334517833984375 0.924550150390625 0.3724291171875 0.9522591640625 0.414038615234375 0.988161841796875 0.414545248046875 0.989070583984375 0.380405736328125 0.97453740234375 0.2620424765625 0.94504919921875 0.238524033203125 0.944931744140625 0.2394965390625
1 0.9521484375 0.4501953125 0.015625 0.025390625
1 0.98828125 0.455078125 0.01953125 0.029296875
1 0.916015625 0.5048828125 0.015625 0.013671875
1 0.9423828125 0.505859375 0.015625 0.01171875
1 0.9287109375 0.5791015625 0.03515625 0.03125
1 0.9248046875 0.662109375 0.0703125 0.09765625
0 1 0.572052556640625 0.99102146875 0.564450888671875 0.966009419921875 0.5648208203125 0.94278146484375 0.57355345703125 0.93884324609375 0.606308203125 0.944527224609375 0.631695697265625 0.948365130859375 0.670613716796875 0.96281641015625 0.697410275390625 0.996093751953125 0.6976440625 1 0.694973728515625 1 0.572052556640625
1 0.8525390625 0.59375 0.009765625 0.01171875
1 0.873046875 0.6103515625 0.01171875 0.01171875
1 0.609375 0.4755859375 0.005859375 0.009765625
1 0.626953125 0.3642578125 0.01171875 0.017578125
1 0.1806640625 0.490234375 0.009765625 0.013671875
1 0.11328125 0.5 0.015625 0.015625