0 0.2998046875 0.9814453125 0.0810546875 0.037109375
1 0.3154296875 0.943359375 0.013671875 0.009765625
0 0.2685546875 0.814453125 0.1875 0.119140625
0 0.525390625 0.9560546875 0.130859375 0.087890625
1 0.5419921875 0.91015625 0.009765625 0.009765625
1 0.5341796875 0.857421875 0.1142578125 0.068359375
0 0.501953125 0.783203125 0.134765625 0.0830078125
1 0.541015625 0.734375 0.0126953125 0.005859375
1 0.490234375 0.7265625 0.0126953125 0.015625
1 0.478515625 0.708984375 0.015625 0.009765625
1 0.4072265625 0.7783203125 0.0185546875 0.017578125
1 0.3720703125 0.744140625 0.0341796875 0.046875
1 0.3759765625 0.7041015625 0.0185546875 0.009765625
1 0.2763671875 0.75 0.0078125 0.005859375
1 0.28515625 0.6982421875 0.0126953125 0.009765625
1 0.275390625 0.6806640625 0.0126953125 0.009765625
1 0.29296875 0.634765625 0.009765625 0.005859375
0 0.2109375 0.6123046875 0.1279296875 0.0751953125
1 0.2421875 0.5087890625 0.009765625 0.0048828125
0 0.4501953125 0.62109375 0.1220703125 0.0498046875
1 0.4423828125 0.568359375 0.1064453125 0.0654296875
1 0.44921875 0.5263671875 0.015625 0.009765625
1 0.466796875 0.521484375 0.0185546875 0.013671875
1 0.5234375 0.5537109375 0.0107421875 0.005859375
1 0.525390625 0.5947265625 0.009765625 0.005859375
1 0.5205078125 0.58203125 0.0126953125 0.009765625
1 0.5322265625 0.509765625 0.009765625 0.005859375
1 0.537109375 0.490234375 0.0126953125 0.009765625
1 0.537109375 0.482421875 0.013671875 0.005859375
1 0.51953125 0.474609375 0.0126953125 0.0078125
1 0.5595703125 0.42578125 0.009765625 0.009765625
1 0.529296875 0.3984375 0.005859375 0.005859375
1 0.498046875 0.3818359375 0.0107421875 0.005859375
1 0.509765625 0.361328125 0.009765625 0.005859375
1 0.4755859375 0.3583984375 0.009765625 0.005859375
1 0.390625 0.4267578125 0.009765625 0.0078125
1 0.39453125 0.3623046875 0.0126953125 0.009765625
1 0.2841796875 0.490234375 0.0126953125 0.009765625
1 0.275390625 0.4736328125 0.021484375 0.025390625
0 0.317708947265625 0.486334220703125 0.3192643828125 0.486972712890625 0.32748736328125 0.4637932421875 0.33839069140625 0.437623376953125 0.338618453125 0.40877871484375 0.33450487890625 0.389272919921875 0.30545988671875 0.374364689453125 0.27461503125 0.375781248046875 0.24149812890625 0.40031269921875 0.226710375 0.43505794921875 0.22753253515625 0.4670554921875 0.239374681640625 0.47330501171875 0.26989594921875 0.46213191015625 0.287046021484375 0.467848138671875 0.309308201171875 0.488458015625 0.317708947265625 0.486334220703125
1 0.521484375 0.318359375 0.0126953125 0.009765625
1 0.5986328125 0.2861328125 0.015625 0.0126953125
1 0.7197265625 0.2392578125 0.1748046875 0.107421875
0 0.5029296875 0.4326171875 0.103515625 0.078125
0 0.515625 0.2255859375 0.138671875 0.1064453125
1 0.46484375 0.32421875 0.0126953125 0.005859375
1 0.5439453125 0.1396484375 0.015625 0.009765625
1 0.490234375 0.1533203125 0.021484375 0.015625
0 0.48828125 0.080078125 0.1435546875 0.109375
1 0.4853515625 0.017578125 0.080078125 0.03515625
1 0.365234375 0.064453125 0.0126953125 0.0126953125
1 0.3046875 0.009765625 0.025390625 0.0185546875
0 0.224609375 0.0615234375 0.1357421875 0.123046875
0 0.2724609375 0.2353515625 0.099609375 0.087890625
1 0.4921875 0.482421875 0.0126953125 0.005859375
1 0.365234375 0.5673828125 0.009765625 0.005859375
1 0.2919921875 0.552734375 0.009765625 0.0078125
1 0.244140625 0.5634765625 0.0078125 0.005859375
1 0.634765625 0.771484375 0.021484375 0.015625
1 0.3642578125 0.1416015625 0.0078125 0.005859375
1 0.392578125 0.3076171875 0.013671875 0.0126953125
1 0.3623046875 0.330078125 0.0107421875 0.009765625