0 0.116135208984375 0.556367849609375 0.10148337890625 0.56772340234375 0.094544587890625 0.5869291328125 0.08821727734375 0.607572580078125 0.08703387109375 0.6106574921875 0.093028880859375 0.641827619140625 0.107349537109375 0.656635802734375 0.16207659765625 0.64948338671875 0.186274775390625 0.64959189453125 0.19450548046875 0.632842640625 0.195628978515625 0.581591193359375 0.199978298828125 0.553983712890625 0.17009480859375 0.523021556640625 0.1413992421875 0.53914840234375 0.116135208984375 0.556367849609375
0 0 0.5964370546875 0.002095541015625 0.61646562890625 0.01040875390625 0.629192587890625 0.01070601953125 0.627314814453125 0.041377314453125 0.60828088671875 0.04608832421875 0.59533088671875 0.03674881640625 0.571533203125 0.03802490234375 0.543104384765625 0.023054333984375 0.547687294921875 0.009364375 0.559268904296875 0 0.56804591015625 0 0.5964370546875
0 0.18418149609375 0.421160232421875 0.181386150390625 0.387123498046875 0.16735775390625 0.37303309765625 0.148020265625 0.390967744140625 0.136053498046875 0.41505628515625 0.130599732421875 0.441873001953125 0.145493603515625 0.450582837890625 0.167503720703125 0.4542031796875 0.18171812890625 0.44988184765625 0.190113208984375 0.4591049375 0.207856677734375 0.45838328125 0.2004019921875 0.44344376953125 0.18418149609375 0.421160232421875
1 0 0.4287746640625 0.012518341796875 0.45286837109375 0.059950087890625 0.46240492578125 0.080473400390625 0.4439863046875 0.11947648046875 0.41942756640625 0.150530134765625 0.38726128515625 0.15387059765625 0.32554322265625 0.17006267578125 0.302584533203125 0.17208038671875 0.216151 0.148419416015625 0.204384025390625 0.11300481640625 0.23152281640625 0.08649941015625 0.266840966796875 0.05701135546875 0.2677021328125 0.030137802734375 0.264577822265625 0.04713205859375 0.23641596484375 0.032628296875 0.20024009375 0.000661375 0.188712521484375 0 0.18790819140625 0 0.19644923828125 0 0.298309703125 0 0.3835634375 0 0.4287746640625
1 0.02791987109375 0.47041549609375 0.02612433984375 0.498677248046875 0.084055421875 0.48309530859375 0.106419478515625 0.485942322265625 0.122249865234375 0.46199156640625 0.113026775390625 0.428364748046875 0.085874205078125 0.439280892578125 0.062391494140625 0.454890390625 0.04353712109375 0.45040716015625 0.02791987109375 0.47041549609375
1 0.0657939609375 0.567265693359375 0.10416666796875 0.545414462890625 0.07058118359375 0.54088644921875 0.05516415625 0.53334435546875 0.04472811328125 0.502693728515625 0.0263181015625 0.501255580078125 0.017176390625 0.537534791015625 0.0354417265625 0.56854194140625 0.0657939609375 0.567265693359375
1 0.03485398046875 0.6346863984375 0.04705713671875 0.679031291015625 0.08145900390625 0.690019771484375 0.09017573046875 0.654472552734375 0.087975880859375 0.60276985546875 0.098719359375 0.5659894453125 0.127898685546875 0.5413721484375 0.14155118359375 0.509848296875 0.112575955078125 0.485634025390625 0.08357359765625 0.4844990078125 0.05183919140625 0.495292865234375 0.052111751953125 0.49578373046875 0.050849712890625 0.51760568359375 0.05884047265625 0.533650931640625 0.09190408984375 0.548192583984375 0.07920877734375 0.566440697265625 0.048742869140625 0.603489791015625 0.03485398046875 0.6346863984375
1 0.204985119140625 0.54536623828125 0.199961505859375 0.594196083984375 0.22395833203125 0.60891858203125 0.25443457421875 0.62452463671875 0.26348973828125 0.6019121328125 0.28410218359375 0.563781416015625 0.30830698046875 0.502750564453125 0.3115273125 0.452479125 0.30675558984375 0.409506931640625 0.28735609765625 0.388284349609375 0.26208431640625 0.38389584765625 0.229506396484375 0.353903150390625 0.186177248046875 0.352733685546875 0.17676685546875 0.3631761875 0.179151423828125 0.390738673828125 0.1828238671875 0.41277591796875 0.19558505859375 0.4410755625 0.21178876171875 0.46510554296875 0.205505693359375 0.50683766015625 0.204985119140625 0.54536623828125
1 0.1708984375 0.3310546875 0.015625 0.0185546875
0 0.260818400390625 0.5912405625 0.25252537109375 0.627652392578125 0.28617285546875 0.64311721484375 0.3197751328125 0.647266314453125 0.34146748046875 0.631202119140625 0.368183439453125 0.60619557421875 0.372460419921875 0.57459938671875 0.35331023828125 0.526275904296875 0.32869724609375 0.519403796875 0.29289512109375 0.52458801953125 0.27539320703125 0.55925340234375 0.260818400390625 0.5912405625
1 0.505859375 0.51171875 0.0498046875 0.029296875
0 0.51878926953125 0.566857501953125 0.506418185546875 0.541925017578125 0.481561052734375 0.5383976796875 0.44706101171875 0.54805996484375 0.455157697265625 0.563988095703125 0.45143862109375 0.593543837890625 0.453961408203125 0.626217689453125 0.48905707421875 0.62969335546875 0.526107029296875 0.62909570703125 0.53006107421875 0.597127494140625 0.51878926953125 0.566857501953125
1 0.46319625390625 0.823133681640625 0.451889830078125 0.858984375 0.468952546875 0.90208333203125 0.50566225390625 0.887852044921875 0.523960142578125 0.848685861328125 0.511297380859375 0.778988232421875 0.522394025390625 0.70953896484375 0.540653935546875 0.66332465234375 0.57529839453125 0.648941455078125 0.599699796875 0.626494984375 0.581810619140625 0.539756943359375 0.5418004921875 0.516495466796875 0.514369935546875 0.5373456796875 0.528247974609375 0.581305458984375 0.525464771484375 0.626690296875 0.48539315625 0.62162905078125 0.456655091796875 0.6237196171875 0.454987703125 0.56508969921875 0.45855215625 0.52799479296875 0.459205005859375 0.48675009765625 0.414239728515625 0.485047744140625 0.376388888671875 0.53375771484375 0.38106373046875 0.56351273046875 0.4073838984375 0.59679783984375 0.35879448828125 0.6310136953125 0.307436341796875 0.67189911328125 0.259270109375 0.62380401171875 0.23560836328125 0.64178723046875 0.22699471875 0.68305844921875 0.2330114296875 0.779538001953125 0.251687283203125 0.844977333984375 0.26898148046875 0.903086419921875 0.289923322265625 0.90097415234375 0.308461732421875 0.88294994140625 0.32127640234375 0.84268180859375 0.337293837890625 0.803877314453125 0.366681134765625 0.78027584765625 0.39686957421875 0.776179109375 0.434364150390625 0.792464794921875 0.46319625390625 0.823133681640625
1 0.349609375 0.1396484375 0.119140625 0.1904296875
0 0.372094048828125 0.298734689453125 0.338117810546875 0.26226128515625 0.306427001953125 0.25906937109375 0.29191871875 0.27051534765625 0.27778455859375 0.2963415078125 0.27297860546875 0.32596390234375 0.256655091796875 0.376157408203125 0.256672046875 0.376161927734375 0.28063399609375 0.38396538671875 0.301575837890625 0.4021146796875 0.34579580859375 0.425868658203125 0.37472986328125 0.4052282265625 0.385076451171875 0.33498655859375 0.372094048828125 0.298734689453125
0 0.4340503828125 0.292781876953125 0.43858958984375 0.34604823828125 0.46573328125 0.395663037109375 0.5074361171875 0.419893240234375 0.5153356484375 0.41782407421875 0.5368369765625 0.396974162109375 0.5569164140625 0.37980143359375 0.556630453125 0.35344780859375 0.561946162109375 0.330613125 0.543095341796875 0.28702648828125 0.49294252734375 0.25590609375 0.459682888671875 0.266725138671875 0.4340503828125 0.292781876953125
1 0.40625 0.4580078125 0.009765625 0.009765625
1 0.4716796875 0.4599609375 0.009765625 0.009765625
1 0.55859375 0.3544921875 0.0078125 0.013671875
1 0.5693359375 0.330078125 0.0126953125 0.015625
1 0.5791015625 0.349609375 0.0126953125 0.015625
1 0.5927734375 0.345703125 0.009765625 0.009765625
1 0.611328125 0.3408203125 0.0107421875 0.0263671875
1 0.587890625 0.3251953125 0.0107421875 0.0185546875
1 0.59375 0.3046875 0.0126953125 0.017578125
1 0.4091796875 0.3828125 0.0048828125 0.005859375
1 0.416015625 0.451171875 0.005859375 0.009765625
1 0.6220703125 0.515625 0.025390625 0.0361328125
1 0.671875 0.5224609375 0.009765625 0.0126953125
1 0.591796875 0.45703125 0.052734375 0.076171875
1 0.626953125 0.455078125 0.0048828125 0.009765625
1 0.618893470703125 0.437964837890625 0.638374486328125 0.45027434765625 0.65035646484375 0.432602451171875 0.661815 0.419365943359375 0.662072201171875 0.40629688671875 0.653765392578125 0.39729616796875 0.63723315234375 0.39663173046875 0.622286322265625 0.4122982578125 0.61416638671875 0.4328663515625 0.618893470703125 0.437964837890625
1 0.6826171875 0.4384765625 0.0185546875 0.021484375
1 0.7070865078125 0.48510105859375 0.7264238515625 0.47467367578125 0.72390709375 0.460610638671875 0.6979528359375 0.449997052734375 0.677253126953125 0.44807473828125 0.674714265625 0.4301684140625 0.66364052734375 0.41905516015625 0.663866583984375 0.4186331875 0.650516212890625 0.422365291015625 0.649305556640625 0.458491404296875 0.624589080078125 0.48246876171875 0.621752830078125 0.49418751171875 0.6560812109375 0.513744212890625 0.66030594921875 0.52227607421875 0.67404614453125 0.500530478515625 0.7070865078125 0.48510105859375
0 0.713276427734375 0.388539255859375 0.737301673828125 0.36638374609375 0.748757193359375 0.34303599609375 0.73676717578125 0.32305196484375 0.72545130859375 0.28999753515625 0.70447530859375 0.254458162109375 0.650113330078125 0.265158822265625 0.6268325625 0.30161313671875 0.621918603515625 0.34990542578125 0.640124662109375 0.39889430078125 0.66161707421875 0.40592448046875 0.6632647734375 0.428617166015625 0.683755505859375 0.41508326953125 0.713276427734375 0.388539255859375
1 0.74609375 0.318359375 0.009765625 0.021484375
1 0.759765625 0.310546875 0.015625 0.017578125
1 0.76171875 0.345703125 0.009765625 0.0126953125
1 0.7763671875 0.400390625 0.025390625 0.0439453125
1 0.7568359375 0.4267578125 0.005859375 0.013671875
1 0.763671875 0.4462890625 0.0283203125 0.0234375
1 0.779296875 0.462890625 0.009765625 0.0185546875
1 0.7451171875 0.458984375 0.0126953125 0.0126953125
1 0.7900390625 0.494140625 0.0078125 0.013671875
1 0.80078125 0.357421875 0.0126953125 0.0205078125
1 0.802734375 0.3115234375 0.005859375 0.009765625
1 0.888671875 0.41015625 0.021484375 0.0205078125
0 0.8671875 0.326171875 0.1123046875 0.1455078125
1 0.970703125 0.361328125 0.009765625 0.015625
1 0.96484375 0.2744140625 0.0126953125 0.015625
1 0.9951171875 0.3388671875 0.009765625 0.015625
1 0.955078125 0.5087890625 0.0185546875 0.021484375
1 0.861328125 0.498046875 0.048828125 0.0283203125
1 0.85546875 0.451171875 0.021484375 0.0361328125
1 0.95101916015625 0.38617353515625 0.94290726171875 0.368693201171875 0.917843162109375 0.398369181640625 0.8888507109375 0.42066802734375 0.8697474609375 0.443952814453125 0.86510476953125 0.462115001953125 0.86728394921875 0.47050754296875 0.881629974609375 0.48393829296875 0.893210078125 0.506183556640625 0.918694138671875 0.5065238125 0.93713127734375 0.501797732421875 0.9514210390625 0.4932471171875 0.95064742578125 0.45048332421875 0.961601603515625 0.42191116796875 0.95101916015625 0.38617353515625
1 0.974609375 0.44140625 0.0498046875 0.0673828125
1 0.93359375 0.580078125 0.033203125 0.037109375
1 0.947265625 0.556640625 0.0126953125 0.0185546875
0 0.8583984375 0.59375 0.119140625 0.1611328125
0 0.73138905078125 0.618840556640625 0.73256805859375 0.56697021875 0.712968990234375 0.51393979296875 0.694945787109375 0.5096169296875 0.673989880859375 0.527057078125 0.652656208984375 0.52281191015625 0.65277777734375 0.52229080859375 0.61722166015625 0.5379171484375 0.60729930078125 0.565902564453125 0.61027219140625 0.591479392578125 0.6215368203125 0.60685790625 0.67035238671875 0.642500427734375 0.68624312890625 0.64440934765625 0.717273099609375 0.63564305859375 0.73138905078125 0.618840556640625