0 0.0791015625 0.412109375 0.125 0.154296875
1 0.017578125 0.318359375 0.03125 0.041015625
1 0.0703125 0.29296875 0.0126953125 0.0126953125
1 0.107421875 0.330078125 0.013671875 0.0185546875
1 0.0302734375 0.2607421875 0.0126953125 0.013671875
1 0.0126953125 0.396484375 0.0126953125 0.0107421875
1 0.029296875 0.5185546875 0.046875 0.0751953125
1 0.076171875 0.515625 0.009765625 0.0107421875
1 0.10546875 0.5224609375 0.0126953125 0.0126953125
0 0.095703125 0.6513671875 0.1123046875 0.1640625
1 0.166015625 0.6484375 0.0439453125 0.0419921875
1 0.1513671875 0.521484375 0.0078125 0.0107421875
1 0.185546875 0.4873046875 0.0107421875 0.013671875
1 0.2216796875 0.521484375 0.009765625 0.0107421875
1 0.203125 0.353515625 0.0078125 0.015625
1 0.2587890625 0.34765625 0.0078125 0.013671875
1 0.275390625 0.3017578125 0.005859375 0.0126953125
1 0.2880859375 0.240234375 0.0078125 0.0126953125
0 0.31640625 0.3779296875 0.111328125 0.1376953125
1 0.34765625 0.466796875 0.005859375 0.005859375
1 0.3828125 0.525390625 0.009765625 0.0107421875
1 0.3525390625 0.638671875 0.009765625 0.0107421875
1 0.26953125 0.65234375 0.005859375 0.0107421875
0 0.33459653515625 0.5982831796875 0.2702953203125 0.62822386328125 0.27295102734375 0.675443673828125 0.260517939453125 0.720887587890625 0.27713216015625 0.74397424609375 0.30991391796875 0.7652753671875 0.330350296875 0.755873841796875 0.370102720703125 0.73361786328125 0.377524595703125 0.70794632421875 0.36582935546875 0.65372419921875 0.34931459765625 0.63747588671875 0.33459653515625 0.5982831796875
1 0.4013671875 0.6767578125 0.005859375 0.0078125
1 0.431640625 0.671875 0.025390625 0.025390625
1 0.4150390625 0.697265625 0.009765625 0.0126953125
0 0.5205078125 0.673828125 0.1328125 0.171875
1 0.595703125 0.66015625 0.0078125 0.009765625
1 0.5888671875 0.4921875 0.0263671875 0.0390625
1 0.505859375 0.4453125 0.0107421875 0.0126953125
0 0.60081470703125 0.422317466796875 0.5915491171875 0.39503279296875 0.57855631640625 0.367488908203125 0.57275842578125 0.325792099609375 0.56073043359375 0.28824990234375 0.55726634765625 0.295223283203125 0.525239619140625 0.313037712890625 0.489775029296875 0.340646701171875 0.469212962890625 0.4002218359375 0.47253960546875 0.420243779296875 0.496170609375 0.43611593359375 0.525853587890625 0.45107301171875 0.54808846875 0.476258681640625 0.56436089453125 0.476104359375 0.582861328125 0.462214265625 0.60081470703125 0.422317466796875
1 0.69921875 0.3173828125 0.009765625 0.0107421875
1 0.8076171875 0.28515625 0.009765625 0.009765625
1 0.732421875 0.521484375 0.0185546875 0.0205078125
1 0.67578125 0.5244140625 0.0107421875 0.0126953125
1 0.6904296875 0.52734375 0.009765625 0.0078125
0 0.748046875 0.685546875 0.1298828125 0.15625
0 0.955078125 0.68359375 0.0888671875 0.1796875
0 0.9482421875 0.369140625 0.103515625 0.1435546875
0 0.799986435546875 0.327519771484375 0.7641077109375 0.3079704375 0.73872974609375 0.32476490234375 0.70487015234375 0.3443926015625 0.6809850625 0.3814826875 0.67573784765625 0.431585166015625 0.71497124609375 0.4507245859375 0.771513310546875 0.464919705078125 0.797993525390625 0.44972752734375 0.8092737265625 0.417563658203125 0.816700123046875 0.37129026953125 0.81595775390625 0.3283769765625 0.799986435546875 0.327519771484375
1 0.771484375 0.4833984375 0.009765625 0.0126953125
1 0.671875 0.3876953125 0.0078125 0.0107421875