0 0.6533203125 0.1455078125 0.1591796875 0.125
1 0.494140625 0.009765625 0.021484375 0.0185546875
1 0.4833984375 0.0322265625 0.03125 0.013671875
1 0.4521484375 0.060546875 0.0361328125 0.0283203125
1 0.4560546875 0.095703125 0.0234375 0.037109375
1 0.4853515625 0.107421875 0.015625 0.0126953125
1 0.4560546875 0.1806640625 0.017578125 0.0126953125
0 0.3349609375 0.166015625 0.177734375 0.146484375
1 0.583984375 0.251953125 0.072265625 0.041015625
1 0.5202385546875 0.2566837265625 0.54273566015625 0.243649330078125 0.592315296875 0.22277229296875 0.618294673828125 0.21445191796875 0.5935209296875 0.20014407421875 0.5559835546875 0.18161801953125 0.519065072265625 0.154453607421875 0.49188408203125 0.141444830078125 0.45992677734375 0.139600212890625 0.443650736328125 0.158290533203125 0.41695802734375 0.19695517578125 0.413765111328125 0.224223572265625 0.4271275390625 0.231968255859375 0.456086837890625 0.24193733203125 0.467845775390625 0.247997142578125 0.488512330078125 0.253922828125 0.5202385546875 0.2566837265625
1 0.447265625 0.2470703125 0.0341796875 0.0205078125
1 0.498046875 0.2890625 0.193359375 0.0654296875
1 0.490234375 0.328125 0.0205078125 0.015625
1 0.529296875 0.3466796875 0.0625 0.056640625
1 0.498046875 0.3720703125 0.015625 0.0107421875
0 0.6591796875 0.38671875 0.1845703125 0.1328125
1 0.5048828125 0.4580078125 0.181640625 0.1064453125
1 0.4990234375 0.509765625 0.017578125 0.009765625
1 0.4638671875 0.521484375 0.025390625 0.0234375
1 0.494140625 0.521484375 0.025390625 0.017578125
1 0.4921875 0.5517578125 0.041015625 0.0439453125
1 0.4736328125 0.6279296875 0.021484375 0.015625
0 0.3525390625 0.39453125 0.15625 0.138671875
0 0.3583984375 0.6357421875 0.1640625 0.140625
1 0.5107421875 0.7021484375 0.0185546875 0.013671875
1 0.4697265625 0.6962890625 0.015625 0.0185546875
1 0.48046875 0.6875 0.013671875 0.0185546875
1 0.5146484375 0.759765625 0.0126953125 0.013671875
1 0.482421875 0.7939453125 0.0126953125 0.0126953125
1 0.5029296875 0.802734375 0.0126953125 0.0107421875
1 0.4775390625 0.8310546875 0.015625 0.0126953125
0 0.359375 0.8623046875 0.181640625 0.15625
1 0.23046875 0.90234375 0.083984375 0.060546875
1 0.517578125 0.970703125 0.021484375 0.025390625
1 0.4755859375 0.9736328125 0.0126953125 0.0126953125
1 0.4853515625 0.984375 0.015625 0.0107421875
1 0.498046875 0.943359375 0.015625 0.009765625
0 0.654296875 0.81640625 0.130859375 0.125
0 0.6904296875 0.6279296875 0.1142578125 0.109375