0 0.716796875 0.9638671875 0.09375 0.072265625
1 0.6435546875 0.9443359375 0.0498046875 0.0654296875
1 0.6220703125 0.9814453125 0.0283203125 0.037109375
1 0.6220703125 0.908203125 0.0185546875 0.009765625
1 0.5732421875 0.9853515625 0.052734375 0.029296875
1 0.482421875 0.994140625 0.025390625 0.0107421875
0 0.45209418359375 1 0.48628833984375 0.964227068359375 0.491290509765625 0.93871889453125 0.48727695703125 0.915908021484375 0.477496865234375 0.90879087109375 0.43890697265625 0.91590892578125 0.4122636953125 0.92692509375 0.38776162109375 0.939991138671875 0.37686873046875 0.968989619140625 0.382373650390625 0.99583694921875 0.399702208984375 1 0.440839603515625 1 0.45209418359375 1
1 0.509765625 0.884765625 0.0498046875 0.046875
1 0.46484375 0.8515625 0.0908203125 0.0966796875
1 0.5693359375 0.8828125 0.0126953125 0.0126953125
1 0.5478515625 0.8740234375 0.0205078125 0.015625
1 0.591796875 0.84765625 0.0185546875 0.0185546875
1 0.7255859375 0.8544921875 0.015625 0.0126953125
0 0.7060546875 0.791015625 0.1591796875 0.119140625
1 0.703125 0.724609375 0.015625 0.015625
1 0.748046875 0.703125 0.0107421875 0.009765625
1 0.56640625 0.794921875 0.134765625 0.076171875
1 0.5830078125 0.705078125 0.083984375 0.072265625
1 0.490234375 0.7236328125 0.0986328125 0.052734375
0 0.390933947265625 0.78854799609375 0.410107123046875 0.803394458984375 0.444879982421875 0.805687572265625 0.47454698828125 0.8032190390625 0.486774513671875 0.79014937890625 0.49718876953125 0.76874548046875 0.518837111328125 0.752719908203125 0.500938287109375 0.74880190234375 0.47096505078125 0.744939958984375 0.44141981640625 0.729833984375 0.415017666015625 0.71766312109375 0.40068148828125 0.735867875 0.390669912109375 0.762510849609375 0.390933947265625 0.78854799609375
1 0.505859375 0.6943359375 0.0185546875 0.013671875
1 0.5791015625 0.6220703125 0.021484375 0.0107421875
1 0.65234375 0.669921875 0.0419921875 0.0283203125
1 0.7255859375 0.638671875 0.0126953125 0.009765625
0 0.61459418359375 0.58806694921875 0.603012876953125 0.62083785546875 0.603913484375 0.632961697265625 0.636269048828125 0.64100748828125 0.6821252890625 0.65088794921875 0.70879508984375 0.6477367265625 0.73447024609375 0.631484193359375 0.744444443359375 0.630092591796875 0.745683833984375 0.599537037109375 0.741752267578125 0.579994935546875 0.717789111328125 0.554774306640625 0.700699267578125 0.54257269921875 0.6866849921875 0.538522677734375 0.65598476171875 0.547336154296875 0.62853612109375 0.567310474609375 0.61459418359375 0.58806694921875
1 0.787109375 0.619140625 0.0107421875 0.009765625
1 0.537109375 0.5546875 0.076171875 0.0673828125
0 0.4404296875 0.595703125 0.1591796875 0.087890625
1 0.419921875 0.5302734375 0.037109375 0.0234375
1 0.400390625 0.5 0.083984375 0.0439453125
1 0.55859375 0.482421875 0.0439453125 0.0263671875
1 0.5703125 0.5087890625 0.0126953125 0.005859375
1 0.583984375 0.5517578125 0.009765625 0.005859375
1 0.578125 0.455078125 0.009765625 0.005859375
1 0.5654296875 0.458984375 0.0107421875 0.005859375
1 0.541015625 0.4384765625 0.0439453125 0.033203125
0 0.435546875 0.412109375 0.1357421875 0.1064453125
1 0.55859375 0.3017578125 0.044921875 0.041015625
1 0.455078125 0.2939453125 0.021484375 0.0185546875
1 0.536798322265625 0.291698314453125 0.553631365234375 0.275567853515625 0.562297453125 0.2552770546875 0.5700532890625 0.229444263671875 0.56976273046875 0.20987232421875 0.56034553515625 0.193931748046875 0.51781322265625 0.20329228125 0.486440248046875 0.2081335 0.465205439453125 0.22560221484375 0.458844521484375 0.2430003984375 0.46826051171875 0.267487703125 0.4967206796875 0.297854275390625 0.521987123046875 0.3053114140625 0.536798322265625 0.291698314453125
0 0.32754147265625 0.22666558203125 0.3559799375 0.26618833203125 0.38208550390625 0.2685583046875 0.42567033203125 0.2638671875 0.45357590625 0.257666919921875 0.468916376953125 0.24012134765625 0.48980758203125 0.217190212890625 0.489814814453125 0.2168981484375 0.48783275390625 0.184820783203125 0.468805458984375 0.17354329296875 0.430907599609375 0.156637912109375 0.40038098046875 0.1521448203125 0.3706766015625 0.153452330078125 0.350894580078125 0.16922291015625 0.3215410390625 0.1917028359375 0.32754147265625 0.22666558203125
1 0.4541015625 0.158203125 0.0185546875 0.015625
1 0.5390625 0.173828125 0.0751953125 0.0439453125
1 0.517578125 0.197265625 0.0107421875 0.0107421875
1 0.6025390625 0.1943359375 0.009765625 0.0078125
1 0.462890625 0.1201171875 0.03125 0.033203125
0 0.4189453125 0.048828125 0.146484375 0.09765625
1 0.5302734375 0.0361328125 0.052734375 0.033203125
1 0.673828125 0.248046875 0.03125 0.0185546875
0 0.649531009765625 0.1486083984375 0.63853805078125 0.186585830078125 0.65684558203125 0.2180211953125 0.66545741796875 0.234259259765625 0.697014853515625 0.249535228515625 0.728471017578125 0.25835503515625 0.753524064453125 0.2543493203125 0.754012345703125 0.25416666796875 0.765321181640625 0.219411892578125 0.7676118828125 0.193393736328125 0.774726322265625 0.16981969921875 0.76747444140625 0.160884150390625 0.74089023828125 0.14280689453125 0.718096546875 0.13152759765625 0.673527921875 0.136135525390625 0.649531009765625 0.1486083984375
1 0.609375 0.1533203125 0.0576171875 0.0654296875
1 0.529296875 0.1181640625 0.0966796875 0.0595703125
1 0.587890625 0.0625 0.072265625 0.056640625
1 0.654296875 0.099609375 0.1435546875 0.083984375
0 0.6806640625 0.0302734375 0.1689453125 0.0595703125
1 0.7685546875 0.150390625 0.017578125 0.009765625
0 0.7041015625 0.3916015625 0.1435546875 0.115234375
1 0.708984375 0.48828125 0.017578125 0.017578125
1 0.783203125 0.33203125 0.021484375 0.0185546875
1 0.650390625 0.3095703125 0.0107421875 0.005859375
1 0.5791015625 0.52734375 0.009765625 0.0048828125