0 0.0537109375 0.4140625 0.107421875 0.1640625
1 0.048828125 0.5458984375 0.044921875 0.02734375
0 0.0654296875 0.7099609375 0.10546875 0.13671875
1 0.119140625 0.79296875 0.02734375 0.037109375
1 0.220703125 0.5009765625 0.013671875 0.017578125
1 0.1376953125 0.541015625 0.009765625 0.009765625
1 0.1708984375 0.5439453125 0.0234375 0.013671875
1 0.16796875 0.5849609375 0.015625 0.013671875
1 0.2109375 0.5595703125 0.009765625 0.013671875
1 0.2158203125 0.5361328125 0.021484375 0.017578125
1 0.20822634375 0.5721482265625 0.205058904296875 0.53664875390625 0.217327392578125 0.5240245234375 0.2304601015625 0.5153754296875 0.2240549453125 0.5110952890625 0.20093184375 0.5060155859375 0.166371314453125 0.510922146484375 0.134794107421875 0.5175263046875 0.128796236328125 0.5224845234375 0.132938279296875 0.530777548828125 0.132988455078125 0.531436599609375 0.158161455078125 0.538113197265625 0.17202994921875 0.543376404296875 0.172165646484375 0.569849109375 0.174852181640625 0.585608759765625 0.185615080078125 0.588218611328125 0.20519886328125 0.585091048828125 0.20822634375 0.5721482265625
1 0.2744140625 0.521484375 0.015625 0.013671875
1 0.298828125 0.5234375 0.02734375 0.01953125
1 0.3095703125 0.548828125 0.017578125 0.017578125
0 0.228515625 0.390625 0.13671875 0.166015625
0 0.259765625 0.6884765625 0.130859375 0.16796875
1 0.3642578125 0.5634765625 0.037109375 0.068359375
1 0.412109375 0.64453125 0.033203125 0.048828125
1 0.3984375 0.5615234375 0.021484375 0.01953125
1 0.3837890625 0.5185546875 0.01171875 0.01953125
1 0.44140625 0.53125 0.02734375 0.021484375
1 0.4638671875 0.53125 0.017578125 0.013671875
1 0.474609375 0.5556640625 0.015625 0.021484375
1 0.4560546875 0.5078125 0.015625 0.013671875
1 0.48046875 0.52734375 0.017578125 0.021484375
1 0.4931640625 0.525390625 0.013671875 0.013671875
1 0.498046875 0.498046875 0.01953125 0.017578125
1 0.515625 0.4951171875 0.017578125 0.015625
0 0.4931640625 0.658203125 0.099609375 0.134765625
1 0.5537109375 0.650390625 0.013671875 0.021484375
1 0.5732421875 0.541015625 0.015625 0.013671875
1 0.607421875 0.5146484375 0.01171875 0.01171875
1 0.6025390625 0.5439453125 0.021484375 0.021484375
1 0.6201171875 0.54296875 0.009765625 0.01171875
1 0.626953125 0.509765625 0.0234375 0.01953125
1 0.6337890625 0.49609375 0.009765625 0.01171875
1 0.6435546875 0.4814453125 0.013671875 0.013671875
1 0.64453125 0.5126953125 0.013671875 0.01171875
1 0.689453125 0.5087890625 0.017578125 0.01171875
1 0.7119140625 0.5029296875 0.013671875 0.013671875
1 0.7119140625 0.474609375 0.015625 0.02734375
1 0.740234375 0.48046875 0.025390625 0.0234375
0 0.72265625 0.6005859375 0.107421875 0.154296875
1 0.7890625 0.4921875 0.017578125 0.015625
1 0.7705078125 0.4755859375 0.013671875 0.015625
1 0.7646484375 0.4560546875 0.009765625 0.013671875
1 0.7900390625 0.4638671875 0.01171875 0.013671875
1 0.8125 0.466796875 0.017578125 0.013671875
1 0.8232421875 0.4912109375 0.015625 0.013671875
1 0.8623046875 0.486328125 0.015625 0.013671875
1 0.8427734375 0.4619140625 0.009765625 0.015625
1 0.9072265625 0.4541015625 0.017578125 0.017578125
1 0.8994140625 0.4208984375 0.015625 0.0234375
0 0.8779296875 0.3291015625 0.177734375 0.177734375
1 0.98046875 0.505859375 0.0390625 0.046875
0 0.9384765625 0.609375 0.123046875 0.140625
0 0.673828125 0.3408203125 0.109375 0.146484375
0 0.4541015625 0.3837890625 0.138671875 0.173828125