0 0.0380859375 0.33203125 0.076171875 0.154296875
1 0.09765625 0.3681640625 0.0107421875 0.015625
1 0.140625 0.3759765625 0.0107421875 0.0107421875
1 0.0478515625 0.494140625 0.0078125 0.0107421875
1 0.0751953125 0.4853515625 0.0107421875 0.0185546875
1 0.091796875 0.474609375 0.0078125 0.0126953125
1 0.1064453125 0.4765625 0.009765625 0.009765625
0 0.2470703125 0.341796875 0.1357421875 0.1767578125
1 0.302734375 0.369140625 0.0205078125 0.015625
0 0.44921875 0.328125 0.1484375 0.1298828125
0 0.669921875 0.3447265625 0.162109375 0.173828125
0 0.896484375 0.3310546875 0.158203125 0.1748046875
1 0.9130859375 0.462890625 0.0517578125 0.0654296875
1 0.9189453125 0.5400390625 0.017578125 0.0205078125
1 0.986328125 0.529296875 0.0263671875 0.15625
1 0.775390625 0.501953125 0.0078125 0.013671875
1 0.7890625 0.501953125 0.009765625 0.009765625
1 0.83203125 0.505859375 0.005859375 0.009765625
1 0.826171875 0.5341796875 0.009765625 0.013671875
0 0.9228515625 0.6572265625 0.1123046875 0.146484375
1 0.8466796875 0.689453125 0.0107421875 0.009765625
1 0.77734375 0.6982421875 0.009765625 0.0126953125
0 0.6962890625 0.6435546875 0.1015625 0.15625
1 0.6201171875 0.529296875 0.0126953125 0.0078125
1 0.6142578125 0.5048828125 0.0078125 0.0126953125
1 0.669921875 0.46484375 0.009765625 0.0185546875
1 0.693359375 0.4833984375 0.005859375 0.0107421875
1 0.533203125 0.4677734375 0.1298828125 0.166015625
1 0.451171875 0.4716796875 0.005859375 0.013671875
1 0.4541015625 0.5283203125 0.009765625 0.0078125
1 0.478515625 0.5380859375 0.0078125 0.0078125
0 0.470703125 0.654296875 0.146484375 0.1845703125
1 0.447265625 0.7587890625 0.013671875 0.015625
0 0.234375 0.646484375 0.1015625 0.1640625
1 0.294921875 0.6103515625 0.0234375 0.0263671875
1 0.2431640625 0.740234375 0.0107421875 0.0126953125
1 0.2421875 0.51171875 0.099609375 0.126953125
1 0.162109375 0.533203125 0.009765625 0.0107421875
1 0.1220703125 0.693359375 0.0126953125 0.0126953125
1 0.123046875 0.66015625 0.0185546875 0.0185546875
1 0.080078125 0.681640625 0.0126953125 0.017578125
1 0.078125 0.658203125 0.013671875 0.0126953125
0 0.037109375 0.6123046875 0.0732421875 0.0908203125
1 0.376953125 0.498046875 0.0078125 0.0126953125