0 0.017578125 0.2998046875 0.03515625 0.126953125
0 0.197265625 0.3193359375 0.12109375 0.15625
1 0.28515625 0.3916015625 0.009765625 0.015625
1 0.166015625 0.48046875 0.01171875 0.013671875
1 0.1728515625 0.515625 0.01171875 0.021484375
1 0.1943359375 0.509765625 0.013671875 0.013671875
1 0.341796875 0.4853515625 0.01953125 0.0234375
1 0.361328125 0.4853515625 0.0078125 0.013671875
1 0.3857421875 0.365234375 0.0078125 0.0078125
1 0.404296875 0.3935546875 0.072265625 0.0859375
0 0.3974609375 0.275390625 0.134765625 0.15625
1 0.47265625 0.322265625 0.013671875 0.013671875
1 0.501953125 0.341796875 0.0078125 0.017578125
1 0.5078125 0.3212890625 0.005859375 0.013671875
1 0.4541015625 0.482421875 0.005859375 0.013671875
1 0.51171875 0.4873046875 0.12109375 0.126953125
0 0.6376953125 0.3046875 0.130859375 0.1796875
1 0.65625 0.34765625 0.01171875 0.009765625
0 0.869140625 0.28125 0.10546875 0.1328125
1 0.8056640625 0.341796875 0.0078125 0.01171875
1 0.921875 0.3505859375 0.0078125 0.013671875
1 0.9150390625 0.482421875 0.01953125 0.01171875
1 0.8046875 0.46484375 0.013671875 0.013671875
1 0.8046875 0.4931640625 0.1015625 0.125
1 0.740234375 0.5107421875 0.01953125 0.0078125
1 0.791015625 0.42578125 0.0078125 0.01171875
1 0.7470703125 0.41796875 0.0078125 0.013671875
0 0.6806640625 0.6181640625 0.142578125 0.1484375
0 0.90234375 0.5869140625 0.125 0.185546875
0 0.4580078125 0.6396484375 0.140625 0.15234375
1 0.5078125 0.5986328125 0.005859375 0.0078125
0 0.2158203125 0.638671875 0.1875 0.205078125