0 0.0498046875 0.3203125 0.099609375 0.1982421875
1 0.16796875 0.3212890625 0.0078125 0.013671875
0 0.263671875 0.2998046875 0.162109375 0.220703125
0 0.482421875 0.318359375 0.158203125 0.212890625
0 0.7265625 0.318359375 0.1611328125 0.189453125
1 0.634765625 0.4365234375 0.013671875 0.0234375
0 0.9248046875 0.341796875 0.150390625 0.189453125
1 0.875 0.439453125 0.0283203125 0.029296875
0 0.9208984375 0.6337890625 0.140625 0.1376953125
1 0.9921875 0.482421875 0.015625 0.0185546875
0 0.7373046875 0.662109375 0.1357421875 0.1640625
1 0.73046875 0.556640625 0.0361328125 0.041015625
0 0.501953125 0.64453125 0.171875 0.2216796875
0 0.27734375 0.6142578125 0.181640625 0.2109375
1 0.376953125 0.517578125 0.0078125 0.0126953125
0 0.0703125 0.6396484375 0.140625 0.2236328125