0 0.193359375 0.3515625 0.181640625 0.193359375
1 0.43359375 0.4638671875 0.03515625 0.03515625
0 0.33689747265625 0.342946361328125 0.32141290234375 0.384538072265625 0.34826521875 0.452189255859375 0.37098583984375 0.50097554296875 0.420748154296875 0.4537049453125 0.450143453125 0.436284296875 0.4526690234375 0.37919684375 0.43909519140625 0.323177421875 0.399973171875 0.3180470859375 0.33689747265625 0.342946361328125
1 0.3359375 0.2431640625 0.01953125 0.021484375
1 0.4677734375 0.455078125 0.01171875 0.013671875
1 0.248046875 0.0283203125 0.0546875 0.056640625
1 0.5546875 0.0625 0.0234375 0.021484375
1 0.5283203125 0.0087890625 0.037109375 0.017578125
1 0.7900390625 0.216796875 0.017578125 0.03125
1 0.9541015625 0.115234375 0.0859375 0.072265625
0 0.970703125 0.5078125 0.05859375 0.14453125
0 0.822265625 0.4814453125 0.14453125 0.16796875
1 0.7744140625 0.41796875 0.015625 0.013671875
0 0.591796875 0.42578125 0.1484375 0.1640625
1 0.55078125 0.2998046875 0.013671875 0.01953125
0 0.916015625 0.8212890625 0.072265625 0.10546875
0 0.755859375 0.771484375 0.140625 0.166015625
1 0.5986328125 0.759765625 0.015625 0.017578125
0 0.5498046875 0.728515625 0.123046875 0.17578125
1 0.50390625 0.80859375 0.0234375 0.0234375
1 0.3916015625 0.6689453125 0.01953125 0.021484375
1 0.39453125 0.5810546875 0.015625 0.015625
0 0.32421875 0.6728515625 0.140625 0.181640625
0 0.134765625 0.6435546875 0.13671875 0.185546875
1 0.07421875 0.6650390625 0.013671875 0.015625
1 0.0771484375 0.6162109375 0.013671875 0.015625
1 0.1630859375 0.505859375 0.025390625 0.025390625
1 0.0361328125 0.4921875 0.025390625 0.03515625
1 0.015625 0.4453125 0.03125 0.01953125
1 0.044921875 0.4521484375 0.015625 0.015625
1 0.0634765625 0.45703125 0.01953125 0.01953125
1 0.01953125 0.640625 0.015625 0.017578125
0 0.01171875 0.5693359375 0.0234375 0.099609375
1 0.02734375 0.3525390625 0.01953125 0.029296875
1 0.6533203125 0.6240234375 0.044921875 0.05078125