0 0.0869140625 0.24609375 0.068359375 0.1279296875
0 0.283203125 0.263671875 0.1533203125 0.208984375
0 0.478515625 0.248046875 0.1328125 0.1982421875
0 0.7138671875 0.2568359375 0.140625 0.1953125
0 0.921875 0.240234375 0.15625 0.1513671875
1 0.90234375 0.369140625 0.0185546875 0.029296875
1 0.96875 0.427734375 0.044921875 0.046875
1 0.8583984375 0.427734375 0.021484375 0.029296875
1 0.83984375 0.380859375 0.0126953125 0.017578125
0 0.9150390625 0.541015625 0.142578125 0.150390625
1 0.744140625 0.427734375 0.025390625 0.03125
0 0.66838770703125 0.5224609375 0.67154495703125 0.56956098828125 0.67716320703125 0.60525575390625 0.707475826171875 0.618212287109375 0.7245475859375 0.61722166015625 0.751523619140625 0.574150431640625 0.758989498046875 0.532198431640625 0.75233440625 0.504014755859375 0.730184681640625 0.47311351171875 0.69827986328125 0.48477888671875 0.67079746484375 0.502809123046875 0.66838770703125 0.5224609375
1 0.706271701171875 0.4466085546875 0.68877495703125 0.415131494140625 0.637208537109375 0.44935538671875 0.58960563671875 0.54112212109375 0.585069443359375 0.591439205078125 0.625795716796875 0.64782865625 0.659107349609375 0.64586950390625 0.671229986328125 0.601182724609375 0.66687765234375 0.545888390625 0.67191418359375 0.5075432421875 0.693012755859375 0.48963356640625 0.706271701171875 0.4466085546875
1 0.681640625 0.3876953125 0.0107421875 0.0234375
1 0.599609375 0.3720703125 0.017578125 0.015625
0 0.4912109375 0.541015625 0.083984375 0.1220703125
1 0.4482421875 0.5302734375 0.009765625 0.015625
1 0.4892578125 0.41796875 0.0107421875 0.009765625
0 0.298828125 0.5537109375 0.146484375 0.1845703125
0 0.091796875 0.5322265625 0.1171875 0.1064453125
1 0.091796875 0.4111328125 0.0185546875 0.0205078125
1 0.2451171875 0.3916015625 0.009765625 0.0107421875