0 0.08203125 0.4599609375 0.146484375 0.140625
0 0.2705078125 0.4453125 0.1484375 0.185546875
0 0.48046875 0.453125 0.1171875 0.14453125
1 0.42578125 0.443359375 0.013671875 0.01953125
1 0.533203125 0.4384765625 0.01171875 0.013671875
1 0.54296875 0.4482421875 0.009765625 0.015625
1 0.5419921875 0.4736328125 0.01171875 0.01171875
0 0.6708984375 0.44921875 0.1171875 0.15234375
1 0.763671875 0.5146484375 0.0546875 0.0703125
0 0.865234375 0.4150390625 0.107421875 0.154296875
1 0.9208984375 0.3974609375 0.033203125 0.037109375
1 0.943359375 0.3603515625 0.009765625 0.009765625
1 0.9375 0.4345703125 0.013671875 0.015625
1 0.9560546875 0.3955078125 0.00390625 0.005859375
1 0.9736328125 0.4140625 0.021484375 0.0234375
1 0.986328125 0.4267578125 0.017578125 0.021484375
1 0.9833984375 0.390625 0.01171875 0.013671875
1 0.9912109375 0.4404296875 0.01171875 0.013671875
1 0.8994140625 0.548828125 0.015625 0.021484375
1 0.9970703125 0.6826171875 0.005859375 0.025390625
1 0.8720703125 0.68359375 0.01171875 0.01171875
0 0.9287109375 0.6884765625 0.123046875 0.16015625
1 0.7880859375 0.6865234375 0.138671875 0.197265625
0 0.6923828125 0.68359375 0.099609375 0.166015625
1 0.6435546875 0.720703125 0.015625 0.017578125
1 0.564453125 0.6962890625 0.009765625 0.013671875
1 0.5771484375 0.5859375 0.091796875 0.09765625
1 0.6494140625 0.6005859375 0.009765625 0.013671875
1 0.736328125 0.541015625 0.009765625 0.01171875
1 0.720703125 0.56640625 0.013671875 0.017578125
1 0.486328125 0.6552734375 0.009765625 0.009765625
0 0.4912109375 0.71875 0.111328125 0.13671875
1 0.443359375 0.78515625 0.01171875 0.01171875
1 0.43359375 0.7490234375 0.015625 0.01171875
1 0.396484375 0.6494140625 0.017578125 0.017578125
1 0.40234375 0.6201171875 0.01171875 0.013671875
1 0.36328125 0.611328125 0.009765625 0.013671875
0 0.296875 0.724609375 0.1171875 0.13671875
1 0.35546875 0.716796875 0.01171875 0.013671875
1 0.3095703125 0.638671875 0.013671875 0.017578125
1 0.310546875 0.609375 0.009765625 0.01171875
1 0.298828125 0.6015625 0.017578125 0.015625
1 0.2080078125 0.60546875 0.0078125 0.009765625
1 0.2109375 0.7529296875 0.01171875 0.009765625
0 0.0888671875 0.73828125 0.111328125 0.119140625
1 0.1474609375 0.61328125 0.015625 0.015625