0 0.1259765625 0.404296875 0.146484375 0.17578125
1 0.0166015625 0.58203125 0.021484375 0.0234375
1 0.041015625 0.58984375 0.017578125 0.033203125
1 0.0732421875 0.6162109375 0.033203125 0.041015625
1 0.107421875 0.6064453125 0.041015625 0.029296875
1 0.1142578125 0.576171875 0.015625 0.017578125
1 0.19140625 0.59375 0.015625 0.01953125
0 0.1962890625 0.71484375 0.171875 0.19921875
1 0.2421875 0.4560546875 0.052734375 0.078125
1 0.213676787109375 0.6294262421875 0.241108947265625 0.6283141328125 0.246667935546875 0.613904681640625 0.25198404296875 0.5837424140625 0.256129744140625 0.57118028515625 0.258749513671875 0.5498411875 0.256513345703125 0.518073666015625 0.2401201015625 0.49789256640625 0.2117441328125 0.4521892265625 0.199462125 0.427831291015625 0.18920590234375 0.45453826953125 0.176780072265625 0.494511611328125 0.155725421875 0.535225015625 0.14712884765625 0.5641063828125 0.150306166015625 0.595958802734375 0.171312509765625 0.6091106484375 0.213676787109375 0.6294262421875
1 0.2587890625 0.591796875 0.025390625 0.0390625
1 0.2919921875 0.53515625 0.095703125 0.203125
1 0.33203125 0.5361328125 0.021484375 0.0234375
1 0.34375 0.4951171875 0.06640625 0.0703125
1 0.3740234375 0.521484375 0.013671875 0.01953125
0 0.36328125 0.3603515625 0.16015625 0.203125
1 0.4580078125 0.501953125 0.134765625 0.1953125
1 0.509765625 0.4990234375 0.01171875 0.01953125
1 0.52734375 0.5322265625 0.02734375 0.029296875
1 0.5224609375 0.501953125 0.021484375 0.029296875
1 0.552734375 0.5 0.05078125 0.048828125
1 0.630859375 0.505859375 0.01953125 0.025390625
0 0.4189453125 0.662109375 0.162109375 0.17578125
0 0.65625 0.6181640625 0.1640625 0.18359375
1 0.6982421875 0.4580078125 0.015625 0.01953125
1 0.6982421875 0.4990234375 0.021484375 0.017578125
1 0.6884765625 0.490234375 0.01953125 0.015625
1 0.75390625 0.4453125 0.015625 0.015625
1 0.79296875 0.4716796875 0.015625 0.015625
1 0.798828125 0.4501953125 0.01171875 0.013671875
1 0.830078125 0.470703125 0.015625 0.017578125
0 0.8798828125 0.58203125 0.18359375 0.205078125
1 0.939453125 0.703125 0.07421875 0.09375
1 0.9619140625 0.4091796875 0.029296875 0.025390625
1 0.9716796875 0.4501953125 0.013671875 0.013671875
1 0.98046875 0.4384765625 0.013671875 0.017578125
1 0.9384765625 0.4326171875 0.013671875 0.017578125
0 0.7880859375 0.2978515625 0.14453125 0.1484375
0 0.5966796875 0.2919921875 0.125 0.130859375