1 0.5869140625 0.9765625 0.029296875 0.021484375
0 0.482421875 0.970703125 0.10546875 0.05859375
0 0.4794921875 0.8134765625 0.162109375 0.146484375
1 0.388671875 0.833984375 0.01953125 0.009765625
0 0.53515625 0.564453125 0.193359375 0.146484375
0 0.5322265625 0.35546875 0.17578125 0.13671875
0 0.5439453125 0.162109375 0.18359375 0.150390625
1 0.390625 0.751953125 0.017578125 0.01953125
1 0.6572265625 0.86328125 0.02734375 0.015625
1 0.6162109375 0.767578125 0.01953125 0.013671875
1 0.3857421875 0.517578125 0.015625 0.009765625
1 0.4130859375 0.4296875 0.013671875 0.009765625
1 0.3740234375 0.3232421875 0.0234375 0.015625
1 0.3037109375 0.986328125 0.013671875 0.013671875
1 0.318359375 0.87109375 0.01953125 0.015625
1 0.328125 0.7392578125 0.01953125 0.013671875
0 0.201171875 0.9560546875 0.138671875 0.072265625
1 0.201171875 0.8935546875 0.013671875 0.009765625
0 0.2080078125 0.77734375 0.18359375 0.173828125
1 0.30859375 0.8017578125 0.021484375 0.017578125
0 0.2216796875 0.568359375 0.1953125 0.130859375
1 0.15625 0.3876953125 0.015625 0.021484375
0 0.21484375 0.328125 0.17578125 0.12109375
0 0.2568359375 0.12109375 0.1796875 0.1484375
1 0.4267578125 0.0380859375 0.015625 0.015625
1 0.8984375 0.1728515625 0.025390625 0.015625
1 0.9365234375 0.0576171875 0.03125 0.02734375
1 0.8828125 0.55078125 0.037109375 0.02734375
1 0.875 0.681640625 0.013671875 0.013671875
1 0.8095703125 0.978515625 0.017578125 0.021484375
1 0.728515625 0.4228515625 0.015625 0.01171875