0 0.029296875 0.353515625 0.0576171875 0.0830078125
1 0.125 0.384765625 0.025390625 0.0234375
1 0.0439453125 0.431640625 0.0078125 0.0107421875
0 0.0185546875 0.646484375 0.037109375 0.072265625
1 0 0.594047388671875 0.016614623046875 0.610296638671875 0.05945879296875 0.594222876953125 0.07029341015625 0.569096150390625 0.065218701171875 0.550457068359375 0.05119317578125 0.51931557421875 0.03580780078125 0.499714140625 0.035596306640625 0.5009591484375 0.03549689453125 0.49936337890625 0.034654908203125 0.4991265859375 0.0165211875 0.514038923828125 0 0.54658966796875 0 0.594047388671875
1 0.0029296875 0.5 0.005859375 0.0107421875
1 0.08970610546875 0.46444991015625 0.052616826171875 0.44752818359375 0.046826775390625 0.4519997421875 0.044436607421875 0.50598931640625 0.04594264453125 0.53364251171875 0.0557092734375 0.545179076171875 0.08685277734375 0.566104841796875 0.133563005859375 0.55622669140625 0.129980267578125 0.535559466796875 0.107998568359375 0.51222109765625 0.09695798828125 0.49900200390625 0.10700291796875 0.47741716015625 0.08970610546875 0.46444991015625
1 0.0546875 0.5087890625 0.017578125 0.0205078125
1 0.09743119921875 0.503436052734375 0.097479423828125 0.50548696875 0.12807436328125 0.5273839375 0.14263840625 0.542651267578125 0.174227994140625 0.5616721328125 0.18580005859375 0.54683347265625 0.178921923828125 0.50389955078125 0.198169849609375 0.50010180859375 0.20539359765625 0.4826134375 0.198617943359375 0.47557923828125 0.1596629453125 0.475030005859375 0.138324251953125 0.477426537109375 0.09814051171875 0.4932069296875 0.09743119921875 0.503436052734375
1 0.1826171875 0.5146484375 0.0126953125 0.013671875
1 0.2021484375 0.544921875 0.0126953125 0.015625
1 0.202918033203125 0.490913548828125 0.194580078125 0.505286029296875 0.21713043359375 0.524273404296875 0.24408938671875 0.544644580078125 0.259788732421875 0.573061341796875 0.267942830078125 0.583624025390625 0.27542980859375 0.568972908203125 0.278338396484375 0.540469072265625 0.278221853515625 0.51178305078125 0.260090140625 0.477959693359375 0.24706629296875 0.4490955078125 0.225863232421875 0.43606127734375 0.213875224609375 0.445392875 0.202918033203125 0.490913548828125
1 0.357134533203125 0.542296275390625 0.32917289453125 0.520908349609375 0.30992496875 0.506471568359375 0.29357960546875 0.486711248046875 0.29057155078125 0.4896730859375 0.28107016015625 0.511298119140625 0.27499678515625 0.556087373046875 0.26806238671875 0.5734913515625 0.25904425390625 0.602963712890625 0.24746917578125 0.635917673828125 0.254110203125 0.64307511328125 0.2781917109375 0.642653142578125 0.34110363671875 0.60868912890625 0.360124501953125 0.5593211484375 0.357134533203125 0.542296275390625
1 0.318359375 0.501953125 0.009765625 0.0126953125
1 0.3623046875 0.5205078125 0.0126953125 0.0205078125
0 0.226519298828125 0.33173787890625 0.194897560546875 0.325831619140625 0.165010931640625 0.326888556640625 0.1291051796875 0.341638802734375 0.13225288671875 0.3533923828125 0.1358707890625 0.397014853515625 0.1514726796875 0.42959774609375 0.17783082421875 0.43263594140625 0.201783732421875 0.46585648046875 0.223401732421875 0.4321215390625 0.2386158125 0.408065146484375 0.2451222109375 0.38455530859375 0.24190216796875 0.36886466796875 0.24022030859375 0.33860462890625 0.226519298828125 0.33173787890625
1 0.265461234375 0.345591939453125 0.24239748046875 0.386564697265625 0.228423193359375 0.41159497265625 0.23326079296875 0.43211483984375 0.2535767109375 0.4681887109375 0.266842689453125 0.47878354296875 0.28009058203125 0.479919517578125 0.26836078125 0.44784834765625 0.25847861328125 0.41120916796875 0.259893220703125 0.3884628984375 0.275397658203125 0.36479230859375 0.277126736328125 0.350394376953125 0.265461234375 0.345591939453125
1 0.2734375 0.376953125 0.0078125 0.0078125
1 0.263671875 0.40234375 0.015625 0.017578125
1 0.2861328125 0.40625 0.005859375 0.009765625
1 0.291015625 0.32421875 0.009765625 0.013671875
1 0.248046875 0.3544921875 0.005859375 0.0078125
1 0.306640625 0.427734375 0.013671875 0.015625
1 0.326171875 0.384765625 0.037109375 0.048828125
1 0.3662109375 0.49609375 0.0107421875 0.015625
1 0.380859375 0.498046875 0.0078125 0.0126953125
1 0.4287109375 0.515625 0.0126953125 0.033203125
1 0.443359375 0.517578125 0.009765625 0.0126953125
1 0.443178529296875 0.576881859375 0.42943431640625 0.537945279296875 0.42681206640625 0.51033093359375 0.426065578125 0.48526180859375 0.43864133203125 0.44955096875 0.435185185546875 0.4252400546875 0.426357943359375 0.42947182421875 0.41378922265625 0.431695548828125 0.391455880859375 0.47090540234375 0.37741528515625 0.4997307421875 0.36714630859375 0.53840208203125 0.3804665390625 0.561368044921875 0.41371186328125 0.5985953046875 0.426005296875 0.6201975625 0.435809099609375 0.620403861328125 0.44693508203125 0.601859888671875 0.443178529296875 0.576881859375
1 0.4921875 0.5234375 0.015625 0.0205078125
1 0.486328125 0.4580078125 0.015625 0.0185546875
1 0.4765625 0.4248046875 0.0078125 0.015625
1 0.5048828125 0.4150390625 0.0419921875 0.0673828125
0 0.4091796875 0.345703125 0.125 0.1611328125
1 0.552734375 0.3408203125 0.009765625 0.0107421875
1 0.560546875 0.3515625 0.015625 0.013671875
1 0.5830078125 0.37890625 0.0126953125 0.0185546875
1 0.5869140625 0.455078125 0.0263671875 0.0341796875
1 0.548828125 0.521484375 0.009765625 0.005859375
1 0.5234375 0.509765625 0.0078125 0.0126953125
1 0.5400390625 0.548828125 0.0361328125 0.0361328125
1 0.5615234375 0.5185546875 0.0078125 0.0126953125
1 0.576171875 0.5234375 0.0107421875 0.0107421875
1 0.591796875 0.5498046875 0.0078125 0.0126953125
1 0.623046875 0.54296875 0.021484375 0.0546875
1 0.6357421875 0.552734375 0.0126953125 0.0185546875
1 0.6484375 0.5498046875 0.009765625 0.015625
0 0.67581239453125 0.7138243203125 0.70064742578125 0.62530810546875 0.694345984375 0.612189482421875 0.679535791015625 0.60422962890625 0.65072418359375 0.598557794921875 0.63372978515625 0.568374111328125 0.5927181796875 0.58367894921875 0.559852630859375 0.61961483984375 0.568213693359375 0.6365955078125 0.575053650390625 0.63784266796875 0.58577273046875 0.65612541796875 0.58315048046875 0.68139548046875 0.57385505078125 0.699968921875 0.58754199609375 0.73789276953125 0.6151891640625 0.744810419921875 0.652738595703125 0.7418780546875 0.67581239453125 0.7138243203125
1 0.576171875 0.6484375 0.0107421875 0.0126953125
1 0.576171875 0.6748046875 0.0107421875 0.0126953125
1 0.6640625 0.552734375 0.013671875 0.015625
1 0.67578125 0.525390625 0.0107421875 0.017578125
1 0.705078125 0.5126953125 0.0126953125 0.0234375
1 0.67232711328125 0.5235004609375 0.687801408203125 0.500590759765625 0.694438416015625 0.47632673046875 0.66831235546875 0.427865654296875 0.65755710546875 0.423545470703125 0.648133078125 0.428676107421875 0.63137377734375 0.45025559375 0.62870832421875 0.48551901171875 0.643272369140625 0.518853416015625 0.666923869140625 0.542524005859375 0.67232711328125 0.5235004609375
1 0.71256208984375 0.510048279296875 0.697273662109375 0.54698216796875 0.71451320703125 0.57918059765625 0.742149322265625 0.612210916015625 0.75744478125 0.613518357421875 0.77076601953125 0.586695708984375 0.75969429296875 0.556489251953125 0.776470669921875 0.55506392578125 0.800484865234375 0.55942027734375 0.786354849609375 0.531675990234375 0.766405646484375 0.51892039453125 0.74811318359375 0.498701935546875 0.730131173828125 0.494358978515625 0.71256208984375 0.510048279296875
1 0.755859375 0.5234375 0.015625 0.015625
1 0.765625 0.564453125 0.0107421875 0.0185546875
1 0.78125 0.583984375 0.025390625 0.0361328125
1 0.7802734375 0.509765625 0.0126953125 0.0205078125
1 0.8037109375 0.5205078125 0.0205078125 0.0205078125
1 0.8427734375 0.4716796875 0.009765625 0.009765625
1 0.9186559609375 0.567993666015625 0.916944966796875 0.545732328125 0.9030410078125 0.50721504296875 0.886059669921875 0.467421125 0.879252869140625 0.45944385546875 0.857892072265625 0.46046596484375 0.831123005859375 0.511103876953125 0.815371416015625 0.528526609375 0.789833099609375 0.53008589453125 0.801221306640625 0.5464798203125 0.838166916015625 0.55200027734375 0.854444966796875 0.540320376953125 0.884184912109375 0.5499078359375 0.897803537109375 0.57362397265625 0.9186559609375 0.567993666015625
1 0.9150390625 0.5166015625 0.03125 0.0439453125
1 0.951171875 0.525390625 0.0234375 0.025390625
1 0.9755859375 0.5546875 0.0361328125 0.0654296875
1 0.9775390625 0.517578125 0.0078125 0.0126953125
1 0.9150390625 0.6513671875 0.017578125 0.0234375
1 0.723969384765625 0.63599805078125 0.72201324609375 0.701143744140625 0.739370337890625 0.706933458984375 0.787665974609375 0.677376705078125 0.802284271484375 0.646307548828125 0.828076775390625 0.64137383203125 0.83580588671875 0.61893566796875 0.813324853515625 0.621413912109375 0.79217202734375 0.604564525390625 0.77950484765625 0.60038366015625 0.76034030859375 0.60317670703125 0.735932275390625 0.6150428125 0.723969384765625 0.63599805078125
0 0.805224005859375 0.57775259375 0.814739462890625 0.61717410546875 0.837589216796875 0.624595443359375 0.815512072265625 0.6429532109375 0.797753103515625 0.655553412109375 0.79526748828125 0.658779150390625 0.811964498046875 0.694218052734375 0.844689388671875 0.702369470703125 0.877672486328125 0.702143080078125 0.903491111328125 0.691895201171875 0.905849126953125 0.665623125 0.913480783203125 0.628720046875 0.91497978515625 0.60120884765625 0.885649755859375 0.545844853515625 0.86111512890625 0.549217947265625 0.847748681640625 0.5738838515625 0.8244980546875 0.57054425 0.805224005859375 0.57775259375
1 0.841796875 0.5654296875 0.015625 0.0205078125
1 0.947265625 0.3544921875 0.025390625 0.021484375
0 0.845716185546875 0.39526534765625 0.865381060546875 0.386394568359375 0.873782310546875 0.353729958984375 0.86628226953125 0.30890721484375 0.84497974609375 0.29105179296875 0.81011787109375 0.2751870078125 0.77165718359375 0.300956736328125 0.7715195390625 0.354481470703125 0.7792416171875 0.40431696875 0.81738683203125 0.42455418359375 0.845716185546875 0.39526534765625
1 0.8427734375 0.4169921875 0.009765625 0.0078125
1 0.8896484375 0.3994140625 0.0078125 0.0126953125
0 0.68651439453125 0.383610896484375 0.6871905546875 0.361645607421875 0.69166144140625 0.348494833984375 0.673450361328125 0.26226396484375 0.673580970703125 0.26377368359375 0.610075271484375 0.2666015625 0.588233224609375 0.281929173828125 0.562996318359375 0.3116868671875 0.56615808984375 0.3325724453125 0.592387634765625 0.3802980859375 0.60803273046875 0.4317692265625 0.635892892578125 0.43950001171875 0.65911036328125 0.420555501953125 0.671928248046875 0.39978646875 0.68651439453125 0.383610896484375
0 0.42090295703125 0.605912423828125 0.39467592578125 0.594444443359375 0.371491609375 0.611150896484375 0.3629466875 0.6293306328125 0.366971390625 0.66149570703125 0.386237703125 0.6836202734375 0.41778609765625 0.686700666015625 0.436960177734375 0.684060330078125 0.44859302734375 0.676897666015625 0.46775444921875 0.66856794921875 0.472182435546875 0.65296947265625 0.450916884765625 0.60290075390625 0.43616265234375 0.6202184609375 0.42090295703125 0.605912423828125
1 0.4482421875 0.6884765625 0.0205078125 0.021484375
0 0.22628851953125 0.68892144140625 0.23316695703125 0.644282888671875 0.21922200390625 0.60409553515625 0.195424623046875 0.59121214453125 0.13724681640625 0.574523775390625 0.140719943359375 0.60913990234375 0.135044126953125 0.611056857421875 0.1283031328125 0.59726321484375 0.106280744140625 0.59058521484375 0.11213198046875 0.631198158203125 0.127989365234375 0.672370515625 0.119461625 0.686697048828125 0.139577908203125 0.698392892578125 0.17687445703125 0.707079474609375 0.22628851953125 0.68892144140625
1 0.130859375 0.59765625 0.015625 0.021484375
1 0.109259259765625 0.62222222265625 0.10975387109375 0.624570794921875 0.097690611328125 0.604698349609375 0.08469780859375 0.604652537109375 0.06899956640625 0.6127218359375 0.077113173828125 0.6452787421875 0.09683430859375 0.666091580078125 0.120288990234375 0.678294994140625 0.12939453125 0.672957658203125 0.130426251953125 0.663176359375 0.12540599609375 0.654676650390625 0.109259259765625 0.62222222265625
1 0.09765625 0.6806640625 0.033203125 0.0205078125