1 0.041015625 0.2841796875 0.01171875 0.015625
1 0.15625 0.2705078125 0.01171875 0.017578125
1 0.021405501953125 0.2950848671875 0.02127389453125 0.296156720703125 0.012987900390625 0.363640724609375 0.040163296875 0.385477123046875 0.074547078125 0.382979966796875 0.0811304140625 0.350434734375 0.0568614375 0.3204662734375 0.021405501953125 0.2950848671875
0 0.148112982421875 0.26891809765625 0.06716302734375 0.2460318671875 0.059586033203125 0.3262269921875 0.07869341015625 0.359577095703125 0.08511319921875 0.392575369140625 0.118909921875 0.38939011328125 0.165727681640625 0.371174576171875 0.166993546875 0.321095763671875 0.148112982421875 0.26891809765625
1 0.2099609375 0.361328125 0.0234375 0.03515625
1 0.109375 0.4462890625 0.044921875 0.037109375
1 0.0751953125 0.4697265625 0.017578125 0.013671875
1 0.1689453125 0.453125 0.021484375 0.01953125
0 0 0.578199650390625 0.009198646484375 0.607381302734375 0.03758240625 0.640903861328125 0.059283091796875 0.56717151171875 0.08631121484375 0.543442541015625 0.108791375 0.51413329296875 0.103639154296875 0.499196873046875 0.0451712578125 0.476166255859375 0.02153070703125 0.474361984375 0 0.503506697265625 0 0.578199650390625
1 0.230788912109375 0.562841087890625 0.247609009765625 0.508294990234375 0.2504442265625 0.483783677734375 0.23591780859375 0.46487123828125 0.195505330078125 0.463322478515625 0.164156904296875 0.471254103515625 0.1477101796875 0.541149365234375 0.10186083203125 0.539012865234375 0.0742368984375 0.54032191015625 0.05998390625 0.5704521875 0.05263258984375 0.588710373046875 0.066077125 0.650967087890625 0.079679873046875 0.69301521875 0.10377287109375 0.71762265625 0.142783150390625 0.71450143359375 0.185854138671875 0.640023138671875 0.207862462890625 0.59194804296875 0.230788912109375 0.562841087890625
1 0.2734375 0.51953125 0.0546875 0.046875
0 0.305797583984375 0.6156721328125 0.2701802578125 0.542858216796875 0.21222414453125 0.57844007421875 0.2090437265625 0.621662033203125 0.204317666015625 0.685919990234375 0.22257253515625 0.687980939453125 0.277559734375 0.684072771484375 0.31132841015625 0.6420887109375 0.305797583984375 0.6156721328125
1 0.33984375 0.6533203125 0.029296875 0.033203125
0 0.435546875 0.6845703125 0.12890625 0.158203125
1 0.5029296875 0.6875 0.01171875 0.013671875
1 0.5107421875 0.6728515625 0.01171875 0.017578125
1 0.3349609375 0.515625 0.021484375 0.015625
1 0.2900390625 0.482421875 0.015625 0.0234375
1 0.361328125 0.4248046875 0.033203125 0.037109375
1 0.369140625 0.3984375 0.015625 0.015625
1 0.23765673828125 0.41463880859375 0.246239751953125 0.429234693359375 0.27595635546875 0.38570846875 0.2555327890625 0.367328283203125 0.2595354453125 0.32869815625 0.22897728515625 0.344778451171875 0.22543521484375 0.375968779296875 0.23765673828125 0.41463880859375
0 0.264050404296875 0.28870454296875 0.258091978515625 0.3088360546875 0.258220234375 0.33990787109375 0.267306099609375 0.37348337890625 0.27314535546875 0.414855916015625 0.283535 0.426206564453125 0.313147076171875 0.43062507421875 0.3508221875 0.399901875 0.35225904296875 0.364647619140625 0.343832556640625 0.308509576171875 0.264047828125 0.28889510546875 0.264050404296875 0.28870454296875
1 0.40625 0.3994140625 0.015625 0.017578125
1 0.3759765625 0.3701171875 0.01171875 0.01171875
1 0.412109375 0.361328125 0.009765625 0.017578125
1 0.4189453125 0.49609375 0.044921875 0.052734375
1 0.4326171875 0.548828125 0.048828125 0.044921875
1 0.4814453125 0.505859375 0.078125 0.1015625
1 0.5478515625 0.56640625 0.080078125 0.109375
1 0.3837890625 0.52734375 0.013671875 0.013671875
1 0.3359375 0.4609375 0.009765625 0.013671875
1 0.314453125 0.55859375 0.01171875 0.01171875
1 0.58984375 0.6630859375 0.033203125 0.0546875
0 0.571132529296875 0.723560015625 0.577851828125 0.773007216796875 0.6170617578125 0.806364998046875 0.648435455078125 0.80590159375 0.695101814453125 0.776846341796875 0.702039798828125 0.733738705078125 0.681297552734375 0.677103609375 0.643635419921875 0.65013425 0.615595208984375 0.659020416015625 0.578047 0.6943489765625 0.571132529296875 0.723560015625
1 0.7119140625 0.6728515625 0.009765625 0.01171875
1 0.6025390625 0.572265625 0.005859375 0.01171875
1 0.6142578125 0.5771484375 0.02734375 0.04296875
1 0.6015625 0.470703125 0.03125 0.021484375
1 0.5732421875 0.4794921875 0.01171875 0.01171875
1 0.583984375 0.443359375 0.01171875 0.015625
1 0.552734375 0.40234375 0.01171875 0.01171875
1 0.576171875 0.416015625 0.009765625 0.013671875
1 0.6103515625 0.43359375 0.01171875 0.015625
1 0.62109375 0.4287109375 0.0078125 0.017578125
1 0.6328125 0.455078125 0.013671875 0.017578125
1 0.6416015625 0.4296875 0.0234375 0.033203125
1 0.74609375 0.546875 0.01171875 0.013671875
1 0.6708984375 0.59375 0.017578125 0.01171875
1 0.6884765625 0.5927734375 0.01171875 0.017578125
1 0.7060546875 0.6103515625 0.009765625 0.013671875
1 0.6845703125 0.55859375 0.015625 0.017578125
1 0.7060546875 0.564453125 0.01171875 0.015625
1 0.7431640625 0.4736328125 0.01171875 0.015625
1 0.7451171875 0.42578125 0.009765625 0.015625
1 0.751953125 0.3974609375 0.009765625 0.013671875
1 0.6640625 0.3955078125 0.01171875 0.021484375
1 0.7802734375 0.4736328125 0.01171875 0.017578125
1 0.78125 0.501953125 0.013671875 0.02734375
1 0.79296875 0.470703125 0.013671875 0.02734375
1 0.8251953125 0.439453125 0.015625 0.017578125
1 0.8291015625 0.462890625 0.01171875 0.017578125
1 0.7880859375 0.5419921875 0.048828125 0.046875
1 0.8291015625 0.5537109375 0.02734375 0.037109375
1 0.83203125 0.6015625 0.021484375 0.029296875
1 0.825344908203125 0.591012765625 0.816781669921875 0.560218857421875 0.767284224609375 0.591005345703125 0.790102044921875 0.615504798828125 0.815288013671875 0.613891203125 0.825344908203125 0.591012765625
1 0.765306908203125 0.65485984765625 0.7851212890625 0.680522765625 0.788811453125 0.703890060546875 0.800354013671875 0.695834486328125 0.8075038046875 0.679206998046875 0.832211498046875 0.650199017578125 0.84202277734375 0.622060328125 0.824369087890625 0.6088494921875 0.798890001953125 0.612903322265625 0.782142158203125 0.6019710546875 0.76634990625 0.58922364453125 0.758251498046875 0.622024732421875 0.765306908203125 0.65485984765625
0 0.84765625 0.7578125 0.125 0.16015625
1 0.7890625 0.755859375 0.015625 0.01953125
1 0.95703125 0.7060546875 0.048828125 0.078125
1 0.968278498046875 0.64722801953125 0.944267255859375 0.644033400390625 0.92156211328125 0.63827825390625 0.91761316015625 0.6534489609375 0.921828703125 0.681642337890625 0.93236136328125 0.688828552734375 0.95077285546875 0.673280154296875 0.98155869921875 0.6580590078125 0.986816294921875 0.6369894296875 0.968278498046875 0.64722801953125
1 0.93827669140625 0.555835197265625 0.91345998046875 0.574336630859375 0.887854998046875 0.5795324296875 0.88608180078125 0.5995704765625 0.897891388671875 0.66797751953125 0.9011233671875 0.682261697265625 0.899631875 0.685229810546875 0.92823408203125 0.648998900390625 0.962570552734375 0.6521338203125 0.992101322265625 0.594910873046875 0.93827669140625 0.555835197265625
1 0.875 0.63671875 0.017578125 0.013671875
1 0.953125 0.546875 0.017578125 0.02734375
1 0.97265625 0.513671875 0.0234375 0.03125
1 0.9873046875 0.55859375 0.021484375 0.02734375
1 0.9931640625 0.5068359375 0.013671875 0.033203125
1 0.9755859375 0.4921875 0.01953125 0.013671875
1 0.9462890625 0.48046875 0.01171875 0.013671875
1 0.9228515625 0.451171875 0.01171875 0.01953125
1 0.908203125 0.4580078125 0.015625 0.01171875
0 0.90620228125 0.465825982421875 0.8844674375 0.428934345703125 0.86050091015625 0.457099755859375 0.84836594140625 0.486101876953125 0.839207369140625 0.490969224609375 0.83989415625 0.51102647265625 0.869835919921875 0.547780515625 0.887761384765625 0.55131590625 0.912802310546875 0.568701291015625 0.931443634765625 0.53443849609375 0.943951880859375 0.4791304453125 0.930372025390625 0.456483671875 0.90620228125 0.465825982421875
1 0.8203125 0.4072265625 0.013671875 0.017578125
0 0.697429404296875 0.381343791015625 0.673511064453125 0.385872107421875 0.66246994140625 0.41774158203125 0.648948033203125 0.4480865625 0.641510947265625 0.480101826171875 0.643223171875 0.521411859375 0.68275719140625 0.524423171875 0.73032407421875 0.5114585625 0.73555566015625 0.48160187109375 0.7359186328125 0.435887451171875 0.720341142578125 0.39190323046875 0.697429404296875 0.381343791015625
0 0.530182 0.35558176953125 0.498775142578125 0.3146063984375 0.46846833984375 0.344453927734375 0.459457724609375 0.36543577734375 0.464479267578125 0.395576173828125 0.469296861328125 0.41742471875 0.492511404296875 0.464937404296875 0.525279837890625 0.459654626953125 0.541544771484375 0.44273209375 0.534467072265625 0.402128921875 0.570282708984375 0.37951189453125 0.548943896484375 0.371680810546875 0.530182 0.35558176953125
1 0.4521484375 0.4130859375 0.0390625 0.044921875
1 0.429619787109375 0.371272724609375 0.460654279296875 0.3963819453125 0.46317390234375 0.353337408203125 0.4848029375 0.343499197265625 0.51180323046875 0.3233674921875 0.54766718359375 0.372337890625 0.572115201171875 0.32780730078125 0.59976117578125 0.284514443359375 0.5934395234375 0.2256068046875 0.54946128125 0.19386907421875 0.50598867578125 0.211466330078125 0.4371733046875 0.2316574453125 0.381255078125 0.28421055859375 0.372989779296875 0.333178333984375 0.3856702109375 0.35374861328125 0.410454876953125 0.351598134765625 0.429619787109375 0.371272724609375
1 0.7314453125 0.265625 0.09765625 0.12890625