0 0.9580078125 0.35546875 0.083984375 0.115234375
1 0.9208984375 0.451171875 0.111328125 0.0703125
1 0.888671875 0.361328125 0.0126953125 0.0205078125
1 0.9072265625 0.494140625 0.015625 0.017578125
1 0.908203125 0.5205078125 0.0126953125 0.009765625
1 0.9892578125 0.55078125 0.0185546875 0.025390625
1 0.9697265625 0.5537109375 0.0126953125 0.021484375
0 0.9580078125 0.6689453125 0.083984375 0.1357421875
1 0.791015625 0.58203125 0.021484375 0.015625
1 0.794921875 0.5322265625 0.078125 0.0810546875
0 0.7763671875 0.65625 0.1171875 0.140625
1 0.703125 0.6083984375 0.015625 0.0185546875
1 0.654296875 0.666015625 0.0078125 0.0107421875
1 0.681640625 0.5380859375 0.046875 0.052734375
1 0.6767578125 0.4814453125 0.046875 0.0576171875
1 0.638671875 0.490234375 0.009765625 0.015625
1 0.71875 0.3896484375 0.015625 0.021484375
0 0.72670717578125 0.38448144140625 0.756944443359375 0.432980599609375 0.809747283203125 0.436599220703125 0.80082775390625 0.343009396484375 0.77431072265625 0.326225267578125 0.724827681640625 0.35586144140625 0.691590970703125 0.37602651171875 0.703805751953125 0.383654720703125 0.72670717578125 0.38448144140625
1 0.666015625 0.3955078125 0.005859375 0.013671875
1 0.6298828125 0.3984375 0.0126953125 0.015625
1 0.5859375 0.548828125 0.0107421875 0.005859375
0 0.561958755859375 0.41957051953125 0.59584005078125 0.4049014140625 0.60223679296875 0.36333980859375 0.57540716015625 0.29499076953125 0.573869978515625 0.295491966796875 0.5274716328125 0.3077411953125 0.51676044921875 0.33014701953125 0.490451388671875 0.368036609375 0.496025287109375 0.40030278515625 0.524158294921875 0.425063037109375 0.561958755859375 0.41957051953125
1 0.49609375 0.5751953125 0.0419921875 0.0517578125
1 0.5078125 0.51171875 0.099609375 0.056640625
1 0.4619140625 0.5732421875 0.029296875 0.0439453125
1 0.419921875 0.568359375 0.0595703125 0.0810546875
1 0.6142578125 0.650390625 0.0107421875 0.0078125
0 0.613836701171875 0.60887896875 0.54199735546875 0.585097001953125 0.48545490234375 0.6309609921875 0.48398618359375 0.672445091796875 0.52266244921875 0.743835771484375 0.55250315234375 0.753711626953125 0.59389467578125 0.72801787109375 0.611930080078125 0.701681685546875 0.605851107421875 0.650654142578125 0.613836701171875 0.60887896875
1 0.3974609375 0.716796875 0.009765625 0.013671875
1 0.376953125 0.716796875 0.0078125 0.013671875
1 0.3525390625 0.7548828125 0.015625 0.015625
0 0.404946625 0.67078820703125 0.36957077734375 0.598708595703125 0.329499421875 0.601528052734375 0.294348337890625 0.58317143359375 0.29332010546875 0.582892416015625 0.261439732421875 0.65287939453125 0.262018435546875 0.70387076953125 0.286219359375 0.747468171875 0.30797241796875 0.75482080859375 0.352269087890625 0.7431640625 0.374153904296875 0.727573509765625 0.398354828125 0.69208829296875 0.404946625 0.67078820703125
1 0.349609375 0.556640625 0.083984375 0.0859375
1 0.224609375 0.6640625 0.015625 0.025390625
1 0.2314453125 0.6845703125 0.0078125 0.0107421875
1 0.15625 0.646484375 0.0283203125 0.0185546875
1 0.107421875 0.5830078125 0.03125 0.0419921875
0 0.183645419921875 0.699957630859375 0.176773314453125 0.67266555078125 0.14439432421875 0.652123291015625 0.124531095703125 0.629751916015625 0.123677248046875 0.629188712890625 0.0850100234375 0.65092626953125 0.046570146484375 0.70150773046875 0.046239458984375 0.732905849609375 0.07337911328125 0.77396108984375 0.08998067578125 0.78960158984375 0.153856388671875 0.793607736328125 0.18399031640625 0.770538814453125 0.183645419921875 0.699957630859375
1 0.0166015625 0.6611328125 0.033203125 0.0751953125
1 0.0556640625 0.580078125 0.017578125 0.015625
1 0.0673828125 0.541015625 0.009765625 0.0126953125
1 0.09375 0.501953125 0.0185546875 0.025390625
0 0.12890625 0.404296875 0.1171875 0.1435546875
1 0.068359375 0.396484375 0.0126953125 0.0126953125
1 0.205078125 0.384765625 0.009765625 0.015625
0 0.333984375 0.384765625 0.099609375 0.1591796875
1 0.2724609375 0.439453125 0.0078125 0.013671875
1 0.54231254296875 0.434480751953125 0.5120003515625 0.4189453125 0.498053333984375 0.39251267578125 0.4981670078125 0.367716255859375 0.52490105078125 0.324416818359375 0.51906363671875 0.307019537109375 0.51917989453125 0.308641974609375 0.4806831796875 0.31216414453125 0.43114071875 0.35618007421875 0.411407955078125 0.39106936328125 0.422150142578125 0.43936528515625 0.48098544921875 0.4629543515625 0.50655175390625 0.47534308984375 0.539027623046875 0.47203448828125 0.54231254296875 0.434480751953125
1 0.2265625 0.521484375 0.009765625 0.009765625
1 0.296875 0.533203125 0.009765625 0.009765625