0 0.08203125 0.3759765625 0.119140625 0.146484375
1 0.048828125 0.28515625 0.0126953125 0.0185546875
1 0.162109375 0.3701171875 0.009765625 0.013671875
0 0.095703125 0.671875 0.1455078125 0.1875
0 0.3095703125 0.380859375 0.0888671875 0.125
1 0.3564453125 0.37890625 0.005859375 0.0126953125
1 0.185546875 0.55078125 0.0126953125 0.015625
0 0.314453125 0.658203125 0.1279296875 0.169921875
1 0.400390625 0.5341796875 0.013671875 0.015625
1 0.4296875 0.544921875 0.009765625 0.0107421875
1 0.4150390625 0.6875 0.0078125 0.013671875
0 0.533203125 0.6767578125 0.125 0.1513671875
1 0.603515625 0.5732421875 0.0185546875 0.0361328125
1 0.537109375 0.5537109375 0.0126953125 0.013671875
0 0.744140625 0.666015625 0.123046875 0.1533203125
0 0.947265625 0.6591796875 0.1044921875 0.1640625
0 0.51953125 0.3935546875 0.1044921875 0.1591796875
1 0.4609375 0.373046875 0.009765625 0.013671875
0 0.724609375 0.349609375 0.095703125 0.103515625
0 0.9501953125 0.3779296875 0.099609375 0.150390625
1 0.009765625 0.03515625 0.01953125 0.05859375