0 0.625843953125 0.782015958984375 0.5994999296875 0.790614865234375 0.588404369140625 0.819777595703125 0.59273969140625 0.84714975 0.5985386171875 0.8726261796875 0.6085231015625 0.8991058828125 0.6301074765625 0.890734421875 0.66880689453125 0.873450865234375 0.693632728515625 0.852809896484375 0.70688081640625 0.82236327734375 0.684072705078125 0.80672742578125 0.6567054765625 0.784637328125 0.625843953125 0.782015958984375
0 0.60546875 0.603515625 0.16015625 0.140625
0 0.34375 0.8681640625 0.2109375 0.1640625
1 0.4150390625 0.927734375 0.01171875 0.009765625
1 0.35546875 0.779296875 0.015625 0.0078125
1 0.384765625 0.6025390625 0.01171875 0.01171875
0 0.256676388671875 0.699570953125 0.3110211015625 0.722504716796875 0.346868044921875 0.72418541796875 0.391033654296875 0.705701943359375 0.413850361328125 0.682298544921875 0.4077597109375 0.655760572265625 0.39262913671875 0.62841713671875 0.371940033203125 0.599185857421875 0.3446332734375 0.591985875 0.301545990234375 0.59971542578125 0.257619677734375 0.619517078125 0.24288762890625 0.660622796875 0.256676388671875 0.699570953125
1 0.3076171875 0.5654296875 0.03125 0.021484375
1 0.34765625 0.546875 0.013671875 0.01171875
0 0.2978515625 0.45703125 0.2421875 0.17578125
0 0.25 0.234375 0.193359375 0.16015625
1 0.384765625 0.15625 0.078125 0.08984375
1 0.369140625 0.0859375 0.017578125 0.015625
0 0.25390625 0.078125 0.1484375 0.107421875
0 0.5146484375 0.0361328125 0.126953125 0.072265625
0 0.5498046875 0.1826171875 0.2265625 0.19140625
1 0.5107421875 0.2900390625 0.0078125 0.0078125
1 0.447265625 0.2529296875 0.015625 0.017578125
0 0.5849609375 0.4013671875 0.208984375 0.166015625
1 0.4921875 0.7080078125 0.015625 0.015625
1 0.5146484375 0.658203125 0.01171875 0.01171875
1 0.87109375 0.138671875 0.021484375 0.017578125