0 0.13671875 0.306640625 0.169921875 0.177734375
1 0.177734375 0.443359375 0.02734375 0.02734375
0 0.076171875 0.5830078125 0.15234375 0.208984375
0 0.3017578125 0.625 0.15625 0.18359375
0 0.3525390625 0.359375 0.197265625 0.228515625
1 0.2568359375 0.46484375 0.009765625 0.009765625
1 0.419921875 0.501953125 0.015625 0.015625
1 0.3974609375 0.498046875 0.009765625 0.009765625
1 0.4111328125 0.5087890625 0.009765625 0.009765625
1 0.484375 0.544921875 0.013671875 0.013671875
1 0.59375 0.5283203125 0.03125 0.033203125
1 0.533203125 0.55078125 0.11328125 0.125
1 0.599609375 0.5693359375 0.015625 0.015625
1 0.6328125 0.54296875 0.0078125 0.0078125
0 0.5380859375 0.7041015625 0.21875 0.224609375
1 0.701171875 0.5537109375 0.009765625 0.013671875
1 0.7080078125 0.56640625 0.01171875 0.01171875
0 0.59765625 0.388671875 0.177734375 0.1796875
0 0.8046875 0.447265625 0.162109375 0.21875
1 0.8046875 0.59375 0.009765625 0.013671875
1 0.8291015625 0.6015625 0.01171875 0.013671875
1 0.91015625 0.5361328125 0.025390625 0.029296875
1 0.8671875 0.609375 0.01171875 0.013671875
1 0.8876953125 0.6171875 0.033203125 0.044921875
1 0.919921875 0.66015625 0.03125 0.041015625
0 0.7509765625 0.7900390625 0.203125 0.248046875
0 0.98046875 0.4853515625 0.0390625 0.099609375