0 0.0380859375 0.3994140625 0.07421875 0.119140625
0 0.1923828125 0.396484375 0.1328125 0.12890625
1 0.4345703125 0.3857421875 0.041015625 0.08203125
1 0.3896484375 0.560546875 0.07421875 0.06640625
1 0.423828125 0.4970703125 0.01953125 0.021484375
1 0.4990234375 0.353515625 0.013671875 0.017578125
1 0.5126953125 0.353515625 0.009765625 0.015625
1 0.4912109375 0.4013671875 0.013671875 0.01953125
1 0.5087890625 0.4052734375 0.005859375 0.01953125
1 0.5341796875 0.4228515625 0.03515625 0.044921875
0 0.562561966796875 0.4444255546875 0.596532974609375 0.461213626953125 0.6225526328125 0.4424222734375 0.643551193359375 0.382127142578125 0.63815907421875 0.33755313671875 0.59992232421875 0.291720146484375 0.563078966796875 0.29233788671875 0.513760205078125 0.319933818359375 0.51905510546875 0.377581455078125 0.543068033203125 0.408334474609375 0.562561966796875 0.4444255546875
1 0.7080078125 0.416015625 0.033203125 0.04296875
1 0.7236328125 0.36328125 0.01953125 0.015625
1 0.689453125 0.4228515625 0.009765625 0.01953125
1 0.5390625 0.5166015625 0.025390625 0.01953125
1 0.4619140625 0.5087890625 0.009765625 0.013671875
1 0.3984375 0.490234375 0.013671875 0.01953125
1 0.4111328125 0.513671875 0.0078125 0.013671875
0 0.9384765625 0.4208984375 0.123046875 0.158203125
1 0.876953125 0.4248046875 0.013671875 0.015625
0 0.9580078125 0.658203125 0.078125 0.14453125
1 0.87109375 0.6689453125 0.044921875 0.09375
1 0.83203125 0.68359375 0.05078125 0.1015625
1 0.72265625 0.6279296875 0.009765625 0.013671875
1 0.7001953125 0.6376953125 0.02734375 0.037109375
1 0.6376953125 0.65625 0.009765625 0.015625
1 0.65234375 0.6455078125 0.017578125 0.03125
1 0.521484375 0.69140625 0.015625 0.015625
0 0.503488875 0.64767437890625 0.533630607421875 0.693059236328125 0.5573986171875 0.730936783203125 0.5987743515625 0.74543627734375 0.624923353515625 0.72068308984375 0.643538576171875 0.67282166015625 0.624272087890625 0.640840171875 0.594924671875 0.604096515625 0.563696080078125 0.590020302734375 0.5489131328125 0.589952150390625 0.515384962890625 0.6248861796875 0.503488875 0.64767437890625
1 0.4921875 0.638671875 0.013671875 0.01953125
1 0.4697265625 0.619140625 0.021484375 0.025390625
1 0.455078125 0.6435546875 0.01171875 0.013671875
1 0.4306640625 0.62109375 0.0078125 0.009765625
1 0.255859375 0.6376953125 0.013671875 0.01953125
1 0.125 0.6513671875 0.015625 0.01953125
0 0.135409154296875 0.606409072265625 0.1327475703125 0.646353744140625 0.1241432109375 0.66160162890625 0.10570471875 0.678973978515625 0.109283857421875 0.70854467578125 0.13326950390625 0.72597672265625 0.1742423203125 0.727178314453125 0.202732431640625 0.7165179765625 0.218877236328125 0.686248732421875 0.2238773828125 0.633450017578125 0.204426646484375 0.607263 0.16612830078125 0.585401833984375 0.135409154296875 0.606409072265625
1 0.0986328125 0.5615234375 0.052734375 0.046875
1 0.0615234375 0.583984375 0.0234375 0.02734375
1 0.0859375 0.6298828125 0.009765625 0.013671875
1 0.22265625 0.5439453125 0.013671875 0.017578125
1 0.2109375 0.55859375 0.009765625 0.01171875
1 0.203125 0.5615234375 0.0078125 0.009765625
1 0.119140625 0.423828125 0.013671875 0.01171875
1 0.5703125 0.552734375 0.009765625 0.021484375
1 0.8447265625 0.412109375 0.005859375 0.013671875
1 0.904296875 0.646484375 0.021484375 0.01953125
1 0.3894288125 0.47586274609375 0.387555125 0.450462087890625 0.37410666796875 0.439518171875 0.331924734375 0.413062779296875 0.289334818359375 0.444506326171875 0.261336576171875 0.464487734375 0.231263521484375 0.469167806640625 0.23792253125 0.493980083984375 0.262848837890625 0.53906993359375 0.303989048828125 0.58473352734375 0.343925900390625 0.5878411953125 0.358141505859375 0.5789867578125 0.35932578515625 0.545073390625 0.367710638671875 0.516448056640625 0.3894288125 0.47586274609375
1 0.265625 0.453125 0.015625 0.015625
1 0.453125 0.5234375 0.0078125 0.005859375
1 0.67897199609375 0.469496845703125 0.651287697265625 0.45689969921875 0.6302207734375 0.45938201171875 0.5934045390625 0.4719957265625 0.579883775390625 0.48861076171875 0.580661107421875 0.505236521484375 0.592802779296875 0.52243505859375 0.610058158203125 0.5421967578125 0.636603212890625 0.55995356640625 0.64479140625 0.556996384765625 0.663158919921875 0.545407234375 0.68313958203125 0.513036427734375 0.689673138671875 0.48774387890625 0.67897199609375 0.469496845703125
1 0.5859375 0.513671875 0.009765625 0.013671875
1 0.7724609375 0.5078125 0.009765625 0.017578125
0 0.83637927734375 0.40955160546875 0.825201876953125 0.391150212890625 0.818856576171875 0.361331607421875 0.803772828125 0.330868859375 0.773111939453125 0.335916853515625 0.74474451171875 0.35524508984375 0.72605552734375 0.37122947265625 0.71823691015625 0.41207548046875 0.726762267578125 0.4364402265625 0.75180173046875 0.471682830078125 0.775954845703125 0.48624026171875 0.80932461328125 0.473808591796875 0.836140791015625 0.4543899921875 0.840889408203125 0.4329787265625 0.83637927734375 0.40955160546875
0 0.400889416015625 0.32051547265625 0.375593005859375 0.3008441328125 0.3434001953125 0.28344891796875 0.32954269140625 0.2988475703125 0.3099176953125 0.354849462890625 0.3087367109375 0.393176744140625 0.336917185546875 0.42029437109375 0.36261502734375 0.43344483203125 0.37484574609375 0.431062310546875 0.391728439453125 0.4160209609375 0.41706902734375 0.414088404296875 0.430914302734375 0.4018996015625 0.41568655859375 0.384395451171875 0.412933810546875 0.364664484375 0.41357416796875 0.34111925 0.400889416015625 0.32051547265625
0 0.426988525390625 0.62162933984375 0.397406302734375 0.59408487109375 0.3491149140625 0.58916543359375 0.327455568359375 0.603128263671875 0.286071498046875 0.6242014609375 0.27295909375 0.6704480859375 0.284626466796875 0.71344934375 0.31065185546875 0.757476765625 0.35217069140625 0.778242087890625 0.3881527421875 0.7725348515625 0.41283630859375 0.747592619140625 0.437813095703125 0.694303443359375 0.437231677734375 0.648673396484375 0.426988525390625 0.62162933984375
0 0.765808298828125 0.5985232734375 0.7423045625 0.606196841796875 0.720201734375 0.652064671875 0.70774571484375 0.69017012890625 0.720568125 0.7271059921875 0.762378201171875 0.74607344140625 0.789239041015625 0.74049404296875 0.80019730859375 0.701426986328125 0.811887373046875 0.671394033203125 0.818410078125 0.637020171875 0.8147334921875 0.61560693359375 0.789606072265625 0.610768056640625 0.765808298828125 0.5985232734375