0 0.96484375 0.6181640625 0.0703125 0.162109375
1 0.9140625 0.5888671875 0.01171875 0.015625
1 0.8701171875 0.5859375 0.01171875 0.01171875
1 0.9501953125 0.458984375 0.0078125 0.009765625
1 0.923828125 0.4697265625 0.01171875 0.01953125
1 0.908203125 0.482421875 0.009765625 0.013671875
1 0.8935546875 0.482421875 0.009765625 0.009765625
0 0.7685546875 0.630859375 0.15234375 0.1875
1 0.7099609375 0.609375 0.021484375 0.017578125
0 0.568359375 0.666015625 0.158203125 0.142578125
0 0.34765625 0.671875 0.1796875 0.189453125
0 0.123046875 0.708984375 0.17578125 0.189453125
1 0.0927734375 0.580078125 0.05859375 0.0703125
1 0.0791015625 0.50390625 0.01953125 0.0234375
1 0.017578125 0.5205078125 0.03515625 0.158203125
1 0.2255859375 0.5263671875 0.0078125 0.013671875
1 0.2119140625 0.5283203125 0.009765625 0.009765625
1 0.1689453125 0.529296875 0.0078125 0.009765625
1 0.171875 0.5 0.01171875 0.013671875
0 0.0634765625 0.3876953125 0.126953125 0.158203125
1 0.1357421875 0.34765625 0.009765625 0.009765625
1 0.203125 0.33203125 0.01171875 0.013671875
0 0.2900390625 0.3779296875 0.1171875 0.166015625
1 0.3779296875 0.4833984375 0.013671875 0.009765625
1 0.3857421875 0.5068359375 0.01171875 0.013671875
1 0.3349609375 0.552734375 0.01171875 0.01953125
1 0.3095703125 0.537109375 0.0078125 0.009765625
1 0.470703125 0.53515625 0.146484375 0.177734375
1 0.5517578125 0.5234375 0.0078125 0.013671875
1 0.54296875 0.466796875 0.009765625 0.009765625
1 0.517578125 0.4599609375 0.0078125 0.0078125
0 0.5126953125 0.34375 0.1640625 0.19921875
1 0.525390625 0.2373046875 0.013671875 0.017578125
0 0.7490234375 0.326171875 0.115234375 0.171875
1 0.6923828125 0.369140625 0.02734375 0.029296875
1 0.73046875 0.234375 0.01171875 0.013671875
1 0.7548828125 0.4609375 0.11328125 0.13671875
1 0.8330078125 0.431640625 0.01171875 0.01171875
1 0.85546875 0.2685546875 0.013671875 0.013671875
1 0.8583984375 0.3017578125 0.01953125 0.01953125
1 0.8984375 0.275390625 0.013671875 0.017578125
1 0.9033203125 0.298828125 0.013671875 0.013671875
0 0.9482421875 0.33984375 0.08203125 0.09765625
1 0.623046875 0.4892578125 0.01171875 0.013671875