1 0.03125 0.25390625 0.0625 0.158203125
1 0.00874837109375 0.43117846484375 0.0008409296875 0.46126101171875 0.00347222265625 0.45987654296875 0.04588788671875 0.460029255859375 0.05091085546875 0.44172172265625 0.053420078125 0.40031025 0.03337040625 0.406766412109375 0.00874837109375 0.43117846484375
1 0.04177065234375 0.321580423828125 0.00772659765625 0.35257523046875 0.000669126953125 0.398425443359375 0.016782408203125 0.412099328125 0.052930291015625 0.4060410234375 0.078687126953125 0.41436792578125 0.095882462890625 0.40745161328125 0.099369755859375 0.36424173828125 0.0908821015625 0.31295412109375 0.077546296875 0.29166666796875 0.04177065234375 0.321580423828125
1 0.14453125 0.408203125 0.033203125 0.0341796875
1 0.1572265625 0.4609375 0.0107421875 0.0234375
0 0.1748046875 0.564453125 0.1767578125 0.185546875
1 0.3046875 0.486328125 0.037109375 0.060546875
1 0.2890625 0.4501953125 0.0126953125 0.0185546875
0 0.12889720703125 0.236141251953125 0.13271605078125 0.28755144140625 0.1681978203125 0.34147336328125 0.190738630859375 0.360831806640625 0.23621660546875 0.344933529296875 0.26645387109375 0.33338959765625 0.2774643125 0.32236006640625 0.27205403515625 0.279375240234375 0.2488094375 0.274725517578125 0.237720630859375 0.23009500390625 0.2328785078125 0.175341193359375 0.18961588671875 0.167609068359375 0.14294885546875 0.18955761328125 0.12889720703125 0.236141251953125
1 0.25707405078125 0.38605565234375 0.30642210546875 0.347465357421875 0.34064700390625 0.29890247265625 0.3520959921875 0.246573994140625 0.31995382421875 0.23528525390625 0.24596414453125 0.248492958984375 0.26630618359375 0.2732687109375 0.27530472265625 0.300833494140625 0.25730010546875 0.33321276953125 0.22481734765625 0.3605504921875 0.22560703515625 0.39395857421875 0.25707405078125 0.38605565234375
1 0.4580078125 0.5166015625 0.052734375 0.0390625
1 0.392578125 0.4736328125 0.0595703125 0.0654296875
0 0.454210068359375 0.537579572265625 0.422711408203125 0.5388133359375 0.389660494140625 0.505658435546875 0.38919783203125 0.50942001171875 0.36125880078125 0.56397891015625 0.354144060546875 0.62903083203125 0.36994387890625 0.64830487890625 0.41449501953125 0.670986849609375 0.46047031640625 0.660694765625 0.475635669921875 0.626742138671875 0.48433581640625 0.5716487421875 0.48796025 0.53582939453125 0.475130810546875 0.53103499609375 0.454210068359375 0.537579572265625
0 0.66015625 0.59375 0.1171875 0.173828125
1 0.50462962890625 0.441358025390625 0.4962143125 0.46442981640625 0.52548707421875 0.528237927734375 0.541255244140625 0.534686052734375 0.56125518359375 0.533621078125 0.59619140625 0.507734134765625 0.59333255078125 0.4875438046875 0.58309220703125 0.476245017578125 0.57737148046875 0.46128311328125 0.56351725390625 0.45096691796875 0.544552650390625 0.44712094921875 0.50462962890625 0.441358025390625
1 0.662109375 0.4140625 0.033203125 0.0341796875
1 0.59375 0.3515625 0.056640625 0.078125
1 0.5927734375 0.294921875 0.0126953125 0.0185546875
1 0.62411988671875 0.37366174609375 0.598147544921875 0.41840277734375 0.581434462890625 0.4771793828125 0.590770580078125 0.48897448828125 0.623446240234375 0.48896243359375 0.657458646484375 0.47737429296875 0.682110822265625 0.44255562109375 0.68172501953125 0.430991591796875 0.661832080078125 0.42982413671875 0.648026078125 0.4197932734375 0.64131974609375 0.391913017578125 0.62411988671875 0.37366174609375
1 0.7744140625 0.51171875 0.0654296875 0.103515625
1 0.8271484375 0.4677734375 0.0185546875 0.029296875
1 0.849609375 0.474609375 0.015625 0.0126953125
0 0.9111328125 0.5791015625 0.1357421875 0.177734375
1 0.986328125 0.7373046875 0.025390625 0.025390625
0 0.4453125 0.271484375 0.150390625 0.234375
0 0.71985918359375 0.22267232421875 0.68557098828125 0.18004115234375 0.687044873046875 0.17873103125 0.611094533203125 0.210222158203125 0.59798176953125 0.23112983984375 0.617856626953125 0.30726353515625 0.638118791015625 0.368853283203125 0.6517936796875 0.373187533203125 0.69853756640625 0.354452 0.729305314453125 0.33935144921875 0.7405538671875 0.302447033203125 0.73848771484375 0.25635368359375 0.71985918359375 0.22267232421875
1 0.806640625 0.310546875 0.013671875 0.0185546875
0 0.8935546875 0.28515625 0.140625 0.2001953125
1 0.9814453125 0.29296875 0.037109375 0.111328125