0 0.6728515625 0.517578125 0.177734375 0.166015625
1 0.6181640625 0.3642578125 0.048828125 0.03515625
0 0.5947265625 0.2919921875 0.23046875 0.18359375
1 0.4853515625 0.376953125 0.056640625 0.046875
1 0.40625 0.2783203125 0.029296875 0.0234375
1 0.349609375 0.4404296875 0.080078125 0.07421875
1 0.306640625 0.1806640625 0.025390625 0.01953125
0 0.5771484375 0.0869140625 0.232421875 0.173828125
1 0.3671875 0.072265625 0.025390625 0.01953125
0 0.2392578125 0.1171875 0.259765625 0.185546875
1 0.4326171875 0.59765625 0.01953125 0.013671875
1 0.4130859375 0.67578125 0.013671875 0.009765625
0 0.435546875 0.7958984375 0.18359375 0.19140625
1 0.451171875 0.8818359375 0.013671875 0.0078125
0 0.4833984375 0.9599609375 0.197265625 0.080078125
1 0.5048828125 0.9248046875 0.015625 0.013671875
1 0.41015625 0.0712890625 0.1640625 0.142578125
1 0.484375 0.4755859375 0.025390625 0.01953125
1 0.4453125 0.333984375 0.013671875 0.0078125
1 0.33203125 0.3955078125 0.01953125 0.021484375
0 0.346911373046875 0.38254771484375 0.37710816796875 0.387448953125 0.385161462890625 0.367523681640625 0.37454302734375 0.3325775234375 0.32963612109375 0.294636412109375 0.29346516015625 0.2964910703125 0.259952298828125 0.313208935546875 0.1987436328125 0.34090988671875 0.189172044921875 0.360804041015625 0.211354771484375 0.4010148515625 0.2539905703125 0.42800661328125 0.308945625 0.433935107421875 0.309630162109375 0.433181982421875 0.325163037109375 0.40830508203125 0.32055534375 0.390698462890625 0.346911373046875 0.38254771484375
0 0.28078109765625 0.526027703125 0.2637718828125 0.56157998828125 0.266771404296875 0.62702208203125 0.318565689453125 0.671515236328125 0.39015025 0.667098 0.446470689453125 0.6442979453125 0.442703529296875 0.619653205078125 0.421716134765625 0.59825326171875 0.439029875 0.577338458984375 0.446988228515625 0.556780861328125 0.434950669921875 0.52414247265625 0.400519900390625 0.498597265625 0.336836595703125 0.504733029296875 0.28078109765625 0.526027703125
0 0.6728830625 0.698803287109375 0.677048796875 0.714756841796875 0.68369059765625 0.738346994140625 0.649561771484375 0.756791642578125 0.659158830078125 0.788861291015625 0.6964994296875 0.819687892578125 0.760013107421875 0.811531109375 0.813328171875 0.7953560390625 0.820901974609375 0.74518280078125 0.789046396484375 0.688552154296875 0.71670033984375 0.6858255234375 0.6728830625 0.698803287109375
1 0.553752857421875 0.7960918046875 0.587583625 0.791255626953125 0.63674694140625 0.763689578125 0.68309173046875 0.736309072265625 0.684159068359375 0.735143927734375 0.662161107421875 0.675956748046875 0.64515584375 0.639627998046875 0.627723703125 0.625186298828125 0.56149384765625 0.63992101953125 0.506340560546875 0.681563970703125 0.50116045703125 0.726495814453125 0.50379714453125 0.752112630859375 0.553752857421875 0.7960918046875
0 0.787746884765625 0.912938259765625 0.766719064453125 0.9083749453125 0.7451208203125 0.90082786328125 0.7312708671875 0.892526013671875 0.7186458203125 0.891688927734375 0.70463259765625 0.91563332421875 0.7111245234375 0.9644101171875 0.7566940703125 0.95388955859375 0.790813333984375 0.946012505859375 0.787961310546875 0.913966572265625 0.787746884765625 0.912938259765625
1 0.7529296875 0.896484375 0.021484375 0.01953125