1 0.623046875 0.0966796875 0.029296875 0.025390625
0 0.662109375 0.2001953125 0.185546875 0.1484375
0 0.6923828125 0.3369140625 0.21875 0.181640625
1 0.490234375 0.0849609375 0.03125 0.025390625
1 0.494140625 0.109375 0.041015625 0.03515625
1 0.494140625 0.15234375 0.029296875 0.0234375
1 0.529296875 0.20703125 0.060546875 0.0390625
1 0.5126953125 0.2587890625 0.01953125 0.013671875
1 0.58203125 0.3623046875 0.025390625 0.025390625
1 0.5712890625 0.3408203125 0.013671875 0.01171875
1 0.6005859375 0.453125 0.015625 0.015625
0 0.75390625 0.5712890625 0.177734375 0.15625
0 0.7734375 0.78515625 0.1796875 0.15234375
1 0.6435546875 0.9638671875 0.046875 0.041015625
1 0.46875 0.9951171875 0.02734375 0.009765625
0 0.4794921875 0.849609375 0.1875 0.158203125
0 0.42578125 0.625 0.15625 0.125
1 0.556640625 0.5185546875 0.037109375 0.029296875
1 0.5947265625 0.55859375 0.064453125 0.056640625
1 0.5947265625 0.619140625 0.0390625 0.046875
1 0.5771484375 0.65625 0.0390625 0.03515625
0 0.396484375 0.4091796875 0.12890625 0.1171875
1 0.4052734375 0.4716796875 0.021484375 0.021484375
1 0.390625 0.30078125 0.0234375 0.01953125
0 0.3486328125 0.1982421875 0.16015625 0.140625
1 0.3408203125 0.2236328125 0.015625 0.015625