0 0.685546875 0.1279296875 0.138671875 0.1123046875
1 0.5537109375 0.0380859375 0.0966796875 0.068359375
1 0.548828125 0.099609375 0.09375 0.087890625
1 0.552734375 0.1650390625 0.0810546875 0.048828125
1 0.541015625 0.21875 0.0986328125 0.0595703125
1 0.46875 0.224609375 0.134765625 0.083984375
0 0.423828125 0.1396484375 0.1484375 0.103515625
1 0.375 0.044921875 0.09375 0.0810546875
1 0.513671875 0.3115234375 0.0673828125 0.072265625
1 0.53125 0.3603515625 0.03125 0.03125
1 0.44921875 0.2841796875 0.015625 0.009765625
1 0.408203125 0.287109375 0.0126953125 0.009765625
0 0.419921875 0.345703125 0.130859375 0.107421875
1 0.552734375 0.408203125 0.0908203125 0.123046875
1 0.6279296875 0.4228515625 0.03125 0.041015625
1 0.7431640625 0.396484375 0.0517578125 0.0341796875
0 0.7099609375 0.328125 0.1591796875 0.119140625
1 0.330078125 0.4892578125 0.025390625 0.0185546875
1 0.470703125 0.4326171875 0.0185546875 0.017578125
1 0.447265625 0.4306640625 0.0126953125 0.009765625
1 0.525390625 0.5732421875 0.1015625 0.087890625
1 0.599609375 0.53125 0.0546875 0.099609375
0 0.705078125 0.546875 0.158203125 0.119140625
1 0.6181640625 0.677734375 0.0283203125 0.0205078125
1 0.5927734375 0.609375 0.025390625 0.0283203125
1 0.6005859375 0.646484375 0.025390625 0.0185546875
1 0.5634765625 0.69921875 0.021484375 0.015625
0 0.697265625 0.7578125 0.134765625 0.150390625
1 0.580078125 0.8203125 0.103515625 0.0654296875
1 0.4541015625 0.814453125 0.080078125 0.046875
1 0.3544921875 0.7119140625 0.0751953125 0.068359375
1 0.384765625 0.888671875 0.0107421875 0.009765625
1 0.5625 0.908203125 0.087890625 0.0546875
0 0.419921875 0.9541015625 0.146484375 0.091796875
0 0.69140625 0.9404296875 0.1826171875 0.119140625
0 0.480663373046875 0.739313357421875 0.475987240234375 0.70661659765625 0.411380828125 0.6964802421875 0.394753431640625 0.7021445625 0.38734051171875 0.722356564453125 0.37075444921875 0.7521598046875 0.341548859375 0.77681671484375 0.33650242578125 0.799940322265625 0.3638220625 0.81001855078125 0.40945526171875 0.80893735546875 0.434224123046875 0.792759486328125 0.473985890625 0.787698412109375 0.480663373046875 0.739313357421875
0 0.34080308984375 0.533051990234375 0.325558724609375 0.559991423828125 0.326679962890625 0.575006716796875 0.3577336171875 0.588289775390625 0.39502900390625 0.60839714453125 0.42472373828125 0.592511212890625 0.45336784765625 0.571552580078125 0.46978684375 0.54138635546875 0.46076698828125 0.50518120703125 0.424320712890625 0.47604967578125 0.42372133984375 0.477513228515625 0.374328291015625 0.508198732421875 0.34080308984375 0.533051990234375