0 0.0859375 0.3271484375 0.171875 0.224609375
1 0.0390625 0.4423828125 0.013671875 0.015625
1 0.0771484375 0.44921875 0.017578125 0.0234375
1 0.08984375 0.439453125 0.013671875 0.021484375
1 0.1162109375 0.4462890625 0.033203125 0.0234375
1 0.1015625 0.4775390625 0.015625 0.015625
0 0.140625 0.587890625 0.119140625 0.1328125
1 0.26171875 0.4208984375 0.015625 0.017578125
0 0.3203125 0.5703125 0.123046875 0.146484375
1 0.357421875 0.4453125 0.013671875 0.0234375
1 0.3154296875 0.4453125 0.021484375 0.013671875
1 0.4189453125 0.3876953125 0.033203125 0.033203125
1 0.4462890625 0.4033203125 0.017578125 0.021484375
0 0.3603515625 0.2880859375 0.169921875 0.21484375
0 0.5068359375 0.28515625 0.15625 0.189453125
1 0.4375 0.2431640625 0.013671875 0.015625
0 0.7109375 0.265625 0.15625 0.171875
1 0.7861328125 0.3408203125 0.013671875 0.01953125
1 0.8447265625 0.3916015625 0.015625 0.015625
0 0.9072265625 0.259765625 0.14453125 0.201171875
0 0.9208984375 0.5029296875 0.158203125 0.169921875
0 0.736328125 0.5205078125 0.146484375 0.185546875
1 0.640625 0.4970703125 0.013671875 0.013671875
0 0.5390625 0.5537109375 0.166015625 0.18359375
1 0.466796875 0.5751953125 0.017578125 0.025390625
1 0.427734375 0.5146484375 0.009765625 0.01171875