1 0.884765625 0.7216796875 0.01171875 0.01171875
1 0.8515625 0.6787109375 0.01171875 0.013671875
1 0.9013671875 0.7236328125 0.015625 0.015625
0 0.97285701171875 0.6976798671875 0.978120451171875 0.6678294140625 0.976220609375 0.658579294921875 0.938054560546875 0.643105853515625 0.91478708203125 0.64835901953125 0.883271703125 0.68012066796875 0.8829298203125 0.69715473828125 0.891408765625 0.71447095703125 0.90633981640625 0.717268294921875 0.911431072265625 0.733610380859375 0.92554180859375 0.739451517578125 0.95320433203125 0.74412648828125 0.962609927734375 0.73376163671875 0.97285701171875 0.6976798671875
1 0.978515625 0.537109375 0.04296875 0.078125
0 0.982421875 0.421875 0.03515625 0.171875
1 0.8056640625 0.4921875 0.015625 0.01953125
1 0.849609375 0.537109375 0.009765625 0.009765625
1 0.876953125 0.53515625 0.005859375 0.005859375
0 0.82421875 0.404296875 0.171875 0.1875
0 0.6823609765625 0.6871564765625 0.711563337890625 0.699981572265625 0.72345462890625 0.71438865625 0.73700984765625 0.76291465234375 0.737121169921875 0.7636429765625 0.756124103515625 0.75774259765625 0.784069666015625 0.74368640234375 0.81823503125 0.710318986328125 0.824490943359375 0.66236575390625 0.80227206640625 0.60957664453125 0.759864283203125 0.58467683203125 0.716753673828125 0.58945769140625 0.68884186328125 0.618527556640625 0.673035830078125 0.662957775390625 0.6823609765625 0.6871564765625
1 0.646484375 0.5517578125 0.021484375 0.03125
1 0.7138671875 0.50390625 0.0078125 0.009765625
1 0.6669921875 0.5078125 0.005859375 0.009765625
1 0.693359375 0.50390625 0.01171875 0.009765625
1 0.633703904296875 0.418452203125 0.614192384765625 0.434145173828125 0.61182505078125 0.455219814453125 0.629543923828125 0.47867453515625 0.650505822265625 0.50577526953125 0.659276796875 0.50539706640625 0.696697103515625 0.49898849609375 0.70207469140625 0.47343753515625 0.709328771484375 0.43363413671875 0.709298783203125 0.40636793359375 0.7101413828125 0.405772447265625 0.674606654296875 0.405936650390625 0.633703904296875 0.418452203125
1 0.7392578125 0.4150390625 0.0078125 0.013671875
1 0.5556640625 0.486328125 0.005859375 0.005859375
1 0.5400390625 0.47265625 0.03515625 0.044921875
1 0.4638671875 0.431640625 0.048828125 0.091796875
1 0.53515625 0.3095703125 0.0625 0.115234375
0 0.562197017578125 0.29428619140625 0.55759583984375 0.331246501953125 0.533142267578125 0.373497646484375 0.53341084765625 0.397212119140625 0.578611328125 0.420940763671875 0.608057505859375 0.4288711171875 0.64935070703125 0.392010513671875 0.66869901171875 0.36446812890625 0.663352044921875 0.33240398828125 0.625465033203125 0.29579782421875 0.596840779296875 0.253744796875 0.58892215234375 0.246742984375 0.573677546875 0.2657605 0.562197017578125 0.29428619140625
1 0.4521484375 0.3125 0.009765625 0.015625
1 0.5 0.326171875 0.009765625 0.01171875
1 0.41796875 0.4599609375 0.01171875 0.017578125
1 0.38671875 0.4541015625 0.015625 0.015625
1 0.41791869140625 0.4142928984375 0.42810307421875 0.38642962890625 0.419514947265625 0.37497455078125 0.39940696484375 0.36457735546875 0.377501841796875 0.3698571796875 0.3642188359375 0.37405242578125 0.36051186328125 0.387727734375 0.358104767578125 0.418319884765625 0.36697362890625 0.460525470703125 0.365737166015625 0.46264301171875 0.391333029296875 0.442073109375 0.41791869140625 0.4142928984375
0 0.317516541015625 0.37114159765625 0.349906802734375 0.41095860546875 0.355418365234375 0.406286734375 0.3623205625 0.39279667578125 0.372466791015625 0.3709471796875 0.4021746796875 0.357877779296875 0.42859049609375 0.32537337109375 0.43656895703125 0.27402125 0.41149987109375 0.24742326171875 0.37546245703125 0.21743033984375 0.33021490625 0.2313970078125 0.3031214921875 0.287514345703125 0.305418359375 0.3258950078125 0.317516541015625 0.37114159765625
1 0.384765625 0.5908203125 0.013671875 0.015625
1 0.2744140625 0.5595703125 0.013671875 0.017578125
0 0.33811319140625 0.694654841796875 0.36432130859375 0.66520295703125 0.371796505859375 0.6188168125 0.37245418359375 0.566266337890625 0.34427476171875 0.540963060546875 0.314081609375 0.531147623046875 0.295426904296875 0.548449869140625 0.276131740234375 0.579376423828125 0.257596525390625 0.626376474609375 0.27057051953125 0.65458112109375 0.29469348046875 0.682703083984375 0.3270956953125 0.70890194140625 0.33811319140625 0.694654841796875
0 0.5224609375 0.6259765625 0.123046875 0.1640625
1 0.6044921875 0.658203125 0.0078125 0.0078125
1 0.26324637890625 0.3969172265625 0.25221990234375 0.3680126640625 0.213584599609375 0.38149117578125 0.2096476640625 0.399652873046875 0.227803099609375 0.439001642578125 0.22344176953125 0.45300909765625 0.20086144140625 0.457697857421875 0.188151826171875 0.4936569140625 0.197826283203125 0.504019458984375 0.24111237890625 0.4934816484375 0.25519604296875 0.48631939453125 0.268987689453125 0.46767948828125 0.26324637890625 0.3969172265625
1 0.17341928515625 0.414732412109375 0.16112810546875 0.43881811328125 0.1715275625 0.44958190625 0.20611941015625 0.45792988671875 0.222698462890625 0.45438718359375 0.227508341796875 0.438775556640625 0.21396598046875 0.414858880859375 0.194158826171875 0.4077603046875 0.17341928515625 0.414732412109375
0 0.115234375 0.5439453125 0.146484375 0.181640625
1 0 0.580273634765625 0.02394667578125 0.58684877734375 0.0476910546875 0.585400005859375 0.0498312265625 0.576398400390625 0.049257451171875 0.5774017578125 0.0400528359375 0.55026303125 0.031716044921875 0.541091251953125 0.013133630859375 0.544624119140625 0 0.5565470546875 0 0.580273634765625
1 0.048828125 0.62890625 0.01953125 0.021484375
1 0.025390625 0.3671875 0.0234375 0.029296875
1 0.087890625 0.3974609375 0.01171875 0.01171875
1 0.14453125 0.189453125 0.015625 0.017578125
0 0.10112821484375 0.235888611328125 0.10332151171875 0.26567458984375 0.1066936171875 0.3169115625 0.11730623828125 0.35382171875 0.16418503125 0.3540594765625 0.2043232109375 0.337027720703125 0.238890548828125 0.31815943359375 0.24076778515625 0.303405189453125 0.235861556640625 0.250367419921875 0.227629169921875 0.19642894140625 0.2146939140625 0.185616572265625 0.177550646484375 0.192484791015625 0.156448798828125 0.200221412109375 0.1220624375 0.20886391015625 0.10112821484375 0.235888611328125
1 0.3173828125 0.43359375 0.009765625 0.01171875