1 0.30859375 0.9521484375 0.025390625 0.029296875
1 0.3203125 0.9365234375 0.0078125 0.0078125
1 0.330078125 0.9287109375 0.01171875 0.01171875
1 0.435546875 0.9638671875 0.078125 0.072265625
1 0.4990234375 0.89453125 0.052734375 0.03515625
1 0.4580078125 0.88671875 0.021484375 0.029296875
0 0.315856654296875 0.836960787109375 0.284008521484375 0.874760599609375 0.28883613671875 0.887901576171875 0.32926381640625 0.928848638671875 0.34503784765625 0.9469115703125 0.393711302734375 0.938263068359375 0.445651990234375 0.928773677734375 0.451788642578125 0.910654107421875 0.451031986328125 0.8781394453125 0.450028955078125 0.850648453125 0.431977259765625 0.836542478515625 0.38095583984375 0.81544999609375 0.34616639453125 0.8131898984375 0.315856654296875 0.836960787109375
0 0.6455078125 0.916015625 0.173828125 0.150390625
1 0.5869140625 0.8359375 0.033203125 0.021484375
1 0.650390625 0.8369140625 0.01171875 0.01171875
1 0.517578125 0.94921875 0.015625 0.017578125
1 0.375 0.7265625 0.01171875 0.01171875
1 0.3173828125 0.7177734375 0.01171875 0.009765625
1 0.4140625 0.611328125 0.052734375 0.052734375
0 0.482184509765625 0.614892755859375 0.45245855859375 0.60175291015625 0.437327716796875 0.607968740234375 0.409876314453125 0.622288654296875 0.39075648828125 0.626435361328125 0.3471939140625 0.62536660546875 0.329918951171875 0.647971443359375 0.328404623046875 0.670073857421875 0.347804021484375 0.7019470859375 0.401098537109375 0.727629390625 0.430713474609375 0.728284263671875 0.470384421875 0.70439611328125 0.48580976171875 0.68369551171875 0.505087658203125 0.6518917421875 0.499794890625 0.640370447265625 0.482184509765625 0.614892755859375
1 0.5087890625 0.583984375 0.017578125 0.009765625
1 0.5712890625 0.650390625 0.111328125 0.068359375
0 0.596537712890625 0.673812333984375 0.562726830078125 0.676122412109375 0.572059044921875 0.688714607421875 0.605046474609375 0.729659453125 0.620597166015625 0.752412326171875 0.675632203125 0.7586838125 0.707970240234375 0.752683212890625 0.737970294921875 0.733888203125 0.733911275390625 0.693665935546875 0.72522871484375 0.669117890625 0.68906367578125 0.649578408203125 0.651213421875 0.649520923828125 0.621134205078125 0.66063237109375 0.596537712890625 0.673812333984375
1 0.53515625 0.6064453125 0.015625 0.01171875
1 0.5400390625 0.5849609375 0.017578125 0.01171875
1 0.51171875 0.5361328125 0.0234375 0.017578125
1 0.419921875 0.5224609375 0.013671875 0.0078125
1 0.533015533203125 0.477320673828125 0.52489869140625 0.4659038828125 0.511625396484375 0.473241193359375 0.50520492578125 0.49475630859375 0.496908458984375 0.51487403125 0.485928095703125 0.527898533203125 0.491717982421875 0.53376589453125 0.5119988359375 0.53333772265625 0.533367255859375 0.521713009765625 0.536307892578125 0.49758355078125 0.533015533203125 0.477320673828125
1 0.517774263671875 0.48678400390625 0.5030711875 0.478801662109375 0.495235060546875 0.491052451171875 0.46786141015625 0.500236267578125 0.4806015546875 0.51008159765625 0.511348232421875 0.51367302734375 0.520027078125 0.506877240234375 0.517774263671875 0.48678400390625
1 0.4990234375 0.4482421875 0.0234375 0.015625
1 0.50390625 0.4365234375 0.0390625 0.021484375
1 0.4814453125 0.4052734375 0.0859375 0.068359375
0 0.41682016796875 0.3870973203125 0.39056690625 0.397341626953125 0.369629724609375 0.423871498046875 0.355096724609375 0.46426592578125 0.376204689453125 0.50005094140625 0.40137321484375 0.52453353125 0.417254931640625 0.521585103515625 0.453796302734375 0.51549454296875 0.48671969921875 0.49549883984375 0.501663771484375 0.476085271484375 0.487410064453125 0.453852421875 0.467232115234375 0.428730421875 0.45334971875 0.411145509765625 0.443599142578125 0.393417703125 0.41682016796875 0.3870973203125
1 0.3779296875 0.54296875 0.01171875 0.01171875
1 0.3466796875 0.4765625 0.01171875 0.009765625
1 0.509765625 0.3583984375 0.013671875 0.013671875
1 0.5703125 0.40234375 0.017578125 0.015625
1 0.587890625 0.4013671875 0.025390625 0.013671875
1 0.580078125 0.423828125 0.013671875 0.01171875
1 0.6015625 0.486328125 0.115234375 0.115234375
0 0.7265625 0.5107421875 0.181640625 0.1640625
1 0.673828125 0.392578125 0.029296875 0.02734375
1 0.6669921875 0.3193359375 0.09765625 0.0625
0 0.77734375 0.3125 0.162109375 0.138671875
1 0.578125 0.359375 0.029296875 0.015625
1 0.5810546875 0.3310546875 0.0078125 0.0078125
1 0.5830078125 0.3447265625 0.01171875 0.0078125
1 0.5498046875 0.32421875 0.009765625 0.013671875
1 0.5498046875 0.2880859375 0.01171875 0.01171875
1 0.5078125 0.3154296875 0.02734375 0.01953125
1 0.509765625 0.302734375 0.03125 0.0234375
1 0.466796875 0.2978515625 0.05078125 0.041015625
0 0.385088134765625 0.240240353515625 0.40632503125 0.262761111328125 0.449637455078125 0.282119310546875 0.484409845703125 0.292900802734375 0.509019646484375 0.291519529296875 0.531462109375 0.26794293359375 0.540520978515625 0.249373302734375 0.5275721640625 0.2111386875 0.520448294921875 0.1868175390625 0.48061791796875 0.156999927734375 0.447369046875 0.15181705078125 0.418836490234375 0.17524719140625 0.391752974609375 0.215010412109375 0.385088134765625 0.240240353515625
1 0.5439302890625 0.18126275 0.529596900390625 0.20192823046875 0.533539626953125 0.215548576171875 0.550976083984375 0.265546494140625 0.567970021484375 0.30012894921875 0.59926477734375 0.300077791015625 0.643045072265625 0.27818544140625 0.684609552734375 0.239763666015625 0.685856451171875 0.20280783984375 0.6587668515625 0.1772195078125 0.625995087890625 0.15712053515625 0.589725568359375 0.15441129296875 0.562706541015625 0.165672025390625 0.5439302890625 0.18126275
1 0.685546875 0.177734375 0.04296875 0.033203125
1 0.6513671875 0.1142578125 0.017578125 0.015625
0 0.7841796875 0.0888671875 0.16796875 0.123046875
1 0.6142578125 0.0400390625 0.02734375 0.044921875
1 0.63671875 0.025390625 0.01953125 0.015625
1 0.6064453125 0.138671875 0.01953125 0.015625
0 0.4873046875 0.0615234375 0.158203125 0.123046875
1 0.3291015625 0.2421875 0.03125 0.02734375