0 0.1376953125 0.3515625 0.1484375 0.166015625
1 0.1357421875 0.5146484375 0.02734375 0.029296875
1 0.0712890625 0.5537109375 0.076171875 0.126953125
0 0.040330240234375 0.5955459140625 0.0218358125 0.5890618203125 0.01237680859375 0.617779373046875 0.005762935546875 0.66613432421875 0.01261518359375 0.69125484765625 0.03124591015625 0.73908481640625 0.10159522265625 0.748483408203125 0.134650865234375 0.74168976953125 0.154880955078125 0.70214270703125 0.172345404296875 0.6548003046875 0.170199228515625 0.62152162890625 0.15602485546875 0.609564138671875 0.134785462890625 0.6021508671875 0.125288701171875 0.5615886484375 0.1238950703125 0.561199626953125 0.104137830078125 0.5829502265625 0.084092986328125 0.61629966796875 0.060960115234375 0.608370265625 0.040330240234375 0.5955459140625
1 0.1796875 0.5126953125 0.021484375 0.015625
1 0.1943359375 0.52734375 0.013671875 0.009765625
1 0.2421875 0.4921875 0.009765625 0.013671875
1 0.2607421875 0.5205078125 0.009765625 0.01171875
1 0.23828125 0.5185546875 0.01953125 0.017578125
1 0.3017578125 0.501953125 0.013671875 0.013671875
1 0.3173828125 0.5 0.017578125 0.015625
1 0.333984375 0.4931640625 0.017578125 0.02734375
1 0.279296875 0.541015625 0.0078125 0.013671875
1 0.380361421875 0.51018721875 0.380618759765625 0.489040013671875 0.371956880859375 0.479703859375 0.356261767578125 0.488602791015625 0.332353228515625 0.508439076171875 0.308630412109375 0.533785865234375 0.287038220703125 0.54676229296875 0.27832578125 0.559926302734375 0.27908373046875 0.573116533203125 0.310615505859375 0.575638701171875 0.32382102734375 0.58599355078125 0.33012891796875 0.591871728515625 0.33232480078125 0.6071506171875 0.336358095703125 0.609602046875 0.357902720703125 0.594324484375 0.3726882890625 0.55144324609375 0.380361421875 0.51018721875
0 0.304547208984375 0.580495845703125 0.27467144921875 0.62490520703125 0.262312068359375 0.6748298828125 0.267993751953125 0.732796228515625 0.280872134765625 0.755849984375 0.335503021484375 0.75481016015625 0.3731855546875 0.74194669140625 0.406542947265625 0.699354958984375 0.40990362109375 0.661146646484375 0.367706828125 0.619829689453125 0.340714337890625 0.612215046875 0.332349845703125 0.59308453515625 0.304547208984375 0.580495845703125
1 0.40234375 0.5771484375 0.044921875 0.068359375
1 0.3876953125 0.5087890625 0.015625 0.013671875
1 0.4189453125 0.5283203125 0.033203125 0.041015625
1 0.4290072109375 0.5604846640625 0.444396884765625 0.576936931640625 0.469689474609375 0.5911025390625 0.499045646484375 0.595117748046875 0.508236962890625 0.579221095703125 0.49435267578125 0.538534869140625 0.4883413125 0.512261544921875 0.509166869140625 0.489443546875 0.520319228515625 0.4665020546875 0.507715119140625 0.443009728515625 0.478748560546875 0.411629373046875 0.45463846484375 0.405441482421875 0.448820724609375 0.443642650390625 0.442648875 0.46769079296875 0.407773212890625 0.47523489453125 0.387140396484375 0.492023486328125 0.39493723828125 0.505029123046875 0.4273217265625 0.509032505859375 0.434782099609375 0.51437338671875 0.430116544921875 0.541347376953125 0.4290072109375 0.5604846640625
0 0.3544921875 0.373046875 0.119140625 0.154296875
1 0.5224609375 0.546875 0.013671875 0.015625
1 0.5390625 0.5546875 0.01171875 0.017578125
1 0.51953125 0.5185546875 0.013671875 0.01171875
1 0.5654296875 0.509765625 0.03515625 0.03125
0 0.59765625 0.3671875 0.123046875 0.15234375
1 0.7431640625 0.580078125 0.021484375 0.025390625
1 0.6708984375 0.53515625 0.013671875 0.017578125
1 0.68280084765625 0.56303832421875 0.664627974609375 0.547483685546875 0.663346236328125 0.526562876953125 0.65204773046875 0.526777287109375 0.626669845703125 0.5477934296875 0.599625037109375 0.584529896484375 0.605156060546875 0.61183921875 0.623875240234375 0.636481275390625 0.6310625625 0.655724357421875 0.656819 0.67876313671875 0.669898546875 0.67559125 0.689005798828125 0.66508028515625 0.704069080078125 0.605200193359375 0.702451123046875 0.57619602734375 0.68280084765625 0.56303832421875
0 0.641231646484375 0.74130926171875 0.6396015 0.71129659375 0.634385884765625 0.665882181640625 0.62218625390625 0.628779353515625 0.599626783203125 0.64709803515625 0.5751925 0.640280166015625 0.558111984375 0.631302544921875 0.518029708984375 0.649933830078125 0.505861826171875 0.6637898359375 0.495364841796875 0.72138323828125 0.516452505859375 0.741433658203125 0.5317233984375 0.775868794921875 0.552284384765625 0.7931781953125 0.58391359375 0.79856848046875 0.6122914765625 0.775012607421875 0.641231646484375 0.74130926171875
1 0.6591796875 0.7763671875 0.03125 0.03515625
0 0.7822265625 0.7099609375 0.123046875 0.1484375
1 0.8017578125 0.583984375 0.017578125 0.021484375
1 0.828125 0.580078125 0.01171875 0.013671875
1 0.8525390625 0.5517578125 0.01953125 0.021484375
1 0.8720703125 0.443359375 0.01953125 0.01953125
0 0.844181384765625 0.305919404296875 0.821275271484375 0.31540634375 0.790506771484375 0.336287251953125 0.75615318359375 0.365984814453125 0.746809140625 0.393204216796875 0.7596082578125 0.42234969921875 0.78269294140625 0.463455693359375 0.796661046875 0.4843905703125 0.809878837890625 0.47888522265625 0.848918853515625 0.455763708984375 0.86687435546875 0.4418259609375 0.8800793125 0.4405225390625 0.890966759765625 0.42679755859375 0.891050908203125 0.384130109375 0.877005142578125 0.3403250390625 0.844181384765625 0.305919404296875
1 0.72265625 0.42578125 0.009765625 0.009765625
1 0.9501953125 0.4755859375 0.009765625 0.013671875
1 0.9697265625 0.5517578125 0.015625 0.02734375