0 0.322265625 0.97265625 0.1669921875 0.0546875
1 0.380859375 0.9287109375 0.1201171875 0.048828125
1 0.427734375 0.880859375 0.0283203125 0.029296875
0 0.3212890625 0.8046875 0.189453125 0.150390625
1 0.3369140625 0.681640625 0.009765625 0.009765625
1 0.2822265625 0.615234375 0.021484375 0.015625
1 0.537109375 0.7333984375 0.015625 0.013671875
1 0.498046875 0.728515625 0.03125 0.025390625
0 0.607421875 0.8076171875 0.099609375 0.109375
1 0.662109375 0.7607421875 0.0185546875 0.0107421875
1 0.66796875 0.8115234375 0.0126953125 0.0107421875
1 0.705078125 0.7744140625 0.0205078125 0.015625
0 0.6162109375 0.9775390625 0.103515625 0.044921875
0 0.2405063125 0.50677967578125 0.232097693359375 0.52879251953125 0.230145908203125 0.571092142578125 0.246250482421875 0.5903872890625 0.26685206640625 0.604719248046875 0.29766133984375 0.61681877734375 0.317619919921875 0.628075369140625 0.35024701953125 0.6392887578125 0.381843974609375 0.636126986328125 0.4076217421875 0.615375033203125 0.42496409765625 0.57888856640625 0.4183840234375 0.534900052734375 0.38470132421875 0.49955090234375 0.3421116796875 0.49432548828125 0.28262308203125 0.49445408984375 0.2405063125 0.50677967578125
1 0.3642578125 0.462890625 0.009765625 0.005859375
0 0.3271484375 0.365234375 0.201171875 0.134765625
0 0.30859375 0.140625 0.1875 0.181640625
1 0.6376953125 0.0234375 0.0185546875 0.0185546875
0 0.594509548828125 0.18791895703125 0.61992696484375 0.17675881640625 0.64766857421875 0.1390064375 0.64247095703125 0.109248408203125 0.5950815546875 0.08265416015625 0.54571357421875 0.08433903125 0.5155218515625 0.144695015625 0.53246233203125 0.15304703515625 0.54951265625 0.17332879296875 0.56490992578125 0.18724983203125 0.594509548828125 0.18791895703125
1 0.4931640625 0.244140625 0.0498046875 0.041015625
1 0.525390625 0.2919921875 0.0234375 0.009765625
1 0.605675046875 0.39619602734375 0.62527327734375 0.39159553515625 0.62736169921875 0.38593609375 0.6224654921875 0.380592126953125 0.613467453125 0.377488626953125 0.58123955078125 0.36643398046875 0.564671478515625 0.354465060546875 0.537383990234375 0.34658022265625 0.520186310546875 0.35183678125 0.50205761328125 0.3801219296875 0.49268716796875 0.393213091796875 0.55639816015625 0.39961701171875 0.605675046875 0.39619602734375
0 0.555898490234375 0.35316096875 0.5919000234375 0.37179703515625 0.6304240078125 0.38571606640625 0.674426921875 0.38808212109375 0.68977194921875 0.37203112890625 0.698156453125 0.343094939453125 0.6786479765625 0.297137224609375 0.644133390625 0.27927276171875 0.611592025390625 0.279284818359375 0.571689599609375 0.294070900390625 0.55165600390625 0.3139598203125 0.5352995859375 0.34208220703125 0.555898490234375 0.35316096875
1 0.52734375 0.443359375 0.0126953125 0.0126953125
1 0.52734375 0.501953125 0.015625 0.0107421875
1 0.560546875 0.529296875 0.0390625 0.021484375
0 0.55037937109375 0.61802943359375 0.58643984765625 0.64001716015625 0.6085471328125 0.638872814453125 0.654638470703125 0.60768008203125 0.67064659375 0.5761367109375 0.656074513671875 0.52962239453125 0.627861369140625 0.526055732421875 0.59120879296875 0.52965354296875 0.56095812890625 0.53475939453125 0.52651186328125 0.544670701171875 0.526420771484375 0.579272361328125 0.55037937109375 0.61802943359375
1 0.677734375 0.609375 0.0126953125 0.009765625
1 0.5478515625 0.689453125 0.005859375 0.005859375
1 0.767578125 0.978515625 0.013671875 0.0126953125
1 0.6923828125 0.884765625 0.0126953125 0.0078125