0 0.0908203125 0.2490234375 0.109375 0.134765625
1 0.103515625 0.3505859375 0.125 0.095703125
1 0.15625 0.271484375 0.017578125 0.0234375
1 0.1064453125 0.3955078125 0.017578125 0.01953125
1 0.0986328125 0.4208984375 0.015625 0.01171875
1 0.0126953125 0.4306640625 0.0234375 0.029296875
1 0.03125 0.4384765625 0.017578125 0.0234375
0 0.0361328125 0.552734375 0.072265625 0.15234375
1 0.1982421875 0.5087890625 0.025390625 0.01953125
1 0.2060546875 0.4599609375 0.095703125 0.09765625
0 0.1943359375 0.5849609375 0.1484375 0.166015625
1 0.2763671875 0.5556640625 0.01953125 0.021484375
1 0.310546875 0.6240234375 0.009765625 0.01171875
1 0.314453125 0.4931640625 0.05859375 0.0625
1 0.3330078125 0.439453125 0.05859375 0.06640625
1 0.3681640625 0.45703125 0.013671875 0.01953125
1 0.314453125 0.33984375 0.021484375 0.025390625
0 0.266901365234375 0.372810875 0.30797346484375 0.33306740625 0.33039462109375 0.337805599609375 0.344092001953125 0.33335900390625 0.316720935546875 0.305752234375 0.275877390625 0.265025349609375 0.246087580078125 0.2748958671875 0.214791572265625 0.363547845703125 0.266901365234375 0.372810875
1 0.3642578125 0.3583984375 0.009765625 0.015625
1 0.3984375 0.3701171875 0.015625 0.017578125
1 0.4052734375 0.5263671875 0.01171875 0.009765625
0 0.494688201171875 0.421444564453125 0.5279755859375 0.4042257890625 0.541189810546875 0.37426650390625 0.5248285625 0.33113766015625 0.519856005859375 0.30680611328125 0.47779924609375 0.28369596484375 0.4764289765625 0.28283777734375 0.433861169921875 0.342665880859375 0.43001323828125 0.38454044140625 0.4593393359375 0.406970439453125 0.494688201171875 0.421444564453125
1 0.4853515625 0.57421875 0.052734375 0.060546875
1 0.4892578125 0.509765625 0.111328125 0.078125
1 0.51953125 0.580078125 0.0390625 0.048828125
1 0.5615234375 0.5859375 0.078125 0.095703125
1 0.3525390625 0.6181640625 0.01171875 0.009765625
0 0.387678017578125 0.73347364453125 0.419021509765625 0.731110263671875 0.47381989453125 0.671196828125 0.48243071484375 0.63058966796875 0.438663318359375 0.572409177734375 0.363204529296875 0.57810520703125 0.360846587890625 0.62057137109375 0.342603505859375 0.668612541015625 0.353731880859375 0.698529587890625 0.387678017578125 0.73347364453125
1 0.546875 0.7353515625 0.01171875 0.015625
1 0.5673828125 0.740234375 0.01171875 0.015625
1 0.5810546875 0.783203125 0.01953125 0.01953125
0 0.694489134765625 0.70605117578125 0.68048712890625 0.630430548828125 0.6794219375 0.63045252734375 0.640874123046875 0.63976005859375 0.602675146484375 0.627330212890625 0.5509124765625 0.688710560546875 0.55215551171875 0.710972642578125 0.5670529140625 0.751258529296875 0.5845159609375 0.771680392578125 0.62467680859375 0.79370721875 0.64756247265625 0.79183552734375 0.68159169140625 0.75538788671875 0.694489134765625 0.70605117578125
1 0.6318359375 0.591796875 0.103515625 0.103515625
1 0.7275390625 0.7255859375 0.021484375 0.029296875
1 0.7158203125 0.744140625 0.009765625 0.01171875
1 0.7978515625 0.7255859375 0.033203125 0.02734375
1 0.8603515625 0.67578125 0.04296875 0.048828125
0 0.866150630859375 0.746838275390625 0.833890779296875 0.71639196875 0.83292604296875 0.71673187890625 0.808240712890625 0.73363337890625 0.77185389453125 0.7457322578125 0.7585833671875 0.770551134765625 0.74117358203125 0.83895231640625 0.76483152734375 0.86862605078125 0.827779033203125 0.880191837890625 0.847671236328125 0.869032208984375 0.883936888671875 0.83576216015625 0.891211916015625 0.80521669921875 0.866150630859375 0.746838275390625
1 0.9296875 0.7734375 0.05078125 0.080078125
1 0.912109375 0.685546875 0.021484375 0.01953125
1 0.91015625 0.64453125 0.01171875 0.015625
1 0.8935546875 0.6005859375 0.0234375 0.029296875
0 0.8828125 0.4970703125 0.1484375 0.16796875
1 0.9443359375 0.50390625 0.015625 0.015625
1 0.814453125 0.4599609375 0.013671875 0.017578125
0 0.6884765625 0.4287109375 0.134765625 0.177734375
1 0.7353515625 0.49609375 0.01171875 0.015625
1 0.527411890625 0.468654802734375 0.59020625 0.45999998046875 0.612313189453125 0.415737423828125 0.6016070546875 0.377110708984375 0.564184634765625 0.322416833984375 0.52768352734375 0.30968608984375 0.528188833984375 0.308139970703125 0.518316033203125 0.323608279296875 0.53378087890625 0.37208908984375 0.52789237890625 0.39617644921875 0.507965013671875 0.4184498359375 0.474794861328125 0.426190623046875 0.4688971328125 0.463423546875 0.499607908203125 0.4744904921875 0.527411890625 0.468654802734375
1 0.759765625 0.5869140625 0.01171875 0.01171875
1 0.689453125 0.5810546875 0.01171875 0.013671875