0 0.1103515625 0.4287109375 0.1201171875 0.1669921875
1 0.0849609375 0.5537109375 0.0263671875 0.0205078125
1 0.107421875 0.5517578125 0.017578125 0.0263671875
1 0.169921875 0.537109375 0.013671875 0.015625
1 0.2724609375 0.544921875 0.0107421875 0.013671875
1 0.15625 0.7705078125 0.0107421875 0.015625
1 0.2041015625 0.724609375 0.0126953125 0.017578125
1 0.208984375 0.697265625 0.0078125 0.0126953125
0 0.13671875 0.6923828125 0.1201171875 0.142578125
1 0.2822265625 0.7587890625 0.0078125 0.0107421875
0 0.29440797265625 0.66294126171875 0.26845673046875 0.678443689453125 0.2676399140625 0.70696694921875 0.28180609765625 0.75354255078125 0.292646244140625 0.779427486328125 0.316128955078125 0.78704306640625 0.356831115234375 0.7823069375 0.371366525390625 0.7457541640625 0.369231046875 0.69306600390625 0.3502332890625 0.64871278515625 0.33928765234375 0.646974666015625 0.323977623046875 0.648365162109375 0.29440797265625 0.66294126171875
0 0.529296875 0.7109375 0.119140625 0.1435546875
1 0.537109375 0.7763671875 0.0126953125 0.013671875
0 0.7470703125 0.701171875 0.1435546875 0.1923828125
0 0.9345703125 0.6953125 0.130859375 0.240234375
0 0.9306640625 0.4296875 0.138671875 0.1640625
0 0.7373046875 0.4072265625 0.142578125 0.142578125
1 0.783203125 0.5126953125 0.0126953125 0.0205078125
0 0.5341796875 0.44140625 0.1220703125 0.1689453125
0 0.3212890625 0.4287109375 0.1015625 0.146484375
1 0.044921875 0.5517578125 0.0107421875 0.0126953125