1 0.1005859375 0.466796875 0.017578125 0.01171875
0 0.1708984375 0.5771484375 0.158203125 0.193359375
1 0.15625 0.4453125 0.01171875 0.013671875
1 0.2705078125 0.529296875 0.013671875 0.017578125
1 0.3056640625 0.587890625 0.009765625 0.013671875
0 0.32719916015625 0.596211896484375 0.31780118359375 0.633444771484375 0.32298234765625 0.669804880859375 0.34163389453125 0.680389962890625 0.341438427734375 0.6812729296875 0.391483240234375 0.679989173828125 0.420530798828125 0.664124826171875 0.437271416015625 0.63969609375 0.4435025 0.588700669921875 0.44295709765625 0.563002462890625 0.384853041015625 0.5490578359375 0.355560373046875 0.56384341015625 0.32719916015625 0.596211896484375
1 0.4697265625 0.5400390625 0.013671875 0.017578125
1 0.4482421875 0.603515625 0.01171875 0.013671875
1 0.525390625 0.6552734375 0.01171875 0.013671875
1 0.5869140625 0.6728515625 0.01171875 0.01953125
1 0.5634765625 0.5087890625 0.060546875 0.046875
1 0.5947265625 0.517578125 0.01171875 0.017578125
1 0.3896484375 0.427734375 0.029296875 0.033203125
1 0.4462890625 0.4443359375 0.0390625 0.0234375
1 0.4951171875 0.4755859375 0.072265625 0.09765625
0 0.621237890625 0.71669420703125 0.656325921875 0.6880480234375 0.672522697265625 0.65645739453125 0.65811577734375 0.60154994921875 0.637340990234375 0.583764251953125 0.585593947265625 0.574937951171875 0.56711342578125 0.592399392578125 0.5468349375 0.637735775390625 0.547019392578125 0.638888083984375 0.56175491796875 0.6515067421875 0.58254915234375 0.660692142578125 0.59345226953125 0.670640306640625 0.605138009765625 0.698418994140625 0.621237890625 0.71669420703125
1 0.693359375 0.54296875 0.02734375 0.025390625
1 0.6875 0.5693359375 0.015625 0.013671875
1 0.8173828125 0.552734375 0.017578125 0.01953125
1 0.82421875 0.5029296875 0.013671875 0.01171875
1 0.793967908203125 0.53822312109375 0.799881302734375 0.540837357421875 0.81735773046875 0.5408858359375 0.822749080078125 0.536276068359375 0.818003970703125 0.514641568359375 0.806975333984375 0.496968783203125 0.803349556640625 0.4967044453125 0.8035639140625 0.49747307421875 0.792368330078125 0.527260544921875 0.793967908203125 0.53822312109375
0 0.810546875 0.68359375 0.134765625 0.142578125
1 0.73046875 0.7001953125 0.013671875 0.013671875
1 0.7421875 0.71875 0.01171875 0.017578125
1 0.88671875 0.68359375 0.01171875 0.013671875
0 0.8955078125 0.3896484375 0.13671875 0.162109375
1 0.6162109375 0.357421875 0.021484375 0.02734375
1 0.595703125 0.380859375 0.015625 0.01953125
1 0.57421875 0.3642578125 0.044921875 0.06640625
0 0.685546875 0.34375 0.1171875 0.16796875
1 0.5302734375 0.33984375 0.009765625 0.015625
0 0.395416232421875 0.29810252734375 0.40498336328125 0.32825315234375 0.42459418359375 0.364036240234375 0.439392265625 0.387982765625 0.46592194140625 0.376916255859375 0.50152596875 0.33004328125 0.501721794921875 0.289652453125 0.48777908984375 0.2379773125 0.45135446875 0.2201943984375 0.416315884765625 0.240483517578125 0.39199188671875 0.279475828125 0.395416232421875 0.29810252734375
1 0.34765625 0.279296875 0.0078125 0.015625
0 0.228515625 0.26171875 0.15625 0.208984375
1 0.134765625 0.2041015625 0.013671875 0.013671875
1 0.0517578125 0.310546875 0.015625 0.015625