0 0.05859375 0.6318359375 0.1171875 0.158203125
1 0.0146484375 0.4921875 0.029296875 0.08203125
1 0.072265625 0.5234375 0.06640625 0.05078125
1 0.1083984375 0.505859375 0.078125 0.0390625
1 0.189453125 0.4755859375 0.09765625 0.166015625
1 0.2216796875 0.4208984375 0.044921875 0.0546875
1 0.2451171875 0.4560546875 0.076171875 0.076171875
0 0.306640625 0.3759765625 0.115234375 0.15234375
0 0.1044921875 0.3447265625 0.119140625 0.138671875
1 0.046875 0.4052734375 0.056640625 0.05859375
1 0.4091796875 0.3994140625 0.072265625 0.0859375
1 0.43359375 0.4462890625 0.044921875 0.044921875
1 0.4541015625 0.3828125 0.01953125 0.0234375
1 0.365234375 0.3349609375 0.01171875 0.013671875
1 0.37109375 0.349609375 0.0078125 0.013671875
1 0.40234375 0.3203125 0.01171875 0.013671875
1 0.4169921875 0.353515625 0.01171875 0.0234375
1 0.46484375 0.3525390625 0.009765625 0.009765625
1 0.31640625 0.5302734375 0.01953125 0.03515625
1 0.431640625 0.4970703125 0.0546875 0.0546875
1 0.4521484375 0.5537109375 0.02734375 0.025390625
1 0.3916015625 0.5517578125 0.083984375 0.08984375
1 0.201171875 0.64453125 0.03515625 0.03125
1 0.2216796875 0.625 0.04296875 0.09375
0 0.2841796875 0.671875 0.13671875 0.203125
1 0.3779296875 0.6533203125 0.013671875 0.017578125
1 0.486328125 0.5439453125 0.025390625 0.0390625
1 0.48828125 0.5771484375 0.05078125 0.046875
1 0.51953125 0.591796875 0.021484375 0.021484375
1 0.53125 0.564453125 0.01171875 0.013671875
1 0.5166015625 0.541015625 0.013671875 0.017578125
1 0.541015625 0.544921875 0.013671875 0.017578125
1 0.525390625 0.64453125 0.033203125 0.044921875
0 0.46484375 0.669921875 0.115234375 0.146484375
0 0.52734375 0.375 0.142578125 0.185546875
1 0.654296875 0.4228515625 0.01171875 0.0234375
0 0.744140625 0.39453125 0.1171875 0.154296875
1 0.72265625 0.4287109375 0.013671875 0.017578125
1 0.615234375 0.5830078125 0.048828125 0.0703125
1 0.740234375 0.552734375 0.03125 0.03515625
1 0.7939453125 0.5302734375 0.0546875 0.072265625
1 0.8388671875 0.5791015625 0.0546875 0.052734375
0 0.7265625 0.6796875 0.177734375 0.1953125
1 0.94140625 0.5390625 0.10546875 0.1328125
0 0.9345703125 0.40234375 0.130859375 0.171875
0 0.921875 0.6796875 0.13671875 0.166015625
1 0.6708984375 0.53515625 0.11328125 0.15234375