0 0.455078125 0.6162109375 0.171875 0.20703125
1 0.56640625 0.638671875 0.01953125 0.025390625
0 0.6982421875 0.70703125 0.154296875 0.189453125
0 0.892578125 0.728515625 0.173828125 0.22265625
0 0.9501953125 0.4013671875 0.099609375 0.240234375
0 0.7685546875 0.4140625 0.17578125 0.185546875
1 0.8017578125 0.5615234375 0.0234375 0.029296875
1 0.76171875 0.5546875 0.017578125 0.01953125
1 0.8720703125 0.5615234375 0.01171875 0.013671875
1 0.6806640625 0.5419921875 0.015625 0.017578125
0 0.5244140625 0.3154296875 0.18359375 0.2109375
1 0.5205078125 0.4267578125 0.01171875 0.01171875
1 0.58984375 0.525390625 0.01171875 0.013671875
1 0.2783203125 0.1484375 0.080078125 0.08984375
1 0.3046875 0.2548828125 0.01171875 0.013671875
1 0.27734375 0.2333984375 0.01953125 0.013671875
1 0.2861328125 0.3544921875 0.01171875 0.01171875