1 0.396484375 0.93359375 0.033203125 0.033203125
1 0.369140625 0.9140625 0.015625 0.015625
1 0.3515625 0.896484375 0.021484375 0.01953125
1 0.3759765625 0.8828125 0.013671875 0.009765625
0 0.4240280703125 1 0.4391340859375 0.99124211328125 0.4510897421875 0.97221373046875 0.414041814453125 0.960630509765625 0.384621669921875 0.954199681640625 0.37708368359375 0.924839455078125 0.35950901953125 0.923405216796875 0.342953568359375 0.948388189453125 0.30058242578125 0.966385646484375 0.290979708984375 1 0.4240280703125 1
1 0.4658203125 0.8798828125 0.0546875 0.064453125
1 0.478515625 0.8408203125 0.01171875 0.013671875
1 0.486328125 0.931640625 0.017578125 0.017578125
1 0.524709939453125 0.96277856640625 0.553486185546875 0.956351150390625 0.551637234375 0.948580326171875 0.5412832734375 0.94356251953125 0.51815477734375 0.9457400234375 0.50069836328125 0.96162055859375 0.524709939453125 0.96277856640625
1 0.527726234375 0.91282742578125 0.505843009765625 0.928539599609375 0.48671048828125 0.95761320703125 0.487698095703125 0.957939451171875 0.494032798828125 0.958987228515625 0.5081878515625 0.956039724609375 0.5322268515625 0.942510873046875 0.547263619140625 0.92561934375 0.547484287109375 0.908485591796875 0.527726234375 0.91282742578125
0 0.6171875 0.9365234375 0.154296875 0.123046875
1 0.59765625 0.869140625 0.01171875 0.009765625
1 0.63671875 0.8544921875 0.029296875 0.02734375
1 0.6103515625 0.8359375 0.017578125 0.017578125
1 0.6240234375 0.833984375 0.01171875 0.0078125
1 0.595703125 0.83203125 0.01953125 0.015625
1 0.6474609375 0.7939453125 0.01171875 0.0078125
1 0.6142578125 0.8623046875 0.01171875 0.01171875
1 0.4541015625 0.7890625 0.037109375 0.046875
1 0.462890625 0.7373046875 0.076171875 0.080078125
1 0.5576171875 0.7001953125 0.033203125 0.03125
1 0.5908203125 0.6669921875 0.015625 0.015625
1 0.619140625 0.673828125 0.013671875 0.01171875
0 0.567255884765625 0.821966388671875 0.596867326171875 0.810567142578125 0.595878564453125 0.810047015625 0.63235330078125 0.79199828125 0.649742330078125 0.771437142578125 0.659867755859375 0.743167587890625 0.6599498046875 0.7227215 0.643096513671875 0.7029574140625 0.593166505859375 0.6989840859375 0.556444580078125 0.7079763046875 0.503240703125 0.734439935546875 0.5312899296875 0.75258575 0.521008693359375 0.775765951171875 0.540878482421875 0.81186708984375 0.567255884765625 0.821966388671875
1 0.4296875 0.6923828125 0.025390625 0.02734375
1 0.4296875 0.640625 0.046875 0.052734375
1 0.4404296875 0.55859375 0.04296875 0.03515625
1 0.465456515625 0.57611969921875 0.4416954453125 0.570508177734375 0.40488960546875 0.5667542265625 0.38656313671875 0.573742998046875 0.38704787890625 0.60395187109375 0.389491578125 0.641224115234375 0.3998020859375 0.63989804296875 0.397901365234375 0.639436560546875 0.415142984375 0.6188270234375 0.447721822265625 0.60732626953125 0.474871876953125 0.587217509765625 0.465456515625 0.57611969921875
1 0.4033203125 0.50390625 0.021484375 0.015625
1 0.4248046875 0.486328125 0.01171875 0.009765625
1 0.452157111328125 0.520552927734375 0.453683146484375 0.487409146484375 0.43132629296875 0.466368615234375 0.423055298828125 0.46980219140625 0.427351359375 0.476139998046875 0.42761817578125 0.49266054296875 0.416469962890625 0.5068547265625 0.395350794921875 0.52923484375 0.374449951171875 0.5550848359375 0.39366561328125 0.55233737109375 0.421977775390625 0.54414703515625 0.452157111328125 0.520552927734375
1 0.5693359375 0.5283203125 0.009765625 0.0078125
1 0.572265625 0.51171875 0.0078125 0.0078125
0 0.5586751640625 0.526262791015625 0.550658537109375 0.509973990234375 0.528645603515625 0.523002859375 0.4908296015625 0.55228997265625 0.475836623046875 0.5766577265625 0.484318484375 0.63013087109375 0.4994302265625 0.645710029296875 0.558994896484375 0.6366752265625 0.595512587890625 0.60929684375 0.6162038046875 0.584294501953125 0.616005978515625 0.55402926171875 0.572275345703125 0.542334259765625 0.5586751640625 0.526262791015625
1 0.560546875 0.46875 0.017578125 0.015625
1 0.5107421875 0.4853515625 0.01171875 0.0078125
1 0.53125 0.4775390625 0.013671875 0.009765625
1 0.521484375 0.4775390625 0.0078125 0.0078125
1 0.5498046875 0.435546875 0.01171875 0.01171875
1 0.513671875 0.412109375 0.013671875 0.0078125
1 0.48828125 0.4189453125 0.017578125 0.013671875
1 0.388671875 0.45703125 0.0234375 0.01953125
1 0.39453125 0.421875 0.056640625 0.060546875
1 0.3876953125 0.3740234375 0.017578125 0.017578125
1 0.4736328125 0.3251953125 0.017578125 0.017578125
1 0.57421875 0.3203125 0.0234375 0.01953125
1 0.5458984375 0.2958984375 0.025390625 0.025390625
1 0.529296875 0.2783203125 0.017578125 0.017578125
1 0.580078125 0.2177734375 0.025390625 0.025390625
1 0.525390625 0.2294921875 0.02734375 0.0234375
1 0.529296875 0.2109375 0.021484375 0.021484375
1 0.484375 0.2578125 0.01953125 0.013671875
1 0.4580078125 0.2509765625 0.0234375 0.017578125
1 0.4892578125 0.244140625 0.01171875 0.0078125
1 0.3720703125 0.3623046875 0.015625 0.017578125
1 0.3876953125 0.3466796875 0.021484375 0.017578125
1 0.3916015625 0.2431640625 0.099609375 0.0859375
1 0.3427734375 0.2412109375 0.013671875 0.0234375
1 0.3642578125 0.15234375 0.056640625 0.05859375
1 0.3603515625 0.0595703125 0.099609375 0.08203125
1 0.46484375 0.0498046875 0.0234375 0.017578125
1 0.5068359375 0.0849609375 0.021484375 0.015625
1 0.4853515625 0.1220703125 0.01171875 0.01171875
1 0.5712890625 0.134765625 0.025390625 0.01953125
0 0.45244293359375 0.12471790625 0.446569078125 0.150410552734375 0.442057044921875 0.157350646484375 0.40088059375 0.162695310546875 0.390405783203125 0.1855156875 0.405273216796875 0.204345287109375 0.43931571875 0.215713392578125 0.4700496484375 0.229876267578125 0.507804466796875 0.22913570703125 0.518461615234375 0.218864935546875 0.515460796875 0.220780796875 0.523467359375 0.19650332421875 0.5527940234375 0.17823373046875 0.563115876953125 0.170683861328125 0.53960971484375 0.125339509765625 0.505777599609375 0.121781990234375 0.4861933046875 0.12435359375 0.478586369140625 0.10931812890625 0.45244293359375 0.12471790625
1 0.44140625 0.134765625 0.017578125 0.015625
1 0.4404296875 0.154296875 0.015625 0.015625
1 0.2705078125 0.212890625 0.05859375 0.052734375
1 0.22265625 0.12109375 0.015625 0.015625
0 0.193359375 0.083984375 0.109375 0.078125
1 0.22828043359375 0.126138068359375 0.224421359375 0.145964525390625 0.2285036171875 0.16194446875 0.255022390625 0.153087263671875 0.28931661328125 0.114972833984375 0.289600509765625 0.08764078515625 0.26847443359375 0.06496818359375 0.25123594921875 0.07596649609375 0.242776173828125 0.0997209375 0.22828043359375 0.126138068359375
1 0.2392578125 0.2939453125 0.0234375 0.017578125
1 0.2265625 0.3125 0.017578125 0.015625
1 0.2294921875 0.328125 0.017578125 0.017578125
1 0.255859375 0.34375 0.01953125 0.013671875
1 0.23828125 0.33984375 0.009765625 0.009765625
1 0.2890625 0.3095703125 0.0234375 0.017578125
1 0.2373046875 0.3720703125 0.025390625 0.0234375
1 0.2138671875 0.3818359375 0.025390625 0.025390625
1 0.1943359375 0.4072265625 0.013671875 0.009765625
1 0.166015625 0.3837890625 0.013671875 0.01171875
1 0.32306965625 0.388540634765625 0.335889552734375 0.361393515625 0.330193982421875 0.350580837890625 0.268037095703125 0.35092122265625 0.246125541015625 0.378576064453125 0.21396103515625 0.407059416015625 0.24642299609375 0.40630915625 0.27287715234375 0.401025876953125 0.272802103515625 0.418930193359375 0.32306965625 0.388540634765625
1 0.2724609375 0.478515625 0.02734375 0.01953125
1 0.267578125 0.5009765625 0.0234375 0.017578125
1 0.2626953125 0.517578125 0.013671875 0.01171875
1 0.3095703125 0.4951171875 0.0546875 0.037109375
1 0.2900390625 0.53515625 0.03125 0.0234375
1 0.3095703125 0.5517578125 0.0234375 0.013671875
0 0.21414134375 0.413612244140625 0.183456484375 0.4294931640625 0.16268552734375 0.474292849609375 0.161992009765625 0.4753646875 0.214119607421875 0.492293560546875 0.26595916796875 0.4709581328125 0.298355828125 0.456135818359375 0.290853048828125 0.415336431640625 0.257985626953125 0.40938066015625 0.21414134375 0.413612244140625
0 0.251216009765625 0.579626609375 0.2254968359375 0.625624822265625 0.205520162109375 0.678147958984375 0.247557677734375 0.68593662109375 0.30310923828125 0.674098728515625 0.351549017578125 0.63470277734375 0.363185484375 0.60806951171875 0.3517548046875 0.56801373828125 0.27527677734375 0.554972291015625 0.251216009765625 0.579626609375
1 0.1845703125 0.646484375 0.0234375 0.01953125
1 0.21875 0.7216796875 0.017578125 0.013671875
1 0.3232421875 0.6826171875 0.015625 0.015625
1 0.3125 0.6787109375 0.01171875 0.0078125
1 0.3271484375 0.7373046875 0.01953125 0.015625
1 0.341796875 0.72265625 0.013671875 0.01171875
1 0.361328125 0.7353515625 0.01171875 0.009765625
1 0.3935546875 0.75390625 0.03515625 0.037109375
1 0.3037109375 0.751953125 0.029296875 0.0234375
0 0.30078125 0.8125 0.173828125 0.134765625
1 0.322265625 0.873046875 0.013671875 0.01171875
0 0.1217980546875 0.261165552734375 0.1593336171875 0.30001389453125 0.20155985546875 0.31580841015625 0.210221615234375 0.306406650390625 0.2374248984375 0.28265589453125 0.2717970234375 0.282592748046875 0.274791841796875 0.2570186484375 0.2585716015625 0.24416874609375 0.23956806640625 0.205336685546875 0.203884802734375 0.2100533671875 0.176913375 0.229857232421875 0.1228809921875 0.2603818671875 0.1217980546875 0.261165552734375
1 0.3408203125 0.2021484375 0.01171875 0.009765625
1 0.3349609375 0.18359375 0.013671875 0.01171875
1 0.3388671875 0.1083984375 0.01171875 0.0078125
1 0.4794921875 0.0908203125 0.01171875 0.0078125
1 0.4248046875 0.0302734375 0.017578125 0.017578125
1 1 0.527596810546875 0.990909275390625 0.496213013671875 0.939598837890625 0.475256748046875 0.82820114453125 0.48802221875 0.77756329296875 0.523202009765625 0.69732934765625 0.533900837890625 0.63342740234375 0.566753263671875 0.63075327734375 0.59267634765625 0.6466013046875 0.625875705078125 0.701846228515625 0.625954123046875 0.76238326953125 0.642753701171875 0.794243580078125 0.6708994453125 0.862861802734375 0.7115255 0.929722498046875 0.7419404609375 0.94377372265625 0.732575244140625 1 0.69834489453125 1 0.527596810546875
1 0.572265625 0.830078125 0.013671875 0.01171875
1 0.5244140625 0.8662109375 0.005859375 0.005859375
1 0.541015625 0.8525390625 0.0078125 0.0078125
1 0.482421875 0.990234375 0.009765625 0.009765625
1 0.4775390625 0.966796875 0.015625 0.015625
1 0.4453125 0.693359375 0.005859375 0.00390625
1 0.443359375 0.6748046875 0.005859375 0.005859375
1 0.5810546875 0.443359375 0.01171875 0.0078125
0 0.475638056640625 0.32875841796875 0.451281015625 0.350797185546875 0.43347198046875 0.37288203515625 0.42542313671875 0.4004675390625 0.433040015625 0.405521193359375 0.465656560546875 0.4049861953125 0.491042546875 0.41301289453125 0.503596638671875 0.409701544921875 0.53161221484375 0.409271353515625 0.549342744140625 0.403633591796875 0.564106119140625 0.380947302734375 0.567664943359375 0.349502447265625 0.551725134765625 0.330975791015625 0.49534803125 0.32246460546875 0.475638056640625 0.32875841796875
1 0.4072265625 0.2958984375 0.01171875 0.0078125
1 0.375 0.3203125 0.01171875 0.0078125
1 0.37109375 0.3935546875 0.0078125 0.0078125
1 0.263671875 0.2958984375 0.01171875 0.0078125
1 0.248046875 0.3115234375 0.01171875 0.009765625
1 0.1826171875 0.2001953125 0.01171875 0.0078125
1 0 0.552552119140625 0.00761102734375 0.5883591875 0.010733689453125 0.603050154296875 0.02497122265625 0.602998673828125 0.043066666015625 0.54622346484375 0.037876935546875 0.485913294921875 0.0240777578125 0.438088048828125 0.037390494140625 0.382447763671875 0.0693528671875 0.33474442578125 0.079868515625 0.294683615234375 0.042810359375 0.250092029296875 0.018959140625 0.234349248046875 0 0.230032291015625 0 0.552552119140625
1 0.2119140625 0.3359375 0.0078125 0.0078125
1 0.1953125 0.373046875 0.01171875 0.009765625
1 0.1787109375 0.1435546875 0.01171875 0.0078125
1 0.37890625 0.201171875 0.01171875 0.015625