0 0.0283203125 0.4599609375 0.056640625 0.142578125
1 0.0556640625 0.4833984375 0.021484375 0.0234375
1 0.05078125 0.59765625 0.044921875 0.046875
0 0.064453125 0.7568359375 0.0703125 0.130859375
0 0.208984375 0.7119140625 0.169921875 0.205078125
1 0.1865234375 0.556640625 0.03125 0.037109375
1 0.177734375 0.5859375 0.009765625 0.009765625
1 0.185546875 0.6025390625 0.0078125 0.01171875
0 0.1455078125 0.447265625 0.181640625 0.1875
1 0.2802734375 0.560546875 0.017578125 0.015625
1 0.33984375 0.5361328125 0.0234375 0.029296875
0 0.352459443359375 0.66864970703125 0.373195447265625 0.674584986328125 0.36734321875 0.703165755859375 0.38388537109375 0.72217365625 0.398016216796875 0.7296700703125 0.41898979296875 0.72520370703125 0.4428726796875 0.729855294921875 0.466444083984375 0.724259337890625 0.467693234375 0.704818033203125 0.460607896484375 0.657427044921875 0.463013314453125 0.61985385546875 0.4571170859375 0.605801890625 0.429910470703125 0.5862175546875 0.399487845703125 0.56175952734375 0.396439515625 0.562683677734375 0.39043351953125 0.582302169921875 0.37135335546875 0.612499703125 0.35151378125 0.63999543359375 0.352459443359375 0.66864970703125
1 0.3681640625 0.7373046875 0.048828125 0.056640625
1 0.40234375 0.49609375 0.029296875 0.0234375
0 0.36328125 0.400390625 0.146484375 0.169921875
1 0.5048828125 0.38671875 0.029296875 0.033203125
0 0.568359375 0.3359375 0.1171875 0.125
1 0.6748046875 0.31640625 0.087890625 0.12109375
1 0.7255859375 0.3525390625 0.05078125 0.095703125
1 0.685546875 0.4423828125 0.033203125 0.044921875
1 0.7880859375 0.455078125 0.015625 0.015625
1 0.80859375 0.4814453125 0.037109375 0.0390625
1 0.853515625 0.4521484375 0.03125 0.0390625
0 0.7841796875 0.2958984375 0.134765625 0.17578125
1 0.9248046875 0.4111328125 0.013671875 0.021484375
1 0.92744412890625 0.395247861328125 0.94151131640625 0.418258267578125 0.963000837890625 0.40377303515625 0.953277900390625 0.358214177734375 0.926806947265625 0.34028878515625 0.909352337890625 0.34888566796875 0.90106491015625 0.374835958984375 0.90150951171875 0.416564423828125 0.903744064453125 0.4172284296875 0.913367599609375 0.416924630859375 0.92744412890625 0.395247861328125
0 0.94140625 0.2568359375 0.060546875 0.11328125
0 0.9765625 0.5498046875 0.046875 0.123046875
0 0.83203125 0.5712890625 0.12109375 0.14453125
0 0.6220703125 0.6044921875 0.166015625 0.181640625