0 0.34375 0.9677734375 0.13671875 0.064453125
0 0.3486328125 0.8203125 0.134765625 0.103515625
1 0.3310546875 0.751953125 0.015625 0.009765625
0 0.310546875 0.6337890625 0.17578125 0.126953125
0 0.3095703125 0.412109375 0.138671875 0.130859375
1 0.416015625 0.3486328125 0.083984375 0.1015625
0 0.333984375 0.2421875 0.119140625 0.11328125
1 0.3671875 0.1708984375 0.060546875 0.04296875
0 0.3291015625 0.046875 0.1484375 0.087890625
1 0.4287109375 0.0859375 0.015625 0.013671875
1 0.46484375 0.1083984375 0.013671875 0.01171875
1 0.4609375 0.0869140625 0.013671875 0.013671875
1 0.423828125 0.146484375 0.015625 0.01171875
1 0.4208984375 0.224609375 0.02734375 0.015625
1 0.4326171875 0.20703125 0.015625 0.013671875
1 0.4541015625 0.1826171875 0.03125 0.02734375
1 0.4326171875 0.28125 0.005859375 0.021484375
1 0.4404296875 0.4228515625 0.017578125 0.01953125
1 0.42578125 0.4462890625 0.037109375 0.02734375
1 0.4453125 0.4560546875 0.083984375 0.060546875
1 0.48046875 0.50390625 0.0625 0.068359375
1 0.4443359375 0.5341796875 0.013671875 0.013671875
1 0.435546875 0.50390625 0.013671875 0.013671875
1 0.474609375 0.6240234375 0.099609375 0.07421875
1 0.4736328125 0.6708984375 0.03125 0.025390625
1 0.486328125 0.6904296875 0.009765625 0.0078125
1 0.4599609375 0.73046875 0.10546875 0.072265625
1 0.4423828125 0.701171875 0.1328125 0.080078125
1 0.5234375 0.7431640625 0.021484375 0.025390625
0 0.5869140625 0.798828125 0.14453125 0.119140625
0 0.5986328125 0.951171875 0.154296875 0.09765625
1 0.4873046875 0.919921875 0.09375 0.076171875
1 0.470703125 0.8564453125 0.109375 0.06640625
1 0.447265625 0.84375 0.025390625 0.009765625
1 0.4453125 0.8154296875 0.017578125 0.021484375
1 0.4423828125 0.783203125 0.013671875 0.013671875
1 0.4765625 0.9599609375 0.005859375 0.009765625
0 0.591796875 0.6064453125 0.146484375 0.125
1 0.5576171875 0.5224609375 0.009765625 0.005859375
0 0.5947265625 0.4248046875 0.169921875 0.142578125
1 0.5615234375 0.3056640625 0.11328125 0.060546875
0 0.5185546875 0.2470703125 0.03125 0.02734375
0 0.5849609375 0.2255859375 0.13671875 0.125
1 0.5703125 0.171875 0.01171875 0.01171875
1 0.6328125 0.111328125 0.103515625 0.076171875
0 0.5771484375 0.048828125 0.134765625 0.09765625
1 0.4521484375 0.03515625 0.021484375 0.01953125