0 0.9462890625 0.5693359375 0.107421875 0.181640625
1 0.943359375 0.4482421875 0.0234375 0.0234375
1 0.9111328125 0.4423828125 0.013671875 0.013671875
1 0.943359375 0.3583984375 0.091796875 0.1171875
1 0.87109375 0.19140625 0.015625 0.029296875
1 0.8203125 0.111328125 0.021484375 0.02734375
1 0.7646484375 0.265625 0.01171875 0.013671875
1 0.7880859375 0.37890625 0.1171875 0.15625
1 0.796875 0.400390625 0.013671875 0.01953125
1 0.83203125 0.408203125 0.017578125 0.013671875
0 0.69140625 0.2470703125 0.142578125 0.177734375
1 0.5732421875 0.2333984375 0.01171875 0.013671875
1 0.71484375 0.396484375 0.013671875 0.013671875
1 0.732421875 0.4072265625 0.015625 0.01171875
1 0.634765625 0.4189453125 0.015625 0.013671875
1 0.6240234375 0.431640625 0.01171875 0.021484375
1 0.5361328125 0.4111328125 0.087890625 0.1328125
1 0.455078125 0.2353515625 0.03515625 0.046875
1 0.4169921875 0.4541015625 0.146484375 0.17578125
1 0.486328125 0.4453125 0.013671875 0.01953125
1 0.4755859375 0.4384765625 0.01171875 0.013671875
1 0.4609375 0.44140625 0.01171875 0.01171875
1 0.3408203125 0.4267578125 0.021484375 0.021484375
1 0.3486328125 0.4638671875 0.013671875 0.01953125
1 0.5576171875 0.515625 0.01171875 0.01171875
1 0.5888671875 0.55859375 0.109375 0.08203125
0 0.4921875 0.58984375 0.125 0.166015625
1 0.380859375 0.5771484375 0.08984375 0.091796875
1 0.3759765625 0.6552734375 0.0390625 0.060546875
0 0.2646484375 0.625 0.140625 0.189453125
1 0.2978515625 0.4287109375 0.01171875 0.01953125
1 0.294921875 0.4716796875 0.01171875 0.015625
1 0.1865234375 0.4814453125 0.013671875 0.01171875
1 0.1494140625 0.49609375 0.017578125 0.017578125
1 0.1171875 0.49609375 0.01953125 0.021484375
0 0.528016517578125 0.337135666015625 0.5209469765625 0.299643591796875 0.47356312890625 0.2540928046875 0.428505708984375 0.227105060546875 0.395279337890625 0.223384263671875 0.390526109375 0.297487912109375 0.423496943359375 0.386827283203125 0.497772359375 0.393387794921875 0.528016517578125 0.337135666015625
0 0.0478515625 0.375 0.095703125 0.17578125
1 0.046875 0.2880859375 0.0234375 0.0234375
1 0.0234375 0.4716796875 0.0390625 0.03125
0 0.0625 0.642578125 0.115234375 0.16796875
1 0.7568359375 0.490234375 0.01171875 0.013671875
0 0.677678462890625 0.567464212890625 0.677584505859375 0.6041505625 0.713952767578125 0.651073880859375 0.7646921640625 0.64303412109375 0.797260658203125 0.61921539453125 0.788265712890625 0.565838818359375 0.77213135546875 0.537664185546875 0.73235511328125 0.519277494140625 0.69854696875 0.535824716796875 0.677678462890625 0.567464212890625
0 0.96640904296875 0.16369035546875 0.943853068359375 0.1262223046875 0.920856025390625 0.102390203125 0.8904727421875 0.1136088671875 0.878391814453125 0.1555867734375 0.882063412109375 0.188876103515625 0.867070494140625 0.21323227734375 0.85448409375 0.276401900390625 0.8815160546875 0.296742865234375 0.9331155078125 0.29850486328125 0.967719521484375 0.301208025390625 0.970042513671875 0.188769671875 0.96717971875 0.16513855078125 0.96640904296875 0.16369035546875
0 0.25225205078125 0.3048721484375 0.2094995078125 0.28585357421875 0.154145705078125 0.28605664453125 0.1113324609375 0.320828994140625 0.115724728515625 0.358927751953125 0.137391771484375 0.409020677734375 0.167731693359375 0.445220615234375 0.19741433984375 0.46521890234375 0.251840822265625 0.48263469140625 0.276706306640625 0.41004474609375 0.281545466796875 0.3432692109375 0.25225205078125 0.3048721484375