0 0.9580078125 0.3291015625 0.0703125 0.123046875
0 0.9677734375 0.5712890625 0.064453125 0.134765625
1 0.947265625 0.4560546875 0.10546875 0.09765625
1 0.9501953125 0.412109375 0.0234375 0.02734375
1 0.90625 0.4658203125 0.013671875 0.013671875
1 0.8447265625 0.4423828125 0.01171875 0.01953125
1 0.89453125 0.4765625 0.005859375 0.009765625
1 0.95703125 0.4794921875 0.013671875 0.009765625
0 0.8046875 0.60546875 0.1484375 0.16015625
1 0.810546875 0.486328125 0.01953125 0.02734375
1 0.7763671875 0.4990234375 0.02734375 0.029296875
1 0.7578125 0.5 0.013671875 0.013671875
1 0.7587890625 0.4794921875 0.0078125 0.013671875
1 0.728515625 0.4970703125 0.005859375 0.01171875
1 0.8798828125 0.5 0.005859375 0.009765625
0 0.78125 0.3212890625 0.1328125 0.158203125
1 0.84765625 0.2939453125 0.0078125 0.01171875
1 0.6943359375 0.37890625 0.076171875 0.142578125
1 0.6748046875 0.5048828125 0.0234375 0.025390625
0 0.5986328125 0.6689453125 0.1484375 0.17578125
1 0.6220703125 0.5244140625 0.046875 0.068359375
1 0.560546875 0.525390625 0.09765625 0.12890625
0 0.396484375 0.68359375 0.162109375 0.240234375
1 0.49609375 0.63671875 0.01171875 0.015625
1 0.49609375 0.6123046875 0.005859375 0.0078125
1 0.455078125 0.53125 0.009765625 0.01171875
1 0.5146484375 0.5263671875 0.005859375 0.005859375
1 0.421875 0.53515625 0.005859375 0.009765625
1 0.421875 0.546875 0.005859375 0.005859375
1 0.40625 0.5322265625 0.005859375 0.0078125
1 0.3603515625 0.5361328125 0.005859375 0.01171875
1 0.345703125 0.5341796875 0.013671875 0.013671875
1 0.328125 0.517578125 0.005859375 0.0078125
1 0.3447265625 0.5556640625 0.00390625 0.005859375
1 0.337890625 0.5625 0.00390625 0.005859375
1 0.3544921875 0.5478515625 0.00390625 0.005859375
1 0.318359375 0.5556640625 0.005859375 0.009765625
1 0.3076171875 0.5703125 0.005859375 0.013671875
1 0.3408203125 0.4990234375 0.009765625 0.015625
1 0.3173828125 0.4970703125 0.005859375 0.009765625
0 0.5703125 0.3623046875 0.123046875 0.1953125
0 0.3662109375 0.36328125 0.1484375 0.19921875
1 0.287109375 0.38671875 0.013671875 0.013671875
1 0.2744140625 0.3681640625 0.01171875 0.021484375
1 0.2568359375 0.3818359375 0.02734375 0.03515625
1 0.2548828125 0.4404296875 0.0078125 0.01171875
1 0.220703125 0.4375 0.013671875 0.013671875
1 0.248046875 0.3193359375 0.009765625 0.009765625
0 0.1494140625 0.4169921875 0.138671875 0.16796875
1 0.0927734375 0.34765625 0.01171875 0.013671875
1 0.0810546875 0.39453125 0.01171875 0.015625
1 0.0029296875 0.369140625 0.005859375 0.015625
0 0.166015625 0.7060546875 0.130859375 0.173828125
1 0.1083984375 0.5810546875 0.041015625 0.046875
1 0.1552734375 0.568359375 0.013671875 0.021484375
1 0.2197265625 0.5810546875 0.005859375 0.009765625
1 0.01171875 0.5947265625 0.009765625 0.013671875
1 0.03125 0.578125 0.005859375 0.0078125
1 0.1474609375 0.6025390625 0.005859375 0.005859375
1 0.1455078125 0.58984375 0.005859375 0.005859375
1 0.693359375 0.52734375 0.10546875 0.18359375
1 0.9033203125 0.28515625 0.0078125 0.009765625
1 0.8857421875 0.306640625 0.005859375 0.0078125
1 0.2626953125 0.6982421875 0.009765625 0.009765625