0 0.140625 0.326171875 0.13671875 0.18359375
1 0.0146484375 0.443359375 0.025390625 0.044921875
0 0.119140625 0.61328125 0.150390625 0.205078125
0 0.3388671875 0.6328125 0.130859375 0.181640625
1 0.384765625 0.2470703125 0.015625 0.017578125
1 0.39453125 0.298828125 0.015625 0.0234375
1 0.3798828125 0.3095703125 0.015625 0.021484375
1 0.4326171875 0.3486328125 0.013671875 0.015625
1 0.361328125 0.271484375 0.01953125 0.037109375
0 0.344332646484375 0.289959505859375 0.31399957421875 0.292531419921875 0.31308273046875 0.2927798828125 0.30125534375 0.326615638671875 0.29996391796875 0.357411328125 0.311613546875 0.3879336015625 0.33135841015625 0.394691134765625 0.346428251953125 0.3950243671875 0.36305915234375 0.388029142578125 0.3810735234375 0.368653626953125 0.38235330078125 0.340264234375 0.376512412109375 0.310354970703125 0.36625817578125 0.289619830078125 0.344332646484375 0.289959505859375
1 0.327747646484375 0.401221177734375 0.32514701953125 0.442756078125 0.33439182421875 0.468269376953125 0.37759995703125 0.479750375 0.4053801875 0.482496857421875 0.42875712109375 0.467054376953125 0.428552083984375 0.419552525390625 0.423358802734375 0.366013533203125 0.408904669921875 0.3357416640625 0.399095265625 0.329052107421875 0.38208150390625 0.34270366796875 0.36896355078125 0.370616330078125 0.3418400078125 0.3927545078125 0.327747646484375 0.401221177734375
1 0.474609375 0.4140625 0.029296875 0.021484375
1 0.4736328125 0.6181640625 0.015625 0.017578125
0 0.50987473046875 0.584295955078125 0.490880802734375 0.640984896484375 0.48759456640625 0.671774259765625 0.50054041015625 0.708219822265625 0.53604784765625 0.73090446484375 0.57514185546875 0.73207663671875 0.600134771484375 0.707214572265625 0.61520078125 0.662801986328125 0.614171640625 0.62166962890625 0.597722923828125 0.600161734375 0.5634256484375 0.572618484375 0.530610376953125 0.55202590625 0.50987473046875 0.584295955078125
1 0.5234375 0.294921875 0.025390625 0.025390625
0 0.537452484375 0.296404826171875 0.514230083984375 0.324263205078125 0.50409854296875 0.349954880859375 0.511310580078125 0.387560396484375 0.53357616796875 0.41845187890625 0.553339689453125 0.432059216796875 0.589375232421875 0.43466572265625 0.612850349609375 0.413885478515625 0.6262541171875 0.35961914453125 0.61722847265625 0.31153934375 0.598450796875 0.296517283203125 0.57155553515625 0.2832293984375 0.537452484375 0.296404826171875
0 0.75 0.3427734375 0.119140625 0.14453125
0 0.732421875 0.681640625 0.140625 0.1484375