0 0.0869140625 0.75390625 0.068359375 0.126953125
0 0.283203125 0.736328125 0.1533203125 0.208984375
0 0.478515625 0.751953125 0.130859375 0.197265625
0 0.7138671875 0.7431640625 0.140625 0.1953125
0 0.921875 0.759765625 0.15625 0.1513671875
1 0.90234375 0.630859375 0.0185546875 0.029296875
1 0.96875 0.572265625 0.0439453125 0.046875
1 0.8583984375 0.572265625 0.021484375 0.029296875
1 0.83984375 0.619140625 0.0126953125 0.0185546875
0 0.9150390625 0.458984375 0.140625 0.150390625
1 0.744140625 0.572265625 0.025390625 0.03125
0 0.707475826171875 0.381787712890625 0.67716320703125 0.39474424609375 0.67154495703125 0.43043901171875 0.66838770703125 0.4775390625 0.67079746484375 0.497190876953125 0.69827986328125 0.51522111328125 0.730184681640625 0.52688648828125 0.75233440625 0.495985244140625 0.758989498046875 0.467801568359375 0.751523619140625 0.425849568359375 0.7245475859375 0.38277833984375 0.707475826171875 0.381787712890625
1 0.58960563671875 0.45887787890625 0.637208537109375 0.55064461328125 0.68877495703125 0.584868505859375 0.706271701171875 0.5533914453125 0.693012755859375 0.51036643359375 0.67191418359375 0.4924567578125 0.66687765234375 0.454111609375 0.671229986328125 0.398817275390625 0.659107349609375 0.35413049609375 0.625795716796875 0.35217134375 0.585069443359375 0.408560794921875 0.58960563671875 0.45887787890625
1 0.681640625 0.6123046875 0.0107421875 0.021484375
1 0.599609375 0.6279296875 0.015625 0.015625
0 0.4912109375 0.458984375 0.083984375 0.1220703125
1 0.4482421875 0.4697265625 0.009765625 0.015625
1 0.4892578125 0.58203125 0.009765625 0.009765625
0 0.298828125 0.4462890625 0.146484375 0.1845703125
0 0.091796875 0.4677734375 0.1171875 0.1064453125
1 0.091796875 0.5888671875 0.0185546875 0.0205078125
1 0.2451171875 0.6083984375 0.009765625 0.0107421875