0 0.337890625 0.96484375 0.0966796875 0.0703125
0 0.291015625 0.8017578125 0.1435546875 0.109375
0 0.2509765625 0.62109375 0.181640625 0.1435546875
1 0.140625 0.44921875 0.029296875 0.021484375
1 0.0166015625 0.330078125 0.03125 0.0341796875
1 0.287109375 0.220703125 0.0654296875 0.0498046875
1 0.212890625 0.2470703125 0.017578125 0.0107421875
1 0.2021484375 0.236328125 0.021484375 0.015625
1 0.220703125 0.2109375 0.0185546875 0.0283203125
1 0.24609375 0.224609375 0.0126953125 0.0126953125
1 0.2333984375 0.18359375 0.013671875 0.0126953125
1 0.353515625 0.15625 0.037109375 0.0361328125
1 0.4326171875 0.19140625 0.126953125 0.025390625
1 0.4794921875 0.216796875 0.03125 0.0283203125
1 0.3759765625 0.220703125 0.0185546875 0.013671875
1 0.4970703125 0.1611328125 0.0625 0.037109375
1 0.607421875 0.1396484375 0.166015625 0.1171875
1 0.732421875 0.1806640625 0.0283203125 0.015625
1 0.720703125 0.16015625 0.0283203125 0.0205078125
1 0.708984375 0.291015625 0.0283203125 0.015625
1 0.6826171875 0.3857421875 0.0185546875 0.013671875
1 0.5986328125 0.3251953125 0.021484375 0.021484375
1 0.560546875 0.328125 0.0185546875 0.0126953125
1 0.548828125 0.3115234375 0.029296875 0.0205078125
1 0.544921875 0.291015625 0.0185546875 0.009765625
1 0.5771484375 0.2734375 0.0126953125 0.009765625
1 0.541015625 0.33203125 0.009765625 0.005859375
1 0.552734375 0.3359375 0.009765625 0.0078125
1 0.587890625 0.341796875 0.0126953125 0.0078125
1 0.505859375 0.298828125 0.009765625 0.005859375
1 0.560546875 0.2861328125 0.009765625 0.005859375
0 0.5634765625 0.5888671875 0.166015625 0.125
1 0.5029296875 0.67578125 0.0234375 0.0185546875
0 0.59375 0.7841796875 0.1279296875 0.1220703125
1 0.7021484375 0.90234375 0.0126953125 0.009765625
1 0.35546875 0.900390625 0.0107421875 0.009765625
1 0.40234375 0.5126953125 0.025390625 0.0126953125
1 0.3017578125 0.3896484375 0.0341796875 0.041015625
1 0.3046875 0.3466796875 0.015625 0.0126953125
1 0.2841796875 0.365234375 0.0107421875 0.0126953125
1 0.2041015625 0.259765625 0.0107421875 0.005859375