1 0.263671875 0.845703125 0.01953125 0.01953125
1 0.4140625 0.9755859375 0.068359375 0.048828125
1 0.4111328125 0.9423828125 0.0390625 0.03515625
1 0.3427734375 0.8310546875 0.015625 0.01171875
0 0.34904710546875 0.849014796875 0.329483189453125 0.835833681640625 0.304577353515625 0.8515880546875 0.278415845703125 0.8727773515625 0.263933525390625 0.900458046875 0.255705259765625 0.928850021484375 0.2860948125 0.9590126640625 0.3095625 0.964744533203125 0.34891034765625 0.9656404375 0.3803812734375 0.9545078203125 0.395813697265625 0.944849439453125 0.401823375 0.926501947265625 0.411151556640625 0.88762349609375 0.41362448828125 0.87206869921875 0.369214990234375 0.85224836328125 0.34904710546875 0.849014796875
0 0.633886150390625 1 0.639254568359375 0.9712686953125 0.631292701171875 0.93508169140625 0.6083499921875 0.929865591796875 0.58327648828125 0.936998103515625 0.55252551171875 0.9454175859375 0.530271046875 0.949885052734375 0.520089916015625 0.971786783203125 0.4823747890625 0.978944248046875 0.486595279296875 0.98970047265625 0.49775816015625 1 0.633886150390625 1
1 0.547249796875 0.941948568359375 0.556670873046875 0.940487873046875 0.55648215234375 0.93267804296875 0.532381435546875 0.920300412109375 0.509635025390625 0.92482228515625 0.497429125 0.94836629296875 0.5135787109375 0.973302947265625 0.523893255859375 0.96989833984375 0.53040881640625 0.954002083984375 0.534940369140625 0.936464912109375 0.547249796875 0.941948568359375
1 0.55078125 0.9013671875 0.029296875 0.02734375
1 0.527772255859375 0.89208586328125 0.5352330703125 0.893239669921875 0.53436447265625 0.892901025390625 0.546246423828125 0.864566392578125 0.54673751171875 0.846170927734375 0.52750349609375 0.836097033203125 0.52349569140625 0.816952630859375 0.514562365234375 0.807222525390625 0.50100645703125 0.818933013671875 0.47567969921875 0.8137701796875 0.462952232421875 0.81850501953125 0.46361078125 0.8322098125 0.48588289453125 0.857722439453125 0.50486117578125 0.880358970703125 0.527772255859375 0.89208586328125
1 0.484375 0.9150390625 0.01171875 0.0078125
1 0.44921875 0.9541015625 0.015625 0.013671875
1 0.4619140625 0.919921875 0.01171875 0.0078125
1 0.50900600390625 0.7451561015625 0.4959156640625 0.783066720703125 0.4865805859375 0.81474168359375 0.501562013671875 0.817860984375 0.5124862265625 0.807281736328125 0.523231638671875 0.81786716015625 0.5277532265625 0.83646589453125 0.535586791015625 0.840280970703125 0.54379637890625 0.840664240234375 0.54942351171875 0.818095046875 0.55343612109375 0.7817381796875 0.548857203125 0.755829259765625 0.50900600390625 0.7451561015625
1 0.4482421875 0.796875 0.041015625 0.041015625
1 0.5576171875 0.74609375 0.0078125 0.01171875
1 0.4521750390625 0.711111787109375 0.418126384765625 0.71716396875 0.4303247578125 0.730837482421875 0.446123419921875 0.75144553515625 0.444915318359375 0.767718271484375 0.4479504140625 0.77332651171875 0.45164686328125 0.77303293359375 0.480288044921875 0.7548056328125 0.5049180546875 0.7458487734375 0.5187108828125 0.747306478515625 0.5327584375 0.75032899609375 0.536741916015625 0.738179515625 0.52724733203125 0.7301024609375 0.511125060546875 0.733318046875 0.49241769921875 0.714389091796875 0.4895630625 0.70804211328125 0.4521750390625 0.711111787109375
1 0.5263671875 0.7109375 0.05078125 0.052734375
1 0.32821867578125 0.693242431640625 0.356470873046875 0.69845809375 0.3721974453125 0.6834586796875 0.389717734375 0.69759521875 0.40433457421875 0.717546099609375 0.408550087890625 0.73256828125 0.403824990234375 0.74090960546875 0.372119193359375 0.739573466796875 0.352894171875 0.745216548828125 0.341462322265625 0.750570767578125 0.337871703125 0.773942361328125 0.3570384765625 0.791432375 0.3925145625 0.77596226171875 0.40497242578125 0.75331140234375 0.434191955078125 0.763448283203125 0.44404769921875 0.7514731640625 0.425194134765625 0.72815202734375 0.425827474609375 0.71714476953125 0.459268185546875 0.708856337890625 0.483126125 0.702388072265625 0.499909591796875 0.69059512890625 0.51353608203125 0.680216228515625 0.495062443359375 0.666275328125 0.4586241796875 0.680122595703125 0.441769078125 0.6868355625 0.42479601171875 0.6716305078125 0.426026634765625 0.65004965625 0.417685646484375 0.636722837890625 0.402947697265625 0.622121658203125 0.394327611328125 0.6209378828125 0.379010509765625 0.629391171875 0.375298638671875 0.65141016015625 0.37950734375 0.669654107421875 0.3710457734375 0.680886501953125 0.320338484375 0.674075623046875 0.32821867578125 0.693242431640625
0 0.365076212890625 0.7357271875 0.381426310546875 0.736735890625 0.4039983359375 0.740593107421875 0.40746625 0.73287862890625 0.40635690234375 0.72648873046875 0.39751223046875 0.71199259765625 0.38722605859375 0.7037414765625 0.383041609375 0.688823955078125 0.370670671875 0.6839856875 0.367881517578125 0.69390655078125 0.36466898046875 0.713688583984375 0.359981078125 0.728130119140625 0.365076212890625 0.7357271875
1 0.3701171875 0.65234375 0.01171875 0.01171875
1 0.4140625 0.6220703125 0.017578125 0.015625
1 0.5546875 0.66015625 0.09375 0.072265625
1 0.552734375 0.6123046875 0.013671875 0.01171875
1 0.537109375 0.599609375 0.015625 0.01171875
0 0.609375 0.794921875 0.125 0.1015625
1 0.625 0.8466796875 0.0078125 0.01171875
1 0.6357421875 0.732421875 0.0078125 0.0078125
1 0.6142578125 0.658203125 0.017578125 0.021484375
0 0.6919297578125 0.60479199609375 0.652564072265625 0.587133171875 0.624601953125 0.584122966796875 0.609385587890625 0.5873780390625 0.58668383203125 0.606213009765625 0.586433958984375 0.62064091796875 0.59681290625 0.63630425390625 0.62161974609375 0.65138154296875 0.617916361328125 0.663130244140625 0.613112984375 0.673106181640625 0.627944451171875 0.684043130859375 0.654812490234375 0.698557982421875 0.6762135390625 0.69925762890625 0.7037728125 0.689700353515625 0.720866103515625 0.658753845703125 0.725329796875 0.6394505703125 0.72101324609375 0.625680837890625 0.6919297578125 0.60479199609375
1 0.66015625 0.57421875 0.08984375 0.056640625
1 0.5810546875 0.5546875 0.01953125 0.015625
1 0.5849609375 0.5419921875 0.021484375 0.017578125
1 0.579428416015625 0.584455646484375 0.556266966796875 0.577939052734375 0.564407443359375 0.594397404296875 0.56856884375 0.59621589453125 0.567992837890625 0.597320103515625 0.579428416015625 0.584455646484375
1 0.53791678515625 0.568252333984375 0.538220365234375 0.568694263671875 0.525689162109375 0.580570775390625 0.53369724609375 0.593787568359375 0.554020421875 0.607805662109375 0.565999216796875 0.60983617578125 0.5685691875 0.60311674609375 0.55768827734375 0.587966609375 0.55423814453125 0.57987666796875 0.53791678515625 0.568252333984375
1 0.51768171484375 0.53831222265625 0.52398816015625 0.517379064453125 0.515764314453125 0.504564181640625 0.49316569140625 0.511239259765625 0.441613345703125 0.515183423828125 0.4477981328125 0.528775943359375 0.46196291015625 0.524231720703125 0.465796044921875 0.538938634765625 0.464649130859375 0.558100626953125 0.4742255546875 0.56555041015625 0.484644587890625 0.5748933046875 0.497528703125 0.585283216796875 0.518346912109375 0.57558751171875 0.537753205078125 0.56898316796875 0.548506533203125 0.57578423046875 0.5565808828125 0.57738269140625 0.56701726953125 0.57764569140625 0.5794616875 0.569446275390625 0.5769402109375 0.5690440546875 0.566424064453125 0.55583469921875 0.539515640625 0.552595162109375 0.519666869140625 0.552048630859375 0.51768171484375 0.53831222265625
1 0.42212151171875 0.60070168359375 0.453631125 0.605077244140625 0.470631611328125 0.5959123359375 0.46320774609375 0.583830892578125 0.446629501953125 0.570695259765625 0.41965462890625 0.581556599609375 0.42212151171875 0.60070168359375
0 0.44295832421875 0.574076951171875 0.45865233984375 0.5778715546875 0.48345241796875 0.572782572265625 0.46568676953125 0.55652534765625 0.469137671875 0.53902161328125 0.455006595703125 0.526805517578125 0.431905392578125 0.5335975859375 0.418274255859375 0.536280580078125 0.39591165234375 0.55897805859375 0.39636026953125 0.56011407421875 0.424183357421875 0.58035690625 0.44295832421875 0.574076951171875
1 0.40625 0.580078125 0.009765625 0.0078125
1 0.435546875 0.5107421875 0.01171875 0.0078125
1 0.400390625 0.515625 0.05859375 0.046875
1 0.4404296875 0.4638671875 0.03125 0.033203125
1 0.4541015625 0.4794921875 0.009765625 0.0078125
1 0.455078125 0.470703125 0.01171875 0.0078125
1 0.4658203125 0.46875 0.0078125 0.00390625
1 0.57421875 0.4853515625 0.0078125 0.0078125
1 0.580078125 0.4755859375 0.01171875 0.01171875
1 0.6201171875 0.470703125 0.0078125 0.005859375
1 0.6748046875 0.51953125 0.0078125 0.009765625
1 0.5712890625 0.4306640625 0.111328125 0.08984375
1 0.5087890625 0.341796875 0.025390625 0.021484375
0 0.40366813671875 0.44059636328125 0.442300208984375 0.44629670703125 0.473956712890625 0.454189560546875 0.497735404296875 0.447132142578125 0.5144935234375 0.418730970703125 0.53128721484375 0.394094251953125 0.531204318359375 0.3939831875 0.52498118359375 0.37130993359375 0.51490928125 0.3574052421875 0.481668416015625 0.344519337890625 0.4520886796875 0.3267022734375 0.43845060546875 0.318653572265625 0.42353975 0.3302517578125 0.39257809765625 0.3519701328125 0.3847608125 0.365452498046875 0.394445927734375 0.42037831640625 0.40366813671875 0.44059636328125
1 0.5224609375 0.306640625 0.025390625 0.0234375
1 0.49609375 0.2900390625 0.025390625 0.0234375
1 0.585683712890625 0.35658091015625 0.605635275390625 0.355867970703125 0.612694083984375 0.3524893984375 0.58871670703125 0.334942484375 0.5760335859375 0.319988818359375 0.5471267890625 0.30661419140625 0.532549091796875 0.30555348828125 0.532085083984375 0.305276578125 0.53619555859375 0.331639029296875 0.5447369609375 0.356820271484375 0.560960685546875 0.36456030859375 0.585683712890625 0.35658091015625
1 0.62498043359375 0.415102462890625 0.63405154296875 0.43948480078125 0.644817583984375 0.4413061328125 0.647131154296875 0.405529310546875 0.659623369140625 0.385177642578125 0.677729267578125 0.3743350703125 0.6702530234375 0.361611529296875 0.64934456640625 0.3294086015625 0.635427189453125 0.323242603515625 0.63379305078125 0.340556294921875 0.608790185546875 0.358125126953125 0.58560184375 0.35809534765625 0.592695060546875 0.3828754453125 0.61823424609375 0.403627048828125 0.62498043359375 0.415102462890625
1 0.66015625 0.43359375 0.009765625 0.0078125
1 0.78125 0.41015625 0.029296875 0.021484375
0 0.659183134765625 0.408851056640625 0.67146844921875 0.427642841796875 0.667347080078125 0.438835353515625 0.65542504296875 0.446903146484375 0.6739501171875 0.468192833984375 0.6915464375 0.48904128125 0.7140459609375 0.487378447265625 0.754174552734375 0.473735580078125 0.77589408984375 0.457763623046875 0.77509188671875 0.432485083984375 0.771540580078125 0.419662859375 0.74285579296875 0.400967416015625 0.70453794921875 0.394858962890625 0.66484351171875 0.39602095703125 0.659183134765625 0.408851056640625
1 0.744140625 0.3681640625 0.015625 0.015625
1 0.6201171875 0.3212890625 0.056640625 0.0546875
1 0.65234375 0.32421875 0.017578125 0.01171875
1 0.740234375 0.31640625 0.01171875 0.01171875
1 0.755859375 0.306640625 0.01171875 0.01171875
1 0.77734375 0.3046875 0.015625 0.017578125
1 0.767578125 0.294921875 0.0078125 0.0078125
1 0.714002689453125 0.237536671875 0.70174901953125 0.257210677734375 0.696743048828125 0.277084201171875 0.708020263671875 0.286483572265625 0.708958740234375 0.287050251953125 0.73020790625 0.280041509765625 0.73535520703125 0.2708390703125 0.730294734375 0.259325451171875 0.718773708984375 0.25417815625 0.718456431640625 0.242832302734375 0.714002689453125 0.237536671875
0 0.7202244609375 0.235402244140625 0.717483783203125 0.247072263671875 0.7300493984375 0.25677609375 0.73617404296875 0.26785890625 0.738714736328125 0.27633715625 0.780455345703125 0.298813375 0.7970169609375 0.301953896484375 0.81632973046875 0.2853688203125 0.823256806640625 0.26869917578125 0.81730499609375 0.240542205078125 0.8112301796875 0.225716234375 0.79187390625 0.2096989140625 0.7669770078125 0.182030552734375 0.74856115625 0.190104501953125 0.733836728515625 0.209242625 0.7202244609375 0.235402244140625
1 0.820393228515625 0.154608572265625 0.806129724609375 0.16175149609375 0.788649609375 0.169406416015625 0.751102466796875 0.16777688671875 0.75403827734375 0.175677087890625 0.7851183125 0.194219548828125 0.806418478515625 0.222653662109375 0.81972026953125 0.225941283203125 0.8416789296875 0.223731693359375 0.857789595703125 0.206214978515625 0.88179740625 0.175613232421875 0.87892877734375 0.170139689453125 0.8593682109375 0.165262693359375 0.837804587890625 0.15682776171875 0.820393228515625 0.154608572265625
1 0.8583984375 0.2236328125 0.01171875 0.009765625
1 0.8466796875 0.1591796875 0.01171875 0.009765625
1 0.8134765625 0.1494140625 0.021484375 0.017578125
1 0.8779296875 0.1083984375 0.01171875 0.0078125
1 0.644206365234375 0.26770830078125 0.631866158203125 0.25193245703125 0.6076320546875 0.23312776171875 0.588736380859375 0.228987798828125 0.57070814453125 0.24380474609375 0.557016181640625 0.259659046875 0.576537419921875 0.290423908203125 0.5884055078125 0.3145968671875 0.593417677734375 0.31506387109375 0.616360787109375 0.29789462109375 0.63786601171875 0.299297740234375 0.649760701171875 0.2957251640625 0.644206365234375 0.26770830078125
1 0.5322265625 0.2607421875 0.01953125 0.009765625
1 0.515625 0.279296875 0.0234375 0.017578125
1 0.5126953125 0.2626953125 0.0078125 0.0078125
1 0.5166015625 0.244140625 0.0078125 0.0078125
1 0.643475263671875 0.199634791015625 0.63394603515625 0.213175845703125 0.598928865234375 0.23287748046875 0.607550818359375 0.243380841796875 0.629019005859375 0.254874720703125 0.668997451171875 0.2631985859375 0.693415126953125 0.2582230078125 0.6924405078125 0.235998203125 0.671819240234375 0.2098795390625 0.65830274609375 0.196065625 0.643475263671875 0.199634791015625
1 0.624774302734375 0.209191140625 0.626659701171875 0.2076045078125 0.649438900390625 0.194479064453125 0.658053037109375 0.18209653125 0.66548952734375 0.165601423828125 0.66716362890625 0.1582989140625 0.655980640625 0.15559828125 0.63858400390625 0.173418744140625 0.63203334765625 0.185493822265625 0.624774302734375 0.209191140625
1 0.6669921875 0.193359375 0.0234375 0.029296875
1 0.6884765625 0.1728515625 0.068359375 0.046875
1 0.697265625 0.107421875 0.107421875 0.109375
1 0.6953125 0.0478515625 0.0546875 0.037109375
0 0.842329546875 0.07004552734375 0.796619990234375 0.05864885546875 0.75753395703125 0.048903611328125 0.752712814453125 0.048829171875 0.74780407421875 0.074367765625 0.74235682421875 0.0955775859375 0.739671736328125 0.118621404296875 0.73689301171875 0.13289593359375 0.739208123046875 0.133876669921875 0.765927890625 0.13553059375 0.800311546875 0.1372995546875 0.816549646484375 0.127893306640625 0.82863678515625 0.117453970703125 0.840021271484375 0.085996435546875 0.842329546875 0.07004552734375
0 0.517901029296875 0 0.511912158203125 0.005506427734375 0.506226609375 0.04880730859375 0.511467650390625 0.063100158203125 0.5438049296875 0.065167794921875 0.570657923828125 0.06838046484375 0.601763728515625 0.05832355859375 0.619838796875 0.045312208984375 0.612725306640625 0.012978619140625 0.583829681640625 0.0055942734375 0.561392279296875 0 0.517901029296875 0
1 0.6318359375 0.0556640625 0.0390625 0.046875
1 0.5615234375 0.1025390625 0.015625 0.015625
1 0.544921875 0.11328125 0.021484375 0.0234375
1 0.5234375 0.154296875 0.013671875 0.009765625
1 0.5322265625 0.146484375 0.01953125 0.01171875
0 0.495800359375 0.1440783984375 0.4733931484375 0.158313294921875 0.46668804296875 0.185898720703125 0.47069744140625 0.222698478515625 0.491452203125 0.236819521484375 0.522588337890625 0.246744654296875 0.55504561328125 0.24124437890625 0.572748376953125 0.235287921875 0.588099826171875 0.21872815625 0.594948529296875 0.193726369140625 0.58923926171875 0.17399559375 0.5566814453125 0.1639666796875 0.52085593359375 0.15899031640625 0.495800359375 0.1440783984375
1 0.513671875 0.1611328125 0.01171875 0.01171875
1 0.001953125 0.8740234375 0.00390625 0.021484375