0 0.2236328125 0.2451171875 0.181640625 0.232421875
0 0.47050734375 0.394394255859375 0.504291765625 0.352265263671875 0.515134287109375 0.30804628515625 0.505910185546875 0.29188041796875 0.49078884375 0.277913216796875 0.485575482421875 0.250805828125 0.486987263671875 0.2272248046875 0.507280341796875 0.182075587890625 0.46953709375 0.18270228125 0.4163548125 0.189608482421875 0.380542251953125 0.214494955078125 0.361137857421875 0.26058680859375 0.357039509765625 0.308503099609375 0.37367350390625 0.340088810546875 0.39852040625 0.384098587890625 0.47050734375 0.394394255859375
0 0.666015625 0.34375 0.1875 0.21875
1 0.77734375 0.3916015625 0.021484375 0.033203125
0 0.890625 0.369140625 0.193359375 0.2265625
0 0.849609375 0.6376953125 0.14453125 0.15625
1 0.6923828125 0.607421875 0.03125 0.041015625
0 0.614002056640625 0.736840560546875 0.652567640625 0.741321109375 0.677733015625 0.7293228125 0.712483990234375 0.7071928671875 0.720532458984375 0.68796569140625 0.710023666015625 0.670069013671875 0.69818025 0.652258701171875 0.67999549609375 0.634078658203125 0.678238115234375 0.604232677734375 0.674120146484375 0.59301315234375 0.669713763671875 0.58946583203125 0.652865232421875 0.57584433984375 0.614210849609375 0.57921826953125 0.59763890234375 0.597641201171875 0.576378416015625 0.630453267578125 0.57860928125 0.67089903125 0.59380545703125 0.714599521484375 0.614002056640625 0.736840560546875
1 0.5830078125 0.5205078125 0.017578125 0.017578125
1 0.4248046875 0.7265625 0.0234375 0.029296875
1 0.48046875 0.515625 0.091796875 0.095703125
0 0.3896484375 0.5849609375 0.134765625 0.17578125
1 0.2841796875 0.6826171875 0.017578125 0.02734375
1 0.198158716796875 0.48062994921875 0.187033212890625 0.515860673828125 0.1961186484375 0.531280619140625 0.216253 0.524824994140625 0.236603728515625 0.50353230859375 0.241030646484375 0.45414440234375 0.21599646484375 0.43171656640625 0.171484962890625 0.434090794921875 0.16147826171875 0.476152580078125 0.177309169921875 0.483858162109375 0.198158716796875 0.48062994921875
0 0.13693680859375 0.46923368359375 0.089792984375 0.509006255859375 0.0812178671875 0.54703240234375 0.0806085 0.59651244921875 0.109774859375 0.64865129296875 0.16120946875 0.64927512109375 0.214069138671875 0.623375513671875 0.256065669921875 0.579490880859375 0.2589061953125 0.5479312109375 0.202661314453125 0.537873595703125 0.19021903125 0.50468146484375 0.183443791015625 0.48733385546875 0.13693680859375 0.46923368359375