0 0.4638671875 0.619140625 0.162109375 0.201171875
1 0.576171875 0.6337890625 0.01953125 0.0234375
0 0.712890625 0.693359375 0.14453125 0.18359375
0 0.9072265625 0.701171875 0.162109375 0.21484375
0 0.94921875 0.369140625 0.1015625 0.234375
0 0.76171875 0.3955078125 0.166015625 0.1796875
1 0.8046875 0.5400390625 0.021484375 0.02734375
1 0.765625 0.5361328125 0.015625 0.01953125
1 0.875 0.5361328125 0.01171875 0.013671875
1 0.68359375 0.529296875 0.015625 0.017578125
0 0.51171875 0.314453125 0.171875 0.203125
1 0.515625 0.42578125 0.01171875 0.01171875
1 0.591796875 0.51953125 0.01171875 0.013671875
1 0.2548828125 0.1640625 0.076171875 0.087890625
1 0.2880859375 0.2685546875 0.01171875 0.013671875
1 0.2587890625 0.2490234375 0.01953125 0.013671875
1 0.2763671875 0.3701171875 0.01171875 0.01171875