1 0.0078125 0.376953125 0.015625 0.0361328125
1 0.017578125 0.533203125 0.0341796875 0.095703125
1 0.0537109375 0.57421875 0.0390625 0.0205078125
1 0.19140625 0.4384765625 0.0341796875 0.0419921875
1 0.25390625 0.3984375 0.0361328125 0.0341796875
1 0.2939453125 0.375 0.0126953125 0.017578125
0 0.1683107109375 0.32002095703125 0.15230429296875 0.28992069140625 0.11471814453125 0.258782486328125 0.071759259765625 0.25 0.053161826171875 0.2692046328125 0.03942665625 0.33240170703125 0.0343449140625 0.374311693359375 0.05591395703125 0.37212840234375 0.0792708984375 0.37575297265625 0.09309073828125 0.390702818359375 0.108691900390625 0.421713884765625 0.12473859765625 0.421573591796875 0.15820066015625 0.403413474609375 0.17372044140625 0.35751394140625 0.1683107109375 0.32002095703125
1 0.04440893359375 0.482293638671875 0.05397973828125 0.5193208125 0.080093744140625 0.52467820703125 0.11582541015625 0.514547603515625 0.146698923828125 0.50646 0.14755711328125 0.458656662109375 0.127992982421875 0.426095810546875 0.09020955078125 0.43681388671875 0.063956623046875 0.430473353515625 0.04569046484375 0.43015441015625 0.04691856640625 0.43157048046875 0.04440893359375 0.482293638671875
1 0.052904533203125 0.417840513671875 0.05884282421875 0.434461806640625 0.08450800390625 0.43527396484375 0.101427689453125 0.415212236328125 0.100792265625 0.384013748046875 0.08331360546875 0.3596490078125 0.077568490234375 0.35406144921875 0.055189755859375 0.36766208203125 0.046862669921875 0.396990740234375 0.052904533203125 0.417840513671875
0 0.0374283203125 0.666809150390625 0.035412720703125 0.695353052734375 0.068446509765625 0.724963392578125 0.13210802734375 0.719072232421875 0.167608705078125 0.68314876171875 0.171780466796875 0.610929169921875 0.15605846875 0.5683484140625 0.1256008984375 0.56203199609375 0.06565656640625 0.586980919921875 0.0506349296875 0.637312798828125 0.0374283203125 0.666809150390625
1 0.2265625 0.625 0.0078125 0.0126953125
0 0.36315666796875 0.57535740234375 0.2947530859375 0.540466392578125 0.26661562890625 0.586797517578125 0.2588041328125 0.62230608203125 0.254986294921875 0.66629426171875 0.259687259765625 0.69040959375 0.29608330078125 0.686219349609375 0.316302767578125 0.695078072265625 0.32325625390625 0.707475994140625 0.34351188671875 0.681554890625 0.37021866015625 0.666898416015625 0.40204334765625 0.64853394921875 0.39025426953125 0.6065256875 0.36315666796875 0.57535740234375
1 0.26171875 0.7158203125 0.0078125 0.0107421875
1 0.29935257421875 0.682358646484375 0.2846930859375 0.69959115625 0.29260505078125 0.76059215234375 0.32788990234375 0.8059333203125 0.362755794921875 0.828217431640625 0.406786505859375 0.838640796875 0.428101087890625 0.822045931640625 0.4310237421875 0.74993971875 0.4154218515625 0.698838306640625 0.374891494140625 0.69009612890625 0.368896484375 0.71686117578125 0.32573985546875 0.705284421875 0.29935257421875 0.682358646484375
1 0.37890625 0.6767578125 0.021484375 0.0234375
1 0.4111328125 0.6328125 0.0048828125 0.009765625
1 0.396484375 0.6162109375 0.0078125 0.0078125
1 0.392578125 0.6005859375 0.005859375 0.0078125
1 0.3515625 0.494140625 0.0341796875 0.0361328125
1 0.2255859375 0.4814453125 0.0107421875 0.0107421875
1 0.259765625 0.4931640625 0.0595703125 0.0361328125
1 0.39453125 0.4619140625 0.052734375 0.080078125
0 0.39423285546875 0.33275791796875 0.38522595703125 0.28749846484375 0.36590103515625 0.266681572265625 0.34472080859375 0.262537484375 0.296085857421875 0.25420875390625 0.265989978515625 0.3016788984375 0.26195384765625 0.351108744140625 0.28298282421875 0.365907337890625 0.2984146484375 0.372792595703125 0.306486083984375 0.38898972265625 0.313473275390625 0.435332052734375 0.328488333984375 0.44306892578125 0.353587962890625 0.431494853515625 0.37375545703125 0.407567427734375 0.390524712890625 0.3730578359375 0.39423285546875 0.33275791796875
1 0.4892578125 0.2900390625 0.0126953125 0.017578125
1 0.455078125 0.353515625 0.068359375 0.1220703125
1 0.5009765625 0.4052734375 0.0185546875 0.033203125
1 0.462890625 0.4658203125 0.005859375 0.005859375
1 0.4541015625 0.515625 0.037109375 0.0654296875
1 0.4814453125 0.498046875 0.015625 0.015625
1 0.498046875 0.498046875 0.0126953125 0.0126953125
1 0.4990234375 0.484375 0.009765625 0.009765625
1 0.498046875 0.455078125 0.005859375 0.0185546875
1 0.5029296875 0.4462890625 0.005859375 0.0078125
1 0.5537109375 0.470703125 0.005859375 0.0107421875
0 0.616515908203125 0.6125710234375 0.62695887890625 0.57437109765625 0.61409012109375 0.554594337890625 0.592284333984375 0.53695044921875 0.5549242421875 0.523288439453125 0.54322933203125 0.53659643359375 0.49564081640625 0.561783197265625 0.479702625 0.5813025625 0.475784044921875 0.60072311328125 0.48113951953125 0.65703712109375 0.5120607109375 0.704068853515625 0.544339060546875 0.719978822265625 0.558868306640625 0.712132171875 0.57594253125 0.6857759453125 0.591135146484375 0.653297294921875 0.616515908203125 0.6125710234375
1 0.58984375 0.662109375 0.005859375 0.009765625
1 0.603515625 0.646484375 0.0048828125 0.009765625
1 0.6123046875 0.6533203125 0.0048828125 0.0078125
1 0.6435546875 0.669921875 0.0107421875 0.0107421875
1 0.59680134765625 0.360809703125 0.57612419921875 0.3938210234375 0.57081393359375 0.41887955078125 0.580435705078125 0.475183693359375 0.593790279296875 0.495545736328125 0.627611564453125 0.48677311328125 0.652250861328125 0.448887748046875 0.65194424609375 0.37929095703125 0.638352107421875 0.358604490234375 0.609638046875 0.350168349609375 0.59680134765625 0.360809703125
0 0.564735900390625 0.296363154296875 0.541245791015625 0.26094276171875 0.512091126953125 0.30009513671875 0.506900876953125 0.33774046875 0.489705814453125 0.351760880859375 0.493771537109375 0.37614316015625 0.51574748046875 0.39729433984375 0.546280677734375 0.42276387890625 0.572596078125 0.43340742578125 0.57450974609375 0.40873031640625 0.58601394921875 0.379894869140625 0.58489106640625 0.347686939453125 0.564735900390625 0.296363154296875
1 0.7099609375 0.4814453125 0.0390625 0.033203125
1 0.6494140625 0.580078125 0.0078125 0.009765625
1 0.697265625 0.58984375 0.009765625 0.0126953125
1 0.7724609375 0.546875 0.013671875 0.0185546875
0 0.765075888671875 0.552425294921875 0.73765898046875 0.536513134765625 0.73716330078125 0.536756453125 0.73150038671875 0.579921392578125 0.727955828125 0.60230122265625 0.744038693359375 0.64361716015625 0.77389783203125 0.6753494140625 0.80082892578125 0.68513915234375 0.82014151953125 0.647273515625 0.83388819921875 0.59471012109375 0.841833865234375 0.56271920703125 0.80994104296875 0.5385101015625 0.79228647265625 0.533328072265625 0.77987722265625 0.55814876171875 0.765075888671875 0.552425294921875
1 0.849609375 0.576171875 0.015625 0.017578125
1 0.830078125 0.654296875 0.0078125 0.009765625
1 0.8427734375 0.65625 0.013671875 0.013671875
1 0.8427734375 0.671875 0.015625 0.0185546875
1 0.869140625 0.669921875 0.0078125 0.0107421875
0 0.788627650390625 0.3830941796875 0.80003156640625 0.3675897421875 0.79725970703125 0.30437732421875 0.787995515625 0.26615219140625 0.771254208984375 0.25 0.74582905859375 0.253296857421875 0.74211105078125 0.258481078125 0.70225858984375 0.287357078125 0.68254073828125 0.31159358203125 0.7100883515625 0.33104920703125 0.7100883515625 0.3677398984375 0.726873224609375 0.39644162890625 0.755589751953125 0.39943050390625 0.7539440625 0.3712176015625 0.769985005859375 0.3742788125 0.788627650390625 0.3830941796875
1 0.7646484375 0.384765625 0.0205078125 0.0234375
1 0.708984375 0.3916015625 0.0205078125 0.021484375
1 0.88863570703125 0.4257549453125 0.892592921875 0.375592951171875 0.8658919921875 0.379517833984375 0.82243825 0.40074902734375 0.7900464609375 0.4092136640625 0.7909219140625 0.43984550390625 0.80387369921875 0.464902935546875 0.829105673828125 0.50403229296875 0.850513599609375 0.52999394921875 0.868261060546875 0.54480788671875 0.876781322265625 0.533368625 0.88133779296875 0.479185298828125 0.88863570703125 0.4257549453125
0 0.9599609375 0.607421875 0.080078125 0.154296875
0 1 0.291564736328125 0.97972227734375 0.25267332421875 0.95551544140625 0.25242880078125 0.93110877734375 0.2707894921875 0.918074791015625 0.2843638203125 0.909082689453125 0.30692449609375 0.90295615625 0.33906447265625 0.900384048828125 0.3641635546875 0.9331843828125 0.395792779296875 0.956720525390625 0.4018669765625 1 0.36768948046875 1 0.291564736328125
1 0.8876953125 0.3193359375 0.037109375 0.0654296875
1 0.88423394140625 1 0.953452330078125 0.926671005859375 0.984881365234375 0.82592592578125 0.969422744140625 0.77001832421875 0.91851851953125 0.754938271484375 0.91639720703125 0.75539158984375 0.78676576953125 0.820597029296875 0.654116029296875 0.91506799609375 0.658582900390625 1 0.88423394140625 1
1 0.2353515625 0.0556640625 0.1123046875 0.111328125