0 0.142578125 0.6650390625 0.119140625 0.203125
0 0.349609375 0.6650390625 0.109375 0.216796875
1 0.416015625 0.619140625 0.009765625 0.015625
0 0.541015625 0.6396484375 0.166015625 0.2001953125
1 0.501953125 0.521484375 0.005859375 0.0126953125
1 0.474609375 0.505859375 0.0078125 0.0107421875
1 0.4951171875 0.4833984375 0.015625 0.0126953125
1 0.6171875 0.501953125 0.0283203125 0.0546875
0 0.7578125 0.607421875 0.134765625 0.173828125
0 0.9423828125 0.5966796875 0.115234375 0.169921875
1 0.9052734375 0.482421875 0.0126953125 0.013671875
1 0.908203125 0.4462890625 0.0126953125 0.013671875
1 0.7060546875 0.4599609375 0.052734375 0.0595703125
1 0.7509765625 0.47265625 0.009765625 0.0126953125
0 0.951171875 0.31640625 0.0966796875 0.193359375
1 0.8837890625 0.287109375 0.0078125 0.0126953125
0 0.771484375 0.3466796875 0.169921875 0.1640625
0 0.5400390625 0.357421875 0.1376953125 0.208984375
0 0.328125 0.375 0.158203125 0.181640625
0 0.087890625 0.3798828125 0.162109375 0.2109375
0 0.2021484375 0.474609375 0.0283203125 0.021484375