0 0.5107421875 0.3759765625 0.171875 0.205078125
1 0.6201171875 0.404296875 0.01953125 0.025390625
0 0.76953125 0.400390625 0.154296875 0.189453125
0 0.9326171875 0.46484375 0.134765625 0.22265625
0 0.8876953125 0.7978515625 0.158203125 0.240234375
0 0.703125 0.6953125 0.17578125 0.185546875
1 0.7978515625 0.5771484375 0.0234375 0.029296875
1 0.759765625 0.5654296875 0.017578125 0.01953125
1 0.861328125 0.607421875 0.01171875 0.015625
1 0.6806640625 0.5419921875 0.015625 0.017578125
0 0.44140625 0.6767578125 0.18359375 0.2109375
1 0.486328125 0.5751953125 0.01171875 0.01171875
1 0.5927734375 0.5166015625 0.01171875 0.013671875
1 0.146484375 0.71875 0.080078125 0.08984375
1 0.216796875 0.634765625 0.013671875 0.015625
1 0.1826171875 0.642578125 0.01953125 0.013671875
1 0.244140625 0.537109375 0.009765625 0.01171875