0 0.2822265625 0.181640625 0.1796875 0.15234375
1 0.412109375 0.017578125 0.025390625 0.021484375
1 0.4267578125 0.0380859375 0.033203125 0.01953125
1 0.462890625 0.0595703125 0.041015625 0.03515625
1 0.4658203125 0.0947265625 0.029296875 0.041015625
1 0.439453125 0.1123046875 0.017578125 0.015625
1 0.482421875 0.177734375 0.01953125 0.015625
0 0.5986328125 0.140625 0.203125 0.177734375
1 0.3701171875 0.2724609375 0.078125 0.0546875
1 0.46432287109375 0.2562520078125 0.483479048828125 0.246491830078125 0.49386567578125 0.23829964453125 0.520390720703125 0.222988033203125 0.532029888671875 0.21283596875 0.523692580078125 0.186677806640625 0.490112728515625 0.153816751953125 0.470569443359375 0.13857544140625 0.43955125390625 0.146483908203125 0.41535184765625 0.1644400546875 0.384294875 0.198149759765625 0.35098210546875 0.22349790625 0.32939358984375 0.242269927734375 0.35648325390625 0.2454803359375 0.4091355 0.2565135625 0.4337063515625 0.265015830078125 0.46432287109375 0.2562520078125
1 0.50390625 0.2412109375 0.037109375 0.02734375
1 0.4619140625 0.29296875 0.203125 0.1015625
1 0.4765625 0.3291015625 0.0234375 0.01953125
1 0.4423828125 0.35546875 0.072265625 0.068359375
1 0.4775390625 0.3740234375 0.017578125 0.013671875
0 0.322265625 0.4189453125 0.20703125 0.166015625
1 0.4873046875 0.4599609375 0.19921875 0.138671875
1 0.5029296875 0.509765625 0.01953125 0.013671875
1 0.5400390625 0.5146484375 0.029296875 0.02734375
1 0.509765625 0.51953125 0.02734375 0.021484375
1 0.517578125 0.548828125 0.048828125 0.05078125
1 0.5498046875 0.6201171875 0.0234375 0.01953125
0 0.625 0.3681640625 0.1796875 0.166015625
0 0.6650390625 0.6064453125 0.1875 0.169921875
1 0.5283203125 0.7001953125 0.021484375 0.017578125
1 0.5673828125 0.6865234375 0.01953125 0.021484375
1 0.5546875 0.6806640625 0.017578125 0.021484375
1 0.53515625 0.7578125 0.015625 0.015625
1 0.5732421875 0.78515625 0.015625 0.015625
1 0.5546875 0.7978515625 0.013671875 0.013671875
1 0.5849609375 0.8203125 0.017578125 0.015625
0 0.70703125 0.8291015625 0.208984375 0.1875
1 0.841796875 0.84375 0.09375 0.076171875
1 0.572265625 0.9658203125 0.025390625 0.029296875
1 0.6142578125 0.9599609375 0.015625 0.015625
1 0.6064453125 0.97265625 0.017578125 0.013671875
1 0.5869140625 0.9345703125 0.017578125 0.01171875
0 0.4091796875 0.83984375 0.15234375 0.1484375
0 0.337890625 0.662109375 0.1328125 0.12890625