0 0.0703125 0.7578125 0.10546875 0.150390625
1 0.05078125 0.6474609375 0.0625 0.0546875
1 0.041015625 0.595703125 0.02734375 0.03125
1 0.0615234375 0.607421875 0.01953125 0.02734375
1 0.0126953125 0.541015625 0.025390625 0.048828125
1 0.1005859375 0.5908203125 0.076171875 0.06640625
1 0.21875 0.6064453125 0.013671875 0.01953125
1 0.216790529296875 0.5258543359375 0.1825211484375 0.51962465234375 0.181520068359375 0.51888647265625 0.189121126953125 0.569505291015625 0.2051453828125 0.58266796484375 0.262517328125 0.583778220703125 0.267741009765625 0.568747716796875 0.237924193359375 0.54799806640625 0.216790529296875 0.5258543359375
1 0.187525724609375 0.56076449609375 0.153001943359375 0.529820779296875 0.153090515625 0.520653609375 0.129370873046875 0.5559992578125 0.132600068359375 0.58720494921875 0.16682425390625 0.62231747265625 0.20905986328125 0.63464234375 0.21251934375 0.619423189453125 0.187525724609375 0.56076449609375
0 0 0.490870634765625 0.007985748046875 0.5015159921875 0.04721955078125 0.532944876953125 0.079288533203125 0.4764818984375 0.063952734375 0.459760716796875 0.033269638671875 0.448860919921875 0 0.422497064453125 0 0.490870634765625
1 0.089265021484375 0.434068818359375 0.047466572265625 0.391659587890625 0.045666619140625 0.39163748828125 0.030249494140625 0.403245298828125 0.035748193359375 0.445206044921875 0.06854011328125 0.46019123046875 0.089265021484375 0.434068818359375
1 0.133068802734375 0.4312347734375 0.099260216796875 0.43926322265625 0.097515919921875 0.4427612578125 0.085124625 0.460938486328125 0.06806830859375 0.492170376953125 0.058716728515625 0.534696154296875 0.075283798828125 0.562390623046875 0.1164727265625 0.553091169921875 0.149175837890625 0.534310013671875 0.20311050390625 0.51851010546875 0.19733104296875 0.45881386328125 0.1676216484375 0.439296369140625 0.133068802734375 0.4312347734375
1 0.1328125 0.3798828125 0.123046875 0.119140625
1 0.232421875 0.5126953125 0.05078125 0.056640625
1 0.3193359375 0.576171875 0.060546875 0.044921875
1 0.20703125 0.7822265625 0.02734375 0.03515625
0 0.2411736171875 0.780421744140625 0.26922353515625 0.800227955078125 0.30469577734375 0.78210132421875 0.3095872265625 0.7497477109375 0.2988023125 0.685754443359375 0.255587544921875 0.693673546875 0.238477400390625 0.653397341796875 0.205621427734375 0.68201917578125 0.192518587890625 0.717573798828125 0.19616385546875 0.75564225390625 0.2411736171875 0.780421744140625
1 0.35418303125 0.736579783203125 0.3602069453125 0.709328576171875 0.346989732421875 0.655806958984375 0.326061654296875 0.604588615234375 0.29805804296875 0.5970370859375 0.24556337109375 0.655343822265625 0.250785443359375 0.688988005859375 0.264588814453125 0.6934894765625 0.304450228515625 0.69219720703125 0.35418303125 0.736579783203125
1 0.44520966015625 0.801454759765625 0.463963052734375 0.767029400390625 0.454653310546875 0.730368529296875 0.425878263671875 0.724758056640625 0.41546077734375 0.7004939453125 0.4069693515625 0.66057090625 0.42478064453125 0.64020476171875 0.41423647265625 0.621989357421875 0.38039702734375 0.621296142578125 0.36020267578125 0.661660693359375 0.354913244140625 0.74252630078125 0.3828075703125 0.7758916953125 0.44520966015625 0.801454759765625
0 0.510330353515625 0.621185890625 0.470352373046875 0.61540722265625 0.434433146484375 0.63726965625 0.407116251953125 0.667616095703125 0.419342263671875 0.702574609375 0.43867353125 0.731914720703125 0.472140310546875 0.750997466796875 0.524448548828125 0.74330196875 0.527561123046875 0.683815869140625 0.510330353515625 0.621185890625
1 0.5146484375 0.58203125 0.0703125 0.07421875
1 0.5908203125 0.6015625 0.037109375 0.05078125
1 0.5849609375 0.65234375 0.013671875 0.015625
1 0.601145748046875 0.48611506640625 0.53649719921875 0.46175619921875 0.5285132578125 0.483470697265625 0.52708091015625 0.523364771484375 0.537410595703125 0.5505873984375 0.56091784375 0.57918726171875 0.594214236328125 0.58048480859375 0.61586416796875 0.542402208984375 0.601145748046875 0.48611506640625
1 0.418378224609375 0.512075337890625 0.365298986328125 0.515487685546875 0.375661783203125 0.58526456640625 0.391387890625 0.614893541015625 0.4346284609375 0.63294901953125 0.46542136328125 0.612861951171875 0.4916094296875 0.53865633203125 0.48106380078125 0.52698908984375 0.418378224609375 0.512075337890625
0 0.48260781640625 0.46446744921875 0.483180841796875 0.4248749765625 0.481033880859375 0.360157400390625 0.467073626953125 0.355930458984375 0.41194519921875 0.36339057421875 0.41166092578125 0.368480955078125 0.38559426953125 0.42405675390625 0.4184453359375 0.462491486328125 0.4424483203125 0.510044232421875 0.46270367578125 0.4963969765625 0.48260781640625 0.46446744921875
1 0.45703125 0.30078125 0.080078125 0.095703125
1 0.43216695703125 0.33843473046875 0.385763216796875 0.3242307734375 0.38122796875 0.289385255859375 0.3942325546875 0.19625969140625 0.382200833984375 0.158033595703125 0.349646203125 0.119181509765625 0.317143615234375 0.115130064453125 0.29113674609375 0.1168382578125 0.283680615234375 0.186011482421875 0.2162685390625 0.21037167578125 0.20272880078125 0.325395197265625 0.19536625390625 0.341776189453125 0.1903164453125 0.3952503984375 0.1971242265625 0.461467966796875 0.21430687109375 0.467782498046875 0.230604185546875 0.45689959765625 0.258575654296875 0.467926802734375 0.273167630859375 0.529597611328125 0.319852779296875 0.5324528203125 0.36513953515625 0.5701000546875 0.38918843359375 0.56183662890625 0.36614955078125 0.515708283203125 0.385631005859375 0.5122336796875 0.4196034296875 0.498114521484375 0.421251384765625 0.479513021484375 0.41361778515625 0.44794937109375 0.39063101171875 0.41556446484375 0.41029928125 0.395602353515625 0.438468296875 0.36088183203125 0.43216695703125 0.33843473046875
1 0.48828125 0.3837890625 0.01171875 0.01953125
1 0.498046875 0.3857421875 0.01171875 0.015625
1 0.4970703125 0.416015625 0.01171875 0.01953125
1 0.498046875 0.4619140625 0.009765625 0.009765625
1 0.54296875 0.3837890625 0.013671875 0.025390625
1 0.5771484375 0.353515625 0.015625 0.021484375
1 0.5712890625 0.3759765625 0.013671875 0.017578125
1 0.5693359375 0.3916015625 0.01171875 0.017578125
1 0.5634765625 0.416015625 0.01171875 0.013671875
1 0.5751953125 0.4111328125 0.01171875 0.025390625
1 0.6015625 0.4013671875 0.01171875 0.017578125
1 0.630859375 0.3466796875 0.01171875 0.009765625
1 0.6376953125 0.3310546875 0.013671875 0.021484375
1 0.65234375 0.3173828125 0.017578125 0.021484375
1 0.67578125 0.53515625 0.05078125 0.041015625
1 0.7080078125 0.5654296875 0.05859375 0.048828125
0 0.6650390625 0.654296875 0.11328125 0.130859375
1 0.7421875 0.6376953125 0.05859375 0.095703125
1 0.71484375 0.490234375 0.021484375 0.0234375
1 0.7646484375 0.5302734375 0.06640625 0.068359375
1 0.6552734375 0.509765625 0.01171875 0.013671875
0 0.58765430859375 0.380305732421875 0.60823508203125 0.39810355859375 0.588283966796875 0.42921541015625 0.631758822265625 0.466306669921875 0.68856063671875 0.444864482421875 0.690077396484375 0.399322734375 0.670647537109375 0.366461802734375 0.66871430859375 0.329519197265625 0.634884564453125 0.349135740234375 0.612787494140625 0.347707115234375 0.58765430859375 0.380305732421875
1 0.6953125 0.37890625 0.029296875 0.03515625
1 0.671875 0.36328125 0.01171875 0.015625
1 0.6865234375 0.3486328125 0.01171875 0.01953125
1 0.6884765625 0.3095703125 0.01953125 0.029296875
1 0.701171875 0.3310546875 0.01171875 0.013671875
1 0.6875 0.2822265625 0.017578125 0.025390625
1 0.740234375 0.353515625 0.056640625 0.03515625
1 0.7431640625 0.41015625 0.072265625 0.103515625
1 0.7783203125 0.4013671875 0.029296875 0.083984375
1 0.798828125 0.2412109375 0.037109375 0.037109375
0 0.81225398828125 0.416168306640625 0.852315259765625 0.429419634765625 0.876861357421875 0.42491048828125 0.88886281640625 0.370473564453125 0.868262380859375 0.3097304140625 0.8298478671875 0.3034099296875 0.802309130859375 0.30035556640625 0.779613515625 0.3367071484375 0.793062041015625 0.3746960078125 0.81225398828125 0.416168306640625
1 0.86328125 0.4609375 0.033203125 0.041015625
1 0.815964056640625 0.499366365234375 0.83069848828125 0.531967462890625 0.873375837890625 0.55289461328125 0.883966349609375 0.540569705078125 0.881316591796875 0.50281571875 0.846755404296875 0.4724058671875 0.83910023828125 0.474658259765625 0.815964056640625 0.499366365234375
1 0.93359375 0.51953125 0.046875 0.060546875
1 0.9580078125 0.490234375 0.01171875 0.017578125
1 0.8154296875 0.6904296875 0.02734375 0.03125
0 0.8758134453125 0.716546470703125 0.92560423046875 0.71997061328125 0.941200373046875 0.67107696484375 0.940383791015625 0.622872736328125 0.912076501953125 0.5617152109375 0.877556330078125 0.565296666015625 0.846875478515625 0.576402865234375 0.811771376953125 0.597772599609375 0.810149244140625 0.655262857421875 0.825924298828125 0.680908697265625 0.8758134453125 0.716546470703125
1 0.9228515625 0.3701171875 0.02734375 0.029296875
1 0.990234375 0.453125 0.01953125 0.05859375
1 0.8974609375 0.314453125 0.021484375 0.02734375
1 0.9267578125 0.3037109375 0.01953125 0.029296875
1 0.9453125 0.3095703125 0.015625 0.01953125
1 0.970703125 0.3095703125 0.025390625 0.029296875
1 0.9599609375 0.3232421875 0.01171875 0.015625
1 0.943359375 0.345703125 0.03125 0.03125
1 0.7626953125 0.3154296875 0.009765625 0.013671875