1 0.5224609375 0.0263671875 0.060546875 0.052734375
1 0.5986328125 0.0478515625 0.126953125 0.095703125
1 0.5576171875 0.091796875 0.017578125 0.017578125
1 0.57241727734375 0.115589001953125 0.54139673046875 0.099273314453125 0.49634630078125 0.0784718359375 0.441519208984375 0.059534228515625 0.435519865234375 0.08658053125 0.454865837890625 0.119481189453125 0.47728967578125 0.129189771484375 0.494970728515625 0.148360537109375 0.518029208984375 0.166142736328125 0.5497311875 0.161843919921875 0.580044390625 0.13246821875 0.57241727734375 0.115589001953125
1 0.416015625 0.08203125 0.015625 0.015625
0 0.454541681640625 0.11645948046875 0.418371697265625 0.103771587890625 0.369687119140625 0.112588869140625 0.359927634765625 0.169135310546875 0.378074451171875 0.20409815234375 0.401949658203125 0.23148155078125 0.4427835234375 0.2424622421875 0.479376267578125 0.243110525390625 0.511069158203125 0.1798220390625 0.5009019140625 0.15612051171875 0.474954619140625 0.131801125 0.454541681640625 0.11645948046875
1 0.35546875 0.080078125 0.015625 0.015625
1 0.4130859375 0.26171875 0.021484375 0.021484375
0 0.7729120703125 0.161268802734375 0.75899013671875 0.127834810546875 0.730685216796875 0.121303650390625 0.70656737890625 0.1365461484375 0.65409545703125 0.13027914453125 0.649556205078125 0.135497380859375 0.64979011328125 0.136175609375 0.6568552421875 0.184326283203125 0.658124349609375 0.228194298828125 0.672103814453125 0.24830999609375 0.715644291015625 0.2526107734375 0.749693099609375 0.240426623046875 0.770423697265625 0.21360206640625 0.7729120703125 0.161268802734375
1 0.595703125 0.2138671875 0.01171875 0.01171875
1 0.5810546875 0.173828125 0.005859375 0.005859375
1 0.58203125 0.1357421875 0.0234375 0.015625
1 0.5751953125 0.2099609375 0.013671875 0.01171875
1 0.5673828125 0.244140625 0.017578125 0.017578125
1 0.556640625 0.2578125 0.015625 0.0078125
1 0.55859375 0.2900390625 0.013671875 0.01171875
1 0.646484375 0.3154296875 0.0234375 0.015625
0 0.604364203125 0.374722966796875 0.61411412890625 0.379944974609375 0.6103878984375 0.39557519140625 0.59385973046875 0.404875984375 0.609447919921875 0.436393279296875 0.624648470703125 0.456604923828125 0.686584388671875 0.45884112109375 0.757028328125 0.4492938359375 0.7749891953125 0.43068748046875 0.75652674609375 0.3642318671875 0.728329884765625 0.335651458984375 0.676652419921875 0.31809212890625 0.649239970703125 0.321426876953125 0.603094162109375 0.322598111328125 0.582006486328125 0.3355136484375 0.566829296875 0.359404857421875 0.567490970703125 0.359410197265625 0.578210599609375 0.37159537890625 0.604364203125 0.374722966796875
1 0.4990234375 0.30859375 0.041015625 0.0390625
0 0.40376202734375 0.454908009765625 0.43451002734375 0.433966904296875 0.44523561328125 0.421408103515625 0.452076904296875 0.405906708984375 0.44720569140625 0.386135443359375 0.44164909765625 0.3660005234375 0.42984531640625 0.3476603828125 0.4105961015625 0.32851444921875 0.35383498828125 0.31575651171875 0.32731995703125 0.323167421875 0.311540369140625 0.3325284140625 0.3111357890625 0.363512767578125 0.313569146484375 0.399740404296875 0.334273630859375 0.42130983203125 0.373505521484375 0.453204857421875 0.40376202734375 0.454908009765625
1 0.4736328125 0.41015625 0.048828125 0.05859375
1 0.54296875 0.388671875 0.017578125 0.013671875
1 0.5380859375 0.4091796875 0.013671875 0.01171875
1 0.5244140625 0.4765625 0.080078125 0.083984375
1 0.5146484375 0.5400390625 0.025390625 0.025390625
1 0.5087890625 0.5849609375 0.017578125 0.017578125
1 0.53515625 0.609375 0.0234375 0.01953125
1 0.4873046875 0.626953125 0.01171875 0.01171875
0 0.626953125 0.65625 0.15625 0.162109375
0 0.6083984375 0.8369140625 0.158203125 0.171875
1 0.591796875 0.9453125 0.033203125 0.029296875
1 0.5361328125 0.734375 0.056640625 0.056640625
1 0.517578125 0.6826171875 0.015625 0.017578125
1 0.430923287109375 0.759436083984375 0.460925376953125 0.7829866953125 0.49312915234375 0.797082701171875 0.515136462890625 0.797840373046875 0.50918679296875 0.767175083984375 0.502817447265625 0.74951262890625 0.482670787109375 0.728451677734375 0.4609154453125 0.728108765625 0.442997169921875 0.74707625390625 0.42872009375 0.760004541015625 0.430923287109375 0.759436083984375
1 0.4765625 0.802734375 0.017578125 0.01953125
1 0.462890625 0.830078125 0.01953125 0.015625
1 0.4873046875 0.8564453125 0.01171875 0.01171875
1 0.4560546875 0.87109375 0.013671875 0.01171875
1 0.435546875 0.8740234375 0.02734375 0.01953125
1 0.4560546875 0.896484375 0.017578125 0.01171875
1 0.4345703125 0.91796875 0.013671875 0.0078125
1 0.447265625 0.96484375 0.017578125 0.033203125
1 0.51953125 0.98828125 0.03125 0.0234375
1 0.353515625 0.9404296875 0.015625 0.017578125
1 0.345703125 0.7548828125 0.01953125 0.013671875
0 0.261866634765625 0.8469316796875 0.2777548828125 0.858184486328125 0.322084845703125 0.86635098046875 0.35228659375 0.864754353515625 0.386655408203125 0.857723388671875 0.41445666796875 0.82776652734375 0.423093837890625 0.804109091796875 0.419646943359375 0.786011123046875 0.3943305859375 0.762076783203125 0.372674357421875 0.7590580390625 0.341279791015625 0.763847701171875 0.31678147265625 0.752824298828125 0.2903296875 0.740875958984375 0.276432267578125 0.741792103515625 0.257936900390625 0.760368099609375 0.246815484375 0.788880259765625 0.23975576953125 0.80231091796875 0.25000562890625 0.82766633984375 0.261866634765625 0.8469316796875
1 0.3994140625 0.5498046875 0.01953125 0.015625
0 0.33728413671875 0.646993986328125 0.358526736328125 0.65479244921875 0.403429689453125 0.66388439453125 0.421837013671875 0.65866454296875 0.433060609375 0.613876388671875 0.43522887109375 0.5803826953125 0.43345455859375 0.554932078125 0.423176869140625 0.5511218984375 0.39865020703125 0.561684453125 0.3791061796875 0.5578958359375 0.353485201171875 0.550371146484375 0.344841380859375 0.57618930078125 0.331698515625 0.596272541015625 0.3229934296875 0.612683306640625 0.32094080078125 0.627344529296875 0.33728413671875 0.646993986328125
0 0.4345703125 0.0205078125 0.130859375 0.041015625