1 0.212890625 0.951171875 0.0185546875 0.009765625
1 0.279296875 0.958984375 0.025390625 0.0185546875
1 0.2861328125 0.9345703125 0.0185546875 0.0107421875
1 0.2373046875 0.90625 0.015625 0.009765625
1 0.26953125 0.8720703125 0.015625 0.0126953125
1 0.3994140625 0.9775390625 0.1171875 0.044921875
0 0.2734375 0.9853515625 0.0751953125 0.029296875
0 0.564453125 0.9833984375 0.0859375 0.033203125
0 0.5712890625 0.8232421875 0.1376953125 0.1435546875
1 0.390625 0.8115234375 0.0185546875 0.013671875
1 0.3955078125 0.87890625 0.009765625 0.0078125
1 0.423828125 0.900390625 0.0126953125 0.0107421875
1 0.447265625 0.759765625 0.0263671875 0.015625
1 0.36328125 0.736328125 0.1328125 0.0986328125
1 0.3720703125 0.6708984375 0.015625 0.005859375
1 0.365234375 0.6630859375 0.013671875 0.005859375
1 0.3583984375 0.6552734375 0.025390625 0.009765625
1 0.421875 0.6728515625 0.009765625 0.0078125
1 0.4189453125 0.6962890625 0.0107421875 0.013671875
1 0.255859375 0.869140625 0.009765625 0.005859375
0 0.1942706328125 0.8160867578125 0.179140947265625 0.82976390625 0.160281837890625 0.84674223046875 0.169610419921875 0.88594940625 0.170781892578125 0.886188271484375 0.19753086328125 0.8830415703125 0.22662177734375 0.878841447265625 0.25232184765625 0.868251470703125 0.284410767578125 0.8617109140625 0.301511662109375 0.852450900390625 0.309170443359375 0.817500361328125 0.307918595703125 0.791072138671875 0.303433642578125 0.77976405859375 0.271207080078125 0.77052891015625 0.239006638671875 0.766078619140625 0.2209623359375 0.765385380859375 0.201169865234375 0.784060630859375 0.19477800390625 0.80451117578125 0.1942706328125 0.8160867578125
1 0.1826171875 0.771484375 0.0126953125 0.009765625
1 0.2333984375 0.7607421875 0.0107421875 0.0107421875
1 0.2470703125 0.755859375 0.0126953125 0.013671875
1 0.25390625 0.736328125 0.025390625 0.017578125
1 0.244140625 0.72265625 0.015625 0.009765625
1 0.2001953125 0.75 0.015625 0.0126953125
1 0.169921875 0.771484375 0.009765625 0.005859375
1 0.232421875 0.6953125 0.0126953125 0.009765625
1 0.158203125 0.705078125 0.021484375 0.015625
1 0.1337890625 0.712890625 0.015625 0.0126953125
1 0.2958984375 0.7138671875 0.009765625 0.005859375
1 0.3955078125 0.572265625 0.0126953125 0.0078125
1 0.3955078125 0.564453125 0.0126953125 0.005859375
1 0.4228515625 0.5947265625 0.009765625 0.005859375
1 0.5458984375 0.642578125 0.005859375 0.0078125
0 0.5205078125 0.587890625 0.134765625 0.1044921875
1 0.4208984375 0.5205078125 0.0107421875 0.005859375
1 0.373046875 0.5595703125 0.009765625 0.0048828125
1 0.384765625 0.5302734375 0.009765625 0.005859375
1 0.4248046875 0.5673828125 0.009765625 0.005859375
1 0.419921875 0.4716796875 0.015625 0.0107421875
1 0.4140625 0.490234375 0.0078125 0.0048828125
1 0.390625 0.4501953125 0.0185546875 0.0126953125
1 0.197265625 0.5634765625 0.0126953125 0.0078125
1 0.2255859375 0.5498046875 0.005859375 0.0029296875
1 0.2421875 0.556640625 0.009765625 0.0126953125
1 0.224609375 0.541015625 0.013671875 0.005859375
1 0.25 0.5341796875 0.0126953125 0.009765625
1 0.2412109375 0.5205078125 0.015625 0.009765625
1 0.19140625 0.5126953125 0.017578125 0.0107421875
0 0.302039126953125 0.55903305078125 0.296661 0.551225826171875 0.2699341328125 0.554325056640625 0.24604954296875 0.561062283203125 0.22933947265625 0.55474853515625 0.205508134765625 0.565210412109375 0.17833719140625 0.568721818359375 0.141203703125 0.576388888671875 0.145026564453125 0.5845480078125 0.1757159453125 0.592213572265625 0.162411787109375 0.603236068359375 0.14622114453125 0.62720480078125 0.15190670703125 0.629634904296875 0.1985948359375 0.644307455078125 0.233609423828125 0.66111020703125 0.266156482421875 0.6599671171875 0.29489575390625 0.65291115234375 0.2946928046875 0.641053 0.294500908203125 0.621037236328125 0.299482181640625 0.594745400390625 0.302039126953125 0.55903305078125
1 0.2119140625 0.4931640625 0.0185546875 0.0107421875
1 0.177734375 0.4931640625 0.0185546875 0.0126953125
1 0.2412109375 0.4853515625 0.009765625 0.009765625
1 0.2431640625 0.498046875 0.0126953125 0.0048828125
1 0.181640625 0.4697265625 0.0185546875 0.0126953125
1 0.1962890625 0.470703125 0.0126953125 0.0107421875
1 0.23046875 0.46875 0.0107421875 0.0048828125
1 0.216796875 0.458984375 0.009765625 0.005859375
1 0.2265625 0.4560546875 0.009765625 0.005859375
1 0.21484375 0.4453125 0.0107421875 0.009765625
1 0.232421875 0.447265625 0.017578125 0.013671875
1 0.255859375 0.439453125 0.025390625 0.0126953125
1 0.201171875 0.427734375 0.0126953125 0.005859375
1 0.1787109375 0.431640625 0.0126953125 0.0078125
1 0.154296875 0.412109375 0.021484375 0.013671875
1 0.2890625 0.3564453125 0.0185546875 0.017578125
1 0.255859375 0.3369140625 0.005859375 0.005859375
1 0.18359375 0.318359375 0.009765625 0.005859375
0 0.267037599609375 0.330250681640625 0.251767255859375 0.3356413671875 0.216450255859375 0.33141863671875 0.1764483671875 0.32406729296875 0.16149851953125 0.330944673828125 0.16587295703125 0.35511534765625 0.15809160546875 0.397241662109375 0.1683615859375 0.41638635546875 0.205658837890625 0.416935673828125 0.22610536328125 0.4325787578125 0.243619189453125 0.43375198828125 0.28422087890625 0.42252302734375 0.296528380859375 0.39404372265625 0.29035252734375 0.37035530078125 0.279717841796875 0.35266716015625 0.295135875 0.33605730859375 0.29413017578125 0.32910758984375 0.267037599609375 0.330250681640625
1 0.248046875 0.3193359375 0.0126953125 0.005859375
1 0.2392578125 0.314453125 0.0126953125 0.009765625
1 0.251953125 0.310546875 0.015625 0.0126953125
1 0.33166755078125 0.31494743359375 0.324027857421875 0.307496625 0.3026992109375 0.301769869140625 0.27588493359375 0.30124165234375 0.25214602734375 0.293512037109375 0.23817475390625 0.292177552734375 0.244207939453125 0.2991174765625 0.25961090234375 0.308467158203125 0.26883298828125 0.32214958203125 0.2914185078125 0.330563392578125 0.29269547265625 0.33101851953125 0.32075456640625 0.324697236328125 0.33166755078125 0.31494743359375
1 0.263671875 0.2919921875 0.0185546875 0.0078125
1 0.2490234375 0.28515625 0.009765625 0.0126953125
1 0.24609375 0.2724609375 0.0126953125 0.0126953125
1 0.232421875 0.2646484375 0.009765625 0.005859375
1 0.373046875 0.25390625 0.0341796875 0.03125
1 0.361328125 0.318359375 0.0205078125 0.0126953125
1 0.37109375 0.34765625 0.009765625 0.005859375
1 0.35546875 0.3515625 0.0126953125 0.005859375
1 0.388671875 0.2861328125 0.009765625 0.0078125
1 0.3935546875 0.29296875 0.009765625 0.009765625
1 0.43359375 0.27734375 0.009765625 0.005859375
0 0.537109375 0.39453125 0.1689453125 0.1376953125
1 0.5498046875 0.3173828125 0.0126953125 0.009765625
1 0.638671875 0.3466796875 0.009765625 0.005859375
1 0.4228515625 0.234375 0.0107421875 0.0107421875
1 0.30078125 0.271484375 0.0126953125 0.009765625
1 0.2412109375 0.232421875 0.068359375 0.046875
0 0.20168426953125 0.10079391015625 0.179507861328125 0.11328576953125 0.15588710546875 0.12056930078125 0.151927806640625 0.128839337890625 0.144096017578125 0.14583694921875 0.14012345703125 0.19351851953125 0.140520109375 0.19308268359375 0.17811897265625 0.22894603515625 0.193839216796875 0.2195873125 0.23951340625 0.2134765625 0.280082947265625 0.21143391796875 0.31445915234375 0.19966362890625 0.317068142578125 0.183493380859375 0.311154513671875 0.150149197265625 0.28993537890625 0.119471572265625 0.2810281640625 0.106297923828125 0.26283034375 0.10640914453125 0.23792679296875 0.101039857421875 0.20168426953125 0.10079391015625
1 0.1767578125 0.087890625 0.015625 0.009765625
1 0.244140625 0.0693359375 0.0283203125 0.029296875
1 0.19921875 0.060546875 0.0205078125 0.0126953125
1 0.2080078125 0.017578125 0.0234375 0.0185546875
1 0.244140625 0.0283203125 0.046875 0.056640625
1 0.2763671875 0.02734375 0.015625 0.0185546875
1 0.28125 0.072265625 0.009765625 0.009765625
1 0.25390625 0.1025390625 0.009765625 0.0078125
1 0.361328125 0.005859375 0.02734375 0.01171875
1 0.3369140625 0.03125 0.009765625 0.0078125
1 0.357421875 0.0966796875 0.041015625 0.021484375
1 0.37109375 0.138671875 0.1123046875 0.103515625
1 0.4072265625 0.0341796875 0.009765625 0.009765625
0 0.55859375 0.021484375 0.111328125 0.0419921875
1 0.474609375 0.203125 0.0439453125 0.0361328125
0 0.466848716796875 0.172520615234375 0.49976851953125 0.19434407421875 0.52705319140625 0.22066333984375 0.553204572265625 0.23328812109375 0.58887683203125 0.2307092734375 0.60767144140625 0.20713071484375 0.62206066796875 0.17572428515625 0.642169416015625 0.14188910546875 0.64278669921875 0.12389594140625 0.59502555859375 0.101974826171875 0.56103515625 0.08575846484375 0.534059123046875 0.086646412109375 0.504961177734375 0.11540346484375 0.48196132421875 0.14650426953125 0.466848716796875 0.172520615234375
1 0.3388671875 0.013671875 0.005859375 0.009765625
1 0.896484375 0.9169921875 0.0908203125 0.064453125
1 0.88671875 0.9931640625 0.0361328125 0.013671875
1 0.892578125 0.7744140625 0.0283203125 0.0283203125
1 0.9072265625 0.744140625 0.0576171875 0.0625
1 0.892578125 0.521484375 0.0595703125 0.0419921875
1 0.8837890625 0.369140625 0.056640625 0.0498046875
1 0.8994140625 0.294921875 0.017578125 0.013671875
1 0.876953125 0.28125 0.041015625 0.021484375
1 0.880859375 0.1806640625 0.109375 0.107421875
1 0.966796875 0.224609375 0.0654296875 0.115234375
1 0.958984375 0.052734375 0.0810546875 0.078125
1 0.884765625 0.0810546875 0.0126953125 0.009765625
1 0.904296875 0.064453125 0.013671875 0.015625
1 0.8955078125 0.0439453125 0.0185546875 0.017578125
1 0.255859375 0.9443359375 0.009765625 0.0205078125
1 0.306640625 0.9189453125 0.0126953125 0.0078125