0 0.3720703125 0.9033203125 0.16796875 0.1875
0 0.3818359375 0.646484375 0.2109375 0.1484375
0 0.3896484375 0.4052734375 0.173828125 0.14453125
1 0.4921875 0.423828125 0.01953125 0.017578125
0 0.455078125 0.1884765625 0.1953125 0.158203125
0 0.7353515625 0.1220703125 0.220703125 0.1640625
1 0.7626953125 0.2080078125 0.013671875 0.009765625
1 0.7099609375 0.3330078125 0.013671875 0.01171875
1 0.6513671875 0.4111328125 0.013671875 0.009765625
0 0.668396916015625 0.43765477734375 0.6851501796875 0.444515134765625 0.739575794921875 0.42894677734375 0.76519733203125 0.404652892578125 0.764540265625 0.375428669921875 0.7276910390625 0.348763478515625 0.692478203125 0.334749263671875 0.65355306640625 0.33660728125 0.635411283203125 0.3638620703125 0.622897798828125 0.39444425390625 0.6238504453125 0.394652658203125 0.655540109375 0.40949726953125 0.668396916015625 0.43765477734375
0 0.712890625 0.634765625 0.181640625 0.15234375
1 0.724609375 0.552734375 0.0234375 0.01953125
1 0.7021484375 0.828125 0.029296875 0.01953125
1 0.71875 0.8076171875 0.046875 0.03125
0 0.609734109375 0.82079908203125 0.59092138671875 0.853663119140625 0.5890548203125 0.8674821015625 0.595667240234375 0.919535060546875 0.6131970703125 0.94002105078125 0.644929654296875 0.949133896484375 0.674908171875 0.94867762890625 0.71431294921875 0.9412450625 0.723785515625 0.92002931640625 0.721632794921875 0.886351673828125 0.703084720703125 0.853403935546875 0.6736952109375 0.818032208984375 0.642276779296875 0.802807916015625 0.609734109375 0.82079908203125
1 0.5546875 0.638671875 0.01953125 0.017578125