0 0.0419921875 0.2509765625 0.044921875 0.083984375
1 0.078125 0.2705078125 0.01171875 0.013671875
0 0.2119140625 0.2373046875 0.138671875 0.19921875
0 0.046875 0.4775390625 0.09375 0.138671875
1 0.087890625 0.4990234375 0.009765625 0.009765625
1 0.140625 0.4970703125 0.078125 0.12109375
0 0.2177734375 0.47265625 0.095703125 0.142578125
1 0.2626953125 0.5166015625 0.0078125 0.013671875
1 0.275390625 0.466796875 0.017578125 0.013671875
1 0.2939453125 0.45703125 0.01171875 0.015625
1 0.232421875 0.37890625 0.01953125 0.01953125
1 0.2705078125 0.34765625 0.05078125 0.041015625
1 0.3095703125 0.35546875 0.009765625 0.01953125
1 0.2744140625 0.2509765625 0.0078125 0.0078125
1 0.3251953125 0.265625 0.009765625 0.013671875
1 0.34375 0.2578125 0.01171875 0.013671875
1 0.3876953125 0.2802734375 0.0078125 0.009765625
0 0.4189453125 0.201171875 0.08984375 0.13671875
1 0.5185546875 0.2431640625 0.005859375 0.009765625
0 0.384765625 0.4375 0.0625 0.126953125
1 0.4384765625 0.435546875 0.076171875 0.11328125
1 0.4794921875 0.4462890625 0.01171875 0.015625
1 0.482421875 0.46484375 0.015625 0.021484375
1 0.4443359375 0.517578125 0.009765625 0.01171875
1 0.4033203125 0.515625 0.0078125 0.009765625
1 0.416015625 0.51171875 0.01171875 0.013671875
1 0.4873046875 0.53125 0.005859375 0.0078125
1 0.505859375 0.5380859375 0.01171875 0.013671875
1 0.513671875 0.5390625 0.009765625 0.013671875
1 0.5234375 0.5224609375 0.009765625 0.013671875
1 0.5673828125 0.5673828125 0.009765625 0.009765625
1 0.59765625 0.5400390625 0.005859375 0.0078125
1 0.6181640625 0.5107421875 0.0078125 0.01171875
1 0.63671875 0.5244140625 0.0078125 0.009765625
1 0.6435546875 0.490234375 0.005859375 0.009765625
1 0.583984375 0.3984375 0.009765625 0.01171875
1 0.6484375 0.4091796875 0.01171875 0.015625
1 0.5322265625 0.2861328125 0.01171875 0.013671875
1 0.5498046875 0.279296875 0.02734375 0.025390625
0 0.561244640625 0.232468779296875 0.553791513671875 0.24359280078125 0.56171306640625 0.27511477734375 0.554235482421875 0.291573390625 0.5314114765625 0.311559296875 0.53264551953125 0.32013601953125 0.531847939453125 0.321616193359375 0.55404089453125 0.33221704296875 0.578927689453125 0.34579613671875 0.60759053125 0.34903773828125 0.62741945703125 0.346985609375 0.645282046875 0.319658064453125 0.647097412109375 0.288834109375 0.626162005859375 0.253334388671875 0.5931528359375 0.23499577734375 0.561244640625 0.232468779296875
1 0.6787109375 0.5400390625 0.01171875 0.013671875
1 0.7021484375 0.6201171875 0.013671875 0.017578125
1 0.736328125 0.74609375 0.125 0.1875
0 0.56640625 0.509765625 0.087890625 0.109375
0 0.771484375 0.5439453125 0.12109375 0.1484375
1 0.6787109375 0.4833984375 0.009765625 0.013671875
1 0.853515625 0.5810546875 0.01171875 0.015625
1 0.845703125 0.5263671875 0.017578125 0.0234375
0 0.9189453125 0.5322265625 0.123046875 0.15625
1 0.978515625 0.5361328125 0.04296875 0.087890625
1 0.947265625 0.4111328125 0.015625 0.015625
0 0.9482421875 0.271484375 0.103515625 0.1484375
0 0.787109375 0.3017578125 0.099609375 0.107421875
1 0.5185546875 0.494140625 0.005859375 0.013671875
1 0.447265625 0.359375 0.005859375 0.0078125
1 0.4697265625 0.2880859375 0.0078125 0.0078125
1 0.4638671875 0.2392578125 0.005859375 0.0078125
1 0.2158203125 0.60546875 0.01953125 0.0234375
1 0.87109375 0.40234375 0.005859375 0.0078125
1 0.7021484375 0.4130859375 0.013671875 0.015625
1 0.68359375 0.380859375 0.01171875 0.01171875