0 0.0361328125 0.416015625 0.072265625 0.1279296875
0 0.0390625 0.677734375 0.078125 0.126953125
1 0.099609375 0.638671875 0.015625 0.017578125
1 0.111328125 0.650390625 0.0107421875 0.015625
1 0.1103515625 0.666015625 0.0078125 0.0126953125
1 0.11328125 0.7099609375 0.009765625 0.009765625
1 0.095703125 0.564453125 0.015625 0.021484375
1 0.1044921875 0.5126953125 0.0185546875 0.0185546875
1 0.1171875 0.38671875 0.009765625 0.0126953125
1 0.1318359375 0.412109375 0.0185546875 0.0185546875
1 0.1435546875 0.361328125 0.015625 0.021484375
1 0.1728515625 0.36328125 0.0185546875 0.0185546875
1 0.162109375 0.423828125 0.009765625 0.013671875
1 0.177734375 0.4248046875 0.0078125 0.015625
1 0.2568359375 0.5166015625 0.009765625 0.013671875
1 0.291015625 0.5107421875 0.041015625 0.0439453125
0 0.240234375 0.380859375 0.111328125 0.1220703125
1 0.3046875 0.392578125 0.009765625 0.0107421875
1 0.072265625 0.5703125 0.009765625 0.0107421875
1 0.0859375 0.5302734375 0.009765625 0.0126953125
1 0.245298033203125 0.666015625 0.25366081640625 0.67009238671875 0.261608951171875 0.67009238671875 0.265920810546875 0.669871927734375 0.269712095703125 0.66447069140625 0.27278516796875 0.64415061328125 0.26873682421875 0.608677455078125 0.2640477734375 0.551580412109375 0.2583498671875 0.4997709296875 0.25708137109375 0.46087721875 0.2427248671875 0.432098765625 0.2386080625 0.43106019921875 0.220232927734375 0.4365423828125 0.200370990234375 0.44329909375 0.183830140625 0.46248759765625 0.1676122265625 0.48655891796875 0.15869915625 0.50124524609375 0.16016141796875 0.516481 0.17605768359375 0.54922081640625 0.1974684296875 0.58217937109375 0.214498853515625 0.6091683203125 0.228429078125 0.6270547421875 0.233867341796875 0.64958112890625 0.245298033203125 0.666015625
0 0.26879753515625 0.6780013359375 0.24127294140625 0.65196655859375 0.22326595703125 0.630309951171875 0.20607923046875 0.604101216796875 0.18324626953125 0.59379305859375 0.15376983984375 0.59215167578125 0.135206111328125 0.61483134765625 0.121952763671875 0.64272280078125 0.11722625390625 0.6628758125 0.117435515625 0.6758828671875 0.12017919140625 0.691692158203125 0.132023240234375 0.70622003125 0.15153511328125 0.71876722265625 0.191106564453125 0.741781029296875 0.21393306640625 0.741365947265625 0.25310019921875 0.73913552734375 0.268499142578125 0.72433896875 0.272366638671875 0.708972318359375 0.26879753515625 0.6780013359375
1 0.310546875 0.6796875 0.0283203125 0.0546875
1 0.30859375 0.6455078125 0.005859375 0.0107421875
1 0.3232421875 0.658203125 0.0107421875 0.0126953125
1 0.33984375 0.6611328125 0.0126953125 0.015625
1 0.400390625 0.72265625 0.037109375 0.0517578125
1 0.275390625 0.572265625 0.009765625 0.009765625
1 0.376953125 0.552734375 0.0283203125 0.025390625
1 0.3720703125 0.51953125 0.0126953125 0.0205078125
1 0.3857421875 0.5146484375 0.0126953125 0.0205078125
1 0.369140625 0.404296875 0.009765625 0.0126953125
1 0.38671875 0.408203125 0.009765625 0.009765625
1 0.4052734375 0.365234375 0.009765625 0.0126953125
1 0.34375 0.2802734375 0.015625 0.021484375
0 0.455078125 0.404296875 0.09375 0.1435546875
1 0.53125 0.5087890625 0.0078125 0.0126953125
1 0.486328125 0.533203125 0.0439453125 0.044921875
1 0.49609375 0.603515625 0.0283203125 0.03125
1 0.47310671875 0.545771298828125 0.44951714453125 0.541891353515625 0.42095269140625 0.54158775390625 0.4173341484375 0.552554626953125 0.42313926953125 0.57404338671875 0.43936105859375 0.60401651171875 0.45335187890625 0.61673155078125 0.470455697265625 0.6307125078125 0.48761130078125 0.63455737890625 0.494813861328125 0.62689284375 0.501986005859375 0.60394198046875 0.514153580078125 0.581932607421875 0.5164404453125 0.55792298046875 0.50406243359375 0.55132378515625 0.482535314453125 0.545118064453125 0.47310671875 0.545771298828125
1 0.53515625 0.6982421875 0.015625 0.021484375
1 0.533203125 0.6787109375 0.015625 0.017578125
1 0.5478515625 0.6640625 0.013671875 0.021484375
0 0.541395400390625 0.654995044921875 0.54102548828125 0.6417856953125 0.536210904296875 0.636997142578125 0.528594044921875 0.6321329609375 0.51628755078125 0.6260401328125 0.50592842578125 0.62233555078125 0.484428431640625 0.617214900390625 0.464596322265625 0.609472546875 0.43852423828125 0.60225519140625 0.418734875 0.59475505859375 0.4157936796875 0.604361759765625 0.409345736328125 0.63525555078125 0.4079852890625 0.6745679453125 0.412296794921875 0.69366516796875 0.4241700859375 0.72108783203125 0.43608283203125 0.746887275390625 0.447869810546875 0.7621089375 0.4591085 0.7617001171875 0.470180318359375 0.75580457421875 0.48420073046875 0.7370756171875 0.50663865234375 0.708818875 0.523211443359375 0.68240894140625 0.541395400390625 0.654995044921875
1 0.62890625 0.7119140625 0.021484375 0.0341796875
1 0.6494140625 0.6796875 0.015625 0.0185546875
1 0.685546875 0.5703125 0.044921875 0.0732421875
1 0.548828125 0.4814453125 0.037109375 0.0908203125
1 0.537109375 0.40234375 0.009765625 0.017578125
1 0.60221128125 0.30443431640625 0.596317998046875 0.26619616796875 0.58101851953125 0.23996913671875 0.566877576171875 0.2465353125 0.53512686328125 0.290066189453125 0.51632464453125 0.333208248046875 0.50361463671875 0.3620756171875 0.51012618359375 0.389574591796875 0.542934841796875 0.410400390625 0.556243896484375 0.43970480078125 0.57704219140625 0.47246636328125 0.59085761328125 0.46637641015625 0.6007848671875 0.424152138671875 0.609521935546875 0.3864128203125 0.60941230078125 0.34695396875 0.60221128125 0.30443431640625
1 0.630859375 0.380859375 0.005859375 0.009765625
0 0.624751337890625 0.392933787109375 0.6260116015625 0.4185188203125 0.647841841796875 0.45142355078125 0.67129064453125 0.46643970703125 0.696396439453125 0.446194119140625 0.703767 0.413881654296875 0.696849681640625 0.379976248046875 0.6833010078125 0.36560661328125 0.665430138671875 0.360399787109375 0.65393292578125 0.36289996875 0.638752125 0.38211926171875 0.62521136328125 0.38654544140625 0.624751337890625 0.392933787109375
1 0.7109375 0.396484375 0.0126953125 0.0185546875
1 0.70703125 0.361328125 0.009765625 0.0126953125
1 0.6875 0.306640625 0.0078125 0.0126953125
1 0.6474609375 0.2900390625 0.009765625 0.0126953125
1 0.7744140625 0.3662109375 0.015625 0.0126953125
1 0.830078125 0.509765625 0.0185546875 0.0205078125
1 0.774791576171875 0.445903259765625 0.757187455078125 0.45199471875 0.73958333203125 0.46141975390625 0.739686189453125 0.460247275390625 0.73057499609375 0.4906005859375 0.73766185546875 0.529527451171875 0.75169994140625 0.54949423828125 0.77466159375 0.545077099609375 0.803947166015625 0.525235400390625 0.83357747265625 0.498030296875 0.854548701171875 0.47717887890625 0.84894816015625 0.464002822265625 0.83563910546875 0.459989572265625 0.820043494140625 0.453685619140625 0.79194923828125 0.447800625 0.774791576171875 0.445903259765625
1 0.8447265625 0.3623046875 0.021484375 0.0283203125
1 0.8154296875 0.35546875 0.009765625 0.009765625
1 0.849609375 0.42578125 0.0595703125 0.068359375
1 0.9833984375 0.3330078125 0.0234375 0.03125
1 0.986328125 0.357421875 0.0107421875 0.0107421875
0 0.913270173828125 0.290622287109375 0.89925243359375 0.29871208203125 0.87161819921875 0.32765932421875 0.853738291015625 0.367931978515625 0.849395751953125 0.38926715625 0.867650916015625 0.41066713671875 0.892515958984375 0.431122203125 0.923430265625 0.43737190234375 0.94223135546875 0.428836021484375 0.96598646484375 0.404494296875 0.97244149609375 0.377275630859375 0.96551174609375 0.34050533984375 0.94617603515625 0.31738883984375 0.913270173828125 0.290622287109375
1 0.9345703125 0.482421875 0.0185546875 0.015625
1 0.951171875 0.4912109375 0.009765625 0.009765625
1 0.9287109375 0.6103515625 0.052734375 0.0654296875
1 0.845703125 0.630859375 0.052734375 0.0751953125
0 0.91829426953125 0.635939609375 0.896701388671875 0.6153549375 0.89671834375 0.614642107421875 0.87093890234375 0.64209737890625 0.855091236328125 0.69013430859375 0.843091046875 0.72797459765625 0.845496283203125 0.78531901171875 0.91414953125 0.8010404609375 0.98314864453125 0.784068166015625 0.998928494140625 0.74071813671875 0.998038962890625 0.671079283203125 0.982719138671875 0.65336703125 0.964729591796875 0.646571783203125 0.94411101171875 0.643984193359375 0.91829426953125 0.635939609375
1 0.16796875 0.5615234375 0.005859375 0.009765625
1 0.1259765625 0.53125 0.005859375 0.0078125
1 0.326171875 0.7763671875 0.009765625 0.0126953125
1 0.5615234375 0.01171875 0.03125 0.021484375
1 0.6494140625 0.017578125 0.119140625 0.03515625
1 0.7197265625 0.009765625 0.0185546875 0.0185546875
1 0.7578125 0.63671875 0.015625 0.0185546875
1 0.7880859375 0.658203125 0.015625 0.015625
1 0.7890625 0.572265625 0.005859375 0.005859375
1 0.755859375 0.576171875 0.009765625 0.009765625
1 0.666015625 0.6181640625 0.009765625 0.009765625
0 0.75093677734375 0.64103973828125 0.734842484375 0.621890673828125 0.72051685546875 0.60991030078125 0.69876301953125 0.609541376953125 0.678935185546875 0.602160494140625 0.678753435546875 0.602308787109375 0.674848994140625 0.6092206796875 0.66551830078125 0.638821373046875 0.656068251953125 0.666447240234375 0.65848072265625 0.6930700234375 0.66304253515625 0.73935546875 0.67151692578125 0.77267674609375 0.72084418359375 0.793405189453125 0.759775572265625 0.756065537109375 0.7765625 0.72328920703125 0.77621527734375 0.69675684765625 0.76478226171875 0.6536398046875 0.75093677734375 0.64103973828125
1 0.802734375 0.8388671875 0.013671875 0.013671875
1 0.810546875 0.818359375 0.009765625 0.0126953125