0 0.136723578125 0.295308091796875 0.127782486328125 0.28728284765625 0.10653380859375 0.273783228515625 0.084223470703125 0.264205314453125 0.067514037109375 0.281885931640625 0.04977919921875 0.3110280546875 0.047211029296875 0.333556357421875 0.053948759765625 0.35944097265625 0.065217166015625 0.36562734765625 0.100661896484375 0.390586208984375 0.135460748046875 0.38408823828125 0.142236884765625 0.364365861328125 0.143510654296875 0.325948650390625 0.136723578125 0.295308091796875
1 0.15625 0.3427734375 0.017578125 0.01953125
1 0.09765625 0.4892578125 0.05078125 0.064453125
1 0.091796875 0.59375 0.06640625 0.068359375
0 0 0.6144750390625 0.004401091796875 0.61992652734375 0.030862318359375 0.63168824609375 0.054332796875 0.64189758984375 0.06377626953125 0.6394320078125 0.062758958984375 0.62137369921875 0.06161162890625 0.5951194765625 0.07089622265625 0.5708363515625 0.0849798359375 0.551752650390625 0.0964261953125 0.53132323046875 0.086410673828125 0.521267607421875 0.06467365625 0.5119979921875 0.04826291796875 0.507615771484375 0.03244964453125 0.5075794375 0.009664166015625 0.508178953125 0 0.505387765625 0 0.6144750390625
0 0.2091043828125 0.537616669921875 0.17627565625 0.548749341796875 0.145393525390625 0.599221626953125 0.143297595703125 0.63398226171875 0.15442224609375 0.652399544921875 0.17946901171875 0.677188095703125 0.20637562890625 0.692483873046875 0.241531623046875 0.668843765625 0.257242439453125 0.63182289453125 0.26435803515625 0.601037455078125 0.25931482421875 0.578333775390625 0.23398706640625 0.55679523828125 0.2091043828125 0.537616669921875
1 0.2392578125 0.4814453125 0.029296875 0.0390625
1 0.25390625 0.48046875 0.013671875 0.015625
1 0.18975844140625 0.524873224609375 0.20118811328125 0.532719220703125 0.22483844921875 0.5267223046875 0.2349578046875 0.508165625 0.226806439453125 0.492175794921875 0.21335830859375 0.475609611328125 0.19639994140625 0.493926087890625 0.18975844140625 0.524873224609375
1 0.1279296875 0.4443359375 0.017578125 0.0234375
1 0.1826171875 0.4267578125 0.021484375 0.029296875
1 0.138696861328125 0.50644508984375 0.161817837890625 0.511848216796875 0.1781146953125 0.502651076171875 0.18986444921875 0.489063515625 0.21674380859375 0.47605485546875 0.2288852578125 0.455786890625 0.215501552734375 0.4481569765625 0.197981326171875 0.440825234375 0.17787048828125 0.435552591796875 0.17585361328125 0.422864123046875 0.172002984375 0.40592496875 0.14735730078125 0.392990861328125 0.1377659765625 0.42809192578125 0.134946830078125 0.453463765625 0.12209540234375 0.455689451171875 0.11768746484375 0.46467116796875 0.124774953125 0.491151185546875 0.138696861328125 0.50644508984375
1 0.1953125 0.3564453125 0.083984375 0.123046875
1 0.29296875 0.431640625 0.0546875 0.05859375
0 0.309687455078125 0.33414673046875 0.299910224609375 0.32497690234375 0.28330582421875 0.317186373046875 0.269203724609375 0.311488423828125 0.255916515625 0.3135669375 0.238556828125 0.331669041015625 0.235214701171875 0.35125568359375 0.237218822265625 0.378448884765625 0.249471220703125 0.41061276953125 0.267582662109375 0.424364271484375 0.2834842109375 0.406888919921875 0.298287912109375 0.41460945703125 0.31381698828125 0.410629671875 0.316046478515625 0.398873201171875 0.31820758984375 0.37608828125 0.314732552734375 0.35012624609375 0.309687455078125 0.33414673046875
1 0.349609375 0.4443359375 0.07421875 0.091796875
1 0.3857421875 0.3974609375 0.009765625 0.01171875
1 0.358166564453125 0.483528552734375 0.337832416015625 0.4978100234375 0.340775466796875 0.512528611328125 0.3544577421875 0.530360923828125 0.365207484375 0.549639005859375 0.383675453125 0.55611858203125 0.40793776171875 0.5426624375 0.407706376953125 0.52911819921875 0.400350923828125 0.50615362109375 0.39358292578125 0.482271892578125 0.381033150390625 0.469065873046875 0.358166564453125 0.483528552734375
1 0.32421875 0.5068359375 0.017578125 0.01953125
1 0.32854996875 0.60516981640625 0.364704482421875 0.591148671875 0.38328787109375 0.573924486328125 0.3807268203125 0.555685341796875 0.360116572265625 0.53334612890625 0.35155028125 0.515970541015625 0.339063162109375 0.50704702734375 0.3228392578125 0.518784716796875 0.299631361328125 0.516963287109375 0.283886638671875 0.514706419921875 0.269668541015625 0.5234824921875 0.28044773046875 0.550943837890625 0.285303896484375 0.582586943359375 0.291757140625 0.62938715234375 0.313301341796875 0.629998548828125 0.32854996875 0.60516981640625
1 0.331470958984375 0.7555908046875 0.33799594921875 0.76557873046875 0.356826548828125 0.761495171875 0.37561200390625 0.733656626953125 0.39212213671875 0.70983825 0.393330525390625 0.6915921171875 0.376330451171875 0.672172150390625 0.376659841796875 0.6580607265625 0.38355850390625 0.64535733203125 0.3707462734375 0.630038166015625 0.356666099609375 0.61139094140625 0.339645787109375 0.600659994140625 0.33957109375 0.600914728515625 0.324595826171875 0.60718467578125 0.306993986328125 0.643253197265625 0.3072561171875 0.6758221953125 0.32081898828125 0.701350861328125 0.327453501953125 0.729161771484375 0.331470958984375 0.7555908046875
0 0.430426224609375 0.694087900390625 0.435310703125 0.677573427734375 0.433610583984375 0.656684880859375 0.430152798828125 0.6422778125 0.418411708984375 0.624721990234375 0.41284948828125 0.60528104296875 0.406635958984375 0.590280083984375 0.38733484375 0.596164814453125 0.372981509765625 0.62412680078125 0.373648947265625 0.636860275390625 0.386504943359375 0.65017992578125 0.3918121484375 0.662170376953125 0.397307455078125 0.678452251953125 0.40267059765625 0.6942811953125 0.420815455078125 0.701686669921875 0.430426224609375 0.694087900390625
1 0.470547142578125 0.703908515625 0.4911355859375 0.67189973828125 0.49856644140625 0.63933033203125 0.4940519140625 0.59630375 0.4844399453125 0.579220875 0.46223206640625 0.58997926171875 0.443093291015625 0.590862234375 0.4273654375 0.588466681640625 0.411381583984375 0.581685740234375 0.410975083984375 0.60425455859375 0.416682853515625 0.61988612890625 0.427994501953125 0.640850029296875 0.435026154296875 0.659024646484375 0.43721873828125 0.688773529296875 0.443788421875 0.6973001875 0.470547142578125 0.703908515625
1 0.450189798828125 0.462413244140625 0.427702568359375 0.480273185546875 0.408101115234375 0.508753205078125 0.403453234375 0.5345786328125 0.404017779296875 0.56030953125 0.411621234375 0.589347361328125 0.426312451171875 0.595369880859375 0.444544625 0.59842959375 0.46023513671875 0.59449378515625 0.483447669921875 0.585154619140625 0.499832755859375 0.59524508203125 0.517146888671875 0.602667091796875 0.549603142578125 0.5980891484375 0.575539640625 0.588570548828125 0.571791 0.572455775390625 0.539782548828125 0.56613272265625 0.5186738828125 0.555106833984375 0.524588529296875 0.53167601953125 0.54089780078125 0.504660201171875 0.538354890625 0.491061505859375 0.503784287109375 0.498501935546875 0.48196238671875 0.487862330078125 0.46943191796875 0.458024734375 0.450189798828125 0.462413244140625
0 0.483408853515625 0.415160291015625 0.5014485234375 0.3958820546875 0.50415696484375 0.364222685546875 0.494461296875 0.342077455078125 0.46769566015625 0.3166776875 0.4464208828125 0.33473928515625 0.425325494140625 0.3590334609375 0.4136478515625 0.4010969296875 0.41572387109375 0.43008737890625 0.423516349609375 0.455627369140625 0.433956791015625 0.465303009765625 0.44226319921875 0.46753307421875 0.453475990234375 0.4639557421875 0.470635376953125 0.4338330546875 0.483408853515625 0.415160291015625
0 0.663758583984375 0.378771125 0.6450587265625 0.3602630859375 0.645522056640625 0.360968814453125 0.616485267578125 0.390558060546875 0.585121494140625 0.42986530859375 0.573689267578125 0.444332234375 0.582615244140625 0.463128263671875 0.607140490234375 0.498769609375 0.63799539453125 0.494933056640625 0.672054134765625 0.478478349609375 0.68122164453125 0.441806662109375 0.678416326171875 0.413229556640625 0.663758583984375 0.378771125
1 0.583984375 0.53125 0.009765625 0.01171875
1 0.60546875 0.55859375 0.0078125 0.009765625
1 0.51953125 0.6474609375 0.0078125 0.01171875
0 0.597768552734375 0.771136482421875 0.61888608203125 0.758732736328125 0.6313733046875 0.71650580859375 0.6377036640625 0.673511697265625 0.631084771484375 0.65421981640625 0.61692869140625 0.6223541484375 0.5654569609375 0.6267374609375 0.5460030859375 0.63474115625 0.536646478515625 0.651677626953125 0.533956546875 0.67468855078125 0.53762186328125 0.69036008203125 0.529044880859375 0.7249623125 0.532688337890625 0.753224037109375 0.55392049609375 0.763014564453125 0.597768552734375 0.771136482421875
1 0.614101251953125 0.5259896484375 0.61098575390625 0.543284390625 0.61476933203125 0.582731619140625 0.612378423828125 0.61204098828125 0.634047740234375 0.644492642578125 0.6490484140625 0.658050048828125 0.666905072265625 0.652692349609375 0.694054203125 0.6283978515625 0.724531474609375 0.6067895078125 0.743937966796875 0.5932198359375 0.74086278125 0.577625859375 0.730743939453125 0.560011037109375 0.721459365234375 0.53319321484375 0.714261783203125 0.51110546875 0.703300328125 0.49135337890625 0.692204791015625 0.47042720703125 0.687978619140625 0.469526337890625 0.64812741796875 0.487157341796875 0.633029111328125 0.499542224609375 0.614101251953125 0.5259896484375
1 0.7314453125 0.4921875 0.01171875 0.015625
1 0.701171875 0.427734375 0.009765625 0.01171875
1 0.813990115234375 0.6126825625 0.82190840234375 0.57824040625 0.844600353515625 0.536860494140625 0.851544744140625 0.504451853515625 0.84739807421875 0.49749105078125 0.830541046875 0.50636338671875 0.8126790078125 0.52400972265625 0.80041392578125 0.530039642578125 0.779440373046875 0.513960474609375 0.752877494140625 0.517869388671875 0.7251255625 0.5328799375 0.739446111328125 0.56661536328125 0.737835376953125 0.593195552734375 0.738535912109375 0.620810501953125 0.74251803125 0.641296345703125 0.7559412890625 0.648124744140625 0.788559763671875 0.636975681640625 0.80287758203125 0.63699805859375 0.813990115234375 0.6126825625
0 0.827614111328125 0.5143463203125 0.84568304296875 0.49925653125 0.872246947265625 0.467845462890625 0.865519978515625 0.443649658203125 0.849705056640625 0.417786880859375 0.84006931640625 0.41133498046875 0.82337932421875 0.39026767578125 0.783189294921875 0.391840087890625 0.784057212890625 0.392380787109375 0.776513716796875 0.396651806640625 0.754150236328125 0.44835340234375 0.7585463671875 0.46831498828125 0.761194498046875 0.498479388671875 0.782617486328125 0.521498376953125 0.8049701875 0.5276431015625 0.827614111328125 0.5143463203125
1 0.793431515625 0.656274294921875 0.7953032265625 0.6775398671875 0.790799701171875 0.6962753125 0.7983299765625 0.720568267578125 0.79549596484375 0.7358482109375 0.783291728515625 0.765487919921875 0.781537142578125 0.789314802734375 0.800496333984375 0.786049833984375 0.820853525390625 0.7739895625 0.8387980546875 0.72957583984375 0.8465124921875 0.709399419921875 0.856697333984375 0.66678980078125 0.85960564453125 0.635835083984375 0.8582716015625 0.60798390234375 0.848754279296875 0.61168699609375 0.828311419921875 0.61821523828125 0.798646880859375 0.62893529296875 0.7895233671875 0.638081986328125 0.793431515625 0.656274294921875
1 0.845703125 0.6044921875 0.009765625 0.01171875
0 0.7526861796875 0.79001407421875 0.776859740234375 0.768470466796875 0.789282408203125 0.750849646484375 0.80030433984375 0.719668884765625 0.7972480546875 0.69651626953125 0.79389228125 0.675574015625 0.779773203125 0.66199412109375 0.754659279296875 0.646135126953125 0.753857333984375 0.647269666015625 0.729977875 0.66409412109375 0.707557095703125 0.686232548828125 0.697543072265625 0.703503365234375 0.702086083984375 0.735632505859375 0.704960580078125 0.76031782421875 0.711597970703125 0.779729873046875 0.72829150390625 0.79160325 0.7526861796875 0.79001407421875
0 0.944866630859375 0.7825201484375 0.963428150390625 0.708073953125 0.967776935546875 0.69063193359375 0.94944071484375 0.689032359375 0.9189187109375 0.679221830078125 0.8990902109375 0.69223399609375 0.8720095625 0.712460091796875 0.857155140625 0.735961916015625 0.85843119921875 0.771072478515625 0.87212318359375 0.797316732421875 0.87841669140625 0.79730039453125 0.884950240234375 0.809724591796875 0.898046330078125 0.814299453125 0.92340375390625 0.802300494140625 0.944866630859375 0.7825201484375
1 0.88033068359375 0.600658337890625 0.883696845703125 0.626926228515625 0.9015709921875 0.64690706640625 0.919333642578125 0.651494837890625 0.9335680078125 0.65456921484375 0.95349987109375 0.65611185546875 0.958749015625 0.63641172265625 0.967462224609375 0.5938961640625 0.960945166015625 0.577032748046875 0.94320546484375 0.56619698828125 0.91133905859375 0.576875013671875 0.88033068359375 0.600658337890625
0 1 0.433559966796875 0.993503998046875 0.42999317578125 0.958228740234375 0.42873283984375 0.915396646484375 0.458263484375 0.9042729140625 0.49215121484375 0.9108189609375 0.5303413828125 0.9194584921875 0.557178546875 0.92840408984375 0.566316224609375 0.95930734765625 0.565881380859375 1 0.542687515625 1 0.433559966796875
1 0.751953125 0.4599609375 0.017578125 0.013671875
1 0.0732421875 0.451171875 0.013671875 0.015625
1 0.529296875 0.548828125 0.0078125 0.01171875
1 0.52825459765625 0.49352580859375 0.547693435546875 0.488101611328125 0.560035201171875 0.470629603515625 0.568004998046875 0.447358314453125 0.56841018359375 0.420399271484375 0.56089831640625 0.402094982421875 0.547798271484375 0.39496819921875 0.5206653203125 0.389367455078125 0.498024705078125 0.395414830078125 0.487452529296875 0.405841732421875 0.47582553125 0.42997428515625 0.473972072265625 0.451887853515625 0.476188205078125 0.4795688046875 0.483079943359375 0.490586291015625 0.500051890625 0.49928729296875 0.52825459765625 0.49352580859375