0 0.037109375 0.537109375 0.07421875 0.13671875
1 0.0537109375 0.4345703125 0.0390625 0.04296875
1 0.0283203125 0.3935546875 0.046875 0.021484375
1 0.099609375 0.4013671875 0.005859375 0.005859375
1 0.1201171875 0.3994140625 0.01953125 0.015625
1 0.1416015625 0.39453125 0.025390625 0.02734375
1 0.11328125 0.572265625 0.015625 0.015625
1 0.107421875 0.5361328125 0.021484375 0.015625
1 0.1630859375 0.4140625 0.041015625 0.0546875
1 0.2099609375 0.4306640625 0.005859375 0.009765625
1 0.2216796875 0.4013671875 0.017578125 0.01953125
1 0.2509765625 0.3974609375 0.03125 0.033203125
1 0.2470703125 0.447265625 0.025390625 0.048828125
1 0.2705078125 0.40234375 0.009765625 0.013671875
1 0.2939453125 0.3984375 0.02734375 0.029296875
1 0.33984375 0.4306640625 0.0234375 0.017578125
0 0.1953125 0.552734375 0.115234375 0.119140625
1 0.1640625 0.474609375 0.083984375 0.068359375
1 0.1259765625 0.50390625 0.01171875 0.013671875
0 0.0419921875 0.2958984375 0.068359375 0.1328125
1 0.125 0.302734375 0.0390625 0.078125
0 0.2099609375 0.2666015625 0.142578125 0.173828125
0 0.3837890625 0.2841796875 0.134765625 0.154296875
1 0.6162109375 0.361328125 0.044921875 0.068359375
1 0.4833984375 0.4736328125 0.037109375 0.048828125
1 0.3955078125 0.5673828125 0.015625 0.037109375
1 0.310546875 0.5224609375 0.009765625 0.013671875
1 0.3212890625 0.5009765625 0.009765625 0.01171875
1 0.501953125 0.5546875 0.0234375 0.015625
1 0.62890625 0.5361328125 0.017578125 0.01953125
1 0.642578125 0.5400390625 0.01171875 0.025390625
1 0.6484375 0.5087890625 0.01171875 0.017578125
1 0.5380859375 0.501953125 0.037109375 0.0390625
1 0.5166015625 0.54296875 0.0078125 0.009765625
1 0.4560546875 0.5263671875 0.005859375 0.009765625
1 0.4482421875 0.4892578125 0.029296875 0.0234375
1 0.4580078125 0.4541015625 0.037109375 0.052734375
1 0.5234375 0.3896484375 0.05078125 0.072265625
1 0.38671875 0.431640625 0.064453125 0.087890625
1 0.4248046875 0.43359375 0.04296875 0.09375
1 0.3564453125 0.40234375 0.0234375 0.041015625
1 0.32421875 0.4072265625 0.025390625 0.01171875
1 0.3173828125 0.392578125 0.013671875 0.021484375
1 0.5703125 0.4150390625 0.013671875 0.015625
1 0.6083984375 0.416015625 0.048828125 0.021484375
1 0.7080078125 0.416015625 0.048828125 0.029296875
1 0.671875 0.443359375 0.01171875 0.015625
1 0.685546875 0.4443359375 0.013671875 0.013671875
1 0.64453125 0.4189453125 0.01953125 0.017578125
1 0.666015625 0.419921875 0.009765625 0.013671875
1 0.72265625 0.458984375 0.013671875 0.01953125
1 0.82421875 0.4140625 0.046875 0.04296875
1 0.8740234375 0.3544921875 0.037109375 0.03515625
0 0.76953125 0.306640625 0.115234375 0.171875
1 0.8935546875 0.3330078125 0.009765625 0.009765625
0 0.9453125 0.3125 0.109375 0.1796875
1 0.9716796875 0.56640625 0.01171875 0.015625
1 0.9833984375 0.5517578125 0.03125 0.029296875
1 0.9873046875 0.4501953125 0.025390625 0.037109375
1 0.9375 0.451171875 0.0625 0.09375
1 0.8212890625 0.5712890625 0.013671875 0.0078125
1 0.8427734375 0.5390625 0.041015625 0.048828125
1 0.771484375 0.5791015625 0.017578125 0.01953125
0 0.728515625 0.5341796875 0.09375 0.14453125
1 0.7822265625 0.529296875 0.0234375 0.021484375
0 0.91015625 0.5498046875 0.107421875 0.123046875
1 0.873046875 0.5712890625 0.009765625 0.01171875
1 0.849609375 0.5849609375 0.013671875 0.013671875
1 0.8076171875 0.5703125 0.009765625 0.009765625
1 0.8056640625 0.5322265625 0.009765625 0.009765625
0 0.572265625 0.2783203125 0.103515625 0.15625
1 0.4619140625 0.408203125 0.021484375 0.0234375
1 0.4970703125 0.5126953125 0.005859375 0.013671875
1 0.859375 0.4326171875 0.037109375 0.0390625
1 0.8828125 0.4267578125 0.01171875 0.01953125
1 0.8046875 0.4580078125 0.015625 0.01171875
1 0.7958984375 0.4208984375 0.01953125 0.01953125
1 0.10546875 0.4228515625 0.01171875 0.013671875
0 0.3603515625 0.5478515625 0.08984375 0.142578125
0 0.5595703125 0.5732421875 0.10546875 0.126953125
1 0.0751953125 0.390625 0.01171875 0.013671875
1 0.1201171875 0.4208984375 0.01171875 0.009765625
1 0.5078125 0.4384765625 0.0078125 0.013671875
1 0.693359375 0.3935546875 0.0078125 0.01171875
1 0.65625 0.5390625 0.005859375 0.01171875
1 0.673828125 0.5107421875 0.005859375 0.009765625
1 0.763671875 0.4267578125 0.005859375 0.009765625
1 0.97265625 0.529296875 0.005859375 0.009765625
1 0.98046875 0.5205078125 0.005859375 0.005859375
1 0.865234375 0.3095703125 0.009765625 0.005859375
1 0.71484375 0.275390625 0.009765625 0.01171875