0 0.9658203125 0.390625 0.068359375 0.1484375
0 0.8115234375 0.37890625 0.15234375 0.1640625
1 0.7099609375 0.51171875 0.052734375 0.0703125
1 0.8515625 0.55078125 0.01171875 0.017578125
0 0.80078125 0.6796875 0.150390625 0.17578125
1 0.86328125 0.7275390625 0.01171875 0.01171875
1 0.630859375 0.56640625 0.08984375 0.08984375
1 0.56640625 0.5498046875 0.015625 0.013671875
1 0.5615234375 0.5224609375 0.015625 0.01953125
0 0.6064453125 0.6728515625 0.13671875 0.16015625
1 0.5224609375 0.685546875 0.0078125 0.015625
0 0.6162109375 0.3740234375 0.1484375 0.16796875
1 0.458984375 0.501953125 0.0859375 0.1171875
1 0.40234375 0.498046875 0.078125 0.123046875
0 0.4287109375 0.3466796875 0.11328125 0.154296875
1 0.306640625 0.5205078125 0.08984375 0.078125
0 0.373046875 0.6484375 0.1484375 0.189453125
0 0.189453125 0.6142578125 0.171875 0.1953125
1 0.234375 0.49609375 0.015625 0.01953125
1 0.2626953125 0.4951171875 0.017578125 0.0234375
1 0.169921875 0.4833984375 0.091796875 0.083984375
1 0.1171875 0.4892578125 0.0078125 0.013671875
1 0.09375 0.494140625 0.01171875 0.013671875
1 0.0703125 0.498046875 0.015625 0.01953125
1 0.0673828125 0.482421875 0.013671875 0.017578125
1 0.029296875 0.4658203125 0.01171875 0.01171875
0 0.0205078125 0.5654296875 0.041015625 0.123046875
0 0.0556640625 0.322265625 0.08984375 0.15234375
0 0.22265625 0.3408203125 0.134765625 0.166015625
0 0.94921875 0.650390625 0.083984375 0.115234375