0 0.9892578125 0.6044921875 0.021484375 0.119140625
0 0.8359375 0.634765625 0.193359375 0.23828125
1 0.666015625 0.5107421875 0.05078125 0.0703125
0 0.59375 0.6611328125 0.1796875 0.216796875
0 0.3564453125 0.6708984375 0.177734375 0.208984375
1 0.369140625 0.55078125 0.021484375 0.0234375
0 0.1162109375 0.7255859375 0.201171875 0.22265625
1 0.0908203125 0.5400390625 0.05078125 0.05078125
0 0.0869140625 0.3759765625 0.173828125 0.177734375
1 0.0087890625 0.34375 0.017578125 0.03515625
0 0.296875 0.3486328125 0.13671875 0.18359375
1 0.2490234375 0.427734375 0.0234375 0.03125
1 0.4404296875 0.4072265625 0.1015625 0.076171875
1 0.48828125 0.3388671875 0.05859375 0.1015625
0 0.5654296875 0.3076171875 0.142578125 0.169921875
1 0.5283203125 0.2353515625 0.01171875 0.01953125
0 0.779296875 0.3271484375 0.1484375 0.17578125