0 0.0693359375 0.275390625 0.138671875 0.14453125
0 0.28125 0.2509765625 0.13671875 0.177734375
1 0.1279296875 0.412109375 0.107421875 0.15625
1 0.37890625 0.2880859375 0.009765625 0.013671875
0 0.5126953125 0.25390625 0.1171875 0.177734375
0 0.7529296875 0.228515625 0.14453125 0.185546875
0 0.9501953125 0.2109375 0.068359375 0.111328125
1 0.8291015625 0.345703125 0.015625 0.015625
1 0.857421875 0.3447265625 0.013671875 0.01171875
1 0.8017578125 0.3720703125 0.015625 0.021484375
1 0.767578125 0.3720703125 0.021484375 0.01171875
1 0.7158203125 0.4169921875 0.029296875 0.033203125
1 0.6923828125 0.37109375 0.013671875 0.013671875
1 0.7265625 0.3525390625 0.0078125 0.01171875
1 0.7548828125 0.3525390625 0.0078125 0.0078125
0 0.787109375 0.55859375 0.15234375 0.1796875
0 0.9716796875 0.49609375 0.056640625 0.13671875
1 0.4931640625 0.474609375 0.060546875 0.05859375
0 0.328125 0.548828125 0.146484375 0.177734375
1 0.2529296875 0.51953125 0.017578125 0.017578125
0 0.12890625 0.5634765625 0.10546875 0.099609375
1 0.1328125 0.5009765625 0.01171875 0.015625
1 0.0302734375 0.546875 0.0234375 0.044921875
1 0.029296875 0.427734375 0.021484375 0.021484375
0 0.568359375 0.544921875 0.138671875 0.162109375
1 0.900390625 0.373046875 0.01171875 0.013671875