1 0.9697265625 0.73828125 0.060546875 0.16015625
1 0.99237791015625 0.560237529296875 0.999759134765625 0.530021560546875 0.997152404296875 0.5314517421875 0.95474053515625 0.532039306640625 0.950037841796875 0.55043171484375 0.948251732421875 0.591880671875 0.968185673828125 0.585075578125 0.99237791015625 0.560237529296875
1 1 0.59200298046875 0.98467807421875 0.579453974609375 0.948641427734375 0.586142224609375 0.92274319140625 0.578266109375 0.9056711796875 0.585481466796875 0.90293853515625 0.628745623046875 0.91231998828125 0.679877298828125 0.926025279296875 0.700928767578125 0.961273408203125 0.670395197265625 0.99477134375 0.6388109609375 1 0.600394263671875 1 0.59200298046875
1 0.857421875 0.5859375 0.03125 0.03515625
1 0.84375 0.533203125 0.01171875 0.0234375
0 0.82421875 0.4296875 0.1796875 0.189453125
1 0.6953125 0.5107421875 0.0390625 0.060546875
1 0.7119140625 0.5458984375 0.013671875 0.01953125
0 0.870935748046875 0.706006212890625 0.83451831640625 0.65271174609375 0.811643087890625 0.633749642578125 0.766449501953125 0.65043919921875 0.736418310546875 0.662509083984375 0.7256020390625 0.673729095703125 0.7317616796875 0.716612951171875 0.75508388671875 0.72085629296875 0.7669499140625 0.765286482421875 0.772746884765625 0.819947447265625 0.816137861328125 0.826923357421875 0.86241473046875 0.804163703125 0.8756512421875 0.757341923828125 0.870935748046875 0.706006212890625
1 0.652304375 0.750806126953125 0.6846386640625 0.761532189453125 0.758386568359375 0.74703519921875 0.73761523046875 0.72261823828125 0.728136990234375 0.69521469921875 0.74557376953125 0.662526130859375 0.777574470703125 0.634625669921875 0.7762018515625 0.60123645703125 0.744877552734375 0.6096873515625 0.6962105078125 0.649133009765625 0.662838361328125 0.698285806640625 0.652304375 0.750806126953125
1 0.5419921875 0.482421875 0.052734375 0.037109375
1 0.607421875 0.5244140625 0.060546875 0.06640625
0 0.57659943359375 0.459843703125 0.610223947265625 0.492416736328125 0.610620890625 0.488647658203125 0.637603482421875 0.433609466796875 0.643581826171875 0.368443283203125 0.62744803515625 0.349447916015625 0.582507826171875 0.32754692578125 0.53671915234375 0.3386398203125 0.5221486640625 0.37285194921875 0.51441135546875 0.42808879296875 0.511412607421875 0.463965939453125 0.524323765625 0.468535703125 0.545127103515625 0.461627005859375 0.57659943359375 0.459843703125
0 0.337890625 0.4091796875 0.119140625 0.17578125
1 0.45814568359375 0.466039234375 0.438167376953125 0.46745309375 0.403688265625 0.493945814453125 0.4068990546875 0.51408317578125 0.417335029296875 0.5252015234375 0.423316005859375 0.54006130859375 0.437348166015625 0.550134142578125 0.456377001953125 0.553648548828125 0.49639451953125 0.558713841796875 0.504405896484375 0.535498697265625 0.47402398828125 0.47221118359375 0.45814568359375 0.466039234375
1 0.33984375 0.5888671875 0.03125 0.03515625
1 0.4091796875 0.650390625 0.05859375 0.080078125
1 0.4111328125 0.70703125 0.013671875 0.01953125
1 0.409435666015625 0.512607998046875 0.376765193359375 0.513190318359375 0.342960208984375 0.52537029296875 0.31891945703125 0.56061390234375 0.319507021484375 0.5721694375 0.3394173046875 0.57298953515625 0.353396267578125 0.582777921875 0.36058815625 0.610536890625 0.378103923828125 0.628485203125 0.403291470703125 0.583297705078125 0.41897621484375 0.524238369140625 0.409435666015625 0.512607998046875
1 0.2255859375 0.4931640625 0.06640625 0.10546875
1 0.173828125 0.5380859375 0.01953125 0.029296875
1 0.1513671875 0.53125 0.015625 0.013671875
0 0.087890625 0.427734375 0.138671875 0.1796875
1 0.0107421875 0.2705078125 0.021484375 0.025390625
0 0.55859375 0.7275390625 0.154296875 0.236328125
0 0.31859053125 0.824484421875 0.39397970703125 0.79167257421875 0.406725583984375 0.770539228515625 0.3855250390625 0.6947639921875 0.3641910703125 0.633537248046875 0.35044262109375 0.629442318359375 0.304032833984375 0.648990791015625 0.273533314453125 0.664626013671875 0.262930544921875 0.701721123046875 0.265800822265625 0.747771392578125 0.285014337890625 0.781122509765625 0.320041326171875 0.82314877734375 0.31859053125 0.824484421875
1 0.1962890625 0.6943359375 0.013671875 0.01953125
0 0.1103515625 0.7216796875 0.14453125 0.203125
1 0.0224609375 0.7158203125 0.0390625 0.111328125