1 0.265625 0.6162109375 0.126953125 0.119140625
1 0.291015625 0.5810546875 0.013671875 0.013671875
1 0.333984375 0.5595703125 0.017578125 0.017578125
1 0.423828125 0.5849609375 0.017578125 0.015625
1 0.4150390625 0.61328125 0.021484375 0.01953125
1 0.44921875 0.6298828125 0.015625 0.017578125
0 0.4609375 0.7314453125 0.1640625 0.173828125
1 0.509765625 0.6103515625 0.017578125 0.017578125
1 0.556640625 0.623046875 0.013671875 0.015625
1 0.5673828125 0.662109375 0.017578125 0.021484375
1 0.5791015625 0.6171875 0.015625 0.01953125
1 0.763671875 0.787109375 0.080078125 0.064453125
1 0.5634765625 0.8544921875 0.009765625 0.01171875
1 0.78125 0.818359375 0.009765625 0.013671875
0 0.8916015625 0.826171875 0.1328125 0.201171875
0 0.94140625 0.529296875 0.1171875 0.1953125
0 0.76171875 0.4892578125 0.19140625 0.232421875
0 0.5439453125 0.43359375 0.12109375 0.14453125
0 0.739641080078125 0.818566669921875 0.730281166015625 0.7827452421875 0.713423822265625 0.73252997265625 0.693879072265625 0.716304666015625 0.65600390234375 0.730366306640625 0.63233941015625 0.7805799296875 0.628278849609375 0.803887474609375 0.638351056640625 0.86791764453125 0.66290096484375 0.8943298828125 0.71506194921875 0.86498678125 0.739641080078125 0.818566669921875