0 0.69921875 0.9560546875 0.146484375 0.087890625
1 0.619140625 0.9697265625 0.009765625 0.005859375
1 0.6064453125 0.94921875 0.015625 0.013671875
1 0.7275390625 0.84375 0.0283203125 0.021484375
1 0.705078125 0.724609375 0.03125 0.0283203125
1 0.638671875 0.728515625 0.025390625 0.013671875
1 0.59375 0.734375 0.021484375 0.021484375
0 0.705078125 0.78125 0.140625 0.09375
1 0.6142578125 0.833984375 0.072265625 0.0595703125
1 0.5859375 0.8974609375 0.09375 0.0732421875
0 0.466796875 0.9404296875 0.162109375 0.119140625
0 0.46875 0.7763671875 0.134765625 0.1044921875
1 0.458984375 0.7177734375 0.015625 0.0126953125
1 0.48828125 0.6318359375 0.0234375 0.0234375
1 0.466796875 0.677734375 0.041015625 0.03125
0 0.4560546875 0.56640625 0.1357421875 0.109375
1 0.5546875 0.6240234375 0.021484375 0.021484375
1 0.599609375 0.6357421875 0.015625 0.0078125
1 0.599609375 0.615234375 0.025390625 0.025390625
1 0.603515625 0.4638671875 0.0263671875 0.0185546875
1 0.59375 0.5244140625 0.0966796875 0.1591796875
0 0.7119140625 0.5859375 0.142578125 0.1279296875
1 0.6767578125 0.4677734375 0.0341796875 0.0341796875
1 0.482421875 0.443359375 0.021484375 0.0107421875
1 0.484375 0.4892578125 0.0126953125 0.017578125
1 0.4814453125 0.427734375 0.0546875 0.0283203125
1 0.458984375 0.4150390625 0.0185546875 0.005859375
0 0.470703125 0.365234375 0.134765625 0.099609375
1 0.4541015625 0.2451171875 0.009765625 0.009765625
0 0.4482421875 0.1796875 0.150390625 0.123046875
1 0.609375 0.3876953125 0.021484375 0.025390625
1 0.580078125 0.3662109375 0.0126953125 0.0595703125
1 0.5625 0.330078125 0.009765625 0.0126953125
1 0.6015625 0.3330078125 0.0126953125 0.0078125
1 0.6044921875 0.30859375 0.015625 0.009765625
1 0.603515625 0.283203125 0.068359375 0.0390625
1 0.603515625 0.259765625 0.0078125 0.005859375
1 0.5986328125 0.2236328125 0.015625 0.0126953125
1 0.578125 0.2333984375 0.009765625 0.017578125
1 0.580078125 0.1044921875 0.115234375 0.0625
1 0.564453125 0.1591796875 0.0908203125 0.095703125
1 0.458984375 0.083984375 0.0126953125 0.009765625
0 0.447265625 0.0361328125 0.1220703125 0.072265625
1 0.603515625 0.0419921875 0.013671875 0.0126953125
1 0.603515625 0.0751953125 0.0185546875 0.021484375
1 0.5498046875 0.0361328125 0.013671875 0.0126953125
1 0.666015625 0.044921875 0.068359375 0.0673828125
0 0.712890625 0.173828125 0.15625 0.125
0 0.701171875 0.375 0.15625 0.142578125
1 0.552734375 0.845703125 0.0126953125 0.0107421875
0 0.65228519140625 0 0.64239900390625 0.01250155078125 0.67236069921875 0.012872283203125 0.690684591796875 0.033829623046875 0.700443328125 0.05022321484375 0.739764177734375 0.05567310546875 0.785273369140625 0.02116401953125 0.7682429453125 0 0.65228519140625 0