0 0.3544921875 0.0732421875 0.205078125 0.146484375
0 0.369140625 0.2802734375 0.197265625 0.15625
0 0.349609375 0.498046875 0.224609375 0.169921875
1 0.4013671875 0.4111328125 0.009765625 0.0078125
1 0.515625 0.466796875 0.123046875 0.10546875
1 0.53125 0.408203125 0.033203125 0.04296875
1 0.5625 0.4169921875 0.013671875 0.013671875
0 0.6533203125 0.0673828125 0.1875 0.12890625
1 0.55859375 0.0361328125 0.01171875 0.013671875
1 0.6640625 0.193359375 0.013671875 0.013671875
1 0.689453125 0.2021484375 0.015625 0.009765625
1 0.7314453125 0.2197265625 0.0234375 0.0234375
1 0.5478515625 0.27734375 0.025390625 0.02734375
0 0.6298828125 0.2783203125 0.158203125 0.142578125
0 0.6328125 0.498046875 0.13671875 0.13671875
1 0.5537109375 0.642578125 0.033203125 0.03125
0 0.6298828125 0.728515625 0.1640625 0.1328125
1 0.7578125 0.7626953125 0.05859375 0.03125
1 0.7216796875 0.77734375 0.013671875 0.013671875
1 0.7666015625 0.8115234375 0.013671875 0.013671875
1 0.73046875 0.6630859375 0.009765625 0.009765625
1 0.7177734375 0.6328125 0.013671875 0.009765625
1 0.7021484375 0.8564453125 0.015625 0.015625
1 0.5078125 0.73046875 0.013671875 0.01171875
1 0.5107421875 0.74609375 0.013671875 0.021484375
1 0.52734375 0.865234375 0.01171875 0.009765625
1 0.5341796875 0.93359375 0.017578125 0.025390625
0 0.6650390625 0.953125 0.173828125 0.09375
0 0.3486328125 0.9248046875 0.20703125 0.14453125
0 0.3544921875 0.7216796875 0.212890625 0.150390625
1 0.7490234375 0.5068359375 0.01953125 0.013671875
1 0.708984375 0.197265625 0.013671875 0.0078125