0 0.5372917265625 0.1426165546875 0.5372917265625 0.17032990625 0.552812740234375 0.1973978671875 0.58017758984375 0.20176979296875 0.610249083984375 0.194352892578125 0.633823724609375 0.16825358203125 0.65390504296875 0.149242259765625 0.63605716015625 0.121242947265625 0.608308015625 0.10473971875 0.567381306640625 0.093722873046875 0.5447530859375 0.08883101953125 0.539033865234375 0.116546630859375 0.5372917265625 0.1426165546875
0 0.587890625 0.380859375 0.142578125 0.119140625
0 0.2880859375 0.1611328125 0.1923828125 0.134765625
1 0.349609375 0.0908203125 0.009765625 0.0078125
1 0.3134765625 0.2470703125 0.015625 0.005859375
1 0.3701171875 0.4169921875 0.009765625 0.009765625
0 0.360196337890625 0.313876681640625 0.31368302734375 0.30252979296875 0.27854033984375 0.309797498046875 0.228452330078125 0.340950294921875 0.22092616796875 0.38157597265625 0.24190719140625 0.41987101171875 0.288390359375 0.432557283203125 0.332156333984375 0.433451333984375 0.358000578125 0.42206827734375 0.37386218359375 0.38996039453125 0.38452901953125 0.36058666015625 0.38639323046875 0.333422625 0.360196337890625 0.313876681640625
1 0.2998046875 0.4658203125 0.0283203125 0.017578125
1 0.341796875 0.4775390625 0.0126953125 0.009765625
0 0.306640625 0.57421875 0.2216796875 0.1435546875
0 0.294921875 0.8017578125 0.1748046875 0.134765625
1 0.4404296875 0.857421875 0.0654296875 0.0810546875
1 0.435546875 0.9296875 0.015625 0.0126953125
0 0.3232421875 0.955078125 0.1357421875 0.087890625
0 0.5888671875 0.9638671875 0.1171875 0.072265625
0 0.5986328125 0.8056640625 0.203125 0.162109375
1 0.5439453125 0.7060546875 0.005859375 0.0078125
1 0.486328125 0.751953125 0.0126953125 0.015625
0 0.599609375 0.583984375 0.189453125 0.1376953125
1 0.4599609375 0.2958984375 0.013671875 0.0126953125
1 0.490234375 0.341796875 0.009765625 0.009765625
1 0.9228515625 0.798828125 0.0185546875 0.013671875