1 0.087890625 0.330078125 0.029296875 0.03125
1 0.111328125 0.306640625 0.013671875 0.013671875
1 0.130859375 0.291015625 0.015625 0.01953125
1 0.1416015625 0.3173828125 0.0078125 0.013671875
1 0.0048828125 0.3388671875 0.009765625 0.037109375
0 0 0.308275181640625 0.00332285546875 0.31195960546875 0.012373669921875 0.326701619140625 0.010823341796875 0.3280459921875 0.024327419921875 0.36303625 0.04125125390625 0.37782140625 0.058487439453125 0.343041615234375 0.06944141796875 0.31498968359375 0.09961937109375 0.312137455078125 0.103785234375 0.29500352734375 0.0816996875 0.274743705078125 0.0705521171875 0.230078798828125 0 0.19726489453125 0 0.308275181640625
1 0.1298828125 0.4072265625 0.05859375 0.046875
1 0.1669921875 0.42578125 0.013671875 0.01171875
1 0.076171875 0.4189453125 0.013671875 0.015625
1 0.0569077421875 0.44820216015625 0.0439535078125 0.428476400390625 0.03905351953125 0.452011203125 0.04090020703125 0.4814386328125 0.048864599609375 0.4808280703125 0.055440345703125 0.471386541015625 0.0569077421875 0.44820216015625
1 0.072227078125 0.48010019140625 0.089115365234375 0.482998451171875 0.087917826171875 0.46280444140625 0.07582238671875 0.438732708984375 0.050099708984375 0.415287626953125 0.049622984375 0.416212041015625 0.047597142578125 0.42230484375 0.04829401953125 0.43674671484375 0.05789578125 0.4626061328125 0.072227078125 0.48010019140625
0 0.05078125 0.5458984375 0.1015625 0.142578125
1 0.12109375 0.5380859375 0.0078125 0.01171875
1 0.12890625 0.5791015625 0.025390625 0.025390625
1 0.1513671875 0.556640625 0.015625 0.015625
1 0.150390625 0.5703125 0.005859375 0.01171875
1 0.1572265625 0.5419921875 0.013671875 0.017578125
1 0.1865234375 0.599609375 0.0078125 0.01171875
1 0.1240234375 0.5556640625 0.009765625 0.01171875
1 0.2216796875 0.4091796875 0.04296875 0.03125
1 0.271484375 0.42578125 0.07421875 0.06640625
1 0.29296875 0.525390625 0.02734375 0.03125
1 0.3203125 0.5634765625 0.013671875 0.013671875
1 0.310546875 0.58984375 0.0078125 0.013671875
0 0.224342703125 0.477610744140625 0.18557770703125 0.491588439453125 0.1714764140625 0.516061212890625 0.178103064453125 0.547091322265625 0.17877146484375 0.5461961015625 0.190892083984375 0.585045216796875 0.208479837890625 0.60543662890625 0.2348173828125 0.6198597265625 0.254998908203125 0.62313923828125 0.2771561015625 0.609585224609375 0.28889128515625 0.560891501953125 0.2857543515625 0.5232149921875 0.267939451171875 0.466526318359375 0.24562917578125 0.49139158203125 0.224342703125 0.477610744140625
1 0.3203125 0.400390625 0.025390625 0.025390625
1 0.3720703125 0.4091796875 0.048828125 0.0390625
1 0.451171875 0.4326171875 0.03125 0.041015625
1 0.402173203125 0.43157592578125 0.417787185546875 0.461537421875 0.430221251953125 0.453974060546875 0.439480736328125 0.431383361328125 0.448946171875 0.39561791015625 0.4449103359375 0.37642378515625 0.414997552734375 0.3721768515625 0.3778019140625 0.368759802734375 0.3774987421875 0.379150814453125 0.378251880859375 0.377345685546875 0.39591049609375 0.39759907421875 0.402173203125 0.43157592578125
1 0.51171875 0.4033203125 0.013671875 0.01953125
1 0.525390625 0.4287109375 0.0078125 0.01171875
1 0.4649413515625 0.386787396484375 0.468601853515625 0.416032240234375 0.487184388671875 0.44953094921875 0.519681392578125 0.45622302734375 0.54396026171875 0.43743288671875 0.541862826171875 0.42872659375 0.53493099609375 0.431978310546875 0.518572107421875 0.4296574609375 0.50629664453125 0.416426041015625 0.487495828125 0.39206586328125 0.465233705078125 0.367378513671875 0.4649413515625 0.386787396484375
1 0.4609375 0.5634765625 0.005859375 0.0078125
1 0.4775390625 0.5693359375 0.005859375 0.0078125
0 0.428488595703125 0.606125712890625 0.446880591796875 0.564762978515625 0.46488173046875 0.553844369140625 0.482224064453125 0.5484745703125 0.472799185546875 0.52469448828125 0.44978837109375 0.48276255078125 0.42806604296875 0.464142203125 0.37392438671875 0.464154595703125 0.35617303515625 0.476643171875 0.35577863671875 0.53688785546875 0.377107322265625 0.577238875 0.3985650234375 0.601586578125 0.428488595703125 0.606125712890625
1 0.5205078125 0.564453125 0.013671875 0.015625
1 0.5126953125 0.5126953125 0.005859375 0.01171875
1 0.517578125 0.5341796875 0.0078125 0.013671875
1 0.5185546875 0.5244140625 0.005859375 0.005859375
1 0.5556640625 0.5595703125 0.01171875 0.01171875
1 0.5849609375 0.52734375 0.0078125 0.013671875
1 0.58203125 0.501953125 0.01171875 0.017578125
1 0.560546875 0.3974609375 0.017578125 0.021484375
1 0.59375 0.408203125 0.0546875 0.048828125
1 0.6416015625 0.408203125 0.015625 0.015625
1 0.6767578125 0.501953125 0.015625 0.015625
1 0.666015625 0.6015625 0.017578125 0.021484375
1 0.6943359375 0.578125 0.021484375 0.025390625
1 0.71484375 0.564453125 0.015625 0.013671875
1 0.7666015625 0.623046875 0.0234375 0.0234375
1 0.763671875 0.5673828125 0.021484375 0.025390625
1 0.7802734375 0.57421875 0.01953125 0.021484375
1 0.7421875 0.5224609375 0.01171875 0.017578125
1 0.751953125 0.4970703125 0.015625 0.021484375
1 0.75390625 0.529296875 0.005859375 0.01171875
1 0.65625 0.3955078125 0.015625 0.013671875
1 0.669921875 0.4130859375 0.015625 0.021484375
1 0.7705078125 0.4326171875 0.07421875 0.091796875
1 0.7802734375 0.3857421875 0.021484375 0.01171875
1 0.8642578125 0.419921875 0.052734375 0.048828125
1 0.95703125 0.4306640625 0.0703125 0.091796875
1 0.9501953125 0.5361328125 0.015625 0.021484375
1 0.908203125 0.5712890625 0.013671875 0.01953125
1 0.8759765625 0.544921875 0.009765625 0.009765625
1 0.849609375 0.626953125 0.017578125 0.0234375
0 0.873181419921875 0.54512733203125 0.889221759765625 0.539966115234375 0.8781013125 0.511735494140625 0.853643859375 0.50191473828125 0.847495044921875 0.4963725859375 0.848657599609375 0.454866998046875 0.82775680078125 0.44095125390625 0.80683324609375 0.452690046875 0.7902796796875 0.484535064453125 0.771483328125 0.512675048828125 0.7663086171875 0.550080890625 0.77478579296875 0.56221353515625 0.77336294921875 0.55894995703125 0.7960890234375 0.57065577734375 0.80954598828125 0.602479375 0.8153882109375 0.613855208984375 0.863851474609375 0.5977318671875 0.872657703125 0.564872798828125 0.873181419921875 0.54512733203125
1 0.869140625 0.4990234375 0.013671875 0.015625
1 0.8505859375 0.4951171875 0.013671875 0.013671875
1 0.8193359375 0.318359375 0.046875 0.052734375
1 0.91796875 0.28515625 0.013671875 0.013671875
0 0.9580078125 0.26171875 0.06640625 0.103515625
1 0.95772821875 0.3206321015625 0.935589634765625 0.308560466796875 0.911765376953125 0.290110642578125 0.89278670703125 0.2831975390625 0.8763648984375 0.284729724609375 0.880964607421875 0.312307580078125 0.913244984375 0.352141994140625 0.94019612109375 0.3566980703125 0.965894431640625 0.3393788671875 0.95772821875 0.3206321015625
1 0.744140625 0.275390625 0.013671875 0.021484375
1 0.7275390625 0.2587890625 0.013671875 0.015625
1 0.7119140625 0.259765625 0.013671875 0.015625
1 0.6923828125 0.283203125 0.01171875 0.01953125
1 0.69921875 0.2666015625 0.0078125 0.0078125
1 0.7216796875 0.3212890625 0.013671875 0.0234375
1 0.6669921875 0.2607421875 0.01953125 0.021484375
1 0.6611328125 0.2353515625 0.021484375 0.0234375
1 0.6396484375 0.212890625 0.0078125 0.013671875
1 0.66796875 0.1884765625 0.009765625 0.013671875
1 0.6332854296875 0.291156375 0.61561328515625 0.2882813984375 0.637765119140625 0.342684046875 0.662572537109375 0.35959285546875 0.674143076171875 0.3556588828125 0.68353036328125 0.294214001953125 0.659643720703125 0.268246046875 0.63654268359375 0.232021759765625 0.632205537109375 0.26420142578125 0.6332854296875 0.291156375
1 0.556640625 0.279296875 0.015625 0.02734375
1 0.53515625 0.2705078125 0.015625 0.021484375
1 0.51953125 0.263671875 0.0078125 0.013671875
1 0.53515625 0.3125 0.03125 0.05078125
1 0.4990234375 0.287109375 0.01953125 0.029296875
1 0.478515625 0.3037109375 0.01171875 0.021484375
0 0.61633901171875 0.306672294921875 0.6273630546875 0.275141212890625 0.63004232421875 0.23117476171875 0.619157095703125 0.198383359375 0.57815826171875 0.170859912109375 0.577208111328125 0.17000726171875 0.55233310546875 0.218844822265625 0.5652963671875 0.273383748046875 0.57486823828125 0.307700271484375 0.61633901171875 0.306672294921875
0 0.45601428125 0.342940255859375 0.480858966796875 0.269443931640625 0.4602721171875 0.241822607421875 0.418863583984375 0.209224373046875 0.370112134765625 0.181277216796875 0.35584324609375 0.221578765625 0.358845216796875 0.27829825 0.390178486328125 0.3323045390625 0.414663509765625 0.3479641015625 0.45601428125 0.342940255859375
1 0.404296875 0.166015625 0.017578125 0.021484375
1 0.3251953125 0.1875 0.009765625 0.017578125
1 0.34765625 0.296875 0.013671875 0.013671875
1 0.3525390625 0.287109375 0.0078125 0.009765625
1 0.29296875 0.2919921875 0.013671875 0.017578125
1 0.3046875 0.30859375 0.0078125 0.013671875
1 0.2890625 0.326171875 0.0078125 0.0078125
1 0.265625 0.3544921875 0.03515625 0.029296875
1 0.28125 0.2666015625 0.01953125 0.025390625
0 0.2216796875 0.2548828125 0.11328125 0.162109375
1 0.1591796875 0.2666015625 0.01171875 0.013671875
0 0.817358744140625 0.22315074609375 0.7956624453125 0.165008486328125 0.795057818359375 0.163816287109375 0.750815908203125 0.194812505859375 0.728610208984375 0.2340480625 0.736541220703125 0.244073939453125 0.75574403515625 0.274657744140625 0.750429419921875 0.308616568359375 0.775220166015625 0.315575185546875 0.79044926953125 0.301564810546875 0.83177605078125 0.288869912109375 0.83269953125 0.252888119140625 0.817358744140625 0.22315074609375
1 0.8193359375 0.3896484375 0.0078125 0.009765625
1 0.837890625 0.38671875 0.01171875 0.013671875
1 0.912109375 0.40234375 0.0078125 0.01171875
1 0.9072265625 0.5439453125 0.0078125 0.01171875
1 0.9755859375 0.5 0.015625 0.013671875
1 0.330331853515625 1 0.344216048828125 0.9958419453125 0.426945232421875 0.98545778125 0.455670212890625 0.93805734375 0.460488345703125 0.826034181640625 0.4336631796875 0.770516435546875 0.43564742578125 0.68959663671875 0.413195935546875 0.6213421796875 0.388010333984375 0.614645712890625 0.352740537109375 0.6251051015625 0.344020875 0.6796576015625 0.317958046875 0.736821296875 0.2851747734375 0.763886390625 0.234314638671875 0.825304494140625 0.193814818359375 0.88658407421875 0.200866638671875 0.90192734765625 0.228616728515625 0.969478548828125 0.245210052734375 1 0.330331853515625 1
1 0.1630859375 0.51953125 0.009765625 0.013671875
1 0.134765625 0.466796875 0.005859375 0.005859375
1 0.1455078125 0.4853515625 0.0078125 0.0078125
1 0.0185546875 0.40625 0.0078125 0.0078125
1 0.0419921875 0.404296875 0.013671875 0.013671875
1 0.3173828125 0.416015625 0.005859375 0.0078125
1 0.3359375 0.4169921875 0.005859375 0.005859375
1 0.5439453125 0.5888671875 0.005859375 0.0078125
0 0.658851646484375 0.577529525390625 0.6760773671875 0.5231779609375 0.672944361328125 0.502726078125 0.654987208984375 0.475221291015625 0.63596020703125 0.454176681640625 0.609973443359375 0.441911609375 0.603790466796875 0.44864414453125 0.599216525390625 0.480942818359375 0.587317404296875 0.504760609375 0.588624091796875 0.5176781484375 0.58466638671875 0.545416103515625 0.5874610703125 0.56381028125 0.6075585546875 0.581940810546875 0.63805955078125 0.59037487890625 0.658851646484375 0.577529525390625
1 0.7158203125 0.439453125 0.005859375 0.009765625
1 0.697265625 0.404296875 0.0078125 0.009765625
1 0.625 0.3896484375 0.005859375 0.0078125
1 0.7392578125 0.298828125 0.005859375 0.01171875
1 0.7255859375 0.28125 0.0078125 0.01171875
1 0.845703125 0.2333984375 0.005859375 0.009765625
1 0.48690703515625 0 0.474756677734375 0.0006367734375 0.472580283203125 0.01470707421875 0.525825744140625 0.04146133203125 0.586205248046875 0.045770083984375 0.635600353515625 0.039622314453125 0.688473044921875 0.061475205078125 0.73058905859375 0.100506513671875 0.768511642578125 0.117159591796875 0.81835140625 0.087533341796875 0.83763151953125 0.066438484375 0.8502392890625 0.0349605234375 0.817550537109375 0 0.48690703515625 0
1 0.70703125 0.2412109375 0.005859375 0.005859375
1 0.6728515625 0.21875 0.0078125 0.009765625
1 0.90234375 0.23828125 0.0078125 0.0078125
1 0.814453125 0.4267578125 0.013671875 0.01171875