1 0.2978515625 0.666015625 0.111328125 0.099609375
1 0.314453125 0.6259765625 0.01171875 0.01171875
1 0.3515625 0.595703125 0.015625 0.013671875
1 0.4453125 0.599609375 0.015625 0.013671875
1 0.4423828125 0.6298828125 0.01953125 0.015625
1 0.4794921875 0.6376953125 0.013671875 0.015625
0 0.513671875 0.734375 0.138671875 0.150390625
1 0.5341796875 0.6044921875 0.015625 0.015625
1 0.5830078125 0.607421875 0.01171875 0.013671875
1 0.6025390625 0.642578125 0.013671875 0.01953125
1 0.603515625 0.5966796875 0.013671875 0.017578125
1 0.8212890625 0.7197265625 0.072265625 0.05078125
1 0.6416015625 0.83203125 0.0078125 0.009765625
1 0.8447265625 0.7470703125 0.0078125 0.013671875
0 0.9521484375 0.7294921875 0.095703125 0.185546875
0 0.9462890625 0.4267578125 0.107421875 0.177734375
0 0.7529296875 0.4306640625 0.154296875 0.208984375
0 0.5283203125 0.4248046875 0.099609375 0.12890625
0 0.805161001953125 0.7564943125 0.787982916015625 0.7236965078125 0.760261646484375 0.67856033203125 0.737567927734375 0.667147490234375 0.70382667578125 0.689368791015625 0.692064310546875 0.74361879296875 0.69335087890625 0.76724239453125 0.71756858984375 0.82736572265625 0.74743074609375 0.847578490234375 0.7916540859375 0.80725378125 0.805161001953125 0.7564943125