1 0.4658203125 0.0517578125 0.0546875 0.0390625
0 0.3271484375 0.0927734375 0.23046875 0.177734375
0 0.6328125 0.1025390625 0.169921875 0.16796875
1 0.58203125 0.013671875 0.013671875 0.013671875
1 0.5869140625 0.2353515625 0.013671875 0.013671875
0 0.619140625 0.3125 0.150390625 0.1484375
1 0.5166015625 0.3359375 0.048828125 0.04296875
1 0.5029296875 0.359375 0.013671875 0.0078125
1 0.4951171875 0.423828125 0.029296875 0.0234375
1 0.599609375 0.4228515625 0.037109375 0.01953125
1 0.5810546875 0.443359375 0.01953125 0.013671875
0 0.333984375 0.3330078125 0.11328125 0.095703125
1 0.367438541015625 0.419836947265625 0.3883189296875 0.410398791015625 0.38470114453125 0.38841919921875 0.33912673046875 0.37869931640625 0.3008551328125 0.375693294921875 0.28880858984375 0.33634266796875 0.28276473046875 0.3078950390625 0.258487458984375 0.28767613671875 0.207813708984375 0.302028185546875 0.157680880859375 0.343835025390625 0.156926994140625 0.34499957421875 0.173299484375 0.3703140078125 0.2071377265625 0.399704478515625 0.26743815625 0.422010482421875 0.33570268359375 0.42719326953125 0.367438541015625 0.419836947265625
1 0.3681640625 0.228515625 0.013671875 0.009765625
0 0.32421875 0.564453125 0.181640625 0.15234375
1 0.43359375 0.609375 0.015625 0.013671875
1 0.4287109375 0.6484375 0.0234375 0.02734375
1 0.4892578125 0.6396484375 0.015625 0.013671875
1 0.4814453125 0.6806640625 0.068359375 0.046875
1 0.50390625 0.5341796875 0.01171875 0.009765625
0 0.642578125 0.541015625 0.220703125 0.16796875
1 0.5322265625 0.775390625 0.1015625 0.1171875
1 0.439453125 0.7978515625 0.0234375 0.01953125
0 0.6640625 0.798828125 0.166015625 0.142578125
0 0.3447265625 0.787109375 0.15625 0.126953125
1 0.4345703125 0.9150390625 0.029296875 0.033203125
1 0.470703125 0.8974609375 0.01953125 0.015625
1 0.57421875 0.9482421875 0.02734375 0.021484375
1 0.5654296875 0.98046875 0.0234375 0.021484375
1 0.603515625 0.9521484375 0.0234375 0.021484375
0 0.6826171875 0.9638671875 0.134765625 0.0625
0 0.3623046875 0.978515625 0.083984375 0.04296875