0 0.0224609375 0.3515625 0.044921875 0.099609375
1 0.052734375 0.412109375 0.01953125 0.0234375
1 0.123046875 0.419921875 0.009765625 0.009765625
1 0.1337890625 0.4130859375 0.01171875 0.017578125
0 0.2001953125 0.357421875 0.126953125 0.173828125
1 0.283203125 0.384765625 0.009765625 0.015625
1 0.353515625 0.517578125 0.015625 0.01953125
0 0.4140625 0.353515625 0.126953125 0.19140625
1 0.478515625 0.416015625 0.009765625 0.01171875
1 0.5244140625 0.5048828125 0.1171875 0.185546875
1 0.4697265625 0.5419921875 0.009765625 0.01171875
1 0.6689453125 0.462890625 0.05859375 0.04296875
0 0.6259765625 0.3564453125 0.123046875 0.115234375
1 0.7392578125 0.5126953125 0.009765625 0.009765625
1 0.748046875 0.501953125 0.0078125 0.01171875
1 0.7763671875 0.5205078125 0.01171875 0.01171875
0 0.837890625 0.3701171875 0.107421875 0.12890625
1 0.837890625 0.5439453125 0.017578125 0.015625
1 0.876953125 0.5126953125 0.107421875 0.138671875
1 0.9423828125 0.595703125 0.115234375 0.1328125
0 0.83984375 0.66015625 0.130859375 0.13671875
1 0.8671875 0.75 0.017578125 0.02734375
0 0.6357421875 0.6640625 0.11328125 0.16796875
1 0.6923828125 0.68359375 0.009765625 0.01171875
0 0.400390625 0.658203125 0.103515625 0.16015625
1 0.455078125 0.69921875 0.01171875 0.021484375
1 0.36328125 0.6435546875 0.01171875 0.009765625
1 0.380859375 0.5537109375 0.017578125 0.0234375
1 0.349609375 0.548828125 0.009765625 0.0234375
1 0.314453125 0.5439453125 0.009765625 0.01171875
1 0.236328125 0.552734375 0.009765625 0.017578125
0 0.1767578125 0.66796875 0.12890625 0.146484375
1 0.119140625 0.537109375 0.021484375 0.04296875
1 0.013671875 0.5234375 0.02734375 0.009765625
1 0.046875 0.5400390625 0.009765625 0.01171875
1 0.6198764375 0.4664608046875 0.6404294609375 0.443812994140625 0.654090033203125 0.42308515234375 0.639530888671875 0.416133173828125 0.620256212890625 0.44354926171875 0.60595251171875 0.41670886328125 0.58333333203125 0.405092591796875 0.57698567578125 0.4329065390625 0.578724048828125 0.45809069921875 0.599668150390625 0.472582404296875 0.6198764375 0.4664608046875