0 0.052734375 0.3505859375 0.10546875 0.166015625
1 0.076171875 0.4736328125 0.021484375 0.015625
1 0.0595703125 0.509765625 0.0283203125 0.0439453125
1 0.11328125 0.478515625 0.0078125 0.015625
1 0.123046875 0.4921875 0.0126953125 0.015625
1 0.1279296875 0.509765625 0.0205078125 0.015625
1 0.138671875 0.4951171875 0.009765625 0.0126953125
1 0.171875 0.490234375 0.041015625 0.0498046875
1 0.193359375 0.548828125 0.0126953125 0.025390625
0 0.0634765625 0.697265625 0.126953125 0.1689453125
0 0.28125 0.6923828125 0.126953125 0.162109375
1 0.306640625 0.5078125 0.025390625 0.0205078125
0 0.263671875 0.3837890625 0.115234375 0.138671875
1 0.3916015625 0.4775390625 0.009765625 0.017578125
0 0.48046875 0.400390625 0.130859375 0.1484375
1 0.42578125 0.5556640625 0.037109375 0.0517578125
0 0.513671875 0.7177734375 0.1279296875 0.1748046875
0 0.7216796875 0.689453125 0.123046875 0.1513671875
0 0.939453125 0.703125 0.1201171875 0.1767578125
0 0.9296875 0.40625 0.140625 0.1982421875
0 0.701171875 0.38671875 0.1435546875 0.158203125
1 0.6162109375 0.3046875 0.009765625 0.0107421875
1 0.9677734375 0.509765625 0.0126953125 0.013671875
1 0.197265625 0.240234375 0.009765625 0.0126953125
1 0.8828125 0.2734375 0.0078125 0.013671875
1 0.220703125 0.2919921875 0.005859375 0.0107421875
1 0.68359375 0.5166015625 0.009765625 0.009765625
1 0.8505859375 0.5126953125 0.0078125 0.0107421875