0 0.056640625 0.2861328125 0.087890625 0.1484375
0 0.2236328125 0.3115234375 0.150390625 0.162109375
1 0.29296875 0.46484375 0.05078125 0.0703125
1 0.1455078125 0.470703125 0.01171875 0.015625
0 0.1669921875 0.607421875 0.146484375 0.173828125
1 0.0947265625 0.6396484375 0.01171875 0.01171875
1 0.357421875 0.53515625 0.091796875 0.08984375
1 0.423828125 0.533203125 0.015625 0.013671875
1 0.435546875 0.5078125 0.015625 0.01953125
0 0.357421875 0.64453125 0.134765625 0.158203125
1 0.4365234375 0.67578125 0.009765625 0.015625
0 0.4150390625 0.3515625 0.146484375 0.166015625
1 0.5390625 0.5107421875 0.083984375 0.1171875
1 0.595703125 0.51953125 0.076171875 0.12109375
0 0.6044921875 0.3662109375 0.111328125 0.15234375
1 0.68359375 0.5634765625 0.08984375 0.076171875
0 0.58984375 0.673828125 0.1484375 0.189453125
0 0.7763671875 0.681640625 0.169921875 0.193359375
1 0.7587890625 0.5556640625 0.015625 0.021484375
1 0.732421875 0.548828125 0.01953125 0.021484375
1 0.826171875 0.5576171875 0.091796875 0.083984375
1 0.875 0.576171875 0.0078125 0.013671875
1 0.8974609375 0.5859375 0.01171875 0.013671875
1 0.9189453125 0.5947265625 0.013671875 0.01953125
1 0.92578125 0.580078125 0.013671875 0.017578125
1 0.966796875 0.572265625 0.01171875 0.01171875
0 0.9609375 0.6728515625 0.05859375 0.123046875
0 0.9638671875 0.4267578125 0.072265625 0.150390625
0 0.806640625 0.4072265625 0.1328125 0.1640625
0 0.0341796875 0.544921875 0.068359375 0.11328125