1 0.0771484375 0.40234375 0.076171875 0.107421875
1 0.154296875 0.4072265625 0.029296875 0.025390625
1 0.1611328125 0.337890625 0.056640625 0.05078125
1 0.1630859375 0.37890625 0.017578125 0.0234375
1 0.2294921875 0.2841796875 0.0546875 0.080078125
1 0.1884765625 0.2548828125 0.095703125 0.142578125
1 0.2216796875 0.1708984375 0.0234375 0.02734375
1 0.236328125 0.36328125 0.04296875 0.05078125
0 0.30859375 0.3017578125 0.12109375 0.1796875
1 0.27037741796875 0.45704280078125 0.308375611328125 0.435774876953125 0.297495513671875 0.403135609375 0.252703203125 0.3727925390625 0.22218578515625 0.406865541015625 0.199731875 0.44587497265625 0.19203966015625 0.468233919921875 0.189745615234375 0.48748792578125 0.19224083984375 0.502558486328125 0.192236494140625 0.5020522109375 0.23005333984375 0.47975283984375 0.27037741796875 0.45704280078125
0 0.0693359375 0.51953125 0.138671875 0.15234375
1 0.2119140625 0.5302734375 0.013671875 0.013671875
1 0.3203125 0.59765625 0.029296875 0.033203125
1 0.3076171875 0.568359375 0.01171875 0.01171875
0 0.31043721875 0.5239348984375 0.2920517421875 0.49008788671875 0.267188107421875 0.477469181640625 0.2301896640625 0.48156630078125 0.228204029296875 0.480417025390625 0.215196640625 0.5252594453125 0.204947439453125 0.560711189453125 0.20908091015625 0.592946294921875 0.22219536328125 0.61360471484375 0.27445910546875 0.608164447265625 0.29117383203125 0.593995693359375 0.302606228515625 0.56921885546875 0.3170930859375 0.55398218359375 0.31043721875 0.5239348984375
1 0.2841796875 0.6982421875 0.171875 0.20703125
1 0.3359375 0.525390625 0.025390625 0.02734375
1 0.361328125 0.537109375 0.0234375 0.0234375
0 0.4248046875 0.6025390625 0.1328125 0.1484375
1 0.55859375 0.5439453125 0.021484375 0.021484375
1 0.59375 0.5654296875 0.078125 0.12890625
0 0.6513671875 0.638671875 0.11328125 0.138671875
1 0.5703125 0.4658203125 0.029296875 0.05078125
1 0.541015625 0.3701171875 0.01171875 0.013671875
1 0.548828125 0.3740234375 0.009765625 0.01171875
1 0.5439453125 0.3212890625 0.015625 0.021484375
1 0.39453125 0.2822265625 0.015625 0.017578125
1 0.3525390625 0.337890625 0.009765625 0.013671875
1 0.38671875 0.3505859375 0.0078125 0.009765625
1 0.365234375 0.2998046875 0.009765625 0.01171875
1 0.419921875 0.3544921875 0.009765625 0.01171875
0 0.536848072265625 0.30815503125 0.524875767578125 0.273608685546875 0.507490025390625 0.259495298828125 0.478679123046875 0.25145265625 0.441568701171875 0.272361474609375 0.42866112890625 0.296858990234375 0.426147888671875 0.3529516640625 0.43200659375 0.37611338671875 0.461502251953125 0.4152294296875 0.48351619921875 0.4291789140625 0.520542873046875 0.397941185546875 0.5377463046875 0.36868697265625 0.5435098515625 0.340334544921875 0.536848072265625 0.30815503125
1 0.6162109375 0.412109375 0.013671875 0.017578125
1 0.7021484375 0.3017578125 0.009765625 0.015625
1 0.6875 0.2646484375 0.017578125 0.0234375
0 0.68960353515625 0.3038334453125 0.6546923125 0.301092482421875 0.625258287109375 0.350412546875 0.621895623046875 0.385924310546875 0.644485265625 0.4322962734375 0.681042724609375 0.447699130859375 0.719533810546875 0.453169013671875 0.73447220703125 0.434319662109375 0.750510119140625 0.366212333984375 0.7447348046875 0.3411167734375 0.727415927734375 0.3108339921875 0.68960353515625 0.3038334453125
1 0.763671875 0.458984375 0.0546875 0.060546875
1 0.80078125 0.505859375 0.033203125 0.0546875
1 0.7822265625 0.419921875 0.005859375 0.009765625
1 0.79296875 0.4287109375 0.005859375 0.0078125
1 0.8095703125 0.4345703125 0.0078125 0.009765625
1 0.8154296875 0.4091796875 0.021484375 0.02734375
1 0.77734375 0.59375 0.0234375 0.03125
1 0.8115234375 0.576171875 0.025390625 0.0390625
0 0.8955078125 0.3984375 0.126953125 0.1640625
1 0.7685546875 0.705078125 0.025390625 0.029296875
0 0.8466796875 0.681640625 0.140625 0.138671875
1 0.9521484375 0.6806640625 0.02734375 0.03515625
1 0.962890625 0.580078125 0.009765625 0.009765625
1 0.81513287109375 0.5318964765625 0.81449778515625 0.537899671875 0.8147883046875 0.538161373046875 0.820451416015625 0.56245108984375 0.812366705078125 0.598157482421875 0.808672728515625 0.615700578125 0.8256116875 0.62000910546875 0.8555433359375 0.61352518359375 0.874865521484375 0.594038166015625 0.886447763671875 0.57305525 0.8641256015625 0.539573904296875 0.849317455078125 0.525337337890625 0.821453330078125 0.529449103515625 0.81513287109375 0.5318964765625
1 0.92617511328125 0.57580646484375 0.93348917578125 0.548992896484375 0.94632304296875 0.504792875 0.93593647265625 0.4862906015625 0.905470884765625 0.481185830078125 0.8653809765625 0.477042810546875 0.8656182734375 0.477115162109375 0.857733736328125 0.48128162109375 0.8514836328125 0.4975035078125 0.852550193359375 0.525398609375 0.8601400078125 0.5416821640625 0.87484944140625 0.560384291015625 0.89578009765625 0.5844365390625 0.914657341796875 0.596142978515625 0.92617511328125 0.57580646484375
1 0.9736328125 0.4794921875 0.017578125 0.0234375
1 0.423828125 0.7978515625 0.01171875 0.01171875
1 0.357421875 0.921875 0.0546875 0.0625
1 0.611328125 0.984375 0.02734375 0.03125
0 0.093669189453125 0.18681469140625 0.06790963671875 0.221624912109375 0.072264498046875 0.261309521484375 0.06701605078125 0.283348587890625 0.10782376953125 0.32559238671875 0.13366437109375 0.315352134765625 0.16461476171875 0.264583009765625 0.13991430859375 0.237481107421875 0.140834162109375 0.200914431640625 0.093669189453125 0.18681469140625
1 0.098574001953125 0 0.084510203125 0.0498586328125 0.055723193359375 0.18529087109375 0.02922475390625 0.30995622265625 0.035090623046875 0.306029349609375 0.03610131640625 0.304068697265625 0.06956255859375 0.268050494140625 0.064590734375 0.22316052734375 0.089401298828125 0.1965815546875 0.1385832109375 0.196515533203125 0.196788181640625 0.184008009765625 0.212105791015625 0.146367287109375 0.184710509765625 0.037868306640625 0.158549025390625 0 0.098574001953125 0