0 0.4365234375 0.9130859375 0.166015625 0.173828125
0 0.40625 0.6630859375 0.208984375 0.14453125
0 0.3759765625 0.423828125 0.169921875 0.142578125
1 0.48046875 0.42578125 0.01953125 0.017578125
0 0.40625 0.19921875 0.19140625 0.15625
0 0.6728515625 0.08984375 0.21875 0.16015625
1 0.7138671875 0.1708984375 0.013671875 0.0078125
1 0.6806640625 0.302734375 0.013671875 0.009765625
1 0.634765625 0.388671875 0.013671875 0.0078125
0 0.656570728515625 0.41207926953125 0.674190927734375 0.416234375 0.725511044921875 0.3923436484375 0.747016740234375 0.36434076953125 0.741796087890625 0.335579134765625 0.7012291796875 0.3150067265625 0.66425756640625 0.306673548828125 0.6261023203125 0.314597923828125 0.612447482421875 0.3443551640625 0.604872166015625 0.376518369140625 0.605845685546875 0.376575181640625 0.63946740625 0.386279673828125 0.656570728515625 0.41207926953125
0 0.7314453125 0.599609375 0.1796875 0.1484375
1 0.73046875 0.517578125 0.0234375 0.01953125
1 0.751953125 0.79296875 0.029296875 0.01953125
1 0.7646484375 0.76953125 0.046875 0.03125
0 0.6585671328125 0.79968331640625 0.645127095703125 0.835085701171875 0.6454452734375 0.84902654296875 0.660119162109375 0.899404234375 0.680637884765625 0.91689573828125 0.7134053515625 0.9209323203125 0.74294340625 0.91579199609375 0.7807003359375 0.902286671875 0.78673740625 0.879850291015625 0.77934284375 0.84692403515625 0.755868966796875 0.81728349609375 0.72130793359375 0.786944787109375 0.6878947109375 0.776822857421875 0.6585671328125 0.79968331640625
1 0.5751953125 0.62890625 0.01953125 0.017578125