0 0.376953125 0.072265625 0.2109375 0.14453125
0 0.380859375 0.2734375 0.205078125 0.166015625
0 0.349609375 0.490234375 0.23046875 0.181640625
1 0.40625 0.4052734375 0.009765625 0.009765625
1 0.517578125 0.4677734375 0.126953125 0.109375
1 0.5361328125 0.4091796875 0.03515625 0.044921875
1 0.56640625 0.4208984375 0.013671875 0.015625
0 0.67578125 0.0751953125 0.193359375 0.13671875
1 0.5830078125 0.0400390625 0.01171875 0.013671875
1 0.6796875 0.203125 0.015625 0.013671875
1 0.705078125 0.2119140625 0.015625 0.01171875
1 0.74609375 0.232421875 0.0234375 0.0234375
1 0.5595703125 0.2802734375 0.025390625 0.02734375
0 0.6416015625 0.28515625 0.1640625 0.150390625
0 0.6328125 0.5048828125 0.14453125 0.14453125
1 0.546875 0.6455078125 0.033203125 0.033203125
0 0.6171875 0.7353515625 0.169921875 0.140625
1 0.744140625 0.7763671875 0.05859375 0.033203125
1 0.70703125 0.7890625 0.015625 0.013671875
1 0.75 0.8251953125 0.015625 0.013671875
1 0.7216796875 0.6748046875 0.009765625 0.009765625
1 0.7109375 0.6435546875 0.013671875 0.01171875
1 0.68359375 0.8671875 0.017578125 0.017578125
1 0.4951171875 0.73046875 0.013671875 0.01171875
1 0.498046875 0.74609375 0.015625 0.021484375
1 0.5087890625 0.8662109375 0.01171875 0.01171875
1 0.5107421875 0.935546875 0.017578125 0.02734375
0 0.6416015625 0.9541015625 0.177734375 0.091796875
0 0.326171875 0.9169921875 0.212890625 0.154296875
0 0.3427734375 0.712890625 0.21875 0.162109375
1 0.748046875 0.5205078125 0.01953125 0.015625
1 0.7236328125 0.2080078125 0.013671875 0.009765625