0 0.1845703125 0.416015625 0.138671875 0.1826171875
1 0.33203125 0.482421875 0.033203125 0.044921875
0 0.3984375 0.435546875 0.103515625 0.181640625
0 0.6005859375 0.4130859375 0.1357421875 0.1669921875
0 0.81640625 0.4208984375 0.126953125 0.1455078125
0 0.9697265625 0.435546875 0.060546875 0.12890625
0 0.9814453125 0.6875 0.037109375 0.12109375
0 0.791015625 0.705078125 0.0966796875 0.126953125
0 0.5849609375 0.7099609375 0.1171875 0.150390625
0 0.3671875 0.7099609375 0.0810546875 0.142578125
1 0.4423828125 0.673828125 0.0830078125 0.158203125
1 0.3037109375 0.5859375 0.015625 0.013671875
0 0.181640625 0.708984375 0.0830078125 0.1357421875
1 0.263671875 0.716796875 0.0234375 0.037109375
0 0.0185546875 0.697265625 0.037109375 0.1015625
1 0.029296875 0.5732421875 0.0205078125 0.0283203125
1 0.05078125 0.7041015625 0.0205078125 0.015625
1 0.04296875 0.669921875 0.0078125 0.0107421875
1 0.3583984375 0.0390625 0.046875 0.0703125
1 0.7177734375 0.064453125 0.0205078125 0.0205078125
1 0.876953125 0.087890625 0.052734375 0.0498046875
1 0.84765625 0.205078125 0.015625 0.0263671875