1 0.572265625 0.8935546875 0.037109375 0.021484375
0 0.6298828125 0.818359375 0.173828125 0.14453125
0 0.638671875 0.64453125 0.16015625 0.171875
1 0.5439453125 0.5458984375 0.048828125 0.0703125
1 0.5947265625 0.3193359375 0.060546875 0.0390625
0 0.6171875 0.390625 0.201171875 0.130859375
0 0.6064453125 0.1806640625 0.1796875 0.13671875
1 0.478515625 0.064453125 0.08984375 0.12890625
1 0.5048828125 0.2607421875 0.013671875 0.013671875
1 0.4541015625 0.259765625 0.015625 0.013671875
0 0.3330078125 0.189453125 0.181640625 0.140625
0 0.32421875 0.02734375 0.078125 0.0546875
0 0.322265625 0.40625 0.173828125 0.13671875
1 0.474609375 0.4599609375 0.07421875 0.0546875
1 0.482421875 0.5341796875 0.0078125 0.013671875
1 0.48046875 0.5673828125 0.013671875 0.015625
1 0.4619140625 0.60546875 0.044921875 0.02734375
0 0.3251953125 0.6240234375 0.16796875 0.126953125
1 0.369140625 0.873046875 0.017578125 0.015625
0 0.3359375 0.833984375 0.1640625 0.158203125
1 0.4677734375 0.8779296875 0.013671875 0.009765625
1 0.4619140625 0.8193359375 0.0078125 0.005859375
1 0.48046875 0.775390625 0.01171875 0.01171875
1 0.46875 0.9599609375 0.13671875 0.080078125