0 0.6572265625 0.86328125 0.189453125 0.154296875
1 0.541015625 0.916015625 0.02734375 0.029296875
1 0.5380859375 0.89453125 0.029296875 0.0234375
1 0.5380859375 0.830078125 0.017578125 0.017578125
1 0.5078125 0.7314453125 0.015625 0.01171875
1 0.3134765625 0.8955078125 0.017578125 0.013671875
1 0.34765625 0.8388671875 0.017578125 0.015625
1 0.373046875 0.828125 0.013671875 0.009765625
0 0.39453125 0.8974609375 0.166015625 0.1484375
1 0.296875 0.7705078125 0.01171875 0.0078125
0 0.261675814453125 0.74372908203125 0.27437866796875 0.76489680078125 0.30203867578125 0.769636271484375 0.35060724609375 0.77296214453125 0.378215712890625 0.76574992578125 0.3874830546875 0.736976525390625 0.395033845703125 0.704885833984375 0.392944697265625 0.68965540625 0.388788892578125 0.679381296875 0.34129887890625 0.67084775390625 0.289480734375 0.680619265625 0.2571345625 0.70300471875 0.261675814453125 0.74372908203125
0 0.2880859375 0.5185546875 0.166015625 0.1484375
1 0.22265625 0.5263671875 0.015625 0.015625
0 0.248046875 0.3046875 0.21875 0.18359375
0 0.2119140625 0.1201171875 0.263671875 0.181640625
0 0.46875 0.07421875 0.19140625 0.1484375
0 0.537109375 0.248046875 0.169921875 0.169921875
1 0.423828125 0.2265625 0.021484375 0.015625
0 0.5498046875 0.453125 0.19140625 0.15625
0 0.609375 0.658203125 0.166015625 0.1328125
1 0.5517578125 0.955078125 0.013671875 0.01171875