0 0.7421875 0.8505859375 0.234375 0.21875
1 0.6865234375 0.72265625 0.015625 0.01171875
0 0.7158203125 0.5966796875 0.16796875 0.11328125
1 0.7822265625 0.6689453125 0.087890625 0.064453125
1 0.8115234375 0.6025390625 0.03515625 0.0234375
1 0.7373046875 0.50390625 0.029296875 0.015625
1 0.71875 0.470703125 0.013671875 0.009765625
1 0.70703125 0.4453125 0.01171875 0.009765625
0 0.6953125 0.3544921875 0.19140625 0.150390625
1 0.7958984375 0.2509765625 0.037109375 0.033203125
0 0.701171875 0.1005859375 0.212890625 0.19140625
1 0.548828125 0.212890625 0.015625 0.015625
1 0.544921875 0.1494140625 0.04296875 0.037109375
0 0.37890625 0.126953125 0.201171875 0.1796875
0 0.3837890625 0.37109375 0.228515625 0.19140625
1 0.5263671875 0.310546875 0.015625 0.01171875
1 0.3466796875 0.6845703125 0.048828125 0.03515625
1 0.453125 0.533203125 0.01953125 0.017578125
0 0.373046875 0.83203125 0.287109375 0.208984375
1 0.529296875 0.7734375 0.03515625 0.021484375
1 0.4677734375 0.7451171875 0.013671875 0.0078125
0 0.396484375 0.9716796875 0.1328125 0.056640625
1 0.564453125 0.9677734375 0.044921875 0.025390625
0 0.369140625 0.603515625 0.220703125 0.140625