0 0.5849609375 0.939453125 0.138671875 0.1201171875
1 0.548828125 0.8701171875 0.037109375 0.021484375
1 0.4794921875 0.8994140625 0.072265625 0.078125
1 0.427734375 0.90234375 0.0625 0.046875
0 0.33984375 0.927734375 0.1279296875 0.130859375
1 0.1787109375 0.880859375 0.228515625 0.103515625
1 0.4375 0.802734375 0.0185546875 0.0126953125
1 0.4580078125 0.7900390625 0.0341796875 0.015625
1 0.498046875 0.767578125 0.046875 0.021484375
0 0.528992021484375 0.75757352734375 0.5446928046875 0.77505476953125 0.588396990234375 0.790152736328125 0.612184123046875 0.806707794921875 0.6322751328125 0.810515873046875 0.6364448984375 0.7805705390625 0.653132578125 0.74625780078125 0.67450672265625 0.73313750390625 0.665900228515625 0.71161179296875 0.61540833203125 0.709094173828125 0.565271232421875 0.70998160546875 0.531134603515625 0.730582423828125 0.528992021484375 0.75757352734375
1 0.47831411328125 0.697998046875 0.469538828125 0.716895048828125 0.47442680859375 0.743386244140625 0.48930431640625 0.75260158203125 0.530476673828125 0.709039919921875 0.530476673828125 0.681014126953125 0.502964134765625 0.664155505859375 0.47524663671875 0.66021825390625 0.443972525390625 0.68371646484375 0.446278728515625 0.694598162109375 0.47831411328125 0.697998046875
1 0.399674134765625 0.692077958984375 0.36392540234375 0.7134912890625 0.366233328125 0.723030857421875 0.38477940234375 0.717551255859375 0.4114893359375 0.723392546875 0.41908998828125 0.7329476171875 0.4072300078125 0.75093393359375 0.41744516015625 0.757432724609375 0.47281987109375 0.763536240234375 0.479879712890625 0.757759537109375 0.46745825 0.73644696484375 0.484629904296875 0.706440919921875 0.470725515625 0.68686316796875 0.47028459765625 0.661006220703125 0.450500166015625 0.654405380859375 0.399674134765625 0.692077958984375
0 0.3004092265625 0.72935138671875 0.30063657421875 0.775140025390625 0.32644400390625 0.8057841953125 0.390471712890625 0.810429326171875 0.42077615234375 0.78266446484375 0.418993537109375 0.78348989453125 0.41639281640625 0.763325685546875 0.418246044921875 0.735303767578125 0.39599867578125 0.711598875 0.369843337890625 0.68460648046875 0.32819044921875 0.696856140625 0.3004092265625 0.72935138671875
1 0.3603515625 0.6806640625 0.009765625 0.005859375
1 0.4228515625 0.7861328125 0.0126953125 0.009765625
1 0.240234375 0.59765625 0.0888671875 0.0498046875
1 0.3193359375 0.4619140625 0.013671875 0.009765625
1 0.455078125 0.568359375 0.0185546875 0.0185546875
0 0.347189498046875 0.60864516015625 0.393854373046875 0.60818271484375 0.428891783203125 0.572678984375 0.4660459375 0.54831530078125 0.46340387890625 0.541005291015625 0.40991340234375 0.526236720703125 0.384250646484375 0.502174013671875 0.36714271875 0.493183439453125 0.2961275078125 0.500021958984375 0.27817563671875 0.523629970703125 0.295264619140625 0.557365296875 0.322768544921875 0.59573929296875 0.347189498046875 0.60864516015625
1 0.5732421875 0.6416015625 0.0107421875 0.009765625
1 0.509765625 0.548828125 0.009765625 0.009765625
1 0.521484375 0.5400390625 0.0419921875 0.046875
0 0.59486159375 0.51742440625 0.551674623046875 0.5231969765625 0.543434123046875 0.56332284375 0.52168933203125 0.592939814453125 0.51728636328125 0.60890932421875 0.517859037109375 0.609002458984375 0.560185185546875 0.63334056640625 0.581699701171875 0.63345630859375 0.61425901953125 0.623970087890625 0.63749397265625 0.60577347265625 0.657042099609375 0.58902542578125 0.66254340234375 0.56625433984375 0.645486111328125 0.533412001953125 0.59486159375 0.51742440625
1 0.4736328125 0.5068359375 0.009765625 0.0048828125
1 0.474609375 0.490234375 0.021484375 0.0185546875
1 0.4736328125 0.54296875 0.0126953125 0.013671875
1 0.4580078125 0.458984375 0.0185546875 0.0185546875
1 0.533203125 0.453125 0.0283203125 0.03125
1 0.39488932421875 0.40907751171875 0.382083091796875 0.43376283984375 0.36666666796875 0.4581018515625 0.38332971484375 0.467832212890625 0.430426552734375 0.44566243359375 0.4360761484375 0.43561107421875 0.44192708203125 0.40546061328125 0.44192708203125 0.390105974609375 0.42212456640625 0.389874494140625 0.411565634765625 0.40948531640625 0.39488932421875 0.40907751171875
0 0.4140287421875 0.32562210546875 0.38166835546875 0.327873625 0.35217134375 0.31832320703125 0.32109133984375 0.331791630859375 0.30535059765625 0.360110134765625 0.30675877734375 0.3842456953125 0.3238618828125 0.39780092578125 0.353467400390625 0.412591326171875 0.384259259765625 0.418287037109375 0.3851224921875 0.41673267578125 0.3885332265625 0.41261664453125 0.41454957421875 0.40484664453125 0.445275125 0.385658998046875 0.44601658984375 0.355340349609375 0.443960986328125 0.325778537109375 0.4140287421875 0.32562210546875
1 0.56262658984375 0.261462552734375 0.542550796875 0.240428783203125 0.495513037109375 0.253552095703125 0.4733334140625 0.23813657421875 0.491711275390625 0.210951064453125 0.489896798828125 0.18288544140625 0.45869100390625 0.16779091796875 0.433266220703125 0.19409933203125 0.40180121484375 0.211972837890625 0.377023453125 0.218487775390625 0.35227583203125 0.245394482421875 0.3802304375 0.28035933984375 0.410286861328125 0.290256076171875 0.41227414453125 0.318446783203125 0.449148421875 0.33251501171875 0.44218790234375 0.38587330078125 0.4368027421875 0.412853853515625 0.433053224609375 0.43183201953125 0.45416586328125 0.45009886328125 0.4876543203125 0.46141975390625 0.5104427890625 0.424816744140625 0.5202887890625 0.38484700390625 0.538077900390625 0.35202516015625 0.57999172265625 0.34049479296875 0.60032270703125 0.331327462890625 0.60349151171875 0.31610785546875 0.58809357421875 0.281949267578125 0.56262658984375 0.261462552734375
1 0.3828125 0.2900390625 0.021484375 0.017578125
0 0.32721354296875 0.145705837890625 0.317791521484375 0.163763201171875 0.34872082421875 0.1999828203125 0.370037615234375 0.21282642578125 0.401287615234375 0.20728081640625 0.432512296875 0.19786783984375 0.437037037109375 0.192592591796875 0.43331766015625 0.1747522421875 0.441610001953125 0.15633137890625 0.44454451171875 0.149118380859375 0.433417728515625 0.13390570703125 0.411616271484375 0.1026403359375 0.38613883984375 0.096791810546875 0.36030454296875 0.120752857421875 0.32721354296875 0.145705837890625
1 0.495207609375 0.21844437109375 0.50882884765625 0.23087474609375 0.54813488671875 0.223887802734375 0.567664931640625 0.20976743359375 0.589993248046875 0.18857602734375 0.570916521484375 0.1723216875 0.547679158203125 0.134046767578125 0.527631896484375 0.114864546875 0.4828691640625 0.10243326953125 0.477039931640625 0.144186740234375 0.492003037109375 0.16972113671875 0.4935173125 0.19110423828125 0.495207609375 0.21844437109375
0 0.567569685546875 0.2442626953125 0.5822832265625 0.264208984375 0.630351802734375 0.290367294921875 0.66494743359375 0.2855920859375 0.68983048828125 0.27075014453125 0.69197530859375 0.27037037109375 0.688194443359375 0.22383716796875 0.697907021484375 0.2080078125 0.678153935546875 0.18839427734375 0.64241536328125 0.16999330859375 0.58400487109375 0.175579607421875 0.559426841796875 0.19537760546875 0.546196228515625 0.22636537890625 0.567569685546875 0.2442626953125
0 0.555548666015625 0.41567201953125 0.603004091796875 0.438626404296875 0.632011615234375 0.453946552734375 0.675522900390625 0.44429201953125 0.68852134375 0.433711298828125 0.708059482421875 0.405694548828125 0.698896673828125 0.364031755859375 0.68531263671875 0.33933480078125 0.63707355078125 0.3269495078125 0.59462666796875 0.32977585546875 0.55408640625 0.34293103125 0.52472408203125 0.363391048828125 0.555548666015625 0.41567201953125
0 0.6435546875 0.044921875 0.162109375 0.08984375
0 0.400390625 0.033203125 0.154296875 0.0654296875
1 0.349609375 0.107421875 0.0185546875 0.0107421875
1 0.4345703125 0.068359375 0.0126953125 0.009765625
1 0.5302734375 0.0673828125 0.0654296875 0.068359375