1 0.8486328125 0.9130859375 0.205078125 0.166015625
1 0.732421875 0.8974609375 0.025390625 0.03515625
1 0.70703125 0.943359375 0.009765625 0.009765625
1 0.7041015625 0.9013671875 0.0078125 0.013671875
1 0.642578125 0.919921875 0.115234375 0.158203125
1 0.435546875 0.9248046875 0.30859375 0.150390625
1 0.25390625 0.93359375 0.064453125 0.080078125
1 0.166015625 0.94921875 0.0703125 0.091796875
1 0.0673828125 0.9384765625 0.123046875 0.123046875
1 0.12109375 0.826171875 0.12109375 0.134765625
1 0.078125 0.7890625 0.150390625 0.203125
0 0.9521484375 0.5986328125 0.095703125 0.154296875
1 0.876953125 0.65234375 0.009765625 0.013671875
1 0.826171875 0.6328125 0.01171875 0.0078125
1 0.8408203125 0.6064453125 0.009765625 0.005859375
1 0.8349609375 0.5986328125 0.005859375 0.009765625
0 0.7724609375 0.6298828125 0.111328125 0.12890625
1 0.841796875 0.7099609375 0.005859375 0.009765625
1 0.7451171875 0.7138671875 0.005859375 0.013671875
1 0.734375 0.7021484375 0.013671875 0.009765625
1 0.7294921875 0.7197265625 0.009765625 0.009765625
1 0.7080078125 0.6923828125 0.00390625 0.009765625
1 0.6982421875 0.693359375 0.00390625 0.013671875
1 0.6826171875 0.7080078125 0.037109375 0.03515625
1 0.6962890625 0.6474609375 0.0078125 0.013671875
1 0.6884765625 0.6435546875 0.009765625 0.013671875
1 0.6796875 0.63671875 0.005859375 0.01171875
1 0.8486328125 0.421875 0.1328125 0.125
1 0.974609375 0.4326171875 0.015625 0.015625
1 0.97265625 0.4169921875 0.017578125 0.013671875
1 0.9501953125 0.466796875 0.015625 0.013671875
1 0.91796875 0.4638671875 0.01953125 0.021484375
1 0.9541015625 0.4169921875 0.015625 0.015625
0 0.9619140625 0.326171875 0.072265625 0.12890625
1 0.962890625 0.2548828125 0.015625 0.01953125
1 0.8896484375 0.30859375 0.005859375 0.009765625
1 0.8671875 0.2802734375 0.009765625 0.01171875
0 0.783203125 0.3173828125 0.126953125 0.142578125
1 0.7197265625 0.236328125 0.009765625 0.009765625
1 0.6484375 0.2060546875 0.013671875 0.015625
1 0.6650390625 0.2236328125 0.0078125 0.013671875
1 0.6572265625 0.322265625 0.01171875 0.009765625
1 0.6484375 0.3486328125 0.005859375 0.013671875
1 0.63671875 0.3271484375 0.013671875 0.015625
1 0.654296875 0.2724609375 0.013671875 0.013671875
1 0.5556640625 0.201171875 0.01171875 0.013671875
1 0.57421875 0.369140625 0.01953125 0.037109375
0 0.5478515625 0.306640625 0.11328125 0.1015625
1 0.4814453125 0.2158203125 0.1171875 0.1484375
1 0.4765625 0.283203125 0.01171875 0.01171875
1 0.4755859375 0.318359375 0.005859375 0.01171875
1 0.4697265625 0.3388671875 0.009765625 0.009765625
1 0.45703125 0.3466796875 0.013671875 0.009765625
1 0.44921875 0.3271484375 0.005859375 0.005859375
1 0.4453125 0.3046875 0.041015625 0.041015625
1 0.384765625 0.2587890625 0.013671875 0.015625
1 0.3857421875 0.22265625 0.009765625 0.009765625
1 0.4091796875 0.2109375 0.013671875 0.015625
0 0.375 0.36328125 0.1015625 0.12890625
1 0.3955078125 0.3017578125 0.0078125 0.01171875
1 0.3310546875 0.318359375 0.013671875 0.013671875
1 0.2783203125 0.271484375 0.05078125 0.10546875
1 0.2734375 0.1611328125 0.072265625 0.140625
1 0.2880859375 0.0966796875 0.009765625 0.01953125
1 0.294921875 0.041015625 0.111328125 0.076171875
1 0.203125 0.2373046875 0.025390625 0.03515625
1 0.2470703125 0.265625 0.005859375 0.005859375
1 0.240234375 0.2490234375 0.005859375 0.0078125
1 0.2216796875 0.27734375 0.005859375 0.009765625
1 0.1953125 0.2578125 0.015625 0.01953125
1 0.1953125 0.28125 0.009765625 0.009765625
1 0.2080078125 0.2939453125 0.009765625 0.009765625
1 0.3134765625 0.2451171875 0.005859375 0.005859375
1 0.1201171875 0.1796875 0.017578125 0.015625
1 0.162109375 0.2431640625 0.005859375 0.009765625
1 0.1669921875 0.2685546875 0.009765625 0.009765625
1 0.2255859375 0.2177734375 0.009765625 0.005859375
1 0.1298828125 0.25 0.021484375 0.021484375
1 0.134765625 0.2275390625 0.013671875 0.013671875
1 0.1494140625 0.23828125 0.009765625 0.009765625
1 0.1083984375 0.2119140625 0.009765625 0.01171875
1 0.111328125 0.2783203125 0.009765625 0.009765625
1 0.1064453125 0.2890625 0.009765625 0.009765625
1 0.1044921875 0.26953125 0.013671875 0.013671875
1 0.1015625 0.2587890625 0.005859375 0.0078125
1 0.123046875 0.2626953125 0.0078125 0.005859375
1 0.0771484375 0.2841796875 0.013671875 0.015625
1 0.0615234375 0.310546875 0.017578125 0.0234375
1 0.109375 0.3212890625 0.005859375 0.0078125
1 0.099609375 0.3173828125 0.005859375 0.005859375
1 0.0693359375 0.345703125 0.009765625 0.013671875
0 0.15234375 0.3525390625 0.103515625 0.12890625
1 0.2177734375 0.3466796875 0.0078125 0.015625
1 0.2490234375 0.3369140625 0.005859375 0.009765625
1 0.1767578125 0.4677734375 0.013671875 0.01953125
1 0.158203125 0.4541015625 0.01171875 0.01171875
1 0.09375 0.447265625 0.0078125 0.009765625
1 0.05859375 0.37890625 0.005859375 0.009765625
1 0.046875 0.373046875 0.005859375 0.009765625
1 0.1064453125 0.4638671875 0.009765625 0.005859375
1 0.138671875 0.5224609375 0.0546875 0.072265625
1 0.080078125 0.521484375 0.0859375 0.095703125
1 0.1943359375 0.46484375 0.005859375 0.01171875
1 0.248046875 0.5 0.076171875 0.03515625
1 0.017578125 0.5185546875 0.021484375 0.021484375
1 0.103515625 0.6328125 0.005859375 0.0078125
1 0.046875 0.6591796875 0.03125 0.015625
0 0.1650390625 0.6416015625 0.1015625 0.107421875
1 0.31640625 0.7900390625 0.013671875 0.013671875
1 0.3291015625 0.78515625 0.0078125 0.013671875
1 0.3544921875 0.7685546875 0.009765625 0.009765625
1 0.349609375 0.7265625 0.013671875 0.013671875
1 0.322265625 0.7685546875 0.0078125 0.01171875
1 0.306640625 0.7705078125 0.01953125 0.015625
1 0.2841796875 0.7783203125 0.013671875 0.013671875
1 0.2373046875 0.8076171875 0.015625 0.021484375
1 0.25390625 0.802734375 0.009765625 0.013671875
1 0.265625 0.791015625 0.009765625 0.009765625
1 0.26953125 0.775390625 0.013671875 0.009765625
1 0.25390625 0.7734375 0.01953125 0.0234375
1 0.24609375 0.7548828125 0.005859375 0.013671875
1 0.2373046875 0.7607421875 0.009765625 0.013671875
1 0.216796875 0.74609375 0.01171875 0.015625
1 0.2119140625 0.7333984375 0.01171875 0.013671875
1 0.177734375 0.7529296875 0.01171875 0.013671875
0 0.388671875 0.6474609375 0.08984375 0.14453125
1 0.4326171875 0.6064453125 0.015625 0.009765625
0 0.5751953125 0.6357421875 0.1015625 0.154296875
1 0.5498046875 0.8154296875 0.046875 0.052734375
1 0.5439453125 0.7470703125 0.029296875 0.029296875
1 0.501953125 0.716796875 0.009765625 0.01953125
1 0.5078125 0.703125 0.009765625 0.0078125
1 0.4765625 0.63671875 0.01171875 0.015625
1 0.685546875 0.4345703125 0.09765625 0.169921875
1 0.642578125 0.455078125 0.0625 0.11328125
1 0.583984375 0.4873046875 0.015625 0.029296875
1 0.568359375 0.4541015625 0.015625 0.013671875
1 0.5771484375 0.43359375 0.009765625 0.009765625
1 0.5302734375 0.4755859375 0.015625 0.013671875
1 0.5126953125 0.478515625 0.009765625 0.015625
1 0.4775390625 0.515625 0.09765625 0.08984375
1 0.77734375 0.1884765625 0.013671875 0.0234375
1 0.3828125 0.48046875 0.005859375 0.01171875
1 0.341796875 0.490234375 0.013671875 0.015625
1 0.4921875 0.634765625 0.009765625 0.013671875
1 0.48046875 0.669921875 0.005859375 0.015625
1 0.4169921875 0.5869140625 0.0078125 0.009765625
1 0.0791015625 0.7216796875 0.009765625 0.015625
1 0.080078125 0.701171875 0.005859375 0.01171875
1 0.10546875 0.693359375 0.005859375 0.01171875
1 0.134765625 0.6845703125 0.009765625 0.0078125
1 0.5966796875 0.75390625 0.013671875 0.013671875
1 0.6279296875 0.8037109375 0.005859375 0.009765625
1 0.658203125 0.697265625 0.005859375 0.013671875
1 0.6982421875 0.609375 0.005859375 0.005859375
1 0.5166015625 0.6953125 0.005859375 0.009765625
1 0.5048828125 0.658203125 0.005859375 0.009765625
1 0.53515625 0.6962890625 0.005859375 0.005859375
1 0.5380859375 0.6865234375 0.0078125 0.0078125
1 0.5888671875 0.771484375 0.005859375 0.0078125
1 0.3759765625 0.7138671875 0.005859375 0.0078125