0 0.8330078125 0.5712890625 0.16015625 0.212890625
1 0.671875 0.5439453125 0.03125 0.0390625
0 0.615234375 0.634765625 0.13671875 0.15625
1 0.904296875 0.4189453125 0.009765625 0.017578125
1 0.87890625 0.416015625 0.015625 0.015625
1 0.7412109375 0.6435546875 0.0078125 0.013671875
1 0.7724609375 0.6435546875 0.013671875 0.017578125
1 0.701171875 0.5166015625 0.0078125 0.015625
1 0.541015625 0.49609375 0.0078125 0.015625
1 0.529296875 0.486328125 0.01171875 0.01171875
1 0.5146484375 0.48046875 0.015625 0.0234375
1 0.4775390625 0.55859375 0.015625 0.021484375
1 0.40625 0.5556640625 0.0078125 0.015625
0 0.37109375 0.666015625 0.154296875 0.18359375
1 0.341796875 0.7890625 0.015625 0.015625
0 0.1572265625 0.6953125 0.189453125 0.193359375
1 0.2001953125 0.7763671875 0.01171875 0.013671875
1 0.16015625 0.5830078125 0.01953125 0.013671875
0 0.1240234375 0.4580078125 0.17578125 0.19140625
0 0.3408203125 0.3779296875 0.14453125 0.16015625
1 0.435546875 0.357421875 0.013671875 0.013671875
1 0.4921875 0.345703125 0.01953125 0.021484375
1 0.478515625 0.330078125 0.01171875 0.013671875
0 0.5595703125 0.3232421875 0.140625 0.16796875
0 0.767578125 0.2666015625 0.1328125 0.15625
1 0.71875 0.326171875 0.01171875 0.013671875
1 0.900390625 0.306640625 0.01171875 0.013671875
0 0.9375 0.263671875 0.064453125 0.0859375
1 0.5009765625 0.7392578125 0.0078125 0.01171875
1 0.779296875 0.7060546875 0.01171875 0.013671875
1 0.7470703125 0.6982421875 0.01171875 0.01171875