1 0.5224609375 0.0673828125 0.09765625 0.060546875
1 0.53125 0.1435546875 0.021484375 0.025390625
1 0.6005859375 0.1376953125 0.04296875 0.048828125
1 0.5615234375 0.1474609375 0.021484375 0.013671875
1 0.666015625 0.1962890625 0.07421875 0.04296875
1 0.6875 0.150390625 0.1328125 0.072265625
1 0.775390625 0.1689453125 0.0234375 0.01953125
1 0.5888671875 0.216796875 0.044921875 0.03515625
0 0.662109375 0.27734375 0.166015625 0.09375
1 0.560228267578125 0.283751685546875 0.582332255859375 0.234370853515625 0.54347760546875 0.21023377734375 0.501161734375 0.19489491015625 0.477806728515625 0.1912021484375 0.458446880859375 0.192286376953125 0.44403856640625 0.197360669921875 0.44453639453125 0.197268474609375 0.473063814453125 0.2306385546875 0.5024310390625 0.2664064609375 0.529974173828125 0.300134240234375 0.560228267578125 0.283751685546875
0 0.4052734375 0.07421875 0.1328125 0.12890625
1 0.419921875 0.2216796875 0.009765625 0.009765625
1 0.373046875 0.33984375 0.029296875 0.021484375
1 0.3994140625 0.322265625 0.009765625 0.009765625
0 0.4817611640625 0.266812607421875 0.471301578125 0.2310877109375 0.472088591796875 0.228932673828125 0.42566871875 0.223909701171875 0.388975810546875 0.219972337890625 0.357948197265625 0.229640580078125 0.33988092578125 0.246143091796875 0.354314048828125 0.29666813671875 0.37117002734375 0.31066855078125 0.397555666015625 0.3176248125 0.415076474609375 0.32924576171875 0.44351149609375 0.317473353515625 0.47365169140625 0.29348972265625 0.4817611640625 0.266812607421875
1 0.2666015625 0.322265625 0.1875 0.14453125
1 0.447265625 0.3427734375 0.0234375 0.021484375
1 0.439453125 0.3701171875 0.021484375 0.01953125
0 0.3857421875 0.4443359375 0.134765625 0.111328125
1 0.466796875 0.5654296875 0.017578125 0.015625
1 0.451171875 0.603515625 0.12109375 0.05859375
0 0.3896484375 0.6728515625 0.125 0.095703125
1 0.5458984375 0.5634765625 0.046875 0.0234375
1 0.634765625 0.517578125 0.013671875 0.009765625
1 0.6328125 0.5263671875 0.01171875 0.005859375
1 0.68359375 0.5126953125 0.01953125 0.009765625
1 0.6962890625 0.3583984375 0.015625 0.013671875
1 0.6337890625 0.3271484375 0.013671875 0.0078125
1 0.6279296875 0.3623046875 0.009765625 0.005859375
1 0.673828125 0.33203125 0.01171875 0.005859375
1 0.6298828125 0.396484375 0.009765625 0.005859375
0 0.7381515234375 0.46561303125 0.74106901953125 0.4358432421875 0.7140336953125 0.402927390625 0.6876669765625 0.394469861328125 0.631990056640625 0.40173519140625 0.61019756640625 0.411526880859375 0.576797650390625 0.44736686328125 0.5668827734375 0.471468673828125 0.60407554296875 0.502508455078125 0.6358726640625 0.5143705859375 0.66479518359375 0.515123224609375 0.69532901171875 0.50297473828125 0.727271552734375 0.48518541015625 0.7381515234375 0.46561303125
1 0.607421875 0.599609375 0.015625 0.009765625
1 0.73046875 0.6640625 0.013671875 0.0078125
1 0.7646484375 0.64453125 0.021484375 0.013671875
0 0.6690657578125 0.597379744140625 0.633509576171875 0.60023471875 0.5917647578125 0.630533580078125 0.582944041015625 0.669210328125 0.5842411640625 0.708066482421875 0.605398177734375 0.71950477734375 0.675255755859375 0.723472322265625 0.6989671875 0.713426951171875 0.725782513671875 0.69111263671875 0.72611065234375 0.65265906640625 0.722747705078125 0.61780226171875 0.6690657578125 0.597379744140625
1 0.5859375 0.751953125 0.05078125 0.046875
1 0.5458984375 0.7978515625 0.05078125 0.025390625
1 0.6279296875 0.7646484375 0.009765625 0.005859375
1 0.62109375 0.7763671875 0.009765625 0.005859375
1 0.6181640625 0.79296875 0.0078125 0.005859375
1 0.64453125 0.794921875 0.021484375 0.017578125
1 0.4560546875 0.7900390625 0.029296875 0.017578125
1 0.4794921875 0.8193359375 0.037109375 0.01953125
0 0.6689453125 0.8720703125 0.150390625 0.10546875
1 0.3447265625 0.80078125 0.025390625 0.01953125
0 0.3818359375 0.873046875 0.119140625 0.123046875
1 0.400390625 0.9765625 0.03125 0.0234375
1 0.5009765625 0.9697265625 0.0078125 0.0078125
1 0.517080798828125 0.8166326171875 0.49414348828125 0.826427556640625 0.457575658203125 0.824666021484375 0.439657630859375 0.8240744921875 0.438355978515625 0.84150427734375 0.44993897265625 0.869855275390625 0.472485201171875 0.885500029296875 0.49516057421875 0.893262666015625 0.52425705859375 0.86546565234375 0.535705931640625 0.8484103203125 0.526818080078125 0.821683515625 0.5233103515625 0.81588405859375 0.517288076171875 0.81630106640625 0.517080798828125 0.8166326171875
1 0.57278312109375 0.94037466796875 0.5892006953125 0.926933005859375 0.588937619140625 0.89604382421875 0.586056158203125 0.85584354296875 0.58602611328125 0.856089798828125 0.58055381640625 0.849048544921875 0.563493056640625 0.845710294921875 0.536206951171875 0.8516045859375 0.52148873828125 0.861906703125 0.50562500390625 0.8796402578125 0.485572734375 0.904429560546875 0.477322142578125 0.925052818359375 0.49934973828125 0.9328642109375 0.527026021484375 0.935411029296875 0.57278312109375 0.94037466796875
1 0.6025390625 0.962890625 0.021484375 0.013671875
1 0.640625 0.994140625 0.015625 0.01171875
1 0.7490234375 0.990234375 0.025390625 0.01953125
1 0.193359375 0.4765625 0.01171875 0.009765625
1 0.0595703125 0.4326171875 0.056640625 0.044921875
1 0.0390625 0.6943359375 0.033203125 0.01953125
0 0.6607887421875 0.03731459375 0.6381731171875 0.035972927734375 0.60365728125 0.0834962421875 0.618229134765625 0.107166068359375 0.67360144140625 0.12883028515625 0.696002416015625 0.099798892578125 0.73217329296875 0.094355033203125 0.737868716796875 0.045458208984375 0.6991142421875 0.026134732421875 0.6607887421875 0.03731459375
1 0.732780130859375 0.00782408984375 0.605407322265625 0.0033761328125 0.610293134765625 0.008470990234375 0.61239950390625 0.009125865234375 0.653680994140625 0.03582426171875 0.6970256328125 0.02313291015625 0.72750912109375 0.042951154296875 0.736114490234375 0.091374419921875 0.758539181640625 0.146523216796875 0.79826793359375 0.155071875 0.9003614296875 0.109252138671875 0.986423740234375 0.024268064453125 0.871153662109375 0.01265619921875 0.732780130859375 0.00782408984375