0 0.048828125 0.3212890625 0.08984375 0.138671875
0 0.2451171875 0.3046875 0.1875 0.232421875
0 0.435546875 0.255859375 0.166015625 0.21875
0 0.66796875 0.2236328125 0.171875 0.216796875
0 0.8701171875 0.1708984375 0.1796875 0.17578125
1 0.873046875 0.30078125 0.0234375 0.03125
1 0.94921875 0.34765625 0.052734375 0.0546875
1 0.8408203125 0.3662109375 0.025390625 0.033203125
1 0.814453125 0.3232421875 0.015625 0.01953125
0 0.916015625 0.46875 0.166015625 0.173828125
1 0.7275390625 0.38671875 0.03125 0.03515625
0 0.681017943359375 0.53871573046875 0.692749169921875 0.572892615234375 0.724851150390625 0.580388578125 0.74149153125 0.576448521484375 0.760578498046875 0.529347302734375 0.760646064453125 0.4867362109375 0.74919803515625 0.460136353515625 0.722018869140625 0.433550828125 0.692624427734375 0.450579193359375 0.668690466796875 0.47310777734375 0.6697298203125 0.492879486328125 0.681017943359375 0.53871573046875
1 0.671169779296875 0.38364041015625 0.626329685546875 0.426298779296875 0.595385107421875 0.52493752734375 0.599655298828125 0.575277884765625 0.6495547734375 0.623738609375 0.682020125 0.616024716796875 0.686198814453125 0.569911755859375 0.672310841796875 0.5162132421875 0.670612291015625 0.47757605859375 0.688280345703125 0.4562747421875 0.693866642578125 0.411600986328125 0.671169779296875 0.38364041015625
1 0.6591796875 0.357421875 0.015625 0.025390625
1 0.576171875 0.3564453125 0.01953125 0.017578125
0 0.498046875 0.5419921875 0.103515625 0.134765625
1 0.4541015625 0.5390625 0.01171875 0.017578125
1 0.4755859375 0.4208984375 0.01171875 0.01171875
0 0.3115234375 0.587890625 0.17578125 0.20703125
0 0.103515625 0.6025390625 0.134765625 0.125
1 0.0830078125 0.4833984375 0.021484375 0.0234375
1 0.23046875 0.4375 0.01171875 0.01171875