0 0.0625 0.2509765625 0.1171875 0.1640625
1 0.013671875 0.3984375 0.02734375 0.03515625
1 0.216796875 0.2783203125 0.0107421875 0.0185546875
0 0.2783203125 0.26953125 0.1220703125 0.1611328125
1 0.1806640625 0.3828125 0.0283203125 0.0498046875
1 0.111328125 0.400390625 0.1064453125 0.0546875
0 0.556640625 0.2158203125 0.0673828125 0.103515625
0 0.28125 0.5546875 0.1044921875 0.140625
0 0.064453125 0.580078125 0.087890625 0.142578125
1 0.1484375 0.5849609375 0.0703125 0.1171875
1 0.2255859375 0.6884765625 0.015625 0.0205078125
1 0.330078125 0.662109375 0.0126953125 0.015625
1 0.5595703125 0.98828125 0.0263671875 0.0234375
1 0.45703125 0.51171875 0.0205078125 0.021484375
0 0.5595703125 0.6455078125 0.0751953125 0.1220703125
1 0.638671875 0.755859375 0.025390625 0.0439453125
1 0.5068359375 0.48828125 0.015625 0.017578125
1 0.54296875 0.4697265625 0.0390625 0.0673828125
1 0.5439453125 0.509765625 0.0107421875 0.0107421875
1 0.6357421875 0.4306640625 0.060546875 0.080078125
1 0.736328125 0.384765625 0.033203125 0.041015625
1 0.814453125 0.47265625 0.0361328125 0.044921875
1 0.6875 0.2666015625 0.0126953125 0.0185546875
1 0.6904296875 0.3037109375 0.0126953125 0.017578125
1 0.8046875 0.3115234375 0.0419921875 0.052734375
1 0.748046875 0.439453125 0.025390625 0.0283203125
1 0.7666015625 0.5693359375 0.015625 0.017578125
1 0.7529296875 0.640625 0.0263671875 0.03125
1 0.7041015625 0.6689453125 0.013671875 0.017578125
1 0.6630859375 0.59375 0.015625 0.025390625
1 0.7919921875 0.873046875 0.041015625 0.044921875
1 0.14453125 0.21484375 0.009765625 0.0185546875
1 0.345703125 0.4052734375 0.0126953125 0.0205078125