1 0.068359375 0.2509765625 0.021484375 0.0234375
1 0.0390625 0.4033203125 0.078125 0.154296875
1 0.076171875 0.4150390625 0.01171875 0.013671875
1 0.0771484375 0.443359375 0.015625 0.015625
1 0.10546875 0.451171875 0.0078125 0.01171875
0 0.0525298046875 0.29790417578125 0.068762552734375 0.32841734375 0.08842158203125 0.34686985546875 0.114698755859375 0.36822964453125 0.128105634765625 0.354088998046875 0.14702034765625 0.314161466796875 0.1545878515625 0.27657841796875 0.141617765625 0.23387004296875 0.0843335 0.240990396484375 0.054954861328125 0.26202120703125 0.0525298046875 0.29790417578125
1 0.09038074609375 0.328084134765625 0.07172922265625 0.321593767578125 0.04903543359375 0.28757444921875 0.04171855859375 0.284466171875 0.03121537890625 0.298336763671875 0.026383556640625 0.333103705078125 0.033055994140625 0.354320951171875 0.058010197265625 0.3620341640625 0.087957603515625 0.35091487890625 0.09038074609375 0.328084134765625
0 0.2802734375 0.328125 0.1171875 0.138671875
0 0.154296875 0.4990234375 0.126953125 0.16796875
1 0.1181640625 0.4208984375 0.01171875 0.013671875
1 0.19140625 0.4521484375 0.009765625 0.013671875
1 0.1982421875 0.4306640625 0.009765625 0.01171875
1 0.2275390625 0.470703125 0.01171875 0.01171875
1 0.2294921875 0.4287109375 0.017578125 0.015625
1 0.25 0.4267578125 0.01171875 0.009765625
1 0.251953125 0.435546875 0.01171875 0.013671875
1 0.2685546875 0.4306640625 0.009765625 0.01171875
1 0.3154296875 0.46875 0.021484375 0.021484375
1 0.330078125 0.4716796875 0.021484375 0.02734375
0 0.2763671875 0.544921875 0.134765625 0.16015625
1 0.4111328125 0.517578125 0.046875 0.05078125
0 0.4736328125 0.5927734375 0.134765625 0.189453125
1 0.4345703125 0.4814453125 0.013671875 0.013671875
1 0.46484375 0.45703125 0.0390625 0.041015625
1 0.4921875 0.4853515625 0.013671875 0.01953125
1 0.537109375 0.599609375 0.01171875 0.013671875
1 0.560546875 0.6025390625 0.013671875 0.01171875
1 0.55859375 0.509765625 0.115234375 0.115234375
1 0.70703125 0.53515625 0.037109375 0.0390625
0 0.6455078125 0.6064453125 0.12890625 0.158203125
1 0.6142578125 0.37890625 0.01171875 0.009765625
1 0.634765625 0.3798828125 0.029296875 0.044921875
1 0.7421875 0.3994140625 0.048828125 0.05859375
1 0.6630859375 0.4541015625 0.0234375 0.01953125
1 0.697265625 0.4541015625 0.017578125 0.02734375
1 0.6748046875 0.48046875 0.009765625 0.01171875
1 0.6953125 0.484375 0.01171875 0.009765625
1 0.7392578125 0.46484375 0.0078125 0.013671875
0 0.640596794921875 0.32450416015625 0.634421845703125 0.333104671875 0.642349615234375 0.35329764453125 0.648015150390625 0.37073371484375 0.65987955859375 0.3812563515625 0.6705620234375 0.397206830078125 0.694021814453125 0.4007198671875 0.68872903125 0.374872666015625 0.6776326953125 0.338963525390625 0.662765060546875 0.3305127421875 0.640596794921875 0.32450416015625
0 0.859375 0.3525390625 0.125 0.138671875
1 0.81640625 0.478515625 0.01171875 0.015625
1 0.837890625 0.4765625 0.01171875 0.017578125
1 0.916015625 0.4775390625 0.009765625 0.013671875
1 0.974609375 0.37109375 0.05078125 0.14453125
1 0.9248046875 0.4736328125 0.013671875 0.015625
0 0.837890625 0.6171875 0.15234375 0.173828125
1 0.7939453125 0.52734375 0.017578125 0.02734375
1 0.91796875 0.6396484375 0.01171875 0.013671875
0 0.4794921875 0.2939453125 0.1328125 0.1328125
1 0.4794921875 0.392578125 0.041015625 0.05078125
1 0.224609375 0.2724609375 0.0078125 0.0078125