1 0.0400390625 0.2373046875 0.068359375 0.16015625
1 0.057171244140625 0.384785564453125 0.03690846875 0.3905380703125 0.01144946484375 0.414075955078125 0.002496974609375 0.4438642109375 0.005174982421875 0.442572416015625 0.047559478515625 0.4442053203125 0.053218310546875 0.42608423828125 0.057171244140625 0.384785564453125
1 0.00451820703125 0.381060923828125 0.0201444609375 0.39528882421875 0.05648175390625 0.390495751953125 0.081932294921875 0.399716482421875 0.099358533203125 0.3934044921875 0.104351703125 0.35034264453125 0.0976591328125 0.2987900546875 0.085074373046875 0.277050158203125 0.048276546875 0.305697138671875 0.01317152734375 0.335484943359375 0.00451820703125 0.381060923828125
1 0.1484375 0.3955078125 0.03515625 0.03515625
1 0.1591796875 0.44921875 0.01171875 0.0234375
0 0.1728515625 0.552734375 0.18359375 0.19140625
1 0.3056640625 0.4794921875 0.0390625 0.0625
1 0.291015625 0.4423828125 0.013671875 0.01953125
0 0.15400064453125 0.1772858203125 0.138331810546875 0.2233506875 0.140354138671875 0.274862833984375 0.1739324453125 0.329990205078125 0.195783923828125 0.350123517578125 0.241789037109375 0.335822083984375 0.272410759765625 0.32534044921875 0.283799419921875 0.314701896484375 0.2798925859375 0.271554439453125 0.256824421875 0.26609632421875 0.247299953125 0.22110600390625 0.24437166015625 0.166216560546875 0.201405240234375 0.156979302734375 0.15400064453125 0.1772858203125
1 0.31186341015625 0.340802505859375 0.347762279296875 0.29346363671875 0.36103053125 0.241566599609375 0.3293019140625 0.229162990234375 0.254896365234375 0.239780447265625 0.2743613515625 0.265251033203125 0.282392412109375 0.293113068359375 0.2632687421875 0.324844267578125 0.22985169921875 0.351031705078125 0.22947498046875 0.38444699609375 0.261198634765625 0.3776470703125 0.31186341015625 0.340802505859375
1 0.45703125 0.5146484375 0.0546875 0.041015625
1 0.3935546875 0.4697265625 0.0625 0.068359375
0 0.474062853515625 0.53014816796875 0.452926455078125 0.535958634765625 0.421403923828125 0.536092359375 0.389530234375 0.5018041953125 0.388936576171875 0.505547333984375 0.359110486328125 0.5590979375 0.34972980078125 0.623861931640625 0.36484733984375 0.643675642578125 0.408579751953125 0.667898607421875 0.45488623046875 0.65921730859375 0.471227275390625 0.625814626953125 0.481844853515625 0.571058423828125 0.48671715625 0.53538738671875 0.474062853515625 0.53014816796875
0 0.6572265625 0.599609375 0.123046875 0.177734375
1 0.497458 0.4643193671875 0.52448605859375 0.529110212890625 0.5400195859375 0.5361047109375 0.560044509765625 0.535738373046875 0.595862892578125 0.511086455078125 0.59371041015625 0.49080865234375 0.583870626953125 0.479159365234375 0.578675546875 0.464006923828125 0.565189791015625 0.4532135078125 0.546370962890625 0.44870802734375 0.506673384765625 0.4415553203125 0.497458 0.4643193671875
1 0.6650390625 0.419921875 0.03515625 0.03515625
1 0.5986328125 0.3544921875 0.05859375 0.080078125
1 0.599609375 0.2978515625 0.013671875 0.01953125
1 0.600935458984375 0.421877783203125 0.582181283203125 0.480035306640625 0.5911000703125 0.492149052734375 0.62375624609375 0.493277369140625 0.658152353515625 0.482883302734375 0.684004666015625 0.44894619140625 0.68402267578125 0.4373757421875 0.664182599609375 0.435514744140625 0.650735078125 0.42500816796875 0.64500583984375 0.396910849609375 0.62845341796875 0.3780704296875 0.600935458984375 0.421877783203125
1 0.7734375 0.521484375 0.068359375 0.10546875
1 0.828125 0.4794921875 0.01953125 0.029296875
1 0.8505859375 0.4873046875 0.015625 0.013671875
0 0.908203125 0.59375 0.142578125 0.181640625
1 0.9775390625 0.75390625 0.025390625 0.025390625
0 0.453125 0.26953125 0.158203125 0.240234375
0 0.72940384765625 0.230514240234375 0.696624345703125 0.186712396484375 0.698143056640625 0.18545451171875 0.621139958984375 0.214275826171875 0.607305515625 0.234713142578125 0.62451123828125 0.31149408203125 0.642611607421875 0.373753451171875 0.65612690234375 0.378562306640625 0.703496173828125 0.361469525390625 0.734772181640625 0.347451951171875 0.747301828125 0.3109625859375 0.746845568359375 0.26482520703125 0.72940384765625 0.230514240234375
1 0.8134765625 0.3212890625 0.013671875 0.01953125
0 0.900390625 0.298828125 0.1484375 0.205078125
1 0.9833984375 0.30859375 0.033203125 0.11328125