0 0.099609375 0.36328125 0.140625 0.173828125
0 0.3486328125 0.34765625 0.146484375 0.185546875
1 0.11441718359375 0.49236080859375 0.115345142578125 0.5102071875 0.1221505625 0.52330940234375 0.16627219921875 0.52367410546875 0.20474921484375 0.52129448828125 0.22487273046875 0.51764895703125 0.221509015625 0.4647216796875 0.190723560546875 0.41864842578125 0.16927422265625 0.423953208984375 0.14656914453125 0.444476091796875 0.13541666796875 0.4471450625 0.11441718359375 0.49236080859375
1 0.064453125 0.560546875 0.0625 0.0517578125
1 0.1083984375 0.537109375 0.0107421875 0.0126953125
0 0.109375 0.6884765625 0.173828125 0.212890625
1 0.2529296875 0.7353515625 0.0107421875 0.017578125
1 0.2685546875 0.63671875 0.0107421875 0.017578125
1 0.30859375 0.552734375 0.0361328125 0.0595703125
1 0.26953125 0.517578125 0.017578125 0.0361328125
0 0.3701171875 0.646484375 0.125 0.126953125
1 0.412109375 0.7177734375 0.013671875 0.0205078125
1 0.486328125 0.708984375 0.041015625 0.0439453125
1 0.486328125 0.6767578125 0.009765625 0.015625
1 0.45703125 0.501953125 0.0810546875 0.1015625
1 0.537109375 0.5126953125 0.021484375 0.037109375
0 0.583984375 0.3818359375 0.150390625 0.208984375
1 0.6298828125 0.53125 0.0439453125 0.0390625
1 0.6787109375 0.490234375 0.0498046875 0.0263671875
1 0.728515625 0.4951171875 0.017578125 0.013671875
1 0.7548828125 0.486328125 0.0283203125 0.03125
0 0.587890625 0.6884765625 0.1640625 0.2373046875
0 0.849609375 0.69140625 0.150390625 0.171875
1 0.90625 0.4931640625 0.0126953125 0.0107421875
0 0.8310546875 0.314453125 0.1904296875 0.2470703125