1 0.05078125 0.6015625 0.04296875 0.0625
0 0.185546875 0.36328125 0.146484375 0.181640625
0 0.3818359375 0.2900390625 0.158203125 0.193359375
0 0.6015625 0.22265625 0.16015625 0.1484375
1 0.5029296875 0.328125 0.01953125 0.025390625
1 0.453125 0.3115234375 0.013671875 0.015625
1 0.5078125 0.4150390625 0.07421875 0.05859375
1 0.3828125 0.50390625 0.052734375 0.046875
1 0.244140625 0.525390625 0.025390625 0.025390625
1 0.0927734375 0.5830078125 0.02734375 0.029296875
1 0.1103515625 0.8564453125 0.025390625 0.025390625
1 0.1103515625 0.796875 0.01953125 0.01953125
1 0.0732421875 0.7587890625 0.02734375 0.0234375
1 0.052734375 0.736328125 0.01953125 0.01953125
1 0.220703125 0.76171875 0.02734375 0.033203125
1 0.2939453125 0.689453125 0.021484375 0.02734375
1 0.3271484375 0.669921875 0.0234375 0.029296875
1 0.361328125 0.6435546875 0.015625 0.017578125
1 0.3818359375 0.6318359375 0.017578125 0.021484375
1 0.3984375 0.6494140625 0.017578125 0.0234375
1 0.31640625 0.626953125 0.01171875 0.015625
1 0.2744140625 0.54296875 0.017578125 0.017578125
1 0.1806640625 0.580078125 0.0234375 0.0234375
1 0.4248046875 0.7060546875 0.01953125 0.021484375
0 0.4599609375 0.6025390625 0.16796875 0.189453125
1 0.533203125 0.576171875 0.009765625 0.01171875
1 0.5654296875 0.5771484375 0.017578125 0.015625
1 0.578125 0.5810546875 0.0078125 0.01171875
1 0.5810546875 0.59765625 0.01171875 0.013671875
1 0.564453125 0.6279296875 0.0078125 0.01171875
1 0.5302734375 0.5546875 0.01953125 0.01953125
1 0.4208984375 0.498046875 0.01171875 0.01171875
1 0.353515625 0.4697265625 0.017578125 0.01953125
1 0.3740234375 0.462890625 0.015625 0.015625
1 0.3955078125 0.462890625 0.009765625 0.009765625
1 0.4697265625 0.439453125 0.009765625 0.013671875
1 0.455078125 0.47265625 0.005859375 0.0078125
1 0.4765625 0.4638671875 0.01171875 0.013671875
1 0.5234375 0.4736328125 0.009765625 0.015625
1 0.5234375 0.5029296875 0.0078125 0.009765625
1 0.4560546875 0.5087890625 0.01171875 0.01171875
1 0.7392578125 0.51953125 0.017578125 0.021484375
1 0.6982421875 0.5146484375 0.0078125 0.01171875
1 0.763671875 0.537109375 0.013671875 0.017578125
1 0.78515625 0.544921875 0.01171875 0.015625
1 0.80859375 0.490234375 0.025390625 0.037109375
1 0.7958984375 0.5234375 0.01171875 0.015625
1 0.7802734375 0.5146484375 0.0078125 0.013671875
1 0.845703125 0.5439453125 0.0078125 0.013671875
1 0.8310546875 0.5205078125 0.009765625 0.0078125
1 0.814453125 0.384765625 0.021484375 0.01953125
1 0.7978515625 0.4111328125 0.009765625 0.01171875
1 0.69140625 0.427734375 0.015625 0.017578125
1 0.671875 0.4306640625 0.01171875 0.013671875
1 0.7236328125 0.41796875 0.025390625 0.025390625
1 0.7607421875 0.3544921875 0.01171875 0.009765625
1 0.85546875 0.3828125 0.064453125 0.078125
1 0.9248046875 0.33984375 0.017578125 0.015625
1 0.884765625 0.3447265625 0.0078125 0.01171875
0 0.0068359375 0.4169921875 0.013671875 0.111328125
1 0.0244140625 0.4560546875 0.01171875 0.013671875
1 0.037109375 0.4443359375 0.015625 0.021484375
1 0.3212890625 0.3583984375 0.01171875 0.015625
0 0.8583984375 0.1650390625 0.177734375 0.19921875
0 0.923828125 0.4892578125 0.15234375 0.189453125
1 0.865234375 0.5830078125 0.046875 0.05078125
1 0.8466796875 0.623046875 0.1171875 0.109375
0 0.703125 0.5771484375 0.1640625 0.220703125
1 0.107421875 0.6640625 0.138671875 0.236328125
1 0.169921875 0.763671875 0.03515625 0.046875
1 0.2333984375 0.5498046875 0.015625 0.015625
1 0.2275390625 0.533203125 0.013671875 0.01171875
0 0.27314216796875 0.660266298828125 0.25863994140625 0.6358255234375 0.21197198828125 0.605958490234375 0.203911806640625 0.61938530078125 0.196379080078125 0.652174302734375 0.14875629296875 0.66442430859375 0.14904919921875 0.708544931640625 0.16599335546875 0.71729951171875 0.1878965703125 0.77192595703125 0.2119290234375 0.7372774375 0.251921708984375 0.720903501953125 0.27215934375 0.702393869140625 0.27314216796875 0.660266298828125