1 0.037109375 0.5732421875 0.0703125 0.05859375
0 0.169846130859375 0.63260258984375 0.14659223046875 0.66159894140625 0.09761059375 0.679500521484375 0.0990408515625 0.714076720703125 0.1010980546875 0.753330498046875 0.120837677734375 0.76911953515625 0.157521759765625 0.7717525 0.19910044921875 0.7366165234375 0.210245771484375 0.700171966796875 0.190304708984375 0.65557352734375 0.16971342578125 0.633209162109375 0.169846130859375 0.63260258984375
0 0.3547277578125 0.42865680859375 0.325973169921875 0.439972982421875 0.30243341796875 0.453062208984375 0.306590765625 0.487986451171875 0.330628052734375 0.5425577109375 0.34560408203125 0.552225943359375 0.385061587890625 0.523523296875 0.383403142578125 0.488192427734375 0.370996951171875 0.440885134765625 0.3547277578125 0.42865680859375
0 0.138350791015625 0.404768001953125 0.095728123046875 0.421394638671875 0.096530466796875 0.4223928671875 0.110069998046875 0.469095474609375 0.136767158203125 0.466609779296875 0.16103683203125 0.507387673828125 0.177329841796875 0.479267208984375 0.176906986328125 0.432843017578125 0.138350791015625 0.404768001953125
1 0 0.456022044921875 0.029728486328125 0.5441737578125 0.07454300390625 0.57452450390625 0.075267330078125 0.634418294921875 0.105661779296875 0.666112310546875 0.139906185546875 0.661556974609375 0.152920404296875 0.649254787109375 0.15849892578125 0.6250541171875 0.140346607421875 0.60799271484375 0.1291675 0.5470109609375 0.1163831171875 0.49130668359375 0.102728169921875 0.45800900390625 0.109615107421875 0.411463298828125 0.145351427734375 0.405024880859375 0.176737556640625 0.434159791015625 0.181266724609375 0.477416962890625 0.182377306640625 0.519398513671875 0.205145501953125 0.5325056015625 0.246026576171875 0.502458681640625 0.302363994140625 0.48825022265625 0.298936515625 0.43526091796875 0.331947314453125 0.43907234375 0.33851607421875 0.394287845703125 0.320951794921875 0.305659830078125 0.27174940234375 0.214130376953125 0.21232559375 0.160145994140625 0.13579283203125 0.14370747265625 0.081100048828125 0.15540510546875 0.1084110546875 0.241976990234375 0.099510255859375 0.287414912109375 0.060749009765625 0.2923719609375 0.04251994921875 0.305406216796875 0.0233202109375 0.33634510546875 0.005959740234375 0.396389873046875 0 0.427208767578125 0 0.456022044921875
1 0.244140625 0.578125 0.056640625 0.0859375
1 0.262895701171875 0.54588808984375 0.27875178125 0.585277880859375 0.31046565625 0.61283419140625 0.339848873046875 0.632719609375 0.35046305078125 0.62455340625 0.33786187109375 0.582250478515625 0.300513724609375 0.517072580078125 0.252627490234375 0.492122443359375 0.251694634765625 0.49623586328125 0.246892482421875 0.502222150390625 0.262895701171875 0.54588808984375
1 0.3115234375 0.62109375 0.0234375 0.02734375
1 0.3671875 0.62109375 0.025390625 0.033203125
1 0.388671875 0.6865234375 0.021484375 0.0234375
1 0.4208984375 0.7197265625 0.017578125 0.013671875
0 0.3928801796875 0.722066431640625 0.3870835234375 0.699142015625 0.373383818359375 0.682555537109375 0.365388828125 0.636862197265625 0.32122493359375 0.672025005859375 0.300568673828125 0.689166486328125 0.306468919921875 0.738889263671875 0.338956751953125 0.77338112109375 0.3756815078125 0.768842681640625 0.3928801796875 0.722066431640625
1 0.486328125 0.6875 0.013671875 0.021484375
1 0.451171875 0.6025390625 0.068359375 0.05859375
1 0.48828125 0.62109375 0.060546875 0.041015625
1 0.5673828125 0.6318359375 0.02734375 0.015625
1 0.6044921875 0.671875 0.01171875 0.015625
1 0.4716796875 0.544921875 0.072265625 0.076171875
1 0.5830078125 0.546875 0.056640625 0.080078125
1 0.615234375 0.8076171875 0.0703125 0.091796875
0 0.485030693359375 0.6419244375 0.49947156640625 0.675360009765625 0.496974796875 0.711168212890625 0.50234311328125 0.742044943359375 0.55294424609375 0.743296609375 0.58577407421875 0.732338314453125 0.59488335546875 0.686760689453125 0.575525587890625 0.64249386328125 0.55167307421875 0.63841375 0.514553171875 0.6335983125 0.492660041015625 0.638484248046875 0.48430099609375 0.6420532265625 0.485030693359375 0.6419244375
1 0.58203125 0.60546875 0.017578125 0.015625
1 0.458984375 0.4375 0.021484375 0.02734375
1 0.3984375 0.458984375 0.013671875 0.017578125
1 0.49609375 0.384765625 0.01953125 0.013671875
1 0.5771484375 0.4521484375 0.01171875 0.017578125
1 0.59765625 0.4248046875 0.01171875 0.021484375
0 0.48573969140625 0.498171806640625 0.5007911015625 0.51457677734375 0.552957904296875 0.519672087890625 0.574247859375 0.50416948828125 0.570940521484375 0.46167930078125 0.564319439453125 0.41982758203125 0.5511374921875 0.405950486328125 0.5076657890625 0.4069812109375 0.47689529296875 0.41913746484375 0.478206615234375 0.454496587890625 0.48573969140625 0.498171806640625
1 0.6533203125 0.4375 0.029296875 0.01953125
1 0.6513671875 0.53125 0.01171875 0.01953125
1 0.6611328125 0.560546875 0.017578125 0.015625
1 0.6953125 0.6337890625 0.013671875 0.013671875
0 0.73360915234375 0.747623634765625 0.75235025390625 0.75806641796875 0.79676656640625 0.729735701171875 0.8137894765625 0.6984380390625 0.7845077578125 0.64740331640625 0.748910638671875 0.617623869140625 0.732630091796875 0.590723576171875 0.718714623046875 0.654103015625 0.683751798828125 0.681952380859375 0.6903146484375 0.6888581953125 0.6981966015625 0.7206173125 0.73360915234375 0.747623634765625
1 0.7685546875 0.55859375 0.021484375 0.03125
1 0.794921875 0.6474609375 0.013671875 0.03125
1 0.724609375 0.529296875 0.064453125 0.068359375
1 0.736342466796875 0.592076357421875 0.74847510546875 0.615936373046875 0.7633066015625 0.6275116484375 0.763735212890625 0.598572642578125 0.746645845703125 0.564215470703125 0.7262823828125 0.566268625 0.728375435546875 0.586855861328125 0.736342466796875 0.592076357421875
1 0.7958984375 0.482421875 0.033203125 0.0546875
0 0.697985197265625 0.39090616796875 0.67987158203125 0.4195043515625 0.6736675625 0.440926837890625 0.679570578125 0.478349224609375 0.706235677734375 0.493306484375 0.73982581640625 0.499188228515625 0.756190353515625 0.490112994140625 0.774521427734375 0.457342296875 0.793186041015625 0.42448570703125 0.758044654296875 0.39436043359375 0.734130896484375 0.3715464296875 0.697985197265625 0.39090616796875
1 0.73046875 0.3486328125 0.01953125 0.021484375
1 0.75390625 0.353515625 0.029296875 0.05859375
1 0.7138671875 0.2939453125 0.0546875 0.0625
1 0.8076171875 0.439453125 0.0078125 0.013671875
1 0.82421875 0.4638671875 0.01171875 0.017578125
1 0.8427734375 0.4013671875 0.01953125 0.03125
1 0.8359375 0.5703125 0.03125 0.08203125
1 0.859375 0.599609375 0.02734375 0.029296875
0 0.943359375 0.6728515625 0.11328125 0.181640625
1 0.8349609375 0.685546875 0.015625 0.015625
1 0.8701171875 0.7314453125 0.01171875 0.013671875
0 0.9464409453125 0.419309193359375 0.955260291015625 0.382741052734375 0.9084396953125 0.3766271015625 0.87858533203125 0.3881518203125 0.845329326171875 0.42530241796875 0.845189984375 0.428201171875 0.880239208984375 0.4484476171875 0.912674955078125 0.4807650625 0.9309485703125 0.455363841796875 0.9464409453125 0.419309193359375
1 0.860415767578125 0.440417779296875 0.828071115234375 0.475866630859375 0.81507680859375 0.501765853515625 0.83308487890625 0.5301269765625 0.854198791015625 0.56805002734375 0.86896426953125 0.57611958203125 0.88710932421875 0.531823001953125 0.887487556640625 0.48608522265625 0.860415767578125 0.440417779296875
1 0.890420853515625 0.48797784765625 0.8824038359375 0.51897858984375 0.88126010546875 0.55169363671875 0.88279764453125 0.550508390625 0.9052116328125 0.56345093359375 0.978983693359375 0.55635319921875 0.998822498046875 0.46443896875 0.990523435546875 0.30608343359375 0.9840769296875 0.183076765625 0.979123494140625 0.135093166015625 0.932700634765625 0.148604955078125 0.893222341796875 0.194015541015625 0.85638155859375 0.255745232421875 0.833954466796875 0.3348711015625 0.860591740234375 0.374176779296875 0.877843099609375 0.38092888671875 0.8958489140625 0.3796451875 0.93809419140625 0.378940318359375 0.949981173828125 0.422560400390625 0.918229751953125 0.46895441796875 0.890420853515625 0.48797784765625
1 0.0361328125 0.2802734375 0.072265625 0.068359375