1 0.841796875 0.9189453125 0.203125 0.162109375
1 0.7255859375 0.9013671875 0.025390625 0.0341796875
1 0.69921875 0.947265625 0.009765625 0.009765625
1 0.697265625 0.9052734375 0.0078125 0.0126953125
1 0.634765625 0.921875 0.1123046875 0.15625
1 0.427734375 0.92578125 0.306640625 0.146484375
1 0.24609375 0.9296875 0.0625 0.078125
1 0.158203125 0.943359375 0.068359375 0.0908203125
1 0.060546875 0.9345703125 0.12109375 0.126953125
1 0.115234375 0.8193359375 0.119140625 0.1328125
1 0.0732421875 0.78125 0.146484375 0.2001953125
0 0.9521484375 0.607421875 0.095703125 0.1533203125
1 0.8740234375 0.6591796875 0.009765625 0.013671875
1 0.82421875 0.638671875 0.0107421875 0.0078125
1 0.8388671875 0.6123046875 0.009765625 0.005859375
1 0.8330078125 0.6044921875 0.005859375 0.009765625
0 0.7705078125 0.634765625 0.109375 0.1279296875
1 0.837890625 0.7158203125 0.005859375 0.009765625
1 0.7412109375 0.7177734375 0.005859375 0.0126953125
1 0.73046875 0.7060546875 0.0126953125 0.009765625
1 0.7255859375 0.7236328125 0.009765625 0.009765625
1 0.705078125 0.6962890625 0.0029296875 0.009765625
1 0.6953125 0.697265625 0.0029296875 0.0126953125
1 0.6787109375 0.7109375 0.0361328125 0.0341796875
1 0.693359375 0.650390625 0.0078125 0.0126953125
1 0.685546875 0.646484375 0.009765625 0.0126953125
1 0.677734375 0.6396484375 0.005859375 0.0107421875
1 0.849609375 0.427734375 0.130859375 0.123046875
1 0.9755859375 0.4404296875 0.015625 0.015625
1 0.9736328125 0.4248046875 0.017578125 0.0126953125
1 0.951171875 0.474609375 0.015625 0.0126953125
1 0.9189453125 0.470703125 0.0185546875 0.021484375
1 0.955078125 0.4248046875 0.015625 0.015625
0 0.96484375 0.333984375 0.0703125 0.1279296875
1 0.966796875 0.2626953125 0.015625 0.0185546875
1 0.892578125 0.3154296875 0.005859375 0.009765625
1 0.87109375 0.287109375 0.009765625 0.0107421875
0 0.7861328125 0.322265625 0.125 0.140625
1 0.724609375 0.240234375 0.009765625 0.009765625
1 0.6533203125 0.208984375 0.0126953125 0.015625
1 0.669921875 0.2265625 0.0078125 0.0126953125
1 0.66015625 0.3251953125 0.0107421875 0.009765625
1 0.6513671875 0.3515625 0.005859375 0.0126953125
1 0.6396484375 0.3291015625 0.0126953125 0.015625
1 0.658203125 0.275390625 0.0126953125 0.0126953125
1 0.560546875 0.2021484375 0.0107421875 0.0126953125
1 0.576171875 0.3701171875 0.0185546875 0.037109375
0 0.55078125 0.3076171875 0.1123046875 0.099609375
1 0.486328125 0.2158203125 0.115234375 0.1455078125
1 0.48046875 0.283203125 0.0107421875 0.0107421875
1 0.478515625 0.318359375 0.005859375 0.0107421875
1 0.47265625 0.337890625 0.009765625 0.009765625
1 0.4599609375 0.345703125 0.0126953125 0.009765625
1 0.4521484375 0.326171875 0.005859375 0.005859375
1 0.4482421875 0.3037109375 0.041015625 0.041015625
1 0.388671875 0.2568359375 0.013671875 0.015625
1 0.390625 0.220703125 0.009765625 0.009765625
1 0.4140625 0.208984375 0.0126953125 0.015625
0 0.376953125 0.361328125 0.099609375 0.1279296875
1 0.3994140625 0.2998046875 0.0078125 0.0107421875
1 0.333984375 0.3154296875 0.0126953125 0.013671875
1 0.2822265625 0.267578125 0.0498046875 0.1044921875
1 0.279296875 0.1572265625 0.0703125 0.138671875
1 0.294921875 0.0927734375 0.009765625 0.0185546875
1 0.302734375 0.037109375 0.109375 0.07421875
1 0.2080078125 0.232421875 0.025390625 0.0341796875
1 0.2509765625 0.26171875 0.005859375 0.005859375
1 0.2451171875 0.244140625 0.005859375 0.0078125
1 0.2255859375 0.2724609375 0.005859375 0.009765625
1 0.19921875 0.2529296875 0.015625 0.0185546875
1 0.19921875 0.2763671875 0.009765625 0.009765625
1 0.2119140625 0.2890625 0.009765625 0.009765625
1 0.318359375 0.2421875 0.005859375 0.005859375
1 0.1259765625 0.1728515625 0.017578125 0.015625
1 0.1669921875 0.2373046875 0.005859375 0.009765625
1 0.1708984375 0.2626953125 0.009765625 0.009765625
1 0.23046875 0.212890625 0.009765625 0.005859375
1 0.134765625 0.2431640625 0.021484375 0.0205078125
1 0.1396484375 0.2216796875 0.0126953125 0.013671875
1 0.154296875 0.232421875 0.009765625 0.009765625
1 0.11328125 0.205078125 0.009765625 0.0107421875
1 0.115234375 0.271484375 0.009765625 0.009765625
1 0.1103515625 0.2822265625 0.009765625 0.009765625
1 0.1083984375 0.2626953125 0.0126953125 0.0126953125
1 0.10546875 0.251953125 0.005859375 0.0078125
1 0.126953125 0.255859375 0.0078125 0.005859375
1 0.0810546875 0.2763671875 0.0126953125 0.015625
1 0.064453125 0.302734375 0.017578125 0.0234375
1 0.1123046875 0.314453125 0.005859375 0.0078125
1 0.1025390625 0.310546875 0.005859375 0.005859375
1 0.072265625 0.337890625 0.009765625 0.013671875
0 0.1552734375 0.3466796875 0.1015625 0.1279296875
1 0.220703125 0.341796875 0.0078125 0.015625
1 0.251953125 0.3330078125 0.005859375 0.009765625
1 0.177734375 0.4619140625 0.0126953125 0.0185546875
1 0.1591796875 0.4482421875 0.0107421875 0.0107421875
1 0.0947265625 0.4404296875 0.0078125 0.009765625
1 0.060546875 0.37109375 0.005859375 0.009765625
1 0.048828125 0.365234375 0.005859375 0.009765625
1 0.107421875 0.45703125 0.009765625 0.005859375
1 0.138671875 0.5166015625 0.052734375 0.072265625
1 0.080078125 0.513671875 0.083984375 0.09375
1 0.1953125 0.4599609375 0.005859375 0.0107421875
1 0.248046875 0.4951171875 0.076171875 0.0341796875
1 0.017578125 0.509765625 0.0205078125 0.0205078125
1 0.1015625 0.6259765625 0.005859375 0.0078125
1 0.0439453125 0.6513671875 0.03125 0.015625
0 0.1630859375 0.6357421875 0.099609375 0.1064453125
1 0.3115234375 0.787109375 0.0126953125 0.0126953125
1 0.32421875 0.7822265625 0.0078125 0.0126953125
1 0.349609375 0.765625 0.009765625 0.009765625
1 0.345703125 0.7236328125 0.013671875 0.0126953125
1 0.3173828125 0.765625 0.0078125 0.0107421875
1 0.3017578125 0.7666015625 0.0185546875 0.015625
1 0.279296875 0.7744140625 0.0126953125 0.0126953125
1 0.232421875 0.802734375 0.015625 0.021484375
1 0.2490234375 0.798828125 0.009765625 0.013671875
1 0.2607421875 0.787109375 0.009765625 0.009765625
1 0.2646484375 0.771484375 0.0126953125 0.009765625
1 0.2490234375 0.76953125 0.0185546875 0.0234375
1 0.2412109375 0.75 0.005859375 0.0126953125
1 0.232421875 0.755859375 0.009765625 0.0126953125
1 0.212890625 0.7412109375 0.0107421875 0.015625
1 0.2080078125 0.728515625 0.0107421875 0.013671875
1 0.173828125 0.7470703125 0.0107421875 0.0126953125
0 0.3857421875 0.6455078125 0.087890625 0.142578125
1 0.4306640625 0.60546875 0.015625 0.009765625
0 0.5732421875 0.63671875 0.0986328125 0.1533203125
1 0.5439453125 0.81640625 0.046875 0.052734375
1 0.5400390625 0.748046875 0.029296875 0.0283203125
1 0.498046875 0.716796875 0.009765625 0.0185546875
1 0.50390625 0.703125 0.009765625 0.0078125
1 0.474609375 0.63671875 0.0107421875 0.015625
1 0.6865234375 0.4375 0.09375 0.1689453125
1 0.6435546875 0.4580078125 0.060546875 0.1123046875
1 0.583984375 0.48828125 0.015625 0.029296875
1 0.5693359375 0.455078125 0.015625 0.0126953125
1 0.578125 0.4345703125 0.009765625 0.009765625
1 0.5302734375 0.4765625 0.015625 0.0126953125
1 0.5126953125 0.478515625 0.009765625 0.015625
1 0.4775390625 0.515625 0.0966796875 0.087890625
1 0.783203125 0.193359375 0.013671875 0.0234375
1 0.3828125 0.478515625 0.005859375 0.0107421875
1 0.341796875 0.4873046875 0.0126953125 0.015625
1 0.490234375 0.634765625 0.009765625 0.0126953125
1 0.4775390625 0.669921875 0.005859375 0.015625
1 0.4150390625 0.5849609375 0.0078125 0.009765625
1 0.0751953125 0.7138671875 0.009765625 0.015625
1 0.076171875 0.693359375 0.005859375 0.0107421875
1 0.1025390625 0.6865234375 0.005859375 0.0107421875
1 0.1318359375 0.677734375 0.009765625 0.0078125
1 0.591796875 0.755859375 0.0126953125 0.0126953125
1 0.623046875 0.8056640625 0.005859375 0.009765625
1 0.654296875 0.7001953125 0.005859375 0.0126953125
1 0.6962890625 0.61328125 0.0048828125 0.005859375
1 0.513671875 0.6953125 0.0048828125 0.009765625
1 0.501953125 0.658203125 0.0048828125 0.009765625
1 0.53125 0.697265625 0.005859375 0.005859375
1 0.53515625 0.6875 0.0078125 0.0078125
1 0.583984375 0.7734375 0.005859375 0.0078125
1 0.3720703125 0.7119140625 0.005859375 0.0078125