1 0.81640625 0.3984375 0.01953125 0.02734375
1 0.9677734375 0.5791015625 0.03125 0.033203125
1 0.9677734375 0.603515625 0.021484375 0.01953125
1 0.892578125 0.57421875 0.01953125 0.0234375
1 0.859375 0.556640625 0.015625 0.017578125
1 0.8134765625 0.560546875 0.03125 0.041015625
1 0.7724609375 0.5546875 0.04296875 0.0546875
1 0.7529296875 0.48828125 0.037109375 0.0546875
1 0.751953125 0.560546875 0.013671875 0.01953125
1 0.7373046875 0.5625 0.015625 0.017578125
1 1 0.27623548046875 0.988103505859375 0.26384145703125 0.979950611328125 0.261057154296875 0.934727599609375 0.2871802734375 0.89970013671875 0.315586111328125 0.884012900390625 0.335213453125 0.882986888671875 0.36431268359375 0.900972087890625 0.39090696484375 0.930204216796875 0.42786518359375 0.9586468359375 0.435870734375 0.99578214453125 0.42810304296875 1 0.421477767578125 1 0.27623548046875
0 0.887920763671875 0.501182095703125 0.92939408203125 0.504885634765625 0.945414701171875 0.483179890625 0.96502361328125 0.438946412109375 0.94031830859375 0.433939486328125 0.9163795234375 0.41571671484375 0.901986859375 0.384699162109375 0.868529564453125 0.400548931640625 0.83261844140625 0.440403806640625 0.8243336171875 0.4704911484375 0.854515533203125 0.50126782421875 0.887920763671875 0.501182095703125
0 0.705078125 0.423828125 0.1171875 0.11328125
1 0.6591796875 0.4873046875 0.04296875 0.064453125
1 0.6337890625 0.5126953125 0.025390625 0.041015625
1 0.6015625 0.4775390625 0.056640625 0.076171875
1 0.736328125 0.3408203125 0.015625 0.015625
1 0.7275390625 0.359375 0.017578125 0.021484375
1 0.5986328125 0.3779296875 0.068359375 0.087890625
0 0.515625 0.3896484375 0.119140625 0.138671875
1 0.5009765625 0.490234375 0.068359375 0.095703125
1 0.4599609375 0.498046875 0.037109375 0.060546875
1 0.4599609375 0.4521484375 0.013671875 0.017578125
1 0.4736328125 0.337890625 0.017578125 0.029296875
1 0.4814453125 0.5615234375 0.091796875 0.07421875
0 0.4677734375 0.640625 0.103515625 0.138671875
1 0.357421875 0.4873046875 0.140625 0.162109375
1 0.451171875 0.33203125 0.01171875 0.01171875
1 0.5029296875 0.3017578125 0.01171875 0.01171875
1 0.3193359375 0.2822265625 0.015625 0.01953125
0 0.362834861328125 0.268046521484375 0.35534353515625 0.270199208984375 0.357436607421875 0.268964369140625 0.315775814453125 0.29127037890625 0.293382212890625 0.2959406640625 0.268149736328125 0.34357009765625 0.28241568359375 0.37655065234375 0.30687850390625 0.415519248046875 0.344130814453125 0.3974901875 0.374710306640625 0.35766543359375 0.37627295703125 0.310372408203125 0.362834861328125 0.268046521484375
1 0.2236328125 0.4794921875 0.017578125 0.013671875
1 0.2392578125 0.4130859375 0.01171875 0.017578125
1 0.19140625 0.2998046875 0.01953125 0.021484375
0 0.088978533203125 0.336272806640625 0.102684013671875 0.377870765625 0.14502291796875 0.395050083984375 0.191312076171875 0.3571551796875 0.198840837890625 0.311764908203125 0.177055892578125 0.278188689453125 0.146161962890625 0.250743271484375 0.144726927734375 0.251199201171875 0.112143962890625 0.2783709609375 0.088978533203125 0.336272806640625
1 0.0556640625 0.4072265625 0.046875 0.048828125
1 0.0302734375 0.3427734375 0.0234375 0.04296875
0 0.06471947265625 0.479035265625 0.1136671328125 0.463731935546875 0.133075919921875 0.44468060546875 0.134319478515625 0.43290441015625 0.1169654140625 0.409136890625 0.080230408203125 0.409040046875 0.028279490234375 0.4439798359375 0.06471947265625 0.479035265625
1 0.197265625 0.4267578125 0.015625 0.017578125
1 0.1748046875 0.4248046875 0.015625 0.015625
0 0.080078125 0.5869140625 0.150390625 0.1640625
0 0.267578125 0.6123046875 0.1328125 0.1640625
1 0.3427734375 0.6025390625 0.013671875 0.01953125
1 0.5556640625 0.658203125 0.01171875 0.01171875
1 0.603515625 0.6640625 0.013671875 0.017578125
1 0.64453125 0.603515625 0.013671875 0.01953125
1 0.720703125 0.6376953125 0.072265625 0.05859375
0 0.625335318359375 0.6482920078125 0.599313990234375 0.688235154296875 0.598473564453125 0.71219360546875 0.641123185546875 0.75865625 0.6707031484375 0.773005447265625 0.697222232421875 0.74884109765625 0.713032240234375 0.7253913125 0.738696837890625 0.687362365234375 0.73951107421875 0.687375296875 0.724509048828125 0.66369446484375 0.698025392578125 0.64230159375 0.67930722265625 0.617732607421875 0.66297891015625 0.612935435546875 0.625335318359375 0.6482920078125
1 0.8076171875 0.6650390625 0.05859375 0.072265625
0 0.8681640625 0.7099609375 0.138671875 0.15625
1 0.7900390625 0.5986328125 0.009765625 0.01171875
1 0.6103515625 0.974609375 0.068359375 0.05078125
1 0.4248046875 0.9599609375 0.017578125 0.017578125
1 0.380859375 0.9169921875 0.015625 0.01953125
1 0.705078125 0.5625 0.013671875 0.013671875
1 0.7763671875 0.7265625 0.046875 0.0390625
1 0.419921875 0.478515625 0.009765625 0.013671875
1 0.30078125 0.4755859375 0.01171875 0.01171875
1 0.5712890625 0.3291015625 0.009765625 0.01171875