0 0.349609375 0.8583984375 0.15625 0.150390625
1 0.2783203125 0.74609375 0.013671875 0.015625
1 0.3896484375 0.7236328125 0.0283203125 0.015625
1 0.47265625 0.7353515625 0.0498046875 0.0595703125
1 0.51171875 0.9853515625 0.0703125 0.029296875
1 0.5712890625 0.95703125 0.021484375 0.0234375
1 0.552734375 0.951171875 0.009765625 0.015625
1 0.5537109375 0.9345703125 0.0185546875 0.015625
1 0.525390625 0.9326171875 0.0185546875 0.025390625
1 0.5283203125 0.865234375 0.0205078125 0.0107421875
1 0.525390625 0.833984375 0.0185546875 0.015625
1 0.607421875 0.787109375 0.0234375 0.0234375
1 0.6317138671875 0.822730169921875 0.59826057421875 0.80314805859375 0.579829462890625 0.797788267578125 0.54335907421875 0.79855798828125 0.537813162109375 0.8327218515625 0.54611997265625 0.8566611953125 0.5597993828125 0.8590856484375 0.58255871484375 0.83113945703125 0.593456126953125 0.826706498046875 0.62189700390625 0.83232964453125 0.6317138671875 0.822730169921875
1 0.54636425 0.798814150390625 0.590783046875 0.799638638671875 0.591292701171875 0.79252732421875 0.576852509765625 0.77103966015625 0.558487435546875 0.768483171875 0.533022279296875 0.7705489140625 0.50352812109375 0.78056772265625 0.495226791015625 0.808718697265625 0.50169555859375 0.811139552734375 0.5227426171875 0.801687119140625 0.54636425 0.798814150390625
1 0.52734375 0.8125 0.0234375 0.021484375
1 0.5439453125 0.7626953125 0.0654296875 0.025390625
1 0.525390625 0.7412109375 0.015625 0.013671875
1 0.60546875 0.693359375 0.025390625 0.021484375
0 0.65625 0.6298828125 0.1357421875 0.099609375
1 0.5703125 0.599609375 0.0185546875 0.025390625
1 0.552734375 0.6435546875 0.041015625 0.0361328125
1 0.529296875 0.6689453125 0.0126953125 0.0107421875
1 0.58061298828125 0.569667212890625 0.579555318359375 0.556517322265625 0.562079125 0.556130970703125 0.538082650390625 0.568544330078125 0.518358498046875 0.586812953125 0.51229526171875 0.59819220703125 0.52221871484375 0.60775397265625 0.54082272265625 0.610478154296875 0.55527497265625 0.609638046875 0.560848283203125 0.5918420859375 0.57167815234375 0.579602173828125 0.58061298828125 0.569667212890625
1 0.501953125 0.5908203125 0.0107421875 0.0078125
1 0.529296875 0.5126953125 0.013671875 0.0126953125
1 0.5537109375 0.5078125 0.0126953125 0.005859375
1 0.5283203125 0.533203125 0.005859375 0.005859375
1 0.53515625 0.478515625 0.0185546875 0.013671875
1 0.5322265625 0.49609375 0.0263671875 0.025390625
1 0.5302734375 0.4599609375 0.0126953125 0.005859375
1 0.52734375 0.439453125 0.015625 0.0126953125
1 0.53535353515625 0.34343434375 0.5008001015625 0.366957333984375 0.52006282421875 0.4009915234375 0.541936291015625 0.38290127734375 0.549007873046875 0.35453986328125 0.5487645546875 0.342025396484375 0.537342830078125 0.343033197265625 0.53535353515625 0.34343434375
1 0.506113654296875 0.374297169921875 0.48098498046875 0.35956159765625 0.46380471484375 0.36363636328125 0.46973971484375 0.39834543359375 0.487942576171875 0.419380984375 0.523609576171875 0.42464439453125 0.54235278125 0.41121337109375 0.541496783203125 0.386672716796875 0.506113654296875 0.374297169921875
1 0.5986667890625 0.31073594140625 0.58091768359375 0.27873214453125 0.5735611328125 0.28361824609375 0.573677310546875 0.30564022265625 0.55245817578125 0.316749033203125 0.51868730859375 0.3178784921875 0.501414974609375 0.335636638671875 0.509561763671875 0.34847744921875 0.529532521484375 0.33968098828125 0.55299523046875 0.33986265625 0.58182629296875 0.35360029296875 0.59421362109375 0.355460529296875 0.5989221640625 0.35209845703125 0.5986667890625 0.31073594140625
1 0.44321908203125 0.28202598828125 0.44275984765625 0.281677451171875 0.4490872265625 0.29448044921875 0.46317778515625 0.3127556484375 0.50633066796875 0.32911142578125 0.529466759765625 0.318401298828125 0.5623081953125 0.320172755859375 0.576194892578125 0.304344716796875 0.569611041015625 0.27962486328125 0.5487492109375 0.270091046875 0.51852290234375 0.254960904296875 0.494889212890625 0.257861822265625 0.4639910390625 0.26831219140625 0.44321908203125 0.28202598828125
1 0.572265625 0.26953125 0.021484375 0.015625
1 0.5498046875 0.267578125 0.0078125 0.005859375
1 0.5498046875 0.2451171875 0.015625 0.0126953125
1 0.6728515625 0.283203125 0.0185546875 0.0107421875
1 0.7109375 0.248046875 0.029296875 0.0205078125
1 0.751953125 0.208984375 0.0185546875 0.0126953125
0 0.666015625 0.416015625 0.150390625 0.126953125
1 0.5263671875 0.2158203125 0.009765625 0.025390625
0 0.619815779296875 0.154686513671875 0.623198126953125 0.18438864453125 0.63425268359375 0.20547844921875 0.638934921875 0.20373905078125 0.65861413671875 0.181261673828125 0.654713365234375 0.167251947265625 0.66429047265625 0.16207731640625 0.687954853515625 0.17306693359375 0.706572013671875 0.1785005 0.7172363828125 0.1692831640625 0.689865232421875 0.14212601171875 0.67548641796875 0.12443855859375 0.64987768359375 0.096105916015625 0.63433926953125 0.10129041015625 0.6377588828125 0.129592638671875 0.59458955859375 0.13839156640625 0.57461880078125 0.1506569609375 0.619815779296875 0.154686513671875
1 0.57301092578125 0.20005228125 0.607820830078125 0.234888763671875 0.64718144921875 0.245505181640625 0.66085990234375 0.24106708203125 0.658961578125 0.23524880859375 0.62973046484375 0.20136587109375 0.6287747265625 0.1798149140625 0.625746396484375 0.16239626171875 0.594509548828125 0.1571024375 0.57301092578125 0.20005228125
1 0.5654296875 0.185546875 0.015625 0.0078125
1 0.55078125 0.123046875 0.005859375 0.009765625
1 0.552734375 0.091796875 0.0107421875 0.009765625
1 0.5283203125 0.0947265625 0.015625 0.015625
1 0.52734375 0.064453125 0.009765625 0.0107421875
1 0.529296875 0.041015625 0.0126953125 0.0185546875
1 0.435546875 0.1318359375 0.072265625 0.029296875
1 0.3125 0.111328125 0.015625 0.009765625
1 0.291015625 0.1337890625 0.015625 0.013671875
0 0.3388671875 0.2109375 0.1904296875 0.1376953125
1 0.41945058203125 0.343295421875 0.4180027265625 0.31806016015625 0.380942673828125 0.283329716796875 0.3569297578125 0.2890509921875 0.32441165234375 0.3168682265625 0.30445294921875 0.350462634765625 0.361511162109375 0.368457525390625 0.389918060546875 0.382330794921875 0.4079817265625 0.368993482421875 0.41945058203125 0.343295421875
0 0.36945847265625 0.3718146640625 0.33929792578125 0.36645343359375 0.33915763671875 0.3673338203125 0.32506269140625 0.395916357421875 0.33285546484375 0.414851642578125 0.330029900390625 0.42854735546875 0.32884399609375 0.43952299609375 0.36930393359375 0.44410083984375 0.402516923828125 0.4431982578125 0.42015971484375 0.449936375 0.438530267578125 0.44143830859375 0.43788470703125 0.40203713671875 0.438258453125 0.35202694140625 0.42043481640625 0.3436751953125 0.40233826953125 0.354893333984375 0.39067870703125 0.38263001171875 0.36945847265625 0.3718146640625
1 0.365234375 0.4755859375 0.0498046875 0.037109375
1 0.396484375 0.451171875 0.0126953125 0.009765625
1 0.5234375 0.619140625 0.013671875 0.009765625
1 0.46759359765625 0.649668751953125 0.488913203125 0.64775933203125 0.512139716796875 0.64471586328125 0.531501173828125 0.63388023828125 0.530580873046875 0.62408447265625 0.516080126953125 0.61731559765625 0.48477888671875 0.60416892578125 0.450636373046875 0.58927258203125 0.39859121875 0.56313295703125 0.38285670703125 0.578656986328125 0.385440779296875 0.59137264453125 0.39973255078125 0.60204324609375 0.39973255078125 0.63036883203125 0.403032970703125 0.66073419921875 0.428099080078125 0.66130009375 0.444403251953125 0.6549539453125 0.46759359765625 0.649668751953125
0 0.373388068359375 0.718307833984375 0.3982458046875 0.69707212109375 0.44042486328125 0.67479293359375 0.44120852734375 0.674679904296875 0.419707271484375 0.65170355859375 0.403463783203125 0.634991681640625 0.40165051171875 0.607342302734375 0.39012707421875 0.59528266015625 0.327510126953125 0.58655689453125 0.28100043359375 0.59339554296875 0.269909818359375 0.623150861328125 0.25605589453125 0.67812319140625 0.27356408984375 0.70979546484375 0.300038580078125 0.7237548828125 0.353338396484375 0.729306822265625 0.373388068359375 0.718307833984375
0 0.675188767578125 0.79230220703125 0.639178240234375 0.814012638671875 0.6187841015625 0.828516400390625 0.578967220703125 0.82271773828125 0.59576512890625 0.888053126953125 0.64112103125 0.91670541796875 0.70950796484375 0.90896008984375 0.7493730703125 0.87340598046875 0.72233933984375 0.80158988671875 0.675188767578125 0.79230220703125
1 0.052734375 0.8525390625 0.048828125 0.056640625
1 0.384765625 0.9677734375 0.013671875 0.009765625
1 0.490234375 0.451171875 0.0107421875 0.0078125
1 0.525390625 0.880859375 0.009765625 0.005859375