1 0.1396484375 0.0537109375 0.046875 0.05859375
1 0.14453125 0.3193359375 0.033203125 0.041015625
1 0.1201171875 0.3671875 0.013671875 0.017578125
1 0.1396484375 0.3486328125 0.013671875 0.013671875
1 0.1298828125 0.3837890625 0.015625 0.015625
1 0.177734375 0.3701171875 0.013671875 0.015625
0 0.00805944140625 0.26048026953125 0.007080291015625 0.28851945703125 0.004479744140625 0.362989400390625 0.0444211328125 0.40021933203125 0.0752136328125 0.410134892578125 0.10748675390625 0.41604876171875 0.111884296875 0.388575302734375 0.117469001953125 0.360917708984375 0.13163487109375 0.3310758671875 0.125447830078125 0.3106386796875 0.101403341796875 0.28936919140625 0.069014486328125 0.264150603515625 0.026170724609375 0.232642455078125 0.02572176171875 0.232725697265625 0.00805944140625 0.26048026953125
1 0.0087890625 0.5224609375 0.009765625 0.013671875
1 0.044921875 0.50390625 0.044921875 0.044921875
0 0.0556640625 0.638671875 0.111328125 0.13671875
1 0.119140625 0.6845703125 0.017578125 0.021484375
1 0.123046875 0.62890625 0.005859375 0.009765625
1 0.1396484375 0.6455078125 0.01171875 0.017578125
1 0.14453125 0.5908203125 0.013671875 0.015625
1 0.1728515625 0.642578125 0.009765625 0.013671875
1 0.189453125 0.7177734375 0.013671875 0.015625
1 0.1962890625 0.7373046875 0.013671875 0.013671875
1 0.234375 0.73046875 0.01953125 0.017578125
1 0.180347595703125 0.710426712890625 0.1623239609375 0.718498841796875 0.1631262734375 0.739621404296875 0.175544224609375 0.779213740234375 0.18829037109375 0.785415630859375 0.219319087890625 0.7629943125 0.22795923046875 0.729403134765625 0.21531823046875 0.706017796875 0.200895615234375 0.7096073515625 0.201546361328125 0.72729733203125 0.2019431328125 0.737647345703125 0.195149650390625 0.7442405625 0.182679373046875 0.7285324765625 0.180347595703125 0.710426712890625
1 0.271484375 0.7685546875 0.017578125 0.025390625
1 0.2646484375 0.7080078125 0.015625 0.025390625
1 0.2216796875 0.5751953125 0.015625 0.015625
1 0.1416015625 0.5224609375 0.005859375 0.013671875
1 0.1689453125 0.521484375 0.052734375 0.06640625
1 0.1513671875 0.4443359375 0.013671875 0.013671875
1 0.18359375 0.4443359375 0.005859375 0.005859375
1 0.2138671875 0.484375 0.009765625 0.0078125
1 0.212890625 0.3701171875 0.005859375 0.009765625
1 0.2763671875 0.5615234375 0.0078125 0.005859375
1 0.2998046875 0.703125 0.015625 0.015625
1 0.3232421875 0.751953125 0.0078125 0.013671875
1 0.3095703125 0.7783203125 0.0078125 0.009765625
1 0.3203125 0.6787109375 0.015625 0.013671875
1 0.3466796875 0.66796875 0.0234375 0.03125
1 0.3388671875 0.638671875 0.0078125 0.009765625
0 0.31045677734375 0.57847817578125 0.298993150390625 0.572962857421875 0.27734161328125 0.56651874609375 0.257590185546875 0.56349227734375 0.2425012578125 0.571342376953125 0.220591548828125 0.59081650390625 0.195016169921875 0.600249896484375 0.192946599609375 0.628863841796875 0.20209184765625 0.668148875 0.218779115234375 0.69977023828125 0.24315226171875 0.69903619921875 0.276252947265625 0.6883250625 0.31524741796875 0.657765087890625 0.31769791015625 0.627648041015625 0.31045677734375 0.57847817578125
1 0.4404296875 0.7763671875 0.029296875 0.03515625
1 0.4521484375 0.7412109375 0.013671875 0.01953125
1 0.4794921875 0.5595703125 0.025390625 0.044921875
0 0.486465619140625 0.694212177734375 0.51233538671875 0.659170642578125 0.5184223984375 0.6351617578125 0.51038275 0.613910716796875 0.49409604296875 0.598179140625 0.474307935546875 0.578947458984375 0.464559021484375 0.562597314453125 0.4507300546875 0.536154572265625 0.431177330078125 0.55819250390625 0.408681361328125 0.57559291796875 0.3923312109375 0.59160348046875 0.3824288828125 0.6149869375 0.381506359375 0.64676783984375 0.38350409765625 0.680035634765625 0.40901762890625 0.70235046875 0.446640408203125 0.705241005859375 0.486465619140625 0.694212177734375
1 0.4169921875 0.568359375 0.009765625 0.013671875
1 0.402971287109375 0.575153451171875 0.410250705078125 0.566589107421875 0.42949042578125 0.555846322265625 0.445986076171875 0.54756159375 0.47224786328125 0.519534296875 0.46905586328125 0.4891152578125 0.46410179296875 0.462388900390625 0.4549188515625 0.4535126640625 0.436602556640625 0.445118517578125 0.406439904296875 0.4354843203125 0.387041095703125 0.43205034765625 0.39338466015625 0.46163365234375 0.398410498046875 0.4736351796875 0.39581527734375 0.49102964453125 0.3725518828125 0.50716552734375 0.3624887890625 0.53499727734375 0.37544192578125 0.55804608203125 0.39477770703125 0.57180918359375 0.402971287109375 0.575153451171875
1 0.501953125 0.482421875 0.013671875 0.01953125
1 0.341796875 0.3447265625 0.013671875 0.01953125
1 0.353515625 0.3369140625 0.009765625 0.013671875
1 0.3583984375 0.36328125 0.013671875 0.01953125
1 0.384765625 0.357421875 0.013671875 0.021484375
0 0.344151306640625 0.36820390625 0.32762566015625 0.34314720703125 0.31045859765625 0.316300779296875 0.29494416796875 0.295631966796875 0.2823426640625 0.2953668359375 0.26065178125 0.303729513671875 0.238582017578125 0.297110349609375 0.20953384375 0.275667337890625 0.203154599609375 0.33169990234375 0.220031703125 0.350811830078125 0.214396943359375 0.377208228515625 0.22302999609375 0.397815283203125 0.2507106015625 0.412741994140625 0.28127616015625 0.424777662109375 0.314237986328125 0.394957638671875 0.34373564453125 0.38342340234375 0.344151306640625 0.36820390625
0 0.4580078125 0.3447265625 0.126953125 0.14453125
1 0.5224609375 0.2998046875 0.005859375 0.021484375
1 0.578125 0.4111328125 0.0234375 0.029296875
1 0.6083984375 0.400390625 0.01171875 0.015625
1 0.529296875 0.541015625 0.009765625 0.009765625
1 0.442986455078125 0.4307962734375 0.442350673828125 0.446541294921875 0.455437033203125 0.45758777734375 0.4729399609375 0.472121677734375 0.493055318359375 0.473976205078125 0.49647395703125 0.445697693359375 0.480575169921875 0.427951755859375 0.4528094921875 0.418673904296875 0.442986455078125 0.4307962734375
1 0.6591796875 0.5390625 0.046875 0.0859375
1 0.5712890625 0.7548828125 0.015625 0.01953125
1 0.5341796875 0.6865234375 0.013671875 0.015625
1 0.5439453125 0.6748046875 0.005859375 0.01171875
1 0.5361328125 0.6416015625 0.0078125 0.015625
1 0.63671875 0.7421875 0.02734375 0.03515625
1 0.65625 0.74609375 0.005859375 0.013671875
1 0.669921875 0.7158203125 0.01171875 0.009765625
1 0.7080078125 0.751953125 0.013671875 0.01171875
1 0.7275390625 0.6904296875 0.01171875 0.013671875
1 0.75 0.7373046875 0.0234375 0.025390625
1 0.72265625 0.740234375 0.017578125 0.021484375
1 0.7421875 0.7626953125 0.03515625 0.029296875
1 0.7841796875 0.705078125 0.009765625 0.01171875
0 0.65847286328125 0.69979898828125 0.676370517578125 0.705050408203125 0.707117615234375 0.703337412109375 0.71933460546875 0.685206486328125 0.7460825 0.6698159765625 0.74042137109375 0.655175650390625 0.7227551015625 0.631742701171875 0.707897748046875 0.597439546875 0.698035755859375 0.573005203125 0.660161673828125 0.617185591796875 0.64795086328125 0.645555173828125 0.65847286328125 0.69979898828125
1 0.7705078125 0.537109375 0.0390625 0.0703125
1 0.82421875 0.5078125 0.044921875 0.0390625
1 0.80859375 0.4306640625 0.005859375 0.009765625
1 0.80859375 0.4423828125 0.013671875 0.013671875
1 0.83984375 0.4599609375 0.013671875 0.01953125
1 0.712890625 0.4150390625 0.009765625 0.0078125
1 0.7236328125 0.42578125 0.021484375 0.01953125
1 0.7333984375 0.3701171875 0.013671875 0.01171875
1 0.7392578125 0.3583984375 0.009765625 0.009765625
1 0.7392578125 0.39453125 0.01953125 0.0234375
1 0.7529296875 0.3916015625 0.0078125 0.009765625
1 0.76171875 0.3955078125 0.009765625 0.021484375
1 0.748046875 0.4150390625 0.009765625 0.013671875
0 0.647146044921875 0.427489396484375 0.6753782890625 0.471494357421875 0.69180883984375 0.446600498046875 0.70627662890625 0.414875201171875 0.72777155078125 0.403314837890625 0.717910806640625 0.376383357421875 0.735405890625 0.334918611328125 0.719375525390625 0.321044138671875 0.7049138125 0.310648115234375 0.688000046875 0.30890901171875 0.65103857421875 0.31330148828125 0.6368001015625 0.330972166015625 0.63070464453125 0.37646857421875 0.647146044921875 0.427489396484375
1 0.611328125 0.3203125 0.009765625 0.013671875
1 0.7919921875 0.4140625 0.01171875 0.015625
1 0.7939453125 0.33984375 0.0078125 0.0078125
1 0.955078125 0.3828125 0.013671875 0.01171875
1 0.9521484375 0.443359375 0.01171875 0.015625
1 0.982421875 0.40625 0.021484375 0.029296875
1 0.9873046875 0.4375 0.009765625 0.013671875
1 0.986328125 0.3271484375 0.013671875 0.021484375
1 0.998046875 0.3369140625 0.00390625 0.025390625
1 0.95703125 0.34765625 0.005859375 0.009765625
1 0.90234375 0.2783203125 0.009765625 0.013671875
1 0.91015625 0.236328125 0.01171875 0.021484375
1 0.947265625 0.2275390625 0.009765625 0.013671875
0 0.889593759765625 0.454656966796875 0.919166068359375 0.443549978515625 0.94112769140625 0.39439981640625 0.96047576171875 0.365138248046875 0.94669748046875 0.34499089453125 0.925603791015625 0.32073253125 0.88096505859375 0.330080482421875 0.8437105390625 0.339081904296875 0.83583842578125 0.376329861328125 0.840874548828125 0.417651306640625 0.841647078125 0.418951001953125 0.868834673828125 0.444834826171875 0.889593759765625 0.454656966796875
1 0.9365234375 0.49609375 0.021484375 0.025390625
1 0.908685630859375 0.563807484375 0.89780259375 0.54272858203125 0.88307611328125 0.5309239296875 0.869692841796875 0.512601126953125 0.855569916015625 0.54217183203125 0.8550065625 0.56162051953125 0.88144362890625 0.56347383203125 0.908685630859375 0.563807484375
1 0.920854173828125 0.566210861328125 0.943317021484375 0.565926439453125 0.9480029921875 0.5575538203125 0.96316327734375 0.50856304296875 0.960836255859375 0.493145232421875 0.954217859375 0.50011371484375 0.92764619921875 0.5155875859375 0.907776892578125 0.51547037890625 0.878571826171875 0.523937388671875 0.88605709375 0.534636271484375 0.905018052734375 0.560480123046875 0.920854173828125 0.566210861328125
1 0.96484375 0.5419921875 0.01171875 0.009765625
1 0.9833984375 0.5537109375 0.029296875 0.021484375
0 0.9150390625 0.6845703125 0.15234375 0.1640625
1 0.48828125 0.05859375 0.125 0.1171875
1 0.6630859375 0.0673828125 0.1640625 0.126953125
1 0.732032130859375 0.011465326171875 0.748993685546875 0.05933518359375 0.73045627734375 0.102451412109375 0.70582688671875 0.122404623046875 0.691358314453125 0.117997630859375 0.68674420703125 0.151006443359375 0.683594712890625 0.196224859375 0.697756814453125 0.217736060546875 0.72135996875 0.2321302109375 0.736763203125 0.23479303515625 0.756627099609375 0.227162759765625 0.76613137109375 0.166009546875 0.780849890625 0.128688392578125 0.800301736328125 0.08599875390625 0.81147907421875 0.029457138671875 0.732032130859375 0.011465326171875
1 0.837890625 0.0751953125 0.0859375 0.12109375
1 0.9296875 0.0869140625 0.1171875 0.146484375
1 0.9873046875 0.0908203125 0.025390625 0.056640625
1 0.9697265625 0.193359375 0.0078125 0.013671875
1 0.6044921875 0.58203125 0.005859375 0.009765625