0 0.271484375 0.94140625 0.142578125 0.083984375
0 0.30078125 0.7919921875 0.142578125 0.115234375
1 0.2939453125 0.72265625 0.017578125 0.01171875
0 0.2919921875 0.6025390625 0.185546875 0.140625
0 0.3251953125 0.3828125 0.1484375 0.142578125
1 0.4404296875 0.3369140625 0.091796875 0.109375
0 0.3759765625 0.21875 0.126953125 0.123046875
1 0.4208984375 0.1533203125 0.064453125 0.048828125
0 0.400390625 0.037109375 0.15625 0.07421875
1 0.494140625 0.080078125 0.017578125 0.013671875
1 0.5263671875 0.107421875 0.013671875 0.01171875
1 0.5263671875 0.0859375 0.013671875 0.013671875
1 0.48046875 0.1396484375 0.017578125 0.01171875
1 0.46484375 0.21484375 0.02734375 0.01953125
1 0.4794921875 0.2001953125 0.017578125 0.015625
1 0.50390625 0.1796875 0.03515625 0.029296875
1 0.4677734375 0.2734375 0.0078125 0.021484375
1 0.453125 0.4150390625 0.01953125 0.021484375
1 0.435546875 0.4345703125 0.0390625 0.029296875
1 0.453125 0.4482421875 0.087890625 0.06640625
1 0.48046875 0.5009765625 0.06640625 0.072265625
1 0.439453125 0.525390625 0.015625 0.013671875
1 0.435546875 0.494140625 0.013671875 0.013671875
1 0.4560546875 0.6181640625 0.10546875 0.08203125
1 0.447265625 0.6650390625 0.033203125 0.02734375
1 0.45703125 0.685546875 0.009765625 0.009765625
1 0.4248046875 0.720703125 0.111328125 0.080078125
1 0.412109375 0.689453125 0.138671875 0.08984375
1 0.484375 0.744140625 0.025390625 0.02734375
0 0.5390625 0.80859375 0.154296875 0.130859375
0 0.52734375 0.953125 0.16015625 0.09375
1 0.421875 0.912109375 0.099609375 0.08203125
1 0.4150390625 0.84765625 0.11328125 0.07421875
1 0.39453125 0.8310546875 0.02734375 0.013671875
1 0.396484375 0.802734375 0.01953125 0.0234375
1 0.3984375 0.7705078125 0.013671875 0.013671875
1 0.4052734375 0.951171875 0.0078125 0.009765625
0 0.57421875 0.619140625 0.15625 0.134765625
1 0.5537109375 0.53125 0.009765625 0.0078125
0 0.60546875 0.4404296875 0.181640625 0.15625
1 0.5908203125 0.3173828125 0.119140625 0.0703125
0 0.5576171875 0.2529296875 0.033203125 0.029296875
0 0.626953125 0.2421875 0.146484375 0.134765625
1 0.62109375 0.1875 0.01171875 0.01171875
1 0.6923828125 0.13671875 0.109375 0.0859375
0 0.646484375 0.064453125 0.142578125 0.115234375
1 0.525390625 0.0341796875 0.0234375 0.021484375