0 0.6259765625 0.0224609375 0.130859375 0.044921875
0 0.654296875 0.1875 0.16015625 0.142578125
1 0.6904296875 0.26171875 0.044921875 0.0390625
1 0.673828125 0.2880859375 0.009765625 0.0078125
0 0.68359375 0.4033203125 0.123046875 0.087890625
1 0.55859375 0.3701171875 0.017578125 0.013671875
1 0.6171875 0.5302734375 0.02734375 0.01953125
0 0.7177734375 0.619140625 0.171875 0.1328125
1 0.6318359375 0.7578125 0.1015625 0.099609375
1 0.5810546875 0.6572265625 0.013671875 0.015625
0 0.771484375 0.837890625 0.189453125 0.171875
1 0.6337890625 0.9765625 0.0390625 0.025390625
1 0.64453125 0.89453125 0.017578125 0.01171875
1 0.6240234375 0.908203125 0.013671875 0.0078125
1 0.6123046875 0.8349609375 0.01171875 0.01171875
1 0.607421875 0.8115234375 0.01171875 0.01171875
1 0.595703125 0.8720703125 0.0078125 0.005859375
1 0.595703125 0.9306640625 0.0078125 0.009765625
1 0.5908203125 0.6767578125 0.009765625 0.0078125
1 0.5869140625 0.6845703125 0.01171875 0.01171875
1 0.5546875 0.66015625 0.013671875 0.009765625
1 0.5703125 0.578125 0.009765625 0.009765625
1 0.5390625 0.57421875 0.013671875 0.005859375
1 0.548828125 0.5947265625 0.005859375 0.005859375
1 0.4892578125 0.6171875 0.0390625 0.01953125
1 0.4375 0.5751953125 0.013671875 0.0078125
1 0.4306640625 0.5615234375 0.013671875 0.009765625
1 0.470703125 0.560546875 0.009765625 0.0078125
1 0.431640625 0.5009765625 0.017578125 0.013671875
1 0.3701171875 0.5986328125 0.015625 0.01171875
0 0.427734375 0.6650390625 0.0859375 0.05859375
1 0.41015625 0.7041015625 0.013671875 0.009765625
1 0.490234375 0.7587890625 0.01171875 0.01171875
1 0.4716796875 0.763671875 0.009765625 0.0078125
1 0.4287109375 0.787109375 0.009765625 0.0078125
1 0.43359375 0.814453125 0.017578125 0.01171875
1 0.5126953125 0.7841796875 0.005859375 0.005859375
1 0.4453125 0.93359375 0.009765625 0.0078125
1 0.45703125 0.9345703125 0.005859375 0.005859375
1 0.4404296875 0.953125 0.009765625 0.0078125
1 0.4521484375 0.9921875 0.015625 0.01171875
1 0.533203125 0.96484375 0.017578125 0.01171875
1 0.48828125 0.4560546875 0.0859375 0.095703125
1 0.46484375 0.3759765625 0.033203125 0.025390625
1 0.36328125 0.4931640625 0.02734375 0.0234375
1 0.5478515625 0.421875 0.013671875 0.01171875
1 0.5517578125 0.44921875 0.009765625 0.009765625
1 0.5771484375 0.5 0.017578125 0.013671875
1 0.5087890625 0.3466796875 0.017578125 0.01171875
1 0.486328125 0.259765625 0.064453125 0.056640625
1 0.4013671875 0.3232421875 0.015625 0.013671875
1 0.3681640625 0.3251953125 0.01953125 0.013671875
1 0.322265625 0.29296875 0.009765625 0.009765625
1 0.36328125 0.0849609375 0.017578125 0.013671875
1 0.2587890625 0.0869140625 0.015625 0.01171875
1 0.54296875 0.3876953125 0.0078125 0.005859375
1 0.4765625 0.1337890625 0.013671875 0.013671875
1 0.5107421875 0.1240234375 0.009765625 0.0078125
1 0.505859375 0.16796875 0.0078125 0.013671875
1 0.4609375 0.0205078125 0.01953125 0.015625
1 0.4912109375 0.0146484375 0.009765625 0.009765625
0 0.5413520078125 0.810611470703125 0.487190326171875 0.793534951171875 0.465975 0.807554884765625 0.422870158203125 0.83766484765625 0.396151015625 0.860874650390625 0.395844697265625 0.897626171875 0.42212734765625 0.924664291015625 0.460169578125 0.93247940625 0.48865326953125 0.932756251953125 0.526575884765625 0.927075701171875 0.5458656953125 0.90706865625 0.568105041015625 0.88010500390625 0.5413520078125 0.810611470703125
0 0.339406416015625 0.47942421484375 0.379155845703125 0.484947392578125 0.440571275390625 0.485717583984375 0.450143486328125 0.44248980859375 0.44933674609375 0.405661517578125 0.42129734375 0.36749566015625 0.3956469375 0.36177444921875 0.32760216015625 0.38915129296875 0.29753298828125 0.418161734375 0.311056904296875 0.461514462890625 0.339406416015625 0.47942421484375
0 0.293506205078125 0.236676990234375 0.323970740234375 0.2708229296875 0.374441234375 0.275361595703125 0.411173171875 0.264350736328125 0.440499796875 0.224190845703125 0.461777896484375 0.177852099609375 0.424217021484375 0.121355705078125 0.3629671796875 0.11991315234375 0.297329646484375 0.1477739921875 0.287555736328125 0.19314659765625 0.293506205078125 0.236676990234375