0 0.0439453125 0.388671875 0.087890625 0.19140625
0 0.2646484375 0.3505859375 0.138671875 0.185546875
1 0.02734375 0.5166015625 0.009765625 0.009765625
1 0.0498046875 0.5439453125 0.01171875 0.013671875
1 0.1083984375 0.5087890625 0.083984375 0.08203125
1 0.166015625 0.51171875 0.03125 0.0234375
1 0.2001953125 0.51171875 0.015625 0.017578125
1 0.21875 0.498046875 0.02734375 0.025390625
1 0.203125 0.5517578125 0.015625 0.01953125
1 0.166015625 0.556640625 0.0234375 0.0234375
1 0.2451171875 0.494140625 0.0078125 0.013671875
1 0.265625 0.501953125 0.0234375 0.0234375
1 0.2392578125 0.546875 0.013671875 0.01171875
1 0.2763671875 0.474609375 0.05859375 0.052734375
1 0.310546875 0.4892578125 0.009765625 0.013671875
1 0.2939453125 0.51953125 0.009765625 0.01171875
1 0.3125 0.515625 0.021484375 0.015625
1 0.3271484375 0.4892578125 0.013671875 0.013671875
1 0.345703125 0.5126953125 0.015625 0.013671875
1 0.3505859375 0.490234375 0.021484375 0.013671875
1 0.3779296875 0.4873046875 0.03515625 0.0234375
1 0.41015625 0.4833984375 0.01953125 0.021484375
1 0.4296875 0.466796875 0.0390625 0.064453125
1 0.439453125 0.5029296875 0.015625 0.013671875
1 0.40625 0.5068359375 0.029296875 0.013671875
1 0.4697265625 0.4794921875 0.025390625 0.01953125
1 0.4775390625 0.4541015625 0.05859375 0.0859375
1 0.4501953125 0.6103515625 0.01171875 0.013671875
1 0.4638671875 0.6162109375 0.0078125 0.01171875
0 0.5224609375 0.640625 0.126953125 0.203125
1 0.5390625 0.53125 0.03125 0.052734375
1 0.5498046875 0.505859375 0.033203125 0.056640625
1 0.5732421875 0.4462890625 0.078125 0.103515625
1 0.6337890625 0.45703125 0.029296875 0.033203125
1 0.6201171875 0.4853515625 0.01171875 0.01171875
1 0.6611328125 0.4609375 0.017578125 0.015625
1 0.6611328125 0.427734375 0.015625 0.017578125
1 0.697265625 0.4306640625 0.041015625 0.0546875
1 0.705078125 0.45703125 0.015625 0.021484375
1 0.72265625 0.44921875 0.009765625 0.013671875
1 0.75390625 0.466796875 0.0234375 0.021484375
1 0.755859375 0.4462890625 0.009765625 0.01171875
1 0.59375 0.619140625 0.013671875 0.01953125
1 0.60546875 0.6103515625 0.015625 0.01953125
1 0.6220703125 0.6279296875 0.01171875 0.013671875
1 0.623046875 0.6064453125 0.013671875 0.017578125
1 0.642578125 0.6572265625 0.0078125 0.013671875
1 0.6630859375 0.662109375 0.01171875 0.01171875
1 0.68359375 0.5986328125 0.02734375 0.021484375
1 0.6923828125 0.625 0.025390625 0.04296875
1 0.6982421875 0.5546875 0.009765625 0.013671875
0 0.775390625 0.6181640625 0.1484375 0.1875
1 0.7783203125 0.4111328125 0.021484375 0.033203125
1 0.8212890625 0.439453125 0.03125 0.04296875
1 0.80859375 0.498046875 0.009765625 0.01171875
1 0.8828125 0.431640625 0.0390625 0.03515625
1 0.921875 0.4306640625 0.013671875 0.017578125
1 0.9462890625 0.4599609375 0.01953125 0.037109375
0 0.8544921875 0.48828125 0.080078125 0.076171875
1 0.982421875 0.421875 0.021484375 0.025390625
1 0.8701171875 0.5673828125 0.0234375 0.025390625
1 0.9306640625 0.6533203125 0.025390625 0.052734375
1 0.986328125 0.7421875 0.02734375 0.05078125
1 0.8994140625 0.732421875 0.015625 0.013671875
1 0.9091796875 0.74609375 0.01171875 0.013671875
1 0.8984375 0.7626953125 0.013671875 0.015625
1 0.986328125 0.7001953125 0.02734375 0.029296875
1 0.8564453125 0.2822265625 0.03515625 0.048828125
0 0.9248046875 0.2919921875 0.125 0.181640625
0 0.7099609375 0.3173828125 0.158203125 0.1953125
1 0.412109375 0.32421875 0.013671875 0.017578125
0 0.49609375 0.3486328125 0.15234375 0.1484375
1 0.4140625 0.8232421875 0.025390625 0.029296875
1 0.3359375 0.66015625 0.01953125 0.03515625
1 0.3701171875 0.59765625 0.0078125 0.01171875
1 0.3984375 0.6318359375 0.009765625 0.01171875
1 0.375 0.6650390625 0.0078125 0.01171875
0 0.2890625 0.6416015625 0.111328125 0.1640625
1 0.2099609375 0.6728515625 0.083984375 0.123046875
1 0.2314453125 0.603515625 0.013671875 0.013671875
1 0.25390625 0.5595703125 0.0078125 0.013671875
1 0.25 0.5419921875 0.0078125 0.013671875
1 0.1591796875 0.533203125 0.01171875 0.01171875
1 0.0224609375 0.6328125 0.013671875 0.01171875
0 0.0849609375 0.6640625 0.12890625 0.1796875
1 0.27734375 0.7275390625 0.037109375 0.03515625
1 0.0478515625 0.8251953125 0.015625 0.01953125
0 1 0.5562098671875 0.994999412109375 0.5465522421875 0.96958792578125 0.51005976953125 0.956724564453125 0.50447052734375 0.9268996328125 0.525279029296875 0.915704677734375 0.56158711328125 0.93025228125 0.61776253125 0.942056494140625 0.6427785703125 0.9600101640625 0.68475428125 0.9725965625 0.698424779296875 0.98849196875 0.664932865234375 1 0.651616677734375 1 0.5562098671875