0 0.125 0.7109375 0.12890625 0.14453125
1 0.060546875 0.7431640625 0.01171875 0.009765625
1 0.1904296875 0.669921875 0.009765625 0.01953125
1 0.2333984375 0.7041015625 0.013671875 0.017578125
1 0.208984375 0.6533203125 0.005859375 0.01171875
0 0.3154296875 0.7138671875 0.1015625 0.138671875
1 0.369140625 0.7392578125 0.0078125 0.013671875
1 0.3779296875 0.658203125 0.0078125 0.009765625
1 0.05859375 0.580078125 0.0625 0.041015625
1 0.033203125 0.60546875 0.01171875 0.013671875
1 0.0087890625 0.5595703125 0.013671875 0.033203125
1 0.1103515625 0.5087890625 0.046875 0.064453125
0 0.0331927734375 0.401085509765625 0.031656587890625 0.447509783203125 0.03995421484375 0.476042203125 0.08086792578125 0.530637134765625 0.080879240234375 0.529565947265625 0.0926865703125 0.507049484375 0.10131867578125 0.483173541015625 0.13423608203125 0.48176321484375 0.16326516015625 0.470234888671875 0.153906669921875 0.4493333359375 0.120268306640625 0.41712926953125 0.090420935546875 0.3862532890625 0.056598259765625 0.372647689453125 0.0331927734375 0.401085509765625
1 0.005859375 0.4375 0.01171875 0.01171875
1 0.0029296875 0.4111328125 0.005859375 0.013671875
1 0.2001953125 0.4130859375 0.095703125 0.14453125
1 0.2763671875 0.490234375 0.046875 0.037109375
1 0.232421875 0.5126953125 0.064453125 0.087890625
0 0.298828125 0.41796875 0.1171875 0.12890625
1 0.3193359375 0.33984375 0.025390625 0.03515625
1 0.3369140625 0.3623046875 0.0078125 0.01171875
1 0.3642578125 0.521484375 0.017578125 0.01171875
1 0.587890625 0.640625 0.033203125 0.0625
1 0.609375 0.6533203125 0.01171875 0.01953125
0 0.608750623046875 0.73874341015625 0.622863345703125 0.68650927734375 0.60262049609375 0.672099412109375 0.571383865234375 0.65811369140625 0.547540783203125 0.618441291015625 0.511189466796875 0.64042007421875 0.48949392578125 0.717881994140625 0.515473568359375 0.756809029296875 0.545226705078125 0.77174231640625 0.608750623046875 0.73874341015625
1 0.51953125 0.5419921875 0.01171875 0.021484375
1 0.5625 0.5400390625 0.01953125 0.021484375
1 0.5029296875 0.505859375 0.015625 0.015625
1 0.6572265625 0.5595703125 0.06640625 0.046875
1 0.4599609375 0.4248046875 0.009765625 0.01171875
0 0.501953125 0.4111328125 0.08984375 0.142578125
1 0.57421875 0.4482421875 0.029296875 0.03515625
1 0.466796875 0.3359375 0.013671875 0.017578125
1 0.4892578125 0.330078125 0.013671875 0.0234375
1 0.4921875 0.306640625 0.013671875 0.0234375
1 0.3935546875 0.41796875 0.005859375 0.0078125
1 0.5869140625 0.3564453125 0.005859375 0.013671875
1 0.595703125 0.359375 0.009765625 0.013671875
1 0.59375 0.3408203125 0.013671875 0.015625
1 0.61328125 0.3232421875 0.017578125 0.0234375
1 0.6201171875 0.3525390625 0.01953125 0.03125
1 0.6396484375 0.390625 0.01171875 0.013671875
1 0.7060546875 0.3056640625 0.02734375 0.03125
1 0.7568359375 0.3544921875 0.015625 0.02734375
1 0.7744140625 0.3818359375 0.013671875 0.017578125
1 0.7216796875 0.37109375 0.01171875 0.013671875
0 0.697046228515625 0.317947015625 0.661340544921875 0.3314616171875 0.634246427734375 0.351278490234375 0.634485939453125 0.352370955078125 0.657683375 0.412779349609375 0.715540884765625 0.443645982421875 0.732026263671875 0.434063984375 0.7142630625 0.36550205859375 0.736201798828125 0.34657709375 0.697046228515625 0.317947015625
1 0.8037109375 0.3505859375 0.013671875 0.025390625
1 0.80859375 0.4970703125 0.125 0.142578125
1 0.8896484375 0.533203125 0.048828125 0.05859375
1 0.8984375 0.501953125 0.01171875 0.013671875
1 0.939453125 0.50390625 0.033203125 0.03125
1 0.798828125 0.6181640625 0.013671875 0.017578125
1 0.84375 0.572265625 0.009765625 0.01953125
1 0.8505859375 0.6044921875 0.009765625 0.009765625
0 0.935546875 0.662109375 0.12890625 0.15234375
1 0.833984375 0.6376953125 0.0078125 0.01171875
0 0.71555057421875 0.6157859375 0.68527912109375 0.650477990234375 0.69458761328125 0.689008443359375 0.70526882421875 0.72449520703125 0.751378345703125 0.746113005859375 0.7722242109375 0.741033689453125 0.8144370703125 0.6943096640625 0.81422326171875 0.669559984375 0.79806684375 0.640824728515625 0.76652401953125 0.60899230859375 0.737407439453125 0.603157916015625 0.71555057421875 0.6157859375
1 0.6416015625 0.4970703125 0.0078125 0.009765625
1 0.484375 0.173828125 0.17578125 0.185546875
1 0.099609375 0.08984375 0.19921875 0.12890625
0 0.91018164453125 0.30778730859375 0.87653181640625 0.322611287109375 0.847396375 0.350712970703125 0.86612804296875 0.39555183984375 0.87985915625 0.4127763984375 0.90435168359375 0.414539623046875 0.9423955390625 0.40899799609375 0.96508526171875 0.394084533203125 0.97113710546875 0.38832532421875 0.959640619140625 0.363365478515625 0.945607447265625 0.34236417578125 0.93423976171875 0.30527252734375 0.919814169921875 0.29080907421875 0.91018164453125 0.30778730859375
1 0.90625 0.298828125 0.017578125 0.01953125
1 0.9819136015625 0.323094658203125 0.951053478515625 0.3030042734375 0.948070927734375 0.301607189453125 0.9467284140625 0.320875146484375 0.948744232421875 0.349233171875 0.968554876953125 0.371778853515625 0.985347333984375 0.37442905078125 0.98932716015625 0.3561784140625 0.9819136015625 0.323094658203125
1 0.9765625 0.298828125 0.017578125 0.01953125