0 0.9267578125 0.494140625 0.146484375 0.1875
1 0.9716796875 0.361328125 0.0234375 0.02734375
1 0.9462890625 0.3828125 0.0234375 0.02734375
1 0.93359375 0.3662109375 0.015625 0.017578125
1 0.8759765625 0.3828125 0.0234375 0.025390625
1 0.83984375 0.3984375 0.0625 0.080078125
1 0.7861328125 0.3916015625 0.025390625 0.02734375
0 0.8759765625 0.2109375 0.181640625 0.2265625
0 0.66015625 0.2958984375 0.185546875 0.2109375
1 0.669921875 0.1982421875 0.015625 0.021484375
1 0.4794921875 0.1865234375 0.162109375 0.189453125
1 0.525390625 0.4150390625 0.017578125 0.025390625
1 0.505859375 0.421875 0.01953125 0.01953125
1 0.6767578125 0.462890625 0.162109375 0.16796875
0 0.7109375 0.580078125 0.166015625 0.13671875
1 0.37890625 0.259765625 0.0234375 0.029296875
1 0.3447265625 0.2939453125 0.009765625 0.015625
1 0.3310546875 0.3017578125 0.009765625 0.013671875
1 0.3046875 0.3251953125 0.013671875 0.017578125
0 0.369308734375 0.364451798828125 0.395514615234375 0.38697881640625 0.428756935546875 0.372073814453125 0.461899234375 0.34913084765625 0.472601650390625 0.325236748046875 0.46771605859375 0.29949328515625 0.456757509765625 0.281872615234375 0.418661306640625 0.24138593359375 0.39387821875 0.22724256640625 0.383697818359375 0.246988171875 0.3756621328125 0.270766205078125 0.35790952734375 0.281491318359375 0.35626062109375 0.318616328125 0.369308734375 0.364451798828125
0 0.1630859375 0.345703125 0.150390625 0.16796875
0 0.2705078125 0.6728515625 0.17578125 0.173828125
1 0.31640625 0.4892578125 0.015625 0.015625
1 0.3095703125 0.455078125 0.017578125 0.01953125
1 0.2275390625 0.4580078125 0.013671875 0.01953125
1 0.220703125 0.4931640625 0.009765625 0.009765625
1 0.2099609375 0.4794921875 0.015625 0.015625
1 0.158203125 0.466796875 0.015625 0.02734375
1 0.14453125 0.5146484375 0.021484375 0.02734375
1 0.107421875 0.533203125 0.017578125 0.017578125
1 0.01953125 0.3720703125 0.033203125 0.033203125
0 0.5048828125 0.6162109375 0.138671875 0.181640625
1 0.826171875 0.35546875 0.013671875 0.015625
1 0.0419921875 0.5029296875 0.015625 0.015625