0 0.138671875 0.2197265625 0.22265625 0.21875
0 0.41015625 0.2880859375 0.1953125 0.234375
1 0.5185546875 0.208984375 0.01171875 0.01171875
1 0.5546875 0.3447265625 0.013671875 0.01171875
0 0.6669921875 0.3125 0.2109375 0.2421875
0 0.884765625 0.3818359375 0.17578125 0.18359375
0 0.826171875 0.69140625 0.123046875 0.1953125
1 0.783203125 0.5634765625 0.05859375 0.05859375
1 0.9111328125 0.59375 0.037109375 0.044921875
1 0.75390625 0.8154296875 0.046875 0.041015625
0 0.630859375 0.67578125 0.123046875 0.201171875
0 0.3583984375 0.626953125 0.15234375 0.189453125
0 0.11328125 0.578125 0.150390625 0.189453125
1 0.0478515625 0.498046875 0.02734375 0.0390625
1 0.0576171875 0.4677734375 0.0234375 0.01953125