0 0.58984375 0.09375 0.162109375 0.142578125
1 0.439453125 0.0419921875 0.109375 0.083984375
1 0.4501953125 0.099609375 0.111328125 0.107421875
1 0.4697265625 0.162109375 0.08984375 0.06640625
1 0.4716796875 0.216796875 0.109375 0.08203125
1 0.4033203125 0.240234375 0.150390625 0.11328125
0 0.3388671875 0.1689453125 0.169921875 0.13671875
1 0.2685546875 0.0888671875 0.111328125 0.1015625
1 0.4677734375 0.3134765625 0.08203125 0.0859375
1 0.49609375 0.357421875 0.037109375 0.037109375
1 0.3984375 0.302734375 0.017578125 0.013671875
1 0.359375 0.3154296875 0.015625 0.01171875
0 0.384765625 0.3701171875 0.15234375 0.13671875
1 0.529296875 0.3984375 0.1171875 0.140625
1 0.60546875 0.39453125 0.041015625 0.046875
1 0.7109375 0.3408203125 0.05859375 0.044921875
0 0.662109375 0.2822265625 0.18359375 0.154296875
1 0.3330078125 0.5302734375 0.029296875 0.0234375
1 0.455078125 0.44140625 0.021484375 0.021484375
1 0.431640625 0.4453125 0.015625 0.01171875
1 0.5419921875 0.564453125 0.119140625 0.109375
1 0.6044921875 0.505859375 0.078125 0.109375
0 0.7099609375 0.49609375 0.181640625 0.154296875
1 0.6572265625 0.6435546875 0.033203125 0.02734375
1 0.6162109375 0.583984375 0.03125 0.033203125
1 0.6328125 0.6181640625 0.029296875 0.0234375
1 0.609375 0.677734375 0.025390625 0.01953125
0 0.75390625 0.7021484375 0.16796875 0.177734375
1 0.6552734375 0.791015625 0.1171875 0.087890625
1 0.53125 0.81640625 0.08984375 0.064453125
1 0.41015625 0.7412109375 0.08984375 0.083984375
1 0.482421875 0.9052734375 0.013671875 0.01171875
1 0.6591796875 0.880859375 0.09765625 0.07421875
0 0.53125 0.9482421875 0.1640625 0.103515625
0 0.7919921875 0.880859375 0.205078125 0.16015625
0 0.53913289453125 0.736882681640625 0.5266856015625 0.7062884140625 0.461546068359375 0.712082857421875 0.446782900390625 0.721601455078125 0.44447990234375 0.743006421875 0.435596572265625 0.77593691015625 0.413223560546875 0.806926875 0.413921134765625 0.830584455078125 0.442867404296875 0.833754099609375 0.486883537109375 0.821665349609375 0.507002876953125 0.79997590234375 0.544359166015625 0.785445921875 0.53913289453125 0.736882681640625
0 0.35352791796875 0.570583423828125 0.345253615234375 0.6004105859375 0.349974076171875 0.614708609375 0.383318765625 0.620084544921875 0.424370734375 0.630572068359375 0.44934025390625 0.6079742109375 0.472063158203125 0.580708501953125 0.480696568359375 0.547466228515625 0.46318582421875 0.514518626953125 0.420774603515625 0.495069580078125 0.420547099609375 0.49663466015625 0.38004473046875 0.53835793359375 0.35352791796875 0.570583423828125