0 0.643870392578125 1 0.646735814453125 0.99888930078125 0.67253473046875 0.98352011328125 0.709584951171875 0.9580569296875 0.710871638671875 0.93279963671875 0.674625263671875 0.91197948828125 0.671030154296875 0.894917244140625 0.67033341015625 0.856658138671875 0.63357866796875 0.866645671875 0.593455986328125 0.8523562109375 0.5605743515625 0.86369731640625 0.534977267578125 0.91510796484375 0.55133100390625 0.9512325234375 0.5828096875 0.97826633203125 0.607658064453125 1 0.643870392578125 1
1 0.44022182421875 0.964792181640625 0.43695905859375 0.988592703125 0.44135703125 0.9966720546875 0.475620716796875 0.9941871796875 0.508196181640625 0.974769951171875 0.523929767578125 0.96457541015625 0.524272556640625 0.96413963671875 0.517707451171875 0.94968238671875 0.502545171875 0.916710005859375 0.48431041015625 0.912822125 0.47962575 0.924909625 0.459155046875 0.937418572265625 0.44022182421875 0.964792181640625
1 0.48046875 0.8525390625 0.064453125 0.046875
0 0.3349609375 0.904296875 0.17578125 0.171875
0 0.3515625 0.6728515625 0.181640625 0.173828125
1 0.5205078125 0.7294921875 0.064453125 0.04296875
1 0.529296875 0.7060546875 0.017578125 0.015625
1 0.511107521484375 0.668462888671875 0.500782 0.69155843359375 0.505661025390625 0.704152244140625 0.528294048828125 0.698975859375 0.548123521484375 0.69259964453125 0.523213099609375 0.668554859375 0.511107521484375 0.668462888671875
1 0.578125 0.7119140625 0.044921875 0.037109375
1 0.578006494140625 0.7331640625 0.553494537109375 0.75007465625 0.519441533203125 0.77398446875 0.518049388671875 0.78429073046875 0.523113443359375 0.80168611328125 0.54706303125 0.82422962109375 0.576725291015625 0.833976345703125 0.625247390625 0.838799392578125 0.628840357421875 0.808761935546875 0.6309207109375 0.7939594453125 0.615214986328125 0.776018107421875 0.591724794921875 0.754905408203125 0.587290216796875 0.734178890625 0.578006494140625 0.7331640625
1 0.6572265625 0.8408203125 0.0390625 0.017578125
1 0.6689453125 0.79296875 0.017578125 0.01171875
1 0.6591796875 0.7646484375 0.013671875 0.01171875
1 0.63671875 0.8603515625 0.015625 0.01953125
1 0.671875 0.693359375 0.013671875 0.013671875
1 0.720703125 0.6650390625 0.013671875 0.01171875
0 0.66034971875 0.66857977734375 0.655465240234375 0.659544052734375 0.615722654296875 0.654093279296875 0.584830640625 0.65955051171875 0.576861826171875 0.6812320859375 0.5922665390625 0.707260087890625 0.5877700859375 0.742091095703125 0.594446607421875 0.7550950390625 0.6199103828125 0.769127716796875 0.638051205078125 0.771301728515625 0.6514191328125 0.759563703125 0.69081026171875 0.762664041015625 0.714880984375 0.763630640625 0.716011501953125 0.727508205078125 0.69548731640625 0.7125466875 0.66473821484375 0.69674851953125 0.66034971875 0.66857977734375
1 0.548108181640625 0.531655990234375 0.544985998046875 0.553871478515625 0.546052666015625 0.58219998828125 0.550270751953125 0.61690890625 0.55992157421875 0.62444015234375 0.583063125 0.63144423046875 0.6196900546875 0.64220401953125 0.652814978515625 0.651795927734375 0.6535947109375 0.651445533203125 0.645698708984375 0.60441091015625 0.641618904296875 0.579210931640625 0.625897103515625 0.556911794921875 0.569684521484375 0.5246532578125 0.548108181640625 0.531655990234375
1 0.5244140625 0.5712890625 0.01953125 0.015625
1 0.4775390625 0.5927734375 0.01953125 0.02734375
1 0.453190611328125 0.457803197265625 0.44883719140625 0.469461291015625 0.444287744140625 0.491068712890625 0.450580515625 0.518216455078125 0.465328400390625 0.53797038671875 0.493412203125 0.54242408203125 0.540091712890625 0.533806275390625 0.555211205078125 0.52785129296875 0.54908254296875 0.51576783203125 0.527941798828125 0.493845078125 0.50544730859375 0.48904807421875 0.486911396484375 0.481758763671875 0.474951560546875 0.4637697578125 0.453190611328125 0.457803197265625
1 0.5234375 0.482421875 0.08984375 0.033203125
1 0.482421875 0.4609375 0.025390625 0.017578125
1 0.5087890625 0.431640625 0.01171875 0.01171875
1 0.4853515625 0.396484375 0.01953125 0.017578125
0 0.34765625 0.45703125 0.201171875 0.169921875
0 0.585883216796875 0.470466484375 0.597184697265625 0.49164559765625 0.6206148828125 0.514419716796875 0.65135969140625 0.53219758984375 0.702564875 0.533435958984375 0.716801544921875 0.5035726484375 0.712325044921875 0.47766518359375 0.69753938671875 0.454065171875 0.675160484375 0.438483453125 0.643074625 0.41439469921875 0.600751330078125 0.423332537109375 0.5841717421875 0.455659552734375 0.585883216796875 0.470466484375
1 0.652548740234375 0.5457406328125 0.631905994140625 0.517047525390625 0.61160971484375 0.490946126953125 0.561041978515625 0.4410349375 0.52547857421875 0.45398059765625 0.55092792578125 0.47163515625 0.576487767578125 0.491134892578125 0.604258791015625 0.522568146484375 0.633405779296875 0.54579187890625 0.6454239140625 0.604590294921875 0.645205537109375 0.603826833984375 0.646534361328125 0.609163533203125 0.669828505859375 0.588476140625 0.666577353515625 0.57186857421875 0.652548740234375 0.5457406328125
1 0.5146484375 0.3642578125 0.015625 0.013671875
1 0.4111328125 0.3359375 0.025390625 0.025390625
0 0.501482970703125 0.273245580078125 0.47917951953125 0.257408521484375 0.454626953125 0.2334163125 0.461065185546875 0.210865611328125 0.47267019140625 0.1935986171875 0.47041337109375 0.18334337109375 0.417758544921875 0.18905206640625 0.353454921875 0.19663796484375 0.323214234375 0.204607619140625 0.306273029296875 0.21363829296875 0.3105896640625 0.255236787109375 0.33518140625 0.29411021875 0.367790126953125 0.331436087890625 0.395983705078125 0.344930173828125 0.402575513671875 0.326516904296875 0.424901845703125 0.324508142578125 0.445430962890625 0.328573517578125 0.468687759765625 0.30429691796875 0.480446787109375 0.282869521484375 0.502319068359375 0.274324134765625 0.501482970703125 0.273245580078125
1 0.5300944609375 0.321525146484375 0.588043681640625 0.31488611328125 0.605565791015625 0.304786564453125 0.58395894921875 0.28662423828125 0.544985458984375 0.268770794921875 0.51650233203125 0.250341740234375 0.49566925390625 0.27439512890625 0.48443217578125 0.277284396484375 0.4656356875 0.302223236328125 0.45920037890625 0.324699015625 0.477171455078125 0.326478216796875 0.5300944609375 0.321525146484375
1 0.52494748046875 0.320897662109375 0.49584808203125 0.315440625 0.480731107421875 0.3243122109375 0.46915809765625 0.34229364453125 0.477613408203125 0.348174208984375 0.4928228515625 0.3489101328125 0.5286654609375 0.33446512109375 0.552785708984375 0.327279685546875 0.52494748046875 0.320897662109375
0 0.5964835546875 0.291487890625 0.641237138671875 0.296389669921875 0.668567111328125 0.29073315234375 0.690452150390625 0.27696428125 0.727013853515625 0.270191162109375 0.759665626953125 0.246343513671875 0.7195121484375 0.20636049609375 0.68146007421875 0.206390845703125 0.66870750390625 0.20879091015625 0.633414939453125 0.214535947265625 0.5817803671875 0.229541966796875 0.569072654296875 0.251720609375 0.5964835546875 0.291487890625
1 0.475463150390625 0.160146689453125 0.4876481796875 0.180680681640625 0.509819771484375 0.203963888671875 0.5336818671875 0.237417046875 0.560426427734375 0.237647716796875 0.579540453125 0.211196650390625 0.58961189453125 0.1786797578125 0.575057232421875 0.157691748046875 0.571593802734375 0.128225138671875 0.546908642578125 0.126606056640625 0.490377939453125 0.1382143125 0.475463150390625 0.160146689453125
1 0.63285893359375 0.2084324140625 0.639732234375 0.188449349609375 0.64575931640625 0.1820782578125 0.67396373046875 0.1993826796875 0.710668513671875 0.20965348046875 0.6833372578125 0.158945765625 0.649631521484375 0.107335328125 0.622324625 0.079768125 0.57962770703125 0.09951833203125 0.5699446875 0.15226043359375 0.57222653515625 0.176988580078125 0.61036131640625 0.2056609375 0.63285893359375 0.2084324140625
0 0.593841302734375 0.04930994921875 0.634960875 0.0777409296875 0.672382650390625 0.1061156171875 0.728360931640625 0.127783380859375 0.752388134765625 0.106417162109375 0.7682289140625 0.05968243359375 0.769203322265625 0.059581970703125 0.746203099609375 0.029687802734375 0.6281115078125 0.013091111328125 0.5939613359375 0.0134038984375 0.593841302734375 0.04930994921875
1 0.5576171875 0.048828125 0.025390625 0.015625
1 0.5537109375 0.0126953125 0.029296875 0.01953125
1 0.501953125 0.083984375 0.013671875 0.015625
1 0.501953125 0.0576171875 0.01171875 0.013671875
1 0.4287109375 0.0693359375 0.033203125 0.03515625
1 0.3447265625 0.0732421875 0.09765625 0.072265625
0 0.3114218515625 0 0.3110440703125 0.00053244140625 0.31069705078125 0.033808794921875 0.337237318359375 0.048725537109375 0.3760824296875 0.053242072265625 0.401366859375 0.0593682578125 0.43418534765625 0.0560022890625 0.443322037109375 0.032930275390625 0.44412843359375 0.007928494140625 0.437649912109375 0 0.3114218515625 0
1 0.4130859375 0.1455078125 0.01171875 0.009765625
1 0.3955078125 0.125 0.01171875 0.01171875
1 0.5263671875 0.3916015625 0.009765625 0.0078125
1 0.6376953125 0.375 0.017578125 0.01171875
1 0.5048828125 0.8193359375 0.013671875 0.009765625
1 0.4931640625 0.88671875 0.015625 0.013671875