1 0.05078125 0.228515625 0.01953125 0.0234375
1 0.04861356640625 0.289069220703125 0.065703181640625 0.316066671875 0.14995341015625 0.28490921484375 0.14278090625 0.249282927734375 0.103599662109375 0.203620689453125 0.055694412109375 0.201274849609375 0.0567568671875 0.231565978515625 0.04861356640625 0.289069220703125
1 0.2060546875 0.26171875 0.072265625 0.0625
1 0.2607421875 0.2197265625 0.068359375 0.076171875
1 0.2236328125 0.1162109375 0.025390625 0.025390625
1 0.349609375 0.23046875 0.052734375 0.056640625
1 0.4140625 0.1845703125 0.140625 0.17578125
1 0.34375 0.177734375 0.015625 0.01953125
1 0.5146484375 0.177734375 0.103515625 0.1328125
1 0.62890625 0.185546875 0.056640625 0.037109375
1 0.662109375 0.1259765625 0.025390625 0.029296875
1 0.6240234375 0.0634765625 0.03515625 0.048828125
1 0.716796875 0.126953125 0.013671875 0.015625
1 0.74609375 0.1494140625 0.0546875 0.08203125
1 0.7890625 0.1416015625 0.052734375 0.0703125
1 0.8291015625 0.1328125 0.041015625 0.048828125
1 0.9091796875 0.09375 0.0703125 0.111328125
0 0.8193359375 0.3837890625 0.169921875 0.205078125
1 0.947265625 0.51953125 0.10546875 0.171875
1 0.951171875 0.67578125 0.09765625 0.21875
1 0.9208984375 0.716796875 0.015625 0.017578125
1 0.9072265625 0.759765625 0.01953125 0.025390625
0 0.822613998046875 0.68806481640625 0.83695973046875 0.706364044921875 0.8370101640625 0.70575833984375 0.856433662109375 0.712655255859375 0.896932369140625 0.68672534765625 0.910319271484375 0.6632208671875 0.912767755859375 0.61364388671875 0.90937421875 0.57047751171875 0.894831654296875 0.5546354375 0.85365584765625 0.554366818359375 0.83022073828125 0.58132791796875 0.8159057734375 0.611493650390625 0.811242625 0.657981255859375 0.822613998046875 0.68806481640625
1 0.701171875 0.669921875 0.01953125 0.025390625
0 0.748458529296875 0.77169748046875 0.73477639453125 0.697434857421875 0.71756478515625 0.68679659375 0.685410521484375 0.679383814453125 0.645237810546875 0.672449896484375 0.630606814453125 0.725518572265625 0.64925519921875 0.800692888671875 0.676557951171875 0.8230107109375 0.741657017578125 0.82853350390625 0.748458529296875 0.77169748046875
1 0.634765625 0.7783203125 0.01953125 0.02734375
1 0.576171875 0.8056640625 0.01953125 0.0234375
0 0.4016490390625 0.7663123671875 0.42849467578125 0.78464480859375 0.4696305625 0.79838854296875 0.48830471875 0.79146746875 0.50808822265625 0.769032591796875 0.5160600546875 0.73562705859375 0.507814880859375 0.708276267578125 0.477028439453125 0.67798932421875 0.42178353515625 0.70315580859375 0.397774974609375 0.73727265625 0.4016490390625 0.7663123671875
1 0.4345703125 0.8310546875 0.021484375 0.025390625
1 0.5419921875 0.6064453125 0.166015625 0.18359375
0 0.416015625 0.453125 0.162109375 0.16015625
1 0.388671875 0.6318359375 0.013671875 0.015625
1 0.283203125 0.673828125 0.158203125 0.15625
0 0.265625 0.78125 0.095703125 0.125
1 0.1982421875 0.8125 0.05078125 0.060546875
1 0.1640625 0.8544921875 0.0390625 0.0390625
0 0.08203125 0.8095703125 0.0859375 0.11328125
1 0.076171875 0.716796875 0.103515625 0.10546875
0 0.0595703125 0.5419921875 0.119140625 0.220703125
1 0.3662109375 0.88671875 0.01953125 0.0234375
1 0.3134765625 0.5556640625 0.01171875 0.015625
0 0.2099609375 0.4892578125 0.16796875 0.203125
0 0.62890625 0.431640625 0.1640625 0.232421875
1 0.875 0.822265625 0.015625 0.01953125