0 0.150390625 0.3291015625 0.2109375 0.2109375
1 0.0498046875 0.3154296875 0.029296875 0.029296875
1 0.23046875 0.4814453125 0.015625 0.02734375
1 0.1796875 0.494140625 0.1015625 0.11328125
1 0.0205078125 0.453125 0.041015625 0.125
1 0.12115971484375 0.497588431640625 0.140214953125 0.4767732578125 0.13636984375 0.44650478515625 0.111152966796875 0.4148927421875 0.066502984375 0.38125782421875 0.032585595703125 0.3633650546875 0.0263937890625 0.366921009765625 0.03490119140625 0.410463150390625 0.0301150390625 0.44968260546875 0.03327910546875 0.467833349609375 0.0421500078125 0.48640228515625 0.03960815625 0.510202220703125 0.040589671875 0.5297915390625 0.05229469921875 0.523025205078125 0.064543765625 0.52046827734375 0.085132046875 0.520762701171875 0.12115971484375 0.497588431640625
0 0 0.66048034375 0.00365554296875 0.66523418359375 0.0696734453125 0.684887626953125 0.11451701953125 0.675889509765625 0.155954453125 0.62067518359375 0.15458496875 0.557661712890625 0.142479060546875 0.52238521875 0.1328878515625 0.503581662109375 0.1022046640625 0.4978290234375 0.081695759765625 0.518681146484375 0.072739474609375 0.519655626953125 0.0511658203125 0.5141506796875 0.03866514453125 0.4940359453125 0.006220798828125 0.51598421484375 0 0.53109203125 0 0.66048034375
0 0.3095703125 0.640625 0.138671875 0.17578125
1 0.388671875 0.6298828125 0.017578125 0.025390625
1 0.396484375 0.5498046875 0.013671875 0.015625
1 0.3203125 0.5009765625 0.166015625 0.150390625
0 0.365234375 0.3662109375 0.189453125 0.208984375
1 0.439453125 0.64453125 0.046875 0.056640625
0 0.505859375 0.7158203125 0.16796875 0.20703125
1 0.4716796875 0.5263671875 0.037109375 0.056640625
1 0.5325623359375 0.494205787109375 0.51650520703125 0.49402044921875 0.498106716796875 0.489866302734375 0.49240645703125 0.507768365234375 0.5068350703125 0.518837046875 0.519003349609375 0.523945984375 0.53095605078125 0.537592458984375 0.541704408203125 0.527406693359375 0.546268775390625 0.5073806875 0.5325623359375 0.494205787109375
1 0.474354943359375 0.53110409765625 0.482501298828125 0.572458099609375 0.480974841796875 0.594123748046875 0.49364975390625 0.605060494140625 0.514206650390625 0.614515271484375 0.53664173046875 0.59767931640625 0.57228228125 0.5641238359375 0.575273599609375 0.539653166015625 0.562211689453125 0.536344986328125 0.547883078125 0.528175060546875 0.532958607421875 0.52566278515625 0.5179894609375 0.521866658203125 0.493944125 0.5236373671875 0.474354943359375 0.53110409765625
1 0.6162109375 0.603515625 0.015625 0.015625
1 0.6337890625 0.587890625 0.02734375 0.033203125
0 0.615299232421875 0.36905944140625 0.598079181640625 0.351747716796875 0.583672802734375 0.34676770703125 0.54544029296875 0.388310828125 0.528757625 0.447895525390625 0.532940712890625 0.480866478515625 0.553015177734375 0.525382650390625 0.565153029296875 0.53852146875 0.590586181640625 0.541569931640625 0.616879431640625 0.518860171875 0.638850224609375 0.46210452734375 0.648747439453125 0.404660376953125 0.63758504296875 0.39360550390625 0.615299232421875 0.36905944140625
1 0.69921875 0.646484375 0.064453125 0.087890625
0 0.64114679296875 0.71949625390625 0.636054931640625 0.769387470703125 0.6463861640625 0.803078349609375 0.6751355390625 0.82047958984375 0.71669441796875 0.809987986328125 0.750676697265625 0.777920140625 0.77202 0.738226119140625 0.7696656640625 0.716395208984375 0.7488446484375 0.67704648046875 0.700279630859375 0.68023709765625 0.667098591796875 0.69387901953125 0.64114679296875 0.71949625390625
1 0.712890625 0.54296875 0.013671875 0.017578125
0 0.7978515625 0.4951171875 0.169921875 0.21484375
1 0.7314453125 0.6015625 0.015625 0.021484375
1 0.7666015625 0.6240234375 0.02734375 0.0390625
1 0.7890625 0.623046875 0.037109375 0.04296875
1 0.8173828125 0.634765625 0.015625 0.017578125
1 0.8330078125 0.6455078125 0.0234375 0.025390625
1 0.8486328125 0.6494140625 0.01953125 0.025390625
1 0.8671875 0.646484375 0.017578125 0.021484375
0 0.878208869140625 0.743738529296875 0.849165845703125 0.777210048828125 0.8399250234375 0.822330314453125 0.887176189453125 0.863884421875 0.9217598671875 0.87519631640625 0.946132556640625 0.77744279296875 0.954052619140625 0.745677158203125 0.912503033203125 0.7279334375 0.911568537109375 0.728525841796875 0.878208869140625 0.743738529296875
1 0.93133839453125 0.728669462890625 0.954055537109375 0.7456654609375 0.97201234375 0.673644640625 0.9788418671875 0.62758591015625 0.96589369921875 0.588148134765625 0.95541223046875 0.58968667578125 0.9315846171875 0.5896176796875 0.895766396484375 0.5965420234375 0.88516561328125 0.61417723046875 0.899288259765625 0.649384984375 0.87795483984375 0.684223130859375 0.841853658203125 0.71599520703125 0.84247333984375 0.75988362109375 0.893984966796875 0.736160693359375 0.93133839453125 0.728669462890625
0 1 0.45979297265625 0.99259314453125 0.45739771484375 0.91975359765625 0.471170091796875 0.909678060546875 0.49566373046875 0.92845597265625 0.532372984375 0.927734595703125 0.5674316015625 0.929197013671875 0.580569552734375 0.937905330078125 0.586452427734375 0.991072076171875 0.5972002265625 1 0.56139228125 1 0.45979297265625