0 0.111328125 0.4296875 0.1640625 0.171875
0 0.359375 0.3935546875 0.14453125 0.1640625
0 0.5703125 0.3701171875 0.138671875 0.1953125
0 0.7724609375 0.28125 0.19921875 0.220703125
0 0.9326171875 0.298828125 0.09765625 0.1484375
1 0.98828125 0.451171875 0.0234375 0.02734375
1 0.958984375 0.466796875 0.017578125 0.021484375
0 0.86328125 0.5732421875 0.162109375 0.197265625
0 0.6220703125 0.6123046875 0.177734375 0.19921875
1 0.57421875 0.517578125 0.013671875 0.017578125
1 0.55078125 0.53125 0.013671875 0.017578125
0 0.3681640625 0.693359375 0.15234375 0.185546875
0 0.1728515625 0.7373046875 0.138671875 0.146484375
1 0.140625 0.5859375 0.01171875 0.013671875
1 0.373046875 0.5185546875 0.0234375 0.0234375
1 0.705078125 0.462890625 0.015625 0.013671875