0 0.12109375 0.607421875 0.150390625 0.21875
0 0.3251953125 0.6396484375 0.142578125 0.23046875
1 0.3984375 0.6044921875 0.01171875 0.017578125
0 0.5185546875 0.64453125 0.1953125 0.224609375
1 0.4990234375 0.521484375 0.0078125 0.013671875
1 0.4736328125 0.501953125 0.009765625 0.01171875
1 0.498046875 0.482421875 0.017578125 0.015625
1 0.615234375 0.5205078125 0.037109375 0.05859375
0 0.73828125 0.646484375 0.16015625 0.193359375
0 0.921875 0.6650390625 0.140625 0.185546875
1 0.9033203125 0.5458984375 0.015625 0.015625
1 0.9111328125 0.5107421875 0.015625 0.015625
1 0.7099609375 0.4931640625 0.060546875 0.06640625
1 0.751953125 0.5126953125 0.01171875 0.013671875
0 0.9560546875 0.388671875 0.087890625 0.20703125
1 0.912109375 0.349609375 0.009765625 0.013671875
0 0.7919921875 0.390625 0.193359375 0.189453125
0 0.5615234375 0.365234375 0.16796875 0.228515625
0 0.349609375 0.349609375 0.185546875 0.205078125
0 0.111328125 0.31640625 0.193359375 0.234375
0 0.2099609375 0.4287109375 0.03125 0.025390625