1 0.1552734375 0.3583984375 0.01171875 0.01171875
1 0.0859375 0.3984375 0.017578125 0.021484375
0 0.226896533203125 0.388221142578125 0.2398780234375 0.35954932421875 0.254352525390625 0.31835590234375 0.257934919921875 0.2861477890625 0.249999865234375 0.255247962890625 0.235653431640625 0.219697916015625 0.220070251953125 0.219502939453125 0.161579232421875 0.2423510546875 0.14705187109375 0.274868296875 0.126122509765625 0.31524508203125 0.1244720625 0.3345166796875 0.149582333984375 0.34691055859375 0.17807660546875 0.3735589140625 0.211757115234375 0.398935736328125 0.226896533203125 0.388221142578125
1 0.2705078125 0.3603515625 0.025390625 0.037109375
1 0.166015625 0.4248046875 0.013671875 0.017578125
1 0.2509765625 0.3955078125 0.01171875 0.009765625
1 0.2392578125 0.431640625 0.037109375 0.046875
1 0.271484375 0.44921875 0.0625 0.0703125
1 0.171875 0.4599609375 0.0078125 0.013671875
1 0.033203125 0.5390625 0.04296875 0.041015625
0 0.14453125 0.6103515625 0.1484375 0.19921875
1 0.2119140625 0.607421875 0.021484375 0.029296875
1 0.2275390625 0.60546875 0.017578125 0.0234375
1 0.2392578125 0.6396484375 0.009765625 0.01171875
1 0.2705078125 0.58984375 0.0078125 0.01171875
1 0.294921875 0.5634765625 0.015625 0.0234375
0 0.3408203125 0.6484375 0.140625 0.166015625
1 0.37890625 0.5595703125 0.0390625 0.044921875
1 0.4228515625 0.517578125 0.013671875 0.015625
1 0.369140625 0.48046875 0.013671875 0.013671875
1 0.4365234375 0.494140625 0.0078125 0.01171875
1 0.4443359375 0.4990234375 0.013671875 0.015625
1 0.4765625 0.494140625 0.017578125 0.017578125
1 0.484375 0.5478515625 0.009765625 0.013671875
1 0.419921875 0.486328125 0.009765625 0.01953125
0 0.3896484375 0.345703125 0.15234375 0.17578125
0 0.5634765625 0.7138671875 0.15234375 0.173828125
1 0.5712890625 0.5107421875 0.037109375 0.037109375
0 0.6123046875 0.3837890625 0.19140625 0.22265625
1 0.67578125 0.509765625 0.056640625 0.076171875
1 0.6484375 0.541015625 0.013671875 0.01171875
1 0.7373046875 0.5712890625 0.03125 0.01953125
0 0.75 0.763671875 0.208984375 0.228515625
0 0.9072265625 0.8134765625 0.083984375 0.12890625
1 0.8974609375 0.6337890625 0.041015625 0.048828125
0 0.958984375 0.5185546875 0.08203125 0.146484375
1 0.97265625 0.42578125 0.015625 0.017578125
0 0.81640625 0.4638671875 0.16796875 0.181640625
1 0.8173828125 0.591796875 0.013671875 0.013671875
1 0.8935546875 0.6064453125 0.013671875 0.015625
1 0.634765625 0.494140625 0.01171875 0.015625
1 0.435546875 0.6259765625 0.01171875 0.015625
1 0.994140625 0.3623046875 0.01171875 0.041015625