0 0.92578125 0.7490234375 0.07421875 0.09375
1 0.83984375 0.6962890625 0.029296875 0.029296875
1 0.9287109375 0.6689453125 0.009765625 0.01171875
0 0.9873046875 0.46484375 0.025390625 0.078125
1 1 0.507814490234375 0.9958075859375 0.501268306640625 0.95044569921875 0.5072922578125 0.934236490234375 0.52933773046875 0.93498825390625 0.548640654296875 0.941648994140625 0.58213905078125 0.9522306796875 0.604699056640625 0.952716818359375 0.60353353515625 0.952454712890625 0.605110767578125 0.9532218515625 0.6055308984375 0.974245353515625 0.5950799609375 0.997665427734375 0.56707994921875 1 0.5569678046875 1 0.507814490234375
1 0.984375 0.6123046875 0.0078125 0.01171875
1 0.93076071484375 0.64871180859375 0.945234634765625 0.596643654296875 0.9499878125 0.569360423828125 0.9430666640625 0.55592252734375 0.917428640625 0.52852732421875 0.8696934921875 0.527644783203125 0.868535291015625 0.548588248046875 0.884703609375 0.576273263671875 0.8924875703125 0.591637142578125 0.87784455859375 0.610409150390625 0.89178105859375 0.62693498828125 0.924113181640625 0.651766283203125 0.93076071484375 0.64871180859375
1 0.935546875 0.591796875 0.01953125 0.0234375
1 0.893438298828125 0.58520108984375 0.868553251953125 0.556982974609375 0.85779688671875 0.538830748046875 0.831295701171875 0.513191275390625 0.816682255859375 0.525046474609375 0.81372607421875 0.56842724609375 0.794117166015625 0.567797810546875 0.783144533203125 0.583212966796875 0.788164177734375 0.5915910703125 0.8259972109375 0.600889193359375 0.84732809765625 0.603354248046875 0.890031748046875 0.5970176796875 0.893023931640625 0.5872102890625 0.893438298828125 0.58520108984375
1 0.8125 0.556640625 0.015625 0.015625
1 0.80078125 0.5234375 0.015625 0.017578125
1 0.798781126953125 0.563553984375 0.78107996484375 0.539980529296875 0.759394486328125 0.51406701953125 0.75048989453125 0.482846994140625 0.744920873046875 0.4707207578125 0.73433 0.4833121640625 0.7250839921875 0.510431158203125 0.718744595703125 0.53840817578125 0.728802994140625 0.575443390625 0.735000013671875 0.606497517578125 0.752727576171875 0.62396733203125 0.766507486328125 0.6175716171875 0.787423767578125 0.575682466796875 0.798781126953125 0.563553984375
1 0.64871842578125 0.490925513671875 0.671152173828125 0.518055267578125 0.68665920703125 0.536451876953125 0.69814053515625 0.5593826484375 0.70173776171875 0.55717338671875 0.715860205078125 0.53823994921875 0.731853310546875 0.495964853515625 0.7425250234375 0.480566837890625 0.757941861328125 0.453878490234375 0.776633298828125 0.424372962890625 0.7717725546875 0.4159050625 0.74821333203125 0.410899056640625 0.67927359375 0.429840470703125 0.649634853515625 0.473664388671875 0.64871842578125 0.490925513671875
1 0.677734375 0.5390625 0.01171875 0.013671875
1 0.638671875 0.5107421875 0.017578125 0.0234375
0 0.728620666015625 0.725469345703125 0.758103322265625 0.738337572265625 0.78746171875 0.744030751953125 0.825765291015625 0.737735591796875 0.825342240234375 0.725575173828125 0.831629986328125 0.68225689453125 0.82375752734375 0.6469994375 0.798758384765625 0.638109818359375 0.7828923828125 0.600352486328125 0.754239740234375 0.6283598125 0.7340040859375 0.648377216796875 0.7223758828125 0.66982087890625 0.72198376953125 0.685833720703125 0.71681549609375 0.715696533203125 0.728620666015625 0.725469345703125
1 0.744729505859375 0.647230701171875 0.744631859375 0.626148533203125 0.7329514921875 0.586429146484375 0.72240883984375 0.5731216640625 0.70975602734375 0.56903467578125 0.713970751953125 0.60292249609375 0.7153576171875 0.640845619140625 0.70886246875 0.662690685546875 0.688430685546875 0.682266861328125 0.68350709375 0.69590681640625 0.693793296875 0.703210333984375 0.72548279296875 0.668475921875 0.744729505859375 0.647230701171875
1 0.693359375 0.6708984375 0.009765625 0.01171875
1 0.7080078125 0.6484375 0.01953125 0.021484375
1 0.6875 0.6396484375 0.0078125 0.01171875
1 0.6640625 0.71875 0.01171875 0.013671875
1 0.712890625 0.6982421875 0.0078125 0.009765625
1 0.671875 0.6142578125 0.015625 0.017578125
1 0.6435546875 0.6513671875 0.046875 0.056640625
1 0.6298828125 0.5341796875 0.013671875 0.017578125
1 0.615234375 0.5283203125 0.0078125 0.013671875
1 0.5732421875 0.5009765625 0.01953125 0.03515625
1 0.5595703125 0.49609375 0.01171875 0.013671875
1 0.58963066796875 0.397121892578125 0.574618357421875 0.412687783203125 0.572659794921875 0.43787066796875 0.577292919921875 0.478901080078125 0.5736360859375 0.50639755078125 0.568724115234375 0.530992078125 0.548437486328125 0.56295872265625 0.546336287109375 0.587424013671875 0.555889228515625 0.58528640234375 0.56863604296875 0.585947017578125 0.599217279296875 0.55276601953125 0.619382306640625 0.52783791796875 0.638087248046875 0.49246773828125 0.6302746328125 0.4670939921875 0.6062556953125 0.42334229296875 0.59913679296875 0.399528279296875 0.58963066796875 0.397121892578125
1 0.5126953125 0.478515625 0.01953125 0.021484375
1 0.50390625 0.5439453125 0.01953125 0.021484375
1 0.505859375 0.578125 0.009765625 0.015625
1 0.4765625 0.58203125 0.0546875 0.072265625
0 0.5537109375 0.6708984375 0.158203125 0.18359375
1 0.4130859375 0.6435546875 0.01171875 0.01171875
1 0.4072265625 0.630859375 0.017578125 0.017578125
1 0.3916015625 0.599609375 0.015625 0.021484375
1 0.4052734375 0.5244140625 0.033203125 0.0390625
1 0.45703125 0.4677734375 0.01171875 0.0078125
1 0.4794921875 0.4853515625 0.009765625 0.013671875
1 0.4716796875 0.443359375 0.04296875 0.041015625
1 0.4443359375 0.4677734375 0.009765625 0.013671875
1 0.4306640625 0.4599609375 0.01171875 0.01171875
1 0.421875 0.4306640625 0.0078125 0.013671875
1 0.3896484375 0.4306640625 0.033203125 0.056640625
1 0.3798828125 0.41796875 0.015625 0.021484375
1 0.3662109375 0.41796875 0.013671875 0.017578125
0 0.44283348828125 0.235552130859375 0.40558680859375 0.229962556640625 0.376793671875 0.252106798828125 0.332683345703125 0.33276768359375 0.335872232421875 0.346967591796875 0.348512263671875 0.35805500390625 0.375309546875 0.370062671875 0.385078529296875 0.40329565625 0.428481849609375 0.39760868359375 0.468588873046875 0.36998696875 0.464261921875 0.35156068359375 0.45787782421875 0.34880683203125 0.451546197265625 0.328581400390625 0.459785765625 0.304548884765625 0.473021068359375 0.288542498046875 0.4682159296875 0.2485117421875 0.44283348828125 0.235552130859375
1 0.458984375 0.337890625 0.013671875 0.015625
1 0.46484375 0.3125 0.01171875 0.013671875
1 0.3515625 0.412109375 0.015625 0.017578125
1 0.333984375 0.435546875 0.013671875 0.01953125
1 0.302734375 0.44140625 0.017578125 0.025390625
1 0.329282546875 0.5390523671875 0.339619177734375 0.536173173828125 0.360803267578125 0.518916791015625 0.371332947265625 0.485156767578125 0.3646407890625 0.449400525390625 0.34692019921875 0.421016181640625 0.337376072265625 0.438336689453125 0.317144822265625 0.457178255859375 0.305219701171875 0.4793273984375 0.31977478125 0.532423505859375 0.329282546875 0.5390523671875
1 0.31835113671875 0.409845064453125 0.30879651171875 0.37459382421875 0.289298912109375 0.336193296875 0.2746895859375 0.33147863671875 0.255675986328125 0.3546171953125 0.25966897265625 0.38654005859375 0.243001943359375 0.384154990234375 0.220583197265625 0.3745082734375 0.228109953125 0.404720037109375 0.2446784765625 0.421636302734375 0.257953939453125 0.44545147265625 0.274498119140625 0.45372819140625 0.295146234375 0.44239319140625 0.31835113671875 0.409845064453125
1 0.255859375 0.419921875 0.01953125 0.01953125
1 0.255859375 0.3779296875 0.013671875 0.01953125
1 0.2451171875 0.3544921875 0.033203125 0.0390625
1 0.2294921875 0.427734375 0.017578125 0.0234375
1 0.208984375 0.412109375 0.0234375 0.0234375
1 0.1591796875 0.4501953125 0.01171875 0.01171875
1 0.10736941015625 0.339571908203125 0.104028841796875 0.361647578125 0.108911939453125 0.40230537890625 0.116506361328125 0.4448993515625 0.121344208984375 0.454203361328125 0.142387455078125 0.45801258203125 0.179861484375 0.41469424609375 0.199128623046875 0.401261392578125 0.224363158203125 0.405486943359375 0.21695466015625 0.386951404296875 0.182197796875 0.373261482421875 0.163709546875 0.380980263671875 0.13688854296875 0.364948498046875 0.128953931640625 0.3387766796875 0.10736941015625 0.339571908203125
1 0.099609375 0.390625 0.041015625 0.05078125
1 0.06640625 0.3740234375 0.029296875 0.029296875
1 0.048828125 0.33984375 0.05078125 0.072265625
1 0.0390625 0.375 0.009765625 0.013671875
1 0.1298828125 0.2587890625 0.0234375 0.029296875
1 0.313314607421875 0.244523623046875 0.259607962890625 0.26245868359375 0.23837529296875 0.289443138671875 0.21213400390625 0.288448353515625 0.1995555 0.3085727578125 0.222017830078125 0.311215162109375 0.23883822265625 0.33239105078125 0.25024025390625 0.339314255859375 0.26954190625 0.34090387890625 0.29599365625 0.334832513671875 0.312363841796875 0.317105421875 0.328924435546875 0.254069443359375 0.313314607421875 0.244523623046875
0 0.159211857421875 0.37081027734375 0.177784345703125 0.349783353515625 0.1996878125 0.358267615234375 0.22008939453125 0.35557973828125 0.219685728515625 0.3150280859375 0.199091048828125 0.30265687890625 0.22473195703125 0.289735896484375 0.244870193359375 0.281453537109375 0.248017736328125 0.278869615234375 0.2397206875 0.240583 0.209668203125 0.22527900390625 0.177479533203125 0.218080009765625 0.1500173671875 0.22225730859375 0.141809857421875 0.247325595703125 0.126072412109375 0.2815661015625 0.11842315625 0.30803498828125 0.134547271484375 0.368577828125 0.159211857421875 0.37081027734375
1 0.181640625 0.359375 0.01953125 0.0234375
1 0.03125 0.541015625 0.029296875 0.02734375
0 0.116858943359375 0.6259893203125 0.147258509765625 0.64928970703125 0.190530380859375 0.632832228515625 0.202704943359375 0.58071029296875 0.206391328125 0.530414984375 0.17377615625 0.502115642578125 0.139584328125 0.52428108984375 0.118427970703125 0.528500876953125 0.10289410546875 0.558438423828125 0.100118998046875 0.603799505859375 0.116858943359375 0.6259893203125
1 0.1474609375 0.50390625 0.01171875 0.009765625
1 0.09765625 0.5107421875 0.0078125 0.013671875
0 0.29208410546875 0.57144944921875 0.28648416015625 0.592699666015625 0.27916958203125 0.604507654296875 0.2775161875 0.69262503515625 0.2777285390625 0.69112462890625 0.3402427265625 0.70265490234375 0.36497292578125 0.69263352734375 0.39625703515625 0.669315591796875 0.397874533203125 0.648254064453125 0.383053181640625 0.595851265625 0.379387556640625 0.542179947265625 0.353980498046875 0.52838012890625 0.327096501953125 0.541616296875 0.309935123046875 0.558969625 0.29208410546875 0.57144944921875
0 0.623870001953125 0.431668923828125 0.650218240234375 0.4206059921875 0.66263370703125 0.404814390625 0.665947724609375 0.37256834375 0.652152150390625 0.3466768515625 0.62210527734375 0.336578564453125 0.602828681640625 0.334837998046875 0.589882732421875 0.33920026171875 0.56933863671875 0.343006107421875 0.56151524609375 0.35720871484375 0.570972751953125 0.410777884765625 0.589244470703125 0.397223009765625 0.60089490234375 0.414595068359375 0.623870001953125 0.431668923828125
1 0.5927734375 0.328125 0.025390625 0.025390625
0 0.809194349609375 0.3774922890625 0.792450716796875 0.419439447265625 0.79699807421875 0.461733732421875 0.8172873984375 0.479640169921875 0.870220044921875 0.508987974609375 0.874622869140625 0.4744777734375 0.880584435546875 0.47388673046875 0.884049763671875 0.488843236328125 0.90400549609375 0.500304041015625 0.907440150390625 0.45941576171875 0.901250955078125 0.415731513671875 0.9127828984375 0.4036904921875 0.8958131875 0.387769234375 0.8614266015625 0.370915390625 0.809194349609375 0.3774922890625
1 0.8818359375 0.48828125 0.01953125 0.025390625
1 0.92819972265625 0.4914523671875 0.94531081640625 0.48712121875 0.94472887109375 0.453573580078125 0.930195056640625 0.4288578828125 0.9100866875 0.411691087890625 0.9000138828125 0.414843326171875 0.896808291015625 0.42414184375 0.899787859375 0.433553017578125 0.90822009765625 0.4688078671875 0.908266478515625 0.466408224609375 0.915550228515625 0.488484984375 0.92819972265625 0.4914523671875
1 0.9326171875 0.4140625 0.037109375 0.02734375