0 0.0380859375 0.5048828125 0.076171875 0.138671875
0 0.0810546875 0.7626953125 0.1015625 0.138671875
1 0.1337890625 0.712890625 0.01953125 0.01953125
1 0.1474609375 0.7216796875 0.013671875 0.017578125
1 0.1494140625 0.7373046875 0.009765625 0.013671875
1 0.16015625 0.7802734375 0.01171875 0.01171875
1 0.115234375 0.640625 0.01953125 0.0234375
1 0.1142578125 0.587890625 0.021484375 0.021484375
1 0.1025390625 0.4619140625 0.01171875 0.013671875
1 0.1220703125 0.484375 0.021484375 0.021484375
1 0.1240234375 0.431640625 0.01953125 0.0234375
1 0.15234375 0.427734375 0.021484375 0.021484375
1 0.1533203125 0.4892578125 0.01171875 0.015625
1 0.1689453125 0.4873046875 0.009765625 0.017578125
1 0.2646484375 0.5625 0.01171875 0.015625
1 0.296875 0.55078125 0.048828125 0.05078125
0 0.22265625 0.4326171875 0.1328125 0.140625
1 0.2880859375 0.431640625 0.01171875 0.01171875
1 0.09375 0.650390625 0.01171875 0.01171875
1 0.099609375 0.6083984375 0.01171875 0.013671875
1 0.213264751953125 0.4910903515625 0.1950569765625 0.501512759765625 0.1824813671875 0.523504859375 0.171154447265625 0.5502284453125 0.16520741796875 0.566345638671875 0.16954993359375 0.581022455078125 0.19140119140625 0.610127599609375 0.218707349609375 0.63839525 0.240574611328125 0.66163877734375 0.2576617890625 0.676538564453125 0.267298373046875 0.697613408203125 0.281654900390625 0.711564876953125 0.29064191796875 0.71397104296875 0.2984440234375 0.712454466796875 0.302634595703125 0.71141531640625 0.30532562109375 0.705389904296875 0.304464978515625 0.684856794921875 0.293722416015625 0.650807837890625 0.27822488671875 0.595654541015625 0.262745951171875 0.545884158203125 0.2540794921875 0.50794707421875 0.2344955703125 0.482436712890625 0.230256234375 0.48220275 0.213264751953125 0.4910903515625
0 0.1996801484375 0.781238087890625 0.242915802734375 0.7962784765625 0.26524371484375 0.79151551953125 0.303265654296875 0.78185263671875 0.315558359375 0.76438967578125 0.316422703125 0.748567400390625 0.307009630859375 0.7188464609375 0.275023072265625 0.698541955078125 0.25321465234375 0.680719134765625 0.23134283203125 0.658271310546875 0.206962486328125 0.65250927734375 0.177714431640625 0.656522419921875 0.163819255859375 0.68232752734375 0.156131349609375 0.71223539453125 0.155337056640625 0.73292 0.1580243359375 0.7456481484375 0.163734158203125 0.7606434609375 0.178132646484375 0.77264446484375 0.1996801484375 0.781238087890625
1 0.3486328125 0.712890625 0.0390625 0.05859375
1 0.33984375 0.6796875 0.0078125 0.01171875
1 0.3564453125 0.689453125 0.013671875 0.013671875
1 0.373046875 0.6884765625 0.015625 0.017578125
1 0.4443359375 0.7373046875 0.046875 0.05859375
1 0.29296875 0.6142578125 0.01171875 0.01171875
1 0.3896484375 0.5751953125 0.033203125 0.03125
1 0.3779296875 0.5439453125 0.015625 0.0234375
1 0.390625 0.5361328125 0.015625 0.0234375
1 0.353515625 0.4306640625 0.01171875 0.013671875
1 0.37109375 0.431640625 0.01171875 0.01171875
1 0.380859375 0.3857421875 0.01171875 0.013671875
1 0.3046875 0.314453125 0.01953125 0.0234375
0 0.4375 0.4150390625 0.119140625 0.158203125
1 0.5322265625 0.5029296875 0.009765625 0.013671875
1 0.4931640625 0.53515625 0.05078125 0.052734375
1 0.515625 0.6025390625 0.033203125 0.03515625
1 0.52719061328125 0.553721787109375 0.5137808359375 0.549605673828125 0.491465123046875 0.547621537109375 0.482334400390625 0.55006183203125 0.458437904296875 0.5507542734375 0.430340330078125 0.555906607421875 0.42888084765625 0.567362439453125 0.4386795625 0.587348720703125 0.460322453125 0.613675890625 0.476482365234375 0.623487744140625 0.495939630859375 0.63394826953125 0.513513673828125 0.634449056640625 0.51912144140625 0.62555102734375 0.52178258203125 0.601653326171875 0.529527017578125 0.57772664453125 0.52719061328125 0.553721787109375
1 0.572265625 0.6875 0.01953125 0.0234375
1 0.56640625 0.6689453125 0.01953125 0.01953125
1 0.578125 0.65234375 0.017578125 0.0234375
0 0.4429849921875 0.688917875 0.450861205078125 0.7068415546875 0.467748841796875 0.73149485546875 0.484365484375 0.75454723046875 0.49884033203125 0.76724016796875 0.509794529296875 0.7646944140625 0.51953800390625 0.756794587890625 0.52972716796875 0.735734513671875 0.546361201171875 0.7037155703125 0.55759025 0.674628623046875 0.570209298828125 0.644248734375 0.567325720703125 0.63135266015625 0.56168589453125 0.62757075390625 0.553280849609375 0.6242493046875 0.54003789453125 0.620616609375 0.5291622265625 0.618956705078125 0.507080181640625 0.61803252734375 0.486135134765625 0.614216568359375 0.459164931640625 0.612106603515625 0.4383080625 0.6085202578125 0.43725394921875 0.6185116640625 0.436819287109375 0.650068173828125 0.4429849921875 0.688917875
1 0.6669921875 0.68359375 0.02734375 0.037109375
1 0.6806640625 0.6474609375 0.01953125 0.021484375
1 0.6953125 0.533203125 0.05859375 0.080078125
1 0.5439453125 0.47265625 0.0546875 0.095703125
1 0.517578125 0.3974609375 0.013671875 0.01953125
1 0.5844607109375 0.406315017578125 0.58583625390625 0.367601966796875 0.578199529296875 0.32888900390625 0.5630176796875 0.288524576171875 0.549936490234375 0.252113462890625 0.52991375390625 0.22928757421875 0.51728550390625 0.238431330078125 0.494424224609375 0.287220744140625 0.48419934765625 0.33315779296875 0.477231013671875 0.363919970703125 0.4888699765625 0.38967125 0.525049595703125 0.403854234375 0.543705671875 0.430080751953125 0.57037304296875 0.458271890625 0.582772619140625 0.449657720703125 0.5844607109375 0.406315017578125
1 0.60546875 0.3583984375 0.0078125 0.009765625
0 0.602030107421875 0.371097216796875 0.608149072265625 0.395971712890625 0.635856748046875 0.424106484375 0.661739947265625 0.4343725078125 0.6825214375 0.4097084765625 0.6835910703125 0.376583314453125 0.67033138671875 0.344620732421875 0.65428978515625 0.33310031640625 0.635753744140625 0.331399078125 0.62494482421875 0.336047095703125 0.61371015234375 0.35780991015625 0.6012627265625 0.364738466796875 0.602030107421875 0.371097216796875
1 0.6875 0.3583984375 0.015625 0.021484375
1 0.6767578125 0.32421875 0.01171875 0.013671875
1 0.6474609375 0.2744140625 0.009765625 0.013671875
1 0.6044921875 0.265625 0.01171875 0.013671875
1 0.744140625 0.31640625 0.017578125 0.015625
1 0.826171875 0.4462890625 0.021484375 0.0234375
1 0.82183812109375 0.396681716796875 0.805326193359375 0.3934693671875 0.776625197265625 0.3930531328125 0.759420736328125 0.39446446484375 0.743302357421875 0.40380303125 0.727820052734375 0.416413927734375 0.72769730078125 0.41524336328125 0.72454519140625 0.44677749609375 0.73892944140625 0.4836369296875 0.756519451171875 0.50055827734375 0.77821640234375 0.49184100390625 0.80317794140625 0.46677590234375 0.827072876953125 0.434416904296875 0.84368016796875 0.4099470859375 0.8356684140625 0.398081744140625 0.82183812109375 0.396681716796875
1 0.8125 0.298828125 0.02734375 0.03125
1 0.7822265625 0.2978515625 0.01171875 0.01171875
1 0.8291015625 0.3603515625 0.072265625 0.078125
1 0.9423828125 0.244140625 0.029296875 0.03515625
1 0.9501953125 0.267578125 0.01171875 0.01171875
0 0.903134671875 0.23560951953125 0.8657260859375 0.215613478515625 0.85350949609375 0.2262293515625 0.831906375 0.25991761328125 0.82203935546875 0.3028619921875 0.821847544921875 0.32463377734375 0.843850619140625 0.34215733203125 0.87216183203125 0.357492107421875 0.903700654296875 0.35772825390625 0.920527591796875 0.345761783203125 0.9392016328125 0.317334595703125 0.940344501953125 0.2893843359375 0.92652596875 0.254611876953125 0.903134671875 0.23560951953125
1 0.9228515625 0.3994140625 0.021484375 0.01953125
1 0.94140625 0.4052734375 0.01171875 0.01171875
1 0.94140625 0.5263671875 0.064453125 0.07421875
1 0.8642578125 0.5625 0.06640625 0.083984375
0 1 0.557910181640625 0.9841584140625 0.555204259765625 0.963424919921875 0.556598421875 0.936547525390625 0.55362770703125 0.911423626953125 0.537541349609375 0.911304255859375 0.536838380859375 0.89123716796875 0.568708169921875 0.884846546875 0.618886404296875 0.8802871015625 0.658321205078125 0.8935899765625 0.714153099609375 0.963981666015625 0.71648604296875 1 0.69982860546875 1 0.557910181640625
1 0.185546875 0.6240234375 0.0078125 0.009765625
1 0.138671875 0.6015625 0.0078125 0.0078125
1 0.3818359375 0.8046875 0.01171875 0.013671875
1 0.466796875 0.0107421875 0.03515625 0.021484375
1 0.5537109375 0.0126953125 0.123046875 0.025390625
1 0.779296875 0.5849609375 0.01953125 0.021484375
1 0.8125 0.6005859375 0.017578125 0.017578125
1 0.7978515625 0.515625 0.0078125 0.0078125
1 0.765625 0.5263671875 0.01171875 0.01171875
1 0.685546875 0.583984375 0.01171875 0.01171875
0 0.77277100390625 0.745875453125 0.80386237109375 0.701793376953125 0.814086857421875 0.666416142578125 0.808683400390625 0.640437509765625 0.789233322265625 0.600294171875 0.773238013671875 0.590567447265625 0.753785603515625 0.574841140625 0.737437212890625 0.56581433984375 0.7160126640625 0.569603021484375 0.695140783203125 0.56614107421875 0.69499066796875 0.566321322265625 0.692476814453125 0.5738512265625 0.688965630859375 0.604688453125 0.68496046875 0.63360991015625 0.692408482421875 0.659283236328125 0.70571816015625 0.7038478515625 0.720394853515625 0.73493993359375 0.77277100390625 0.745875453125
1 0.8623046875 0.7744140625 0.015625 0.015625
1 0.865234375 0.7529296875 0.01171875 0.013671875