0 0.333984375 0.033203125 0.13671875 0.06640625
0 0.34375 0.1826171875 0.1328125 0.1015625
1 0.326171875 0.2509765625 0.015625 0.009765625
0 0.3076171875 0.3701171875 0.173828125 0.123046875
0 0.310546875 0.591796875 0.13671875 0.12890625
1 0.41796875 0.6533203125 0.08203125 0.1015625
0 0.337890625 0.7607421875 0.1171875 0.111328125
1 0.373046875 0.83203125 0.060546875 0.04296875
0 0.3369140625 0.955078125 0.1484375 0.0859375
1 0.4365234375 0.9150390625 0.015625 0.013671875
1 0.4716796875 0.892578125 0.013671875 0.01171875
1 0.46875 0.9130859375 0.013671875 0.013671875
1 0.4306640625 0.8544921875 0.015625 0.01171875
1 0.42578125 0.77734375 0.02734375 0.015625
1 0.4384765625 0.7939453125 0.015625 0.013671875
1 0.458984375 0.8173828125 0.03125 0.02734375
1 0.4365234375 0.7197265625 0.005859375 0.021484375
1 0.4423828125 0.578125 0.017578125 0.01953125
1 0.4267578125 0.5556640625 0.037109375 0.025390625
1 0.4462890625 0.544921875 0.08203125 0.05859375
1 0.48046875 0.4970703125 0.060546875 0.06640625
1 0.4443359375 0.466796875 0.013671875 0.013671875
1 0.435546875 0.4970703125 0.013671875 0.013671875
1 0.47265625 0.3759765625 0.09765625 0.072265625
1 0.470703125 0.3291015625 0.03125 0.0234375
1 0.482421875 0.310546875 0.009765625 0.0078125
1 0.4560546875 0.2705078125 0.10546875 0.0703125
1 0.439453125 0.2998046875 0.130859375 0.078125
1 0.5185546875 0.255859375 0.021484375 0.025390625
0 0.5810546875 0.19921875 0.142578125 0.1171875
0 0.5908203125 0.046875 0.15234375 0.091796875
1 0.4794921875 0.0810546875 0.091796875 0.07421875
1 0.4638671875 0.1435546875 0.107421875 0.064453125
1 0.44140625 0.1572265625 0.025390625 0.009765625
1 0.4404296875 0.185546875 0.017578125 0.021484375
1 0.4375 0.2177734375 0.013671875 0.013671875
1 0.46875 0.0400390625 0.005859375 0.009765625
0 0.58984375 0.392578125 0.14453125 0.12109375
1 0.556640625 0.4765625 0.009765625 0.005859375
0 0.5966796875 0.57421875 0.16796875 0.140625
1 0.5654296875 0.693359375 0.11328125 0.05859375
0 0.5224609375 0.751953125 0.03125 0.025390625
0 0.58984375 0.7734375 0.134765625 0.123046875
1 0.576171875 0.826171875 0.01171875 0.01171875
1 0.6396484375 0.88671875 0.103515625 0.07421875
0 0.583984375 0.9501953125 0.1328125 0.099609375
1 0.4609375 0.96484375 0.021484375 0.021484375