0 0.453125 0.0263671875 0.1123046875 0.052734375
1 0.4580078125 0.0908203125 0.009765625 0.005859375
1 0.447265625 0.103515625 0.0107421875 0.009765625
1 0.498046875 0.08984375 0.0126953125 0.009765625
1 0.4921875 0.107421875 0.015625 0.009765625
1 0.4794921875 0.1162109375 0.015625 0.0107421875
1 0.478515625 0.1279296875 0.0107421875 0.0107421875
1 0.5625 0.1416015625 0.1298828125 0.083984375
1 0.6083984375 0.0146484375 0.015625 0.017578125
0 0.7158203125 0.025390625 0.087890625 0.0498046875
1 0.732421875 0.068359375 0.009765625 0.009765625
1 0.712890625 0.0859375 0.0078125 0.009765625
0 0.736328125 0.1611328125 0.1435546875 0.1279296875
1 0.615234375 0.2021484375 0.0126953125 0.009765625
1 0.609375 0.228515625 0.017578125 0.0126953125
1 0.6787109375 0.3037109375 0.009765625 0.009765625
1 0.6591796875 0.361328125 0.009765625 0.009765625
0 0.72265625 0.369140625 0.123046875 0.115234375
1 0.6904296875 0.4326171875 0.009765625 0.009765625
0 0.4423828125 0.1982421875 0.134765625 0.119140625
1 0.474609375 0.2705078125 0.0185546875 0.015625
1 0.4248046875 0.2646484375 0.009765625 0.005859375
1 0.416015625 0.2724609375 0.0126953125 0.009765625
1 0.4599609375 0.294921875 0.0185546875 0.015625
1 0.4853515625 0.306640625 0.0185546875 0.009765625
1 0.4677734375 0.3115234375 0.0107421875 0.005859375
0 0.478515625 0.357421875 0.119140625 0.087890625
1 0.4580078125 0.41015625 0.013671875 0.0126953125
1 0.5166015625 0.39453125 0.009765625 0.0078125
1 0.5263671875 0.3955078125 0.009765625 0.009765625
1 0.5732421875 0.3544921875 0.0263671875 0.0126953125
1 0.611328125 0.314453125 0.0126953125 0.009765625
1 0.6689453125 0.466796875 0.009765625 0.0078125
1 0.59375 0.53125 0.056640625 0.056640625
1 0.5185546875 0.5419921875 0.015625 0.015625
1 0.48828125 0.4755859375 0.0126953125 0.009765625
1 0.4375 0.490234375 0.021484375 0.0126953125
1 0.466796875 0.48046875 0.015625 0.0205078125
1 0.447265625 0.509765625 0.009765625 0.005859375
1 0.46484375 0.509765625 0.021484375 0.015625
1 0.4921875 0.521484375 0.015625 0.0078125
0 0.4111328125 0.564453125 0.15625 0.1044921875
1 0.5068359375 0.5947265625 0.0126953125 0.009765625
1 0.572265625 0.6220703125 0.0126953125 0.005859375
1 0.4658203125 0.623046875 0.009765625 0.0078125
1 0.484375 0.6240234375 0.0234375 0.0185546875
1 0.46875 0.638671875 0.0126953125 0.009765625
1 0.48046875 0.658203125 0.0498046875 0.0341796875
1 0.43359375 0.677734375 0.015625 0.009765625
1 0.455078125 0.685546875 0.0126953125 0.005859375
1 0.412109375 0.7275390625 0.0126953125 0.0107421875
1 0.5654296875 0.734375 0.015625 0.0126953125
1 0.634765625 0.646484375 0.0185546875 0.015625
1 0.5693359375 0.376953125 0.021484375 0.015625
1 0.759765625 0.517578125 0.015625 0.0078125
1 0.72265625 0.638671875 0.0107421875 0.009765625
0 0.774640453125 0.65397637890625 0.801105431640625 0.63554727734375 0.83249341015625 0.61065498046875 0.83410091796875 0.581958912109375 0.815897205078125 0.553680796875 0.789840802734375 0.53838433203125 0.764202353515625 0.519563400390625 0.741890111328125 0.50552883203125 0.7194171171875 0.50609447265625 0.68665337890625 0.514162166015625 0.666272826171875 0.529183345703125 0.644032921875 0.55478394921875 0.649446212890625 0.567770625 0.660915798828125 0.595002853515625 0.668935935546875 0.608186447265625 0.694784701171875 0.625670130859375 0.715372888671875 0.630831244140625 0.7323790078125 0.641155478515625 0.754888169921875 0.65359057421875 0.774640453125 0.65397637890625
1 0.677734375 0.6787109375 0.0107421875 0.009765625
1 0.5966796875 0.720703125 0.009765625 0.005859375
0 0.48200258203125 0.7762486328125 0.49268448828125 0.76299873046875 0.502984611328125 0.749390150390625 0.492016033203125 0.724178361328125 0.483784240234375 0.709135080078125 0.458207412109375 0.71049342578125 0.430137603515625 0.72827048046875 0.4080946171875 0.73512148828125 0.4080946171875 0.73525008984375 0.37947155859375 0.75216109765625 0.364816421875 0.764761966796875 0.36299591796875 0.76499204296875 0.382056970703125 0.775866849609375 0.40679253515625 0.789442275390625 0.42943699609375 0.802298337890625 0.442352001953125 0.8064216015625 0.45734471484375 0.806090052734375 0.46560731640625 0.798583984375 0.47782975390625 0.78630762890625 0.48200258203125 0.7762486328125
1 0.46484375 0.8095703125 0.009765625 0.009765625
0 0.641357755859375 0.763246888671875 0.63229273828125 0.778229890625 0.656282150390625 0.80236062890625 0.690149712890625 0.8096054765625 0.72768641796875 0.809862677734375 0.76211794921875 0.7995153359375 0.77188357421875 0.77481794921875 0.77473288671875 0.74016304296875 0.77478244921875 0.71564549609375 0.774067107421875 0.71514917578125 0.746727376953125 0.69970803515625 0.7179623203125 0.68992231640625 0.694301107421875 0.6903141484375 0.66709265625 0.69595550390625 0.6434515390625 0.705762322265625 0.641357755859375 0.763246888671875
1 0.645089859375 0.884004568359375 0.68564332421875 0.87638195703125 0.70064340625 0.84076003125 0.663373279296875 0.803174431640625 0.64796328515625 0.77480287890625 0.65741142578125 0.75015974609375 0.624909578125 0.7419599375 0.57685506640625 0.75821789453125 0.516669880859375 0.7873384453125 0.44138615625 0.829282408203125 0.43955359375 0.847476912109375 0.446200650390625 0.859714083984375 0.475378970703125 0.869384765625 0.49313794140625 0.877720208984375 0.518124677734375 0.90343484765625 0.5530739609375 0.92154646484375 0.587115001953125 0.92783383984375 0.614776234375 0.9224386328125 0.645089859375 0.884004568359375
1 0.466796875 0.888671875 0.0263671875 0.0205078125
0 0.46484375 0.931640625 0.087890625 0.0751953125
1 0.458984375 0.984375 0.033203125 0.015625
1 0.3935546875 0.970703125 0.021484375 0.021484375
1 0.388671875 0.916015625 0.025390625 0.0126953125
0 0.7119140625 0.9423828125 0.134765625 0.1064453125