0 0.3662109375 0.8134765625 0.193359375 0.125
1 0.423828125 0.66015625 0.0341796875 0.025390625
0 0.345703125 0.587890625 0.1376953125 0.1123046875
1 0.5029296875 0.912109375 0.015625 0.0078125
1 0.509765625 0.8876953125 0.013671875 0.0126953125
1 0.3134765625 0.708984375 0.0126953125 0.005859375
1 0.306640625 0.740234375 0.015625 0.0107421875
1 0.4453125 0.6943359375 0.015625 0.005859375
1 0.49609375 0.541015625 0.015625 0.005859375
1 0.5078125 0.53125 0.0107421875 0.009765625
1 0.5166015625 0.5185546875 0.021484375 0.0126953125
1 0.4462890625 0.466796875 0.0185546875 0.0126953125
1 0.462890625 0.3974609375 0.015625 0.005859375
0 0.361328125 0.341796875 0.162109375 0.125
1 0.24609375 0.2890625 0.013671875 0.0126953125
0 0.3740234375 0.1259765625 0.166015625 0.1591796875
1 0.2861328125 0.1533203125 0.0126953125 0.009765625
1 0.4833984375 0.150390625 0.0107421875 0.0185546875
0 0.61328125 0.138671875 0.1669921875 0.146484375
0 0.650390625 0.3671875 0.140625 0.119140625
1 0.65234375 0.4638671875 0.0107421875 0.0126953125
1 0.6533203125 0.521484375 0.0185546875 0.015625
1 0.6708984375 0.51171875 0.0126953125 0.009765625
0 0.662109375 0.591796875 0.1484375 0.1142578125
0 0.677734375 0.8076171875 0.1376953125 0.109375
1 0.62890625 0.748046875 0.0126953125 0.009765625
1 0.61328125 0.9296875 0.0126953125 0.009765625
0 0.6484375 0.974609375 0.078125 0.0498046875
1 0.2646484375 0.455078125 0.0107421875 0.005859375
1 0.244140625 0.734375 0.0126953125 0.009765625
1 0.2578125 0.705078125 0.009765625 0.009765625