0 0.96484375 0.6455078125 0.0703125 0.1904296875
1 0.9248046875 0.5419921875 0.009765625 0.013671875
0 0.8076171875 0.638671875 0.111328125 0.173828125
1 0.71484375 0.7060546875 0.0126953125 0.0126953125
1 0.6953125 0.529296875 0.0126953125 0.029296875
1 0.861328125 0.53125 0.009765625 0.013671875
1 0.908203125 0.498046875 0.0205078125 0.0185546875
1 0.830078125 0.5029296875 0.009765625 0.0126953125
1 0.634765625 0.5029296875 0.029296875 0.021484375
0 0.58984375 0.626953125 0.1220703125 0.169921875
0 0.373046875 0.611328125 0.138671875 0.1826171875
0 0.150390625 0.642578125 0.1142578125 0.1826171875
0 0.03515625 0.376953125 0.0703125 0.1669921875
0 0.1787109375 0.3720703125 0.15625 0.173828125
0 0.3984375 0.345703125 0.1376953125 0.1904296875
0 0.58984375 0.384765625 0.099609375 0.1376953125
1 0.6875 0.333984375 0.0126953125 0.0185546875
0 0.783203125 0.3623046875 0.119140625 0.181640625
0 0.9541015625 0.3896484375 0.091796875 0.130859375
1 0.416015625 0.986328125 0.0205078125 0.025390625
1 0.505859375 0.9765625 0.0126953125 0.017578125
1 0.263671875 0.98046875 0.021484375 0.0205078125
1 0.3203125 0.970703125 0.017578125 0.017578125
1 0.2109375 0.978515625 0.021484375 0.025390625
1 0.0302734375 0.9541015625 0.0126953125 0.0185546875
1 0.646484375 0.978515625 0.0126953125 0.0185546875
1 0.630859375 0.982421875 0.009765625 0.009765625
1 0.595703125 0.9873046875 0.009765625 0.015625
0 0.017578125 0.6259765625 0.03515625 0.111328125