1 0.3681640625 0.2744140625 0.11328125 0.12109375
1 0.404296875 0.296875 0.01171875 0.01171875
1 0.4287109375 0.337890625 0.015625 0.017578125
1 0.41015625 0.4306640625 0.015625 0.017578125
1 0.380859375 0.4228515625 0.017578125 0.021484375
1 0.3671875 0.458984375 0.017578125 0.015625
0 0.2666015625 0.4775390625 0.1640625 0.154296875
1 0.390625 0.517578125 0.017578125 0.017578125
1 0.3818359375 0.5654296875 0.013671875 0.01171875
1 0.3427734375 0.578125 0.01953125 0.015625
1 0.388671875 0.5869140625 0.01953125 0.015625
1 0.232421875 0.783203125 0.05859375 0.076171875
1 0.150390625 0.587890625 0.009765625 0.0078125
1 0.2021484375 0.802734375 0.013671875 0.009765625
0 0.2021484375 0.9140625 0.1953125 0.12109375
0 0.5009765625 0.9443359375 0.189453125 0.111328125
0 0.5283203125 0.7607421875 0.224609375 0.177734375
0 0.5693359375 0.5390625 0.140625 0.11328125
0 0.282924150390625 0.72912440234375 0.2977465625 0.708495443359375 0.28107713671875 0.67169342578125 0.229335080078125 0.6515893046875 0.205801060546875 0.64916448828125 0.142629466796875 0.663678677734375 0.11799408203125 0.690011208984375 0.150904271484375 0.739998259765625 0.198925859375 0.7612794140625 0.23400711328125 0.7494435234375 0.282924150390625 0.72912440234375