1 0.056640625 0.2734375 0.021484375 0.0234375
1 0.03515625 0.427734375 0.0703125 0.15234375
1 0.072265625 0.4375 0.01171875 0.013671875
1 0.07421875 0.46484375 0.013671875 0.015625
1 0.103515625 0.4716796875 0.0078125 0.01171875
0 0.04256616796875 0.321599921875 0.060373607421875 0.351221716796875 0.080971423828125 0.368620064453125 0.108330470703125 0.38857533984375 0.12097891015625 0.37375241015625 0.137778056640625 0.3328896796875 0.14336824609375 0.294962083984375 0.12818075 0.252991041015625 0.071347640625 0.2630996640625 0.043109931640625 0.285639212890625 0.04256616796875 0.321599921875
1 0.081944734375 0.3497575546875 0.062979091796875 0.344252228515625 0.038535970703125 0.311467232421875 0.031066447265625 0.30874615234375 0.02130359375 0.323147427734375 0.018297955078125 0.358119599609375 0.026071671875 0.378958560546875 0.051395353515625 0.385355201171875 0.08071978125 0.372683828125 0.081944734375 0.3497575546875
0 0.271484375 0.33984375 0.111328125 0.134765625
0 0.154296875 0.5166015625 0.119140625 0.1640625
1 0.1142578125 0.4404296875 0.01171875 0.013671875
1 0.189453125 0.46875 0.009765625 0.013671875
1 0.1953125 0.4462890625 0.009765625 0.009765625
1 0.2265625 0.4853515625 0.009765625 0.009765625
1 0.2265625 0.4423828125 0.017578125 0.015625
1 0.24609375 0.439453125 0.009765625 0.009765625
1 0.2490234375 0.44921875 0.01171875 0.013671875
1 0.265625 0.443359375 0.009765625 0.009765625
1 0.3134765625 0.478515625 0.01953125 0.01953125
1 0.3291015625 0.4814453125 0.021484375 0.02734375
0 0.279296875 0.556640625 0.12890625 0.154296875
1 0.412109375 0.5224609375 0.044921875 0.048828125
0 0.478515625 0.59375 0.126953125 0.18359375
1 0.43359375 0.4853515625 0.013671875 0.013671875
1 0.462890625 0.458984375 0.037109375 0.0390625
1 0.4921875 0.4853515625 0.01171875 0.01953125
1 0.54296875 0.59765625 0.01171875 0.013671875
1 0.56640625 0.599609375 0.013671875 0.01171875
1 0.5595703125 0.505859375 0.111328125 0.111328125
1 0.708984375 0.5234375 0.03515625 0.037109375
0 0.650390625 0.5986328125 0.12109375 0.154296875
1 0.607421875 0.373046875 0.009765625 0.009765625
1 0.6279296875 0.373046875 0.02734375 0.044921875
1 0.736328125 0.38671875 0.046875 0.056640625
1 0.6611328125 0.4453125 0.021484375 0.017578125
1 0.6943359375 0.443359375 0.015625 0.02734375
1 0.673828125 0.470703125 0.009765625 0.009765625
1 0.6943359375 0.474609375 0.01171875 0.009765625
1 0.736328125 0.4521484375 0.0078125 0.013671875
0 0.631219369140625 0.317386404296875 0.625503 0.32629830078125 0.634476720703125 0.34604869140625 0.64104702734375 0.363164353515625 0.65344588671875 0.373051634765625 0.664948494140625 0.388421177734375 0.688559994140625 0.390701609375 0.6819217265625 0.3651668359375 0.6689612578125 0.329887642578125 0.65367171875 0.322226552734375 0.631219369140625 0.317386404296875
0 0.8515625 0.333984375 0.119140625 0.1328125
1 0.8154296875 0.462890625 0.01171875 0.013671875
1 0.8359375 0.458984375 0.01171875 0.015625
1 0.9140625 0.4560546875 0.009765625 0.013671875
1 0.97265625 0.3466796875 0.0546875 0.142578125
1 0.9228515625 0.451171875 0.01171875 0.015625
0 0.8427734375 0.5986328125 0.14453125 0.169921875
1 0.794921875 0.5126953125 0.015625 0.02734375
1 0.9248046875 0.6171875 0.01171875 0.013671875
0 0.46875 0.294921875 0.126953125 0.126953125
1 0.4736328125 0.39453125 0.037109375 0.05078125
1 0.212890625 0.287109375 0.005859375 0.0078125