1 0.3408203125 0.8876953125 0.015625 0.015625
1 0.5146484375 0.982421875 0.064453125 0.03515625
1 0.5048828125 0.951171875 0.03515625 0.029296875
1 0.4150390625 0.8564453125 0.013671875 0.009765625
0 0.424910044921875 0.872772859375 0.403033140625 0.86394734765625 0.38194707421875 0.884535666015625 0.360762759765625 0.910701208984375 0.3523520546875 0.94078805859375 0.350206619140625 0.9702703515625 0.386203251953125 0.993455525390625 0.410349837890625 0.994182931640625 0.449024109375 0.9868783828125 0.47749271875 0.969445865234375 0.49057981640625 0.9567899609375 0.49264351171875 0.937593923828125 0.493684564453125 0.89762562109375 0.49286943359375 0.881896583984375 0.4453095078125 0.871742625 0.424910044921875 0.872772859375
0 0.735874689453125 1 0.73419379296875 0.93201769140625 0.7188822109375 0.89827682421875 0.6953563671875 0.897944767578125 0.672313712890625 0.910134490234375 0.6439852265625 0.924763474609375 0.6231459140625 0.933760279296875 0.617740890625 0.9573001796875 0.58233805078125 0.972142654296875 0.58870265625 0.981786341796875 0.619382294921875 1 0.735874689453125 1
1 0.638103548828125 0.922467146484375 0.64701505859375 0.919079619140625 0.645206705078125 0.911479689453125 0.619059193359375 0.904383361328125 0.59774999609375 0.9135356640625 0.590705900390625 0.9391029296875 0.61168719921875 0.960136970703125 0.62106848828125 0.95466224609375 0.62413665234375 0.93775869921875 0.62492299609375 0.919662595703125 0.638103548828125 0.922467146484375
1 0.6328125 0.8818359375 0.025390625 0.021484375
1 0.6086846015625 0.877743669921875 0.616222267578125 0.87732107421875 0.615302244140625 0.877170419921875 0.621033443359375 0.8469845703125 0.61768916796875 0.828888986328125 0.59678098046875 0.82303420703125 0.588880412109375 0.80514142578125 0.578119296875 0.7974812890625 0.567294365234375 0.811754306640625 0.54144764453125 0.8119700234375 0.529982732421875 0.8192475859375 0.533476275390625 0.832515974609375 0.560566064453125 0.85284045703125 0.5838360234375 0.87103651953125 0.6086846015625 0.877743669921875
1 0.5703125 0.9091796875 0.009765625 0.005859375
1 0.544921875 0.955078125 0.013671875 0.009765625
1 0.5498046875 0.9189453125 0.009765625 0.005859375
1 0.55978001953125 0.7379263984375 0.554857796875 0.77773021484375 0.55231230859375 0.810653876953125 0.56761489453125 0.81059019921875 0.576100837890625 0.797970861328125 0.588812271484375 0.80609087109375 0.5971019453125 0.823343087890625 0.60555752734375 0.82544610546875 0.613667400390625 0.824114130859375 0.61447916796875 0.800868181640625 0.61084507421875 0.76447153125 0.60097944921875 0.74008079296875 0.55978001953125 0.7379263984375
1 0.5107421875 0.8017578125 0.03515625 0.03515625
1 0.607421875 0.728515625 0.005859375 0.009765625
1 0.49711273828125 0.71644185546875 0.465066447265625 0.729440896484375 0.479841140625 0.740279427734375 0.49957921875 0.75715241796875 0.50178080859375 0.773320734375 0.505915599609375 0.778175388671875 0.509470234375 0.77711969140625 0.533695869140625 0.753335865234375 0.555925416015625 0.7394538671875 0.569719912109375 0.73801202734375 0.584088912109375 0.738047845703125 0.585459322265625 0.7253356484375 0.574492904296875 0.7194091328125 0.5593915 0.72590645703125 0.537157388671875 0.711280625 0.5330455234375 0.70566585546875 0.49711273828125 0.71644185546875
1 0.5693359375 0.701171875 0.04296875 0.044921875
1 0.37214987109375 0.724734966796875 0.400869087890625 0.72396269140625 0.41313344140625 0.706021314453125 0.4332100234375 0.716206259765625 0.451655470703125 0.732682154296875 0.45890215234375 0.74649961328125 0.456014568359375 0.755641060546875 0.4247238203125 0.760926125 0.407092173828125 0.770443 0.397023341796875 0.77805703125 0.3983704140625 0.80166443359375 0.4207547265625 0.814787251953125 0.45223915625 0.792279302734375 0.45971541015625 0.76753328515625 0.49040399609375 0.771373568359375 0.4975546015625 0.757611009765625 0.474264296875 0.73871937109375 0.4725952578125 0.727820970703125 0.503581947265625 0.712760947265625 0.525573705078125 0.70147368359375 0.5395385234375 0.686448966796875 0.55070934765625 0.67346376171875 0.52974092578125 0.663668390625 0.49697793359375 0.684789001953125 0.481886861328125 0.694859646484375 0.462123388671875 0.6835157578125 0.458840208984375 0.662150638671875 0.447910689453125 0.650849232421875 0.43045904296875 0.639631314453125 0.42178120703125 0.640265625 0.408556357421875 0.65171879296875 0.409503603515625 0.67402835546875 0.41741346875 0.69099858984375 0.411472150390625 0.7037447890625 0.360456876953125 0.707625380859375 0.37214987109375 0.724734966796875
0 0.41703505859375 0.758628216796875 0.43323758984375 0.7562155 0.456118322265625 0.755295439453125 0.457906525390625 0.74702851953125 0.455492884765625 0.741008904296875 0.44382757421875 0.72866845703125 0.43205067578125 0.722736255859375 0.424856138671875 0.709014716796875 0.411749603515625 0.70685423828125 0.4110840625 0.717138203125 0.412054642578125 0.737155876953125 0.410471748046875 0.7522565 0.41703505859375 0.758628216796875
1 0.4052734375 0.67578125 0.009765625 0.009765625
1 0.44140625 0.6376953125 0.015625 0.013671875
1 0.5869140625 0.6455078125 0.0859375 0.0546875
1 0.57421875 0.599609375 0.01171875 0.009765625
1 0.5576171875 0.58984375 0.013671875 0.0078125
0 0.6689453125 0.765625 0.111328125 0.08203125
1 0.6943359375 0.8125 0.005859375 0.009765625
1 0.6806640625 0.69921875 0.005859375 0.005859375
1 0.64453125 0.630859375 0.013671875 0.01953125
0 0.70952311328125 0.562597599609375 0.667346185546875 0.55350925 0.63936925 0.5563784765625 0.625162166015625 0.562726078125 0.606872509765625 0.58586941796875 0.609627826171875 0.600033994140625 0.623036560546875 0.61319714453125 0.6504360546875 0.622787326171875 0.649256291015625 0.635049267578125 0.6466319921875 0.645805884765625 0.66341327734375 0.65342019921875 0.6927119921875 0.6620316875 0.713790841796875 0.658266515625 0.73876080859375 0.643188197265625 0.7490464296875 0.609364048828125 0.749399205078125 0.589554541015625 0.742314091796875 0.576983171875 0.70952311328125 0.562597599609375
1 0.6728515625 0.5390625 0.083984375 0.0390625
1 0.5908203125 0.5361328125 0.017578125 0.01171875
1 0.591796875 0.5234375 0.01953125 0.013671875
1 0.59525203125 0.5660959921875 0.57124183984375 0.564537337890625 0.582626310546875 0.578943533203125 0.587074859375 0.57985708203125 0.586741017578125 0.581056919921875 0.59525203125 0.5660959921875
1 0.551278669921875 0.558877513671875 0.551667498046875 0.559246669921875 0.5418793984375 0.57346903515625 0.552460412109375 0.584732033203125 0.575254001953125 0.594218373046875 0.58739319921875 0.593713982421875 0.588509962890625 0.586607060546875 0.5747169375 0.57405026171875 0.569660205078125 0.566854427734375 0.551278669921875 0.558877513671875
1 0.52526088671875 0.5337987734375 0.5270772734375 0.51201187109375 0.5163687734375 0.501186857421875 0.495651810546875 0.512414587890625 0.446046044921875 0.5269908984375 0.45492172265625 0.539000498046875 0.46783216796875 0.5316105546875 0.474639279296875 0.5451991328125 0.477501431640625 0.56418084765625 0.488417486328125 0.56947678515625 0.500551333984375 0.57644927734375 0.515314083984375 0.583933384765625 0.533661515625 0.570121205078125 0.551270615234375 0.55962638671875 0.5632029765625 0.564043087890625 0.571433220703125 0.5639278671875 0.581696228515625 0.5620152734375 0.592163951171875 0.551407693359375 0.589613947265625 0.551538505859375 0.5765812265625 0.54080423828125 0.549587279296875 0.543230068359375 0.530058619140625 0.546822271484375 0.52526088671875 0.5337987734375
1 0.444760400390625 0.614692958984375 0.47649118359375 0.612421685546875 0.49121467578125 0.599922453125 0.48144116796875 0.58964852734375 0.462494146484375 0.58024675 0.4383669375 0.596479134765625 0.444760400390625 0.614692958984375
0 0.459606287109375 0.58431782421875 0.47574629296875 0.584766537109375 0.49894637109375 0.57463253515625 0.478188876953125 0.562424255859375 0.47792513671875 0.54458553515625 0.461562990234375 0.53557440625 0.44037875390625 0.5470210625 0.42760331640625 0.5524795 0.4104484609375 0.5793304296875 0.41112346484375 0.580348349609375 0.4425472734375 0.594364080078125 0.459606287109375 0.58431782421875
1 0.4248046875 0.59765625 0.0078125 0.005859375
1 0.439453125 0.5244140625 0.01171875 0.005859375
1 0.40625 0.5361328125 0.052734375 0.037109375
1 0.4345703125 0.4775390625 0.025390625 0.029296875
1 0.4501953125 0.4892578125 0.009765625 0.005859375
1 0.4501953125 0.48046875 0.009765625 0.005859375
1 0.4599609375 0.4765625 0.0078125 0.00390625
1 0.5693359375 0.4697265625 0.005859375 0.005859375
1 0.5732421875 0.4599609375 0.009765625 0.009765625
1 0.611328125 0.4462890625 0.005859375 0.005859375
1 0.6748046875 0.482421875 0.005859375 0.0078125
1 0.5556640625 0.4169921875 0.1015625 0.072265625
1 0.4765625 0.34375 0.021484375 0.017578125
0 0.3934225078125 0.461922994140625 0.432395544921875 0.45946671484375 0.465001294921875 0.46060533203125 0.486793044921875 0.448758267578125 0.4972800234375 0.417493521484375 0.508584470703125 0.389903568359375 0.508480294921875 0.389812166015625 0.497679115234375 0.368928240234375 0.484936359375 0.357421466796875 0.4497427578125 0.351728314453125 0.417105033203125 0.340450568359375 0.40209156640625 0.335413265625 0.3899179453125 0.349858142578125 0.3641483828125 0.3775392109375 0.35930506640625 0.392352259765625 0.3801982578125 0.444064166015625 0.3934225078125 0.461922994140625
1 0.4814453125 0.3056640625 0.021484375 0.01953125
1 0.4521484375 0.294921875 0.021484375 0.01953125
1 0.5539928125 0.34190031640625 0.57336015625 0.33705479296875 0.579562267578125 0.33228244140625 0.552460646484375 0.320104146484375 0.536945640625 0.30811422265625 0.50588978515625 0.30104192578125 0.49141011328125 0.303035275390625 0.490898671875 0.302860888671875 0.500400384765625 0.327792640625 0.51399061328125 0.35064775390625 0.5314690546875 0.35484555078125 0.5539928125 0.34190031640625
1 0.60459812109375 0.39097278515625 0.618540376953125 0.4129363203125 0.629449830078125 0.41247946484375 0.624274423828125 0.377003435546875 0.6322623046875 0.354499220703125 0.64771825 0.340129158203125 0.637760005859375 0.3292380546875 0.61061308203125 0.302085951171875 0.5957178515625 0.29894828125 0.597719142578125 0.3162233828125 0.5769154140625 0.338606681640625 0.554227603515625 0.343398681640625 0.56631788671875 0.36616251171875 0.59561348046875 0.381150748046875 0.60459812109375 0.39097278515625
1 0.6435546875 0.4013671875 0.0078125 0.005859375
1 0.755859375 0.353515625 0.02734375 0.015625
0 0.636753671875 0.37774684375 0.652677552734375 0.39357372265625 0.65097330078125 0.405378533203125 0.64098917578125 0.415748755859375 0.66353580859375 0.432721634765625 0.6850822421875 0.44945601171875 0.706744375 0.4431516015625 0.743159548828125 0.421463658203125 0.761083705078125 0.401324982421875 0.755043328125 0.376765626953125 0.748903736328125 0.36496195703125 0.716958779296875 0.35263895703125 0.67820825390625 0.354630716796875 0.639622828125 0.364020255859375 0.636753671875 0.37774684375
1 0.7119140625 0.3203125 0.013671875 0.013671875
1 0.580078125 0.30078125 0.048828125 0.044921875
1 0.6123046875 0.296875 0.015625 0.0078125
1 0.6962890625 0.2705078125 0.009765625 0.009765625
1 0.7099609375 0.2578125 0.009765625 0.009765625
1 0.73046875 0.2509765625 0.013671875 0.015625
1 0.71875 0.244140625 0.005859375 0.005859375
1 0.6547570234375 0.198778462890625 0.646861580078125 0.2205702265625 0.646096939453125 0.241050267578125 0.659081958984375 0.247899572265625 0.660117748046875 0.24825875 0.679445369140625 0.236985216796875 0.68256689453125 0.2269136875 0.675223189453125 0.21670380078125 0.6628837421875 0.214064341796875 0.66021446484375 0.203032388671875 0.6547570234375 0.198778462890625
0 0.6603990625 0.195397099609375 0.660144607421875 0.207381919921875 0.674453173828125 0.21426116015625 0.682748224609375 0.223828400390625 0.686996126953125 0.231593140625 0.732497671875 0.244899841796875 0.749350328125 0.244528380859375 0.7647928359375 0.224290376953125 0.768102724609375 0.206544783203125 0.7564268125 0.180240560546875 0.747402251953125 0.1670016015625 0.725138771484375 0.15535869140625 0.69503335546875 0.133471306640625 0.6786986015625 0.14519769140625 0.668274978515625 0.16697898046875 0.6603990625 0.195397099609375
1 0.741580953125 0.09554270703125 0.72911423828125 0.10549508984375 0.71360765234375 0.11661705078125 0.67654220703125 0.12282962109375 0.68105640625 0.129946794921875 0.715312462890625 0.141622154296875 0.742058953125 0.165006361328125 0.755753603515625 0.165456541015625 0.776773013671875 0.1587297734375 0.788889693359375 0.13824624609375 0.806010416015625 0.103321716796875 0.802066458984375 0.09856420703125 0.78191935546875 0.097860654296875 0.7590732265625 0.094093375 0.741580953125 0.09554270703125
1 0.79296875 0.1552734375 0.009765625 0.0078125
1 0.7685546875 0.0947265625 0.009765625 0.0078125
1 0.734375 0.091796875 0.01953125 0.013671875
1 0.7880859375 0.0380859375 0.009765625 0.005859375
1 0.59275894921875 0.2428022421875 0.577408423828125 0.2299368125 0.549794177734375 0.21658159765625 0.530450673828125 0.216460734375 0.515897013671875 0.234702177734375 0.505800546875 0.253056744140625 0.53129157421875 0.279090625 0.54792615625 0.30026783203125 0.552925892578125 0.299682541015625 0.571797953125 0.278118341796875 0.593124962890625 0.275019611328125 0.6040169453125 0.26905205859375 0.59275894921875 0.2428022421875
1 0.482421875 0.2587890625 0.01953125 0.005859375
1 0.4697265625 0.28125 0.021484375 0.013671875
1 0.462890625 0.265625 0.005859375 0.005859375
1 0.462890625 0.2470703125 0.005859375 0.005859375
1 0.577890544921875 0.176368306640625 0.5713848984375 0.1915946953125 0.54122913671875 0.218146279296875 0.551846453125 0.226627513671875 0.575235220703125 0.233406736328125 0.61607066796875 0.23323671875 0.638920279296875 0.2232931484375 0.63334616015625 0.20175664453125 0.607745142578125 0.18049613671875 0.59165194140625 0.169794330078125 0.577890544921875 0.176368306640625
1 0.561585123046875 0.1896039765625 0.56309944140625 0.187660017578125 0.582651927734375 0.1700853359375 0.5885033515625 0.15618241015625 0.592347810546875 0.13850162890625 0.59246705078125 0.131010630859375 0.5809669453125 0.1306940859375 0.56765555078125 0.15174209375 0.563758591796875 0.164915259765625 0.561585123046875 0.1896039765625
1 0.599609375 0.1650390625 0.01953125 0.025390625
1 0.6162109375 0.140625 0.064453125 0.03515625
1 0.611328125 0.0751953125 0.091796875 0.09375
1 0.5966796875 0.0166015625 0.05078125 0.02734375
0 0.745456263671875 0.00826675 0.698376068359375 0.006622671875 0.6581180078125 0.005216830078125 0.653386744140625 0.006146388671875 0.65389504296875 0.032147486328125 0.652976599609375 0.054026369140625 0.655141265625 0.077124884765625 0.655391103515625 0.0916652109375 0.65785953125 0.092143177734375 0.68433927734375 0.088205607421875 0.718339357421875 0.0827871484375 0.7322669453125 0.070210359375 0.741919490234375 0.05748608984375 0.746514810546875 0.0243490078125 0.745456263671875 0.00826675
0 0.418674490234375 0 0.40884085546875 0.01383562109375 0.41228230859375 0.0573723671875 0.420380470703125 0.0702632109375 0.45244098828125 0.065562365234375 0.479375130859375 0.063121779296875 0.507710251953125 0.046817380859375 0.522685125 0.03033233984375 0.50900455078125 0.000184294921875 0.504485375 0 0.418674490234375 0
1 0.537109375 0.0380859375 0.03125 0.04296875
1 0.4775390625 0.0986328125 0.013671875 0.013671875
1 0.4638671875 0.1123046875 0.017578125 0.021484375
1 0.451171875 0.1572265625 0.013671875 0.0078125
1 0.458984375 0.1474609375 0.01953125 0.0078125
0 0.42189187109375 0.15272929296875 0.402933912109375 0.171311845703125 0.402110662109375 0.19968853125 0.413683544921875 0.23485052734375 0.436920693359375 0.244347833984375 0.46943998046875 0.24758251171875 0.500044416015625 0.23545418359375 0.5161219140625 0.22594727734375 0.527694927734375 0.20655763671875 0.52919580859375 0.1806782734375 0.51950904296875 0.1625656875 0.4855775625 0.159525078125 0.44950028125 0.16210600390625 0.42189187109375 0.15272929296875
1 0.443359375 0.166015625 0.009765625 0.009765625
1 0.083984375 0.9716796875 0.015625 0.017578125