0 0.06640625 0.416015625 0.1328125 0.19140625
1 0.24609375 0.4814453125 0.07421875 0.07421875
0 0.2705078125 0.33984375 0.19921875 0.26171875
1 0.4111328125 0.380859375 0.013671875 0.01953125
0 0.5048828125 0.3291015625 0.16015625 0.17578125
1 0.51953125 0.42578125 0.048828125 0.048828125
0 0.720703125 0.279296875 0.150390625 0.197265625
1 0.8857421875 0.177734375 0.146484375 0.169921875
0 0.9326171875 0.28125 0.087890625 0.134765625
1 0.92578125 0.443359375 0.1484375 0.2109375
1 0.8818359375 0.5703125 0.0234375 0.021484375
1 0.9560546875 0.5859375 0.025390625 0.029296875
1 0.9541015625 0.560546875 0.0234375 0.01953125
0 0.978515625 0.5830078125 0.04296875 0.130859375
1 0.7705078125 0.587890625 0.015625 0.017578125
0 0.564453125 0.63671875 0.228515625 0.26171875
1 0.607421875 0.470703125 0.01953125 0.015625
1 0.3955078125 0.5341796875 0.013671875 0.013671875
1 0.3583984375 0.541015625 0.0546875 0.06640625
1 0.375247580078125 0.645856822265625 0.372535033203125 0.661262833984375 0.373164443359375 0.66030355859375 0.38726031640625 0.670564953125 0.400641439453125 0.67280302734375 0.413038248046875 0.65935533984375 0.41143675 0.64360180859375 0.407850818359375 0.63263446875 0.401049068359375 0.62509426953125 0.3923911953125 0.621443298828125 0.38506908203125 0.62096111328125 0.37898793359375 0.6232818828125 0.378572083984375 0.63231276953125 0.375247580078125 0.645856822265625
0 0.251336203125 0.67421688671875 0.257389546875 0.71676584375 0.26039122265625 0.752659865234375 0.285467853515625 0.77872552734375 0.321740107421875 0.80376071484375 0.36363696484375 0.816848828125 0.395935583984375 0.799290490234375 0.420750138671875 0.7444688359375 0.415991826171875 0.712867560546875 0.402676591796875 0.679481857421875 0.383801265625 0.656716513671875 0.373649962890625 0.628870830078125 0.358881498046875 0.58949151171875 0.33632426953125 0.599492568359375 0.31290223046875 0.60851073046875 0.2745430546875 0.616621451171875 0.261903890625 0.628226578125 0.2534303671875 0.653111173828125 0.251336203125 0.67421688671875
1 0.0712890625 0.6689453125 0.01171875 0.013671875
0 0.1162109375 0.7333984375 0.18359375 0.17578125
1 0.1416015625 0.5634765625 0.009765625 0.015625
1 0.14453125 0.5859375 0.01171875 0.01171875
0 0.81214447265625 0.53797940234375 0.772488796875 0.529231583984375 0.770010783203125 0.53095725 0.77358280859375 0.56330671484375 0.775955306640625 0.597900076171875 0.752110169921875 0.60022608984375 0.74425562109375 0.61899325390625 0.75924363671875 0.661417935546875 0.7936886484375 0.669064349609375 0.84373018359375 0.633073119140625 0.849181439453125 0.6038105625 0.831323234375 0.5545272265625 0.81214447265625 0.53797940234375