0 0.0849609375 0.73046875 0.109375 0.12109375
1 0.146484375 0.6875 0.02734375 0.03125
0 0.0546875 0.4453125 0.109375 0.2109375
0 0.1904296875 0.3935546875 0.16015625 0.15234375
1 0.1923828125 0.5205078125 0.076171875 0.1015625
1 0.2236328125 0.6181640625 0.01953125 0.021484375
0 0.27734375 0.7421875 0.2109375 0.244140625
0 0.4736328125 0.6484375 0.185546875 0.244140625
0 0.4091796875 0.3564453125 0.193359375 0.21484375
1 0.6162109375 0.439453125 0.013671875 0.017578125
1 0.6005859375 0.56640625 0.013671875 0.01953125
1 0.7626953125 0.5703125 0.01171875 0.015625
1 0.630859375 0.5048828125 0.025390625 0.03125
0 0.757908462890625 0.555821076171875 0.759914375 0.53193037890625 0.720651779296875 0.49152423046875 0.673822494140625 0.4808135390625 0.645276978515625 0.507850931640625 0.6303125 0.52728452734375 0.614040013671875 0.577802169921875 0.6239111953125 0.62101115625 0.66583346484375 0.681620064453125 0.71767908203125 0.701366828125 0.740430283203125 0.689427994140625 0.776368412109375 0.648240822265625 0.786231693359375 0.627231833984375 0.76252656640625 0.584144958984375 0.757908462890625 0.555821076171875
1 0.6875 0.3974609375 0.060546875 0.083984375
0 0.6474609375 0.279296875 0.16796875 0.20703125
1 0.7744140625 0.388671875 0.02734375 0.0234375
1 0.8173828125 0.4228515625 0.060546875 0.087890625
1 0.8583984375 0.4580078125 0.015625 0.013671875
0 0.8681640625 0.2060546875 0.18359375 0.19140625
1 0.9521484375 0.3056640625 0.017578125 0.017578125
1 0.970703125 0.3515625 0.021484375 0.03125
1 0.9560546875 0.38671875 0.033203125 0.03125
1 0.9736328125 0.4609375 0.01953125 0.0234375
0 1 0.480199775390625 0.978505802734375 0.474685462890625 0.9634078828125 0.442602041015625 0.95610816796875 0.433830193359375 0.914829033203125 0.428654376953125 0.87418260546875 0.45808489453125 0.862833556640625 0.5171759453125 0.867762458984375 0.5830078125 0.88311719921875 0.617324126953125 0.919137521484375 0.633114767578125 0.972392654296875 0.628251662109375 1 0.614181099609375 1 0.480199775390625