1 0.951171875 0.568359375 0.017578125 0.029296875
1 0.98828125 0.4560546875 0.01953125 0.021484375
1 0.94921875 0.4208984375 0.05078125 0.060546875
1 0.9248046875 0.4619140625 0.015625 0.033203125
1 0.90625 0.458984375 0.013671875 0.01953125
0 0.9384765625 0.33203125 0.107421875 0.138671875
1 0.794921875 0.4853515625 0.021484375 0.02734375
1 0.8427734375 0.4970703125 0.015625 0.017578125
1 0.7626953125 0.4814453125 0.0078125 0.013671875
1 0.759765625 0.462890625 0.013671875 0.01171875
1 0.75 0.5380859375 0.0390625 0.025390625
1 0.640625 0.5068359375 0.009765625 0.01171875
1 0.648386509765625 0.48645942578125 0.650595576171875 0.512998583984375 0.672450740234375 0.51615048828125 0.72402679296875 0.5280126875 0.732532501953125 0.489516025390625 0.742097509765625 0.4586808515625 0.736132068359375 0.446000791015625 0.737915978515625 0.446486146484375 0.700966208984375 0.42560916015625 0.666400005859375 0.42693725 0.6510473828125 0.4422932578125 0.648386509765625 0.48645942578125
0 0.724724126953125 0.428722533203125 0.7532211328125 0.446772296875 0.771505830078125 0.459475876953125 0.796026748046875 0.47071753515625 0.8219881953125 0.464321021484375 0.849663732421875 0.447622373046875 0.87819033984375 0.4157074609375 0.87852560546875 0.38307950390625 0.8741599296875 0.342057478515625 0.86677550390625 0.304043341796875 0.850625833984375 0.268552640625 0.81171981640625 0.234608529296875 0.81321457421875 0.233478443359375 0.78321249609375 0.247239205078125 0.748810529296875 0.26615497265625 0.6972038671875 0.302556283203125 0.694148689453125 0.35768885546875 0.704084478515625 0.405256771484375 0.724724126953125 0.428722533203125
0 0.754582611328125 0.59651004296875 0.737830484375 0.631751677734375 0.738592919921875 0.684470369140625 0.75139173828125 0.72026979296875 0.7647991875 0.754133185546875 0.7906849140625 0.798552546875 0.841137341796875 0.776377421875 0.86268540234375 0.741663640625 0.884711123046875 0.70207921875 0.880056220703125 0.658314509765625 0.866147025390625 0.633018548828125 0.836662958984375 0.624125015625 0.813591064453125 0.621575759765625 0.80575770703125 0.595118908203125 0.77555721875 0.58418742578125 0.754582611328125 0.59651004296875
1 0.8173828125 0.6103515625 0.015625 0.025390625
1 0.720703125 0.6572265625 0.013671875 0.01953125
1 0.71575479296875 0.663591490234375 0.716136392578125 0.63779213671875 0.708498326171875 0.62726222265625 0.69638918359375 0.61028390234375 0.66860908203125 0.5859628984375 0.6406096484375 0.577646599609375 0.63662975390625 0.6216463515625 0.628396263671875 0.66091276953125 0.622177130859375 0.700808626953125 0.61075858203125 0.732585703125 0.6045913203125 0.76203266796875 0.602355859375 0.79594375 0.616243583984375 0.8081295234375 0.64793475390625 0.81177808203125 0.690997048828125 0.81282391015625 0.746771935546875 0.805050041015625 0.753867255859375 0.801031970703125 0.7596771015625 0.765661904296875 0.75517619921875 0.7266365 0.739725259765625 0.70030322265625 0.71575479296875 0.663591490234375
0 0.527783697265625 0.740647279296875 0.60277870703125 0.783124912109375 0.60623160546875 0.784427251953125 0.605397880859375 0.7449738203125 0.6209616796875 0.708065744140625 0.632003943359375 0.66284299609375 0.6359166875 0.62264062109375 0.622821013671875 0.606035609375 0.586592587890625 0.580553666015625 0.55937107421875 0.58516034765625 0.53560809765625 0.63504892578125 0.5269104921875 0.653344490234375 0.51950694140625 0.7061137109375 0.527783697265625 0.740647279296875
1 0.515625 0.6064453125 0.041015625 0.05859375
1 0.612048029296875 0.444735341796875 0.5968886796875 0.445641484375 0.601725703125 0.471316220703125 0.61282528515625 0.4860332734375 0.627462892578125 0.490131294921875 0.633907880859375 0.4792579296875 0.63363865234375 0.479456107421875 0.62645146484375 0.457702416015625 0.612048029296875 0.444735341796875
1 0.630969748046875 0.514949025390625 0.63047316796875 0.4950892421875 0.61007030078125 0.478642888671875 0.596602943359375 0.477723962890625 0.595000470703125 0.50277431640625 0.61271943359375 0.521120419921875 0.630969748046875 0.514949025390625
1 0.59881211328125 0.5139277265625 0.595843544921875 0.467799021484375 0.589793634765625 0.459815158203125 0.537805638671875 0.452389078125 0.4932356875 0.461100005859375 0.47746147265625 0.47307483984375 0.48497481640625 0.505448361328125 0.50721110546875 0.534832541015625 0.527017603515625 0.5614918828125 0.54466866796875 0.571977380859375 0.58072003515625 0.56969120703125 0.59935428125 0.555725138671875 0.598643501953125 0.5152166875 0.59881211328125 0.5139277265625
1 0.4599609375 0.521484375 0.01953125 0.0234375
0 0.537109375 0.3671875 0.14453125 0.18359375
1 0.46484375 0.3876953125 0.01171875 0.015625
1 0.390625 0.3525390625 0.01171875 0.015625
1 0.3984375 0.5205078125 0.013671875 0.01953125
1 0.35546875 0.5244140625 0.02734375 0.03125
1 0.3359375 0.5322265625 0.017578125 0.0234375
1 0.406029982421875 0.52778221484375 0.371066826171875 0.529760525390625 0.361997775390625 0.547990037109375 0.387258970703125 0.568508240234375 0.38483915234375 0.611783673828125 0.39223258203125 0.63682845703125 0.41795509765625 0.659818408203125 0.4391962109375 0.660679626953125 0.44779685546875 0.627269759765625 0.44684494140625 0.579484669921875 0.440846169921875 0.5287334375 0.42933201171875 0.51056716796875 0.406029982421875 0.52778221484375
1 0.33921425390625 0.570998255859375 0.31741815625 0.573531033203125 0.316445740234375 0.605931193359375 0.347171673828125 0.63463659765625 0.363530365234375 0.64403011328125 0.38580207421875 0.643480279296875 0.421013439453125 0.628095021484375 0.437513568359375 0.614946716796875 0.428320861328125 0.602194578125 0.395032822265625 0.594270087890625 0.37710586328125 0.58153520703125 0.33921425390625 0.570998255859375
1 0.4208984375 0.669921875 0.0078125 0.01171875
1 0.2900390625 0.7041015625 0.009765625 0.01171875
0 0.418406158203125 0.768084875 0.427507859375 0.73776395703125 0.424073115234375 0.69918642578125 0.407912041015625 0.662942916015625 0.387860201171875 0.64643300390625 0.343879583984375 0.63930741015625 0.3151182578125 0.638941603515625 0.291077583984375 0.68298828125 0.2966668046875 0.710428125 0.304704291015625 0.756514466796875 0.32128291015625 0.79751571875 0.39498873046875 0.801707015625 0.418406158203125 0.768084875
0 0.120489712890625 0.82248431640625 0.16956204296875 0.803609404296875 0.1951095546875 0.721384470703125 0.174308126953125 0.690289341796875 0.157851783203125 0.669775365234375 0.124201931640625 0.660027408203125 0.09058721484375 0.666702763671875 0.07543917578125 0.693719669921875 0.04332784375 0.727256990234375 0.059546021484375 0.760388650390625 0.085368349609375 0.7989404453125 0.11975825390625 0.8244985234375 0.120489712890625 0.82248431640625
1 0.0703125 0.671875 0.01171875 0.013671875
1 0.0634765625 0.69140625 0.01171875 0.015625
1 0.0322265625 0.7138671875 0.017578125 0.017578125
1 0.1943359375 0.6982421875 0.017578125 0.033203125
1 0.215712857421875 0.704210162109375 0.2425049296875 0.70222404296875 0.242765193359375 0.703909439453125 0.236950228515625 0.658534599609375 0.215309357421875 0.6216536328125 0.207977435546875 0.587455796875 0.19118478125 0.59158403125 0.18310239453125 0.62243990625 0.156791615234375 0.642139837890625 0.13649436328125 0.6497697109375 0.16155262109375 0.674385900390625 0.1773329765625 0.688344197265625 0.195973138671875 0.68212313671875 0.215712857421875 0.704210162109375
0 0.360075927734375 0.4571344453125 0.3867529296875 0.41154833203125 0.381597234375 0.379044615234375 0.3529632578125 0.320197609375 0.326723869140625 0.300444451171875 0.2926308671875 0.312220447265625 0.26467746875 0.3527176640625 0.2517290078125 0.380154166015625 0.2395256328125 0.421916943359375 0.249901779296875 0.446002291015625 0.282411673828125 0.474719322265625 0.314357697265625 0.499718388671875 0.360075927734375 0.4571344453125
1 0.3046875 0.5517578125 0.015625 0.015625
1 0.302734375 0.5107421875 0.013671875 0.01953125
1 0.2626953125 0.5400390625 0.015625 0.013671875
1 0.140625 0.5537109375 0.013671875 0.013671875
1 0.123046875 0.55078125 0.013671875 0.013671875
1 0.20270232421875 0.38135042578125 0.16283458203125 0.331003986328125 0.08570904296875 0.319927814453125 0.058943455078125 0.329052884765625 0.06945698828125 0.375250662109375 0.08450126171875 0.44527496484375 0.096324083984375 0.494429173828125 0.130010923828125 0.5173386953125 0.14739153125 0.553737869140625 0.11163998046875 0.6145819765625 0.121465048828125 0.627440443359375 0.158488767578125 0.646835765625 0.182964591796875 0.628501423828125 0.195810572265625 0.58248981640625 0.223458037109375 0.549285546875 0.259117103515625 0.532281328125 0.278099572265625 0.498025841796875 0.240930412109375 0.448774568359375 0.20270232421875 0.38135042578125
0 0 0.451486478515625 0.013867083984375 0.479371822265625 0.0846043125 0.506600814453125 0.080941291015625 0.43542344921875 0.07360637109375 0.391579845703125 0.054781388671875 0.35254769140625 0 0.35251217578125 0 0.451486478515625
1 0.068359375 0.53515625 0.01953125 0.015625
1 0.080597822265625 0.577821361328125 0.075527390625 0.547709484375 0.055425447265625 0.53100296875 0.03307974609375 0.521304884765625 0.000180162109375 0.5238897421875 0.001378837890625 0.537590662109375 0.006210052734375 0.592811705078125 0.010172703125 0.598460234375 0.051595705078125 0.59519169921875 0.080597822265625 0.577821361328125
0 0.9794921875 0.626953125 0.041015625 0.14453125
1 0.890625 0.4677734375 0.0078125 0.013671875