0 0.1650390625 0.82421875 0.19140625 0.2265625
1 0.0615234375 0.7021484375 0.076171875 0.109375
1 0.0390625 0.64453125 0.01171875 0.01171875
1 0.052734375 0.6455078125 0.01171875 0.01171875
1 0.0693359375 0.6484375 0.017578125 0.015625
1 0.1103515625 0.6826171875 0.015625 0.02734375
1 0.150390625 0.6767578125 0.041015625 0.04296875
1 0.1953125 0.6474609375 0.09765625 0.138671875
1 0.2177734375 0.623046875 0.02734375 0.01953125
0 0.1123046875 0.5126953125 0.16015625 0.203125
1 0.146484375 0.455078125 0.01171875 0.013671875
1 0.2099609375 0.4775390625 0.015625 0.015625
1 0.232421875 0.4638671875 0.01953125 0.021484375
1 0.25390625 0.4638671875 0.017578125 0.021484375
1 0.2431640625 0.583984375 0.0078125 0.013671875
1 0.259765625 0.6015625 0.029296875 0.0390625
1 0.2734375 0.646484375 0.015625 0.021484375
1 0.291015625 0.62890625 0.01953125 0.01953125
1 0.27734375 0.58984375 0.013671875 0.015625
1 0.2900390625 0.6044921875 0.01953125 0.01953125
1 0.30859375 0.5986328125 0.021484375 0.021484375
0 0.3115234375 0.46875 0.146484375 0.1875
1 0.3681640625 0.5810546875 0.064453125 0.091796875
1 0.40625 0.6435546875 0.0703125 0.076171875
1 0.4267578125 0.5908203125 0.068359375 0.087890625
1 0.474609375 0.572265625 0.04296875 0.05078125
1 0.505859375 0.576171875 0.056640625 0.09375
1 0.466796875 0.5380859375 0.01171875 0.01171875
1 0.4765625 0.5263671875 0.0078125 0.01171875
1 0.427734375 0.423828125 0.126953125 0.16015625
0 0.5322265625 0.4033203125 0.1484375 0.1796875
1 0.5078125 0.3642578125 0.013671875 0.015625
1 0.4072265625 0.3095703125 0.037109375 0.037109375
1 0.5146484375 0.2783203125 0.03515625 0.0390625
1 0.30078125 0.7216796875 0.041015625 0.04296875
1 0.30859375 0.759765625 0.013671875 0.013671875
1 0.3134765625 0.6796875 0.015625 0.017578125
0 0.5791015625 0.6806640625 0.177734375 0.169921875
1 0.5556640625 0.5830078125 0.015625 0.015625
1 0.5693359375 0.5673828125 0.02734375 0.029296875
1 0.5966796875 0.576171875 0.078125 0.08203125
1 0.5361328125 0.5302734375 0.044921875 0.04296875
1 0.630859375 0.5537109375 0.0234375 0.0234375
1 0.6484375 0.5234375 0.11328125 0.146484375
1 0.7548828125 0.53125 0.076171875 0.078125
1 0.83984375 0.56640625 0.0234375 0.03515625
0 0.826171875 0.6494140625 0.16796875 0.15625
1 0.71484375 0.658203125 0.025390625 0.03125
0 0.9658203125 0.583984375 0.068359375 0.17578125
1 0.8203125 0.498046875 0.119140625 0.1328125
1 0.88671875 0.4775390625 0.11328125 0.201171875
1 0.8173828125 0.4140625 0.06640625 0.111328125
0 0.734375 0.349609375 0.14453125 0.201171875
1 0.673828125 0.3583984375 0.0234375 0.025390625
1 0.779296875 0.275390625 0.02734375 0.03515625
1 0.8359375 0.3125 0.033203125 0.02734375
1 0.849609375 0.3447265625 0.01171875 0.013671875
0 0.9365234375 0.3291015625 0.103515625 0.162109375
1 0.966796875 0.47265625 0.03515625 0.029296875
1 0.9189453125 0.4853515625 0.025390625 0.025390625
1 0.7373046875 0.486328125 0.021484375 0.01953125
1 0.0556640625 0.6240234375 0.01171875 0.013671875
1 0.080078125 0.8515625 0.0078125 0.01171875
1 0.25390625 0.791015625 0.0078125 0.009765625
1 0.68359375 0.619140625 0.01171875 0.01171875
1 0.5966796875 0.3935546875 0.005859375 0.0078125
1 0.603515625 0.3740234375 0.01171875 0.01171875
1 0.61328125 0.3466796875 0.0078125 0.01171875
1 0.626953125 0.3486328125 0.009765625 0.01171875
1 0.7451171875 0.453125 0.009765625 0.01171875
1 0.8759765625 0.3076171875 0.013671875 0.017578125
1 0.8388671875 0.3876953125 0.0078125 0.01171875
1 0.8310546875 0.3671875 0.0078125 0.009765625
0 0.329476869140625 0.795909041015625 0.383154828125 0.816279658203125 0.419782857421875 0.8016631953125 0.429926640625 0.755020802734375 0.410115779296875 0.69123821484375 0.380956974609375 0.664561720703125 0.391283748046875 0.63956244921875 0.388689609375 0.626953572265625 0.380666994140625 0.628461048828125 0.349182724609375 0.6417220546875 0.324870583984375 0.6759653671875 0.30867337890625 0.692741109375 0.310244142578125 0.708617751953125 0.332359279296875 0.785212244140625 0.329476869140625 0.795909041015625