0 0.10546875 0.6005859375 0.16015625 0.1875
1 0.01171875 0.615234375 0.01171875 0.015625
1 0.0341796875 0.6748046875 0.015625 0.015625
1 0.0771484375 0.4921875 0.015625 0.01953125
0 0.0986328125 0.2822265625 0.1328125 0.171875
1 0.2109375 0.3291015625 0.01953125 0.021484375
1 0.2373046875 0.287109375 0.0078125 0.015625
1 0.2509765625 0.330078125 0.01171875 0.013671875
0 0.3154296875 0.298828125 0.130859375 0.162109375
1 0.306640625 0.48046875 0.01953125 0.029296875
1 0.2373046875 0.5009765625 0.013671875 0.01953125
1 0.3818359375 0.59375 0.01953125 0.021484375
1 0.396484375 0.6494140625 0.009765625 0.013671875
0 0.318359375 0.609375 0.12109375 0.1953125
1 0.4365234375 0.4228515625 0.005859375 0.009765625
1 0.4599609375 0.296875 0.015625 0.015625
0 0.548828125 0.271484375 0.14453125 0.19140625
1 0.6005859375 0.4228515625 0.013671875 0.013671875
1 0.51953125 0.5615234375 0.01171875 0.015625
1 0.626953125 0.6103515625 0.017578125 0.03125
1 0.5400390625 0.7041015625 0.009765625 0.0078125
0 0.629380421875 0.64646311328125 0.620616517578125 0.621852419921875 0.615553138671875 0.591543900390625 0.611852904296875 0.569200451171875 0.600252892578125 0.534127677734375 0.586037767578125 0.52590519921875 0.558214927734375 0.535639958984375 0.544639994140625 0.537694162109375 0.525680109375 0.56356329296875 0.495058626953125 0.582363890625 0.508730552734375 0.6195561953125 0.5321068203125 0.66138966796875 0.54636407421875 0.671222337890625 0.570033853515625 0.678112265625 0.592696787109375 0.679017181640625 0.608596853515625 0.671205775390625 0.622929228515625 0.66039526171875 0.629380421875 0.64646311328125
1 0.6630859375 0.6171875 0.0078125 0.013671875
1 0.6171875 0.4404296875 0.0078125 0.009765625
1 0.763671875 0.337890625 0.01953125 0.021484375
0 0.762481203125 0.175740390625 0.734719474609375 0.199196119140625 0.723686599609375 0.22735279296875 0.718076728515625 0.2723311796875 0.7202350234375 0.3046256796875 0.738957494140625 0.31068162109375 0.766586876953125 0.328469736328125 0.778503333984375 0.354223109375 0.83071147265625 0.32558129296875 0.84448684375 0.28801697265625 0.853099537109375 0.249271791015625 0.832695830078125 0.1940506640625 0.80015037890625 0.172780283203125 0.762481203125 0.175740390625
1 0.818359375 0.3837890625 0.01953125 0.021484375
1 0.7958984375 0.4541015625 0.013671875 0.01171875
0 0.7802734375 0.57421875 0.123046875 0.173828125
1 0.7021484375 0.6484375 0.009765625 0.0078125
1 0.8505859375 0.6064453125 0.013671875 0.009765625
1 0.880859375 0.55859375 0.0078125 0.015625
0 0.9521484375 0.2578125 0.078125 0.123046875
1 0.9658203125 0.537109375 0.0625 0.044921875
0 0.96875 0.607421875 0.0625 0.109375