0 0.783203125 0.2919921875 0.1484375 0.2060546875
0 0.53125 0.3173828125 0.150390625 0.234375
0 0.2861328125 0.31640625 0.15625 0.1845703125
0 0.068359375 0.294921875 0.1357421875 0.240234375
1 0.087890625 0.509765625 0.017578125 0.021484375
0 0.0556640625 0.6484375 0.111328125 0.2265625
1 0.09375 0.53125 0.009765625 0.015625
1 0.2451171875 0.5224609375 0.013671875 0.021484375
0 0.248046875 0.685546875 0.15625 0.2529296875
1 0.2958984375 0.4892578125 0.009765625 0.0185546875
1 0.369140625 0.46875 0.013671875 0.013671875
1 0.439453125 0.46484375 0.009765625 0.015625
1 0.490234375 0.490234375 0.0126953125 0.0185546875
1 0.548828125 0.5126953125 0.044921875 0.0576171875
1 0.580078125 0.64453125 0.0341796875 0.0283203125
0 0.46635509765625 0.708202435546875 0.50345801171875 0.71892912109375 0.533126912109375 0.71729290625 0.55909494921875 0.67710916796875 0.58153392578125 0.64629491796875 0.61108140234375 0.616827533203125 0.5763669296875 0.568276703125 0.53915033984375 0.5445050703125 0.500447486328125 0.5260131796875 0.47567765234375 0.56608073046875 0.440685455078125 0.610050154296875 0.429927765625 0.641653232421875 0.429762421875 0.668750689453125 0.46635509765625 0.708202435546875
0 0.759765625 0.6494140625 0.15625 0.171875
1 0.724609375 0.5 0.025390625 0.041015625
1 0.75 0.474609375 0.009765625 0.0107421875
0 0.951171875 0.646484375 0.0966796875 0.197265625
1 0.982421875 0.48046875 0.0107421875 0.0107421875
1 0.97265625 0.5166015625 0.0283203125 0.025390625
1 0.87890625 0.498046875 0.0126953125 0.0205078125
0 0.9658203125 0.3115234375 0.068359375 0.111328125
1 0.5712890625 0.4619140625 0.0126953125 0.0185546875
1 0.39453125 0.498046875 0.005859375 0.0126953125
1 0.4326171875 0.5341796875 0.0126953125 0.015625