1 0.4033203125 0.0908203125 0.166015625 0.125
0 0.2911284375 0.10377494921875 0.27408154296875 0.09758534765625 0.26478269140625 0.099600119140625 0.23147422265625 0.13582773046875 0.216476494140625 0.14625649609375 0.19603660546875 0.1915676875 0.19041047265625 0.2390779765625 0.258163287109375 0.251869201171875 0.31331059765625 0.240217755859375 0.349271115234375 0.21378996875 0.36855059375 0.185697994140625 0.36414475390625 0.168602751953125 0.315584416015625 0.124533935546875 0.2911284375 0.10377494921875
1 0.3955078125 0.1943359375 0.01953125 0.009765625
1 0.4658203125 0.158203125 0.009765625 0.0078125
1 0.4892578125 0.248046875 0.064453125 0.08203125
1 0.466796875 0.28125 0.01171875 0.01171875
1 0.478515625 0.3193359375 0.015625 0.015625
1 0.63671875 0.208984375 0.015625 0.015625
1 0.6259765625 0.234375 0.013671875 0.0078125
0 0.5966796875 0.1103515625 0.193359375 0.15234375
1 0.501953125 0.408203125 0.021484375 0.01953125
1 0.634765625 0.4716796875 0.017578125 0.015625
1 0.5654296875 0.404296875 0.046875 0.041015625
0 0.632303787109375 0.422775572265625 0.674021984375 0.42214840625 0.72286637109375 0.39776134765625 0.750878498046875 0.374777671875 0.75570491015625 0.346515943359375 0.72847676171875 0.32573314453125 0.670893212890625 0.293116421875 0.649674755859375 0.27755016796875 0.609006208984375 0.28514905078125 0.575685927734375 0.298540228515625 0.569366787109375 0.30668291796875 0.56076598828125 0.357213619140625 0.5613914921875 0.354831763671875 0.566959193359375 0.37612191015625 0.57705866796875 0.394140787109375 0.605930046875 0.4114826328125 0.632303787109375 0.422775572265625
1 0.525390625 0.4775390625 0.021484375 0.01953125
1 0.4521484375 0.4765625 0.013671875 0.01171875
1 0.615234375 0.6533203125 0.025390625 0.021484375
1 0.59803426953125 0.51693104296875 0.580183568359375 0.532425310546875 0.559184826171875 0.5516829765625 0.552654376953125 0.574929822265625 0.58021025390625 0.589847982421875 0.605184947265625 0.587143125 0.615183828125 0.56125198046875 0.618719529296875 0.5298490078125 0.61121340234375 0.516112552734375 0.59803426953125 0.51693104296875
1 0.538598171875 0.605348345703125 0.5674223359375 0.611216099609375 0.581360771484375 0.601872169921875 0.5562906640625 0.572604080078125 0.567571587890625 0.545473494140625 0.595467591796875 0.528890193359375 0.590826798828125 0.512415955078125 0.55591718359375 0.49895945703125 0.524815435546875 0.504484576171875 0.48648327734375 0.52063583984375 0.44728277734375 0.539831029296875 0.438340955078125 0.547028724609375 0.465547302734375 0.577013958984375 0.496263830078125 0.589552599609375 0.538598171875 0.605348345703125
1 0.525390625 0.677734375 0.01953125 0.01953125
1 0.436193294921875 0.64090184765625 0.432020244140625 0.671371693359375 0.476206642578125 0.678861375 0.537591021484375 0.664718703125 0.533727333984375 0.644841755859375 0.521886373046875 0.6273651953125 0.5033654453125 0.5934204296875 0.480349064453125 0.58694420703125 0.457446326171875 0.582284736328125 0.4156994921875 0.583001525390625 0.41907838671875 0.612358060546875 0.453996736328125 0.611674380859375 0.45119312890625 0.61951599609375 0.436193294921875 0.64090184765625
1 0.3525390625 0.5986328125 0.015625 0.01171875
0 0.4356223671875 0.66980217578125 0.440948720703125 0.6372094375 0.44856573828125 0.6205160703125 0.422597111328125 0.604309505859375 0.4207195234375 0.5794856640625 0.416916451171875 0.56666559765625 0.3988384765625 0.57386649609375 0.367329865234375 0.59912110546875 0.3265285234375 0.609085517578125 0.313145515625 0.651363083984375 0.33292326171875 0.6698404140625 0.36895773046875 0.69170597265625 0.399419955078125 0.703433923828125 0.424112529296875 0.703708552734375 0.4356223671875 0.66980217578125
1 0.279296875 0.6396484375 0.017578125 0.009765625
0 0.4453125 0.880859375 0.08203125 0.091796875
1 0.423828125 0.9501953125 0.08984375 0.056640625
1 0.3408203125 0.86328125 0.0546875 0.04296875
1 0.5185546875 0.9873046875 0.044921875 0.025390625
1 0.6328125 0.9306640625 0.021484375 0.01953125
1 0.6787109375 0.9501953125 0.0390625 0.03515625
1 0.625 0.974609375 0.025390625 0.021484375
1 0.619140625 0.8564453125 0.01953125 0.021484375
1 0.56947763671875 0.91323198828125 0.588405576171875 0.92754280078125 0.618998015625 0.890379658203125 0.6214383515625 0.87160208203125 0.589665544921875 0.8635889453125 0.5391107734375 0.864983833984375 0.53689862109375 0.867859482421875 0.54619661328125 0.878761685546875 0.56947763671875 0.91323198828125
1 0.5791015625 0.78515625 0.017578125 0.017578125
1 0.614249166015625 0.793127873046875 0.571119494140625 0.79533167578125 0.575016833984375 0.80976615234375 0.584475673828125 0.8306419140625 0.609465859375 0.84002987890625 0.624985611328125 0.85366175390625 0.648488474609375 0.8512199609375 0.655761677734375 0.8228614453125 0.651316095703125 0.80487196875 0.63196188671875 0.7931149921875 0.614249166015625 0.793127873046875
1 0.738725759765625 0.860579453125 0.72514325 0.872560072265625 0.700530765625 0.877941849609375 0.69732077734375 0.854801326171875 0.703162525390625 0.846137716796875 0.680704669921875 0.84690254296875 0.681112197265625 0.847403650390625 0.6753587890625 0.868803388671875 0.687596517578125 0.90380943359375 0.726995115234375 0.90920149609375 0.786429392578125 0.8881066953125 0.787054375 0.86923868359375 0.77542602734375 0.85543071875 0.738725759765625 0.860579453125
0 0.663630232421875 0.81433352734375 0.68309932421875 0.83475344921875 0.701977830078125 0.846100865234375 0.6991281875 0.87570205078125 0.7144481875 0.8759930703125 0.741511515625 0.86434317578125 0.769602021484375 0.84476402734375 0.78875417578125 0.821669470703125 0.8271788203125 0.791603548828125 0.829055662109375 0.754209705078125 0.807514490234375 0.741682642578125 0.74966444140625 0.748552095703125 0.730254701171875 0.75867168359375 0.706158484375 0.7713614453125 0.680262470703125 0.780620890625 0.63989193359375 0.784966611328125 0.648690267578125 0.7985347890625 0.663630232421875 0.81433352734375
1 0.7265625 0.755859375 0.013671875 0.01171875
1 0.7431640625 0.6318359375 0.0234375 0.01953125
1 0.7451171875 0.6904296875 0.015625 0.009765625
1 0.6259765625 0.708984375 0.017578125 0.017578125
0 0.776479314453125 0.606528515625 0.7835067109375 0.556133240234375 0.78323966015625 0.5187358515625 0.763097021484375 0.5060820234375 0.71423663671875 0.500097314453125 0.679202095703125 0.489860333984375 0.63597392578125 0.529942490234375 0.608368724609375 0.58410855078125 0.581581314453125 0.61236608984375 0.611574419921875 0.623860521484375 0.64485783203125 0.63601190234375 0.67802583984375 0.6469456171875 0.7149389296875 0.6380501953125 0.749546228515625 0.619235443359375 0.776479314453125 0.606528515625
1 0.2822265625 0.45703125 0.013671875 0.0078125
1 0.3447265625 0.484375 0.013671875 0.0078125
1 0.3330078125 0.509765625 0.01953125 0.013671875
0 0.422487228515625 0.381592517578125 0.409676779296875 0.346135900390625 0.381791099609375 0.34130509375 0.328524861328125 0.35911915625 0.2821438515625 0.381409615234375 0.25280594921875 0.399128708984375 0.24359735546875 0.41129887109375 0.269574287109375 0.43774469140625 0.29151866796875 0.4492895 0.316245705078125 0.4704030234375 0.3379517578125 0.474482189453125 0.397612423828125 0.45756915234375 0.4163431328125 0.423815923828125 0.422487228515625 0.381592517578125