1 0.9697265625 0.830078125 0.056640625 0.06640625
1 0.8916015625 0.5751953125 0.0390625 0.044921875
1 0.9013671875 0.5224609375 0.015625 0.01953125
1 0.8876953125 0.5458984375 0.015625 0.015625
1 0.8876953125 0.509765625 0.01953125 0.01953125
1 0.8447265625 0.5361328125 0.015625 0.017578125
0 1 0.487943802734375 0.965433794921875 0.470340779296875 0.933101044921875 0.46929689453125 0.900448046875 0.472507794921875 0.903793568359375 0.500129107421875 0.906048671875 0.52825464453125 0.90065708984375 0.560845107421875 0.91223770703125 0.57878521484375 0.941213419921875 0.59260319921875 0.97929876953125 0.607917283203125 1 0.615587841796875 1 0.487943802734375
1 0.9658203125 0.3427734375 0.013671875 0.015625
1 0.9365234375 0.37109375 0.052734375 0.052734375
0 0.8916015625 0.2431640625 0.14453125 0.15625
1 0.8154296875 0.2177734375 0.021484375 0.025390625
1 0.8271484375 0.2724609375 0.0078125 0.01171875
1 0.806640625 0.2607421875 0.015625 0.01953125
1 0.8173828125 0.314453125 0.015625 0.017578125
1 0.775390625 0.2724609375 0.013671875 0.015625
1 0.73828125 0.205078125 0.017578125 0.017578125
1 0.7265625 0.1875 0.015625 0.015625
1 0.6923828125 0.205078125 0.021484375 0.021484375
1 0.749268150390625 0.20961671875 0.76436859765625 0.19688930078125 0.75777519921875 0.176806140625 0.734925171875 0.14217039453125 0.72096331640625 0.139722068359375 0.69731675390625 0.16982749609375 0.698270298828125 0.204498955078125 0.71686748046875 0.223494052734375 0.72974197265625 0.216068138671875 0.7242404140625 0.199242810546875 0.721006162109375 0.189403103515625 0.725719140625 0.1811927578125 0.742036076171875 0.192855064453125 0.749268150390625 0.20961671875
1 0.6455078125 0.1787109375 0.0234375 0.029296875
1 0.6689453125 0.2353515625 0.021484375 0.029296875
1 0.7470703125 0.3505859375 0.01953125 0.01953125
1 0.837890625 0.3798828125 0.009765625 0.015625
1 0.8125 0.3876953125 0.064453125 0.076171875
1 0.8505859375 0.45703125 0.015625 0.015625
1 0.8193359375 0.466796875 0.0078125 0.0078125
1 0.779296875 0.4365234375 0.01171875 0.009765625
1 0.8115234375 0.5458984375 0.0078125 0.01171875
1 0.6982421875 0.37890625 0.009765625 0.0078125
1 0.63671875 0.2490234375 0.01953125 0.01953125
1 0.6005859375 0.208984375 0.009765625 0.013671875
1 0.6064453125 0.1796875 0.009765625 0.01171875
1 0.6240234375 0.279296875 0.017578125 0.017578125
1 0.6015625 0.296875 0.029296875 0.03515625
1 0.6162109375 0.322265625 0.009765625 0.01171875
0 0.660569123046875 0.3723167421875 0.673108896484375 0.3744586015625 0.695697927734375 0.374685107421875 0.71551842578125 0.37215010546875 0.7278590546875 0.360445033203125 0.743552220703125 0.33568616796875 0.76553665625 0.319568677734375 0.759638984375 0.29149273828125 0.740019583984375 0.2562503125 0.715262724609375 0.230453541015625 0.692036080078125 0.237877294921875 0.663170048828125 0.25729728515625 0.63410962890625 0.29742175 0.640055447265625 0.327047560546875 0.660569123046875 0.3723167421875
1 0.4814453125 0.2177734375 0.03515625 0.0390625
1 0.4794921875 0.2548828125 0.017578125 0.021484375
1 0.5029296875 0.4365234375 0.033203125 0.048828125
0 0.459477951171875 0.30958069140625 0.44426908984375 0.350395451171875 0.445035623046875 0.375152080078125 0.458621412109375 0.393363865234375 0.478613408203125 0.403996802734375 0.5029359296875 0.417029138671875 0.516813896484375 0.4300587421875 0.537395759765625 0.451665357421875 0.550116568359375 0.42509167578125 0.566944876953125 0.402164595703125 0.578248541015625 0.382267541015625 0.581321916015625 0.357060470703125 0.57344869921875 0.326256423828125 0.562358501953125 0.29482801953125 0.53168251953125 0.28041010546875 0.494720443359375 0.28800178515625 0.459477951171875 0.30958069140625
1 0.5615234375 0.4111328125 0.013671875 0.015625
1 0.572554884765625 0.401013126953125 0.56791811328125 0.41125218359375 0.5523848203125 0.42688199609375 0.538811763671875 0.43939260546875 0.52129268359375 0.47357290234375 0.532745654296875 0.501933724609375 0.544874595703125 0.52625922265625 0.556148427734375 0.532260447265625 0.576068921875 0.535280763671875 0.60771866796875 0.53622779296875 0.62731253125 0.534181705078125 0.61306044140625 0.5074929296875 0.6049212265625 0.497341630859375 0.60262134765625 0.479905658203125 0.62053590625 0.457982591796875 0.622537703125 0.428455232421875 0.603733236328125 0.409869666015625 0.581352865234375 0.401969388671875 0.572554884765625 0.401013126953125
1 0.5029296875 0.517578125 0.017578125 0.021484375
1 0.6943359375 0.60546875 0.017578125 0.021484375
1 0.6865234375 0.6162109375 0.01171875 0.015625
1 0.673828125 0.5927734375 0.017578125 0.021484375
1 0.650390625 0.60546875 0.017578125 0.0234375
0 0.6861393046875 0.583732814453125 0.70893133984375 0.603263775390625 0.7328332578125 0.62433833203125 0.75344378125 0.63993011328125 0.765630205078125 0.636711529296875 0.78417575390625 0.622693990234375 0.807215060546875 0.62297348828125 0.841048451171875 0.635579072265625 0.83173590625 0.579958755859375 0.8102446328125 0.56623915234375 0.80838527734375 0.539312154296875 0.79440658203125 0.521882974609375 0.763683916015625 0.515164306640625 0.730984935546875 0.512019890625 0.707519505859375 0.549770248046875 0.6823438046875 0.56898832421875 0.6861393046875 0.583732814453125
0 0.583984375 0.63671875 0.15234375 0.166015625
1 0.533203125 0.69921875 0.01171875 0.021484375
1 0.44921875 0.607421875 0.029296875 0.033203125
1 0.423828125 0.6259765625 0.013671875 0.017578125
1 0.4609375 0.46875 0.01171875 0.01171875
1 0.573880068359375 0.550807830078125 0.570151306640625 0.535497498046875 0.55452706640625 0.52848602734375 0.5336960859375 0.51933960546875 0.51384878515625 0.523101462890625 0.518357193359375 0.551226818359375 0.538531533203125 0.5639030078125 0.5677789375 0.565168193359375 0.573880068359375 0.550807830078125
1 0.3369140625 0.5068359375 0.0625 0.091796875
1 0.361328125 0.275390625 0.01953125 0.021484375
1 0.4150390625 0.330078125 0.017578125 0.017578125
1 0.41015625 0.3447265625 0.0078125 0.01171875
1 0.42578125 0.373046875 0.01171875 0.017578125
1 0.3017578125 0.3046875 0.033203125 0.0390625
1 0.2822265625 0.306640625 0.0078125 0.013671875
1 0.2763671875 0.3388671875 0.013671875 0.01171875
1 0.23046875 0.3154296875 0.015625 0.013671875
1 0.228515625 0.3798828125 0.013671875 0.015625
1 0.1943359375 0.3408203125 0.029296875 0.03125
1 0.2197265625 0.330078125 0.021484375 0.025390625
1 0.1953125 0.314453125 0.0390625 0.03515625
1 0.169921875 0.380859375 0.01171875 0.013671875
0 0.292594041015625 0.351621927734375 0.273942224609375 0.351507201171875 0.2448583828125 0.36162888671875 0.23811221875 0.38242491015625 0.21664269140625 0.4045919375 0.226119939453125 0.417104701171875 0.24956084375 0.4347604140625 0.27329787890625 0.463639482421875 0.2895128515625 0.4844089453125 0.313741990234375 0.43150051953125 0.317660060546875 0.400864169921875 0.292594041015625 0.351621927734375
1 0.2294921875 0.5390625 0.052734375 0.076171875
1 0.1865234375 0.58203125 0.05078125 0.046875
1 0.22265625 0.6513671875 0.0078125 0.01171875
1 0.21875 0.640625 0.015625 0.015625
1 0.1845703125 0.6318359375 0.017578125 0.021484375
1 0.318359375 0.640625 0.01171875 0.009765625
1 0.3056640625 0.6328125 0.025390625 0.0234375
1 0.3115234375 0.6884765625 0.015625 0.013671875
1 0.30859375 0.7021484375 0.01171875 0.01171875
1 0.298828125 0.6669921875 0.0234375 0.02734375
1 0.287109375 0.673828125 0.009765625 0.01171875
1 0.27734375 0.671875 0.013671875 0.021484375
1 0.28515625 0.650390625 0.01171875 0.015625
0 0.3785407734375 0.61026061328125 0.3392727890625 0.57574219140625 0.33034040625 0.604200576171875 0.325177751953125 0.63868475390625 0.307701974609375 0.655722091796875 0.324604052734375 0.678892302734375 0.319215931640625 0.72357307421875 0.338449630859375 0.73249150390625 0.355216654296875 0.738498615234375 0.3719545703125 0.735508283203125 0.40627348828125 0.721098001953125 0.4150896875 0.700187201171875 0.4084085078125 0.654773109375 0.3785407734375 0.61026061328125
1 0.4423828125 0.7041015625 0.01171875 0.015625
1 0.2431640625 0.6630859375 0.013671875 0.017578125
1 0.26171875 0.734375 0.009765625 0.009765625
1 0.0947265625 0.73828125 0.015625 0.013671875
1 0.0810546875 0.6787109375 0.013671875 0.017578125
1 0.0625 0.72265625 0.02734375 0.033203125
1 0.048828125 0.6943359375 0.013671875 0.015625
1 0.080078125 0.7998046875 0.017578125 0.0234375
1 0.0634765625 0.7939453125 0.015625 0.02734375
1 0.1025390625 0.7724609375 0.0078125 0.01171875
1 0.173828125 0.82421875 0.01171875 0.015625
1 0.1787109375 0.8662109375 0.015625 0.0234375
1 0.1455078125 0.8857421875 0.01171875 0.015625
0 0.13799667578125 0.65097311328125 0.11263144921875 0.6698010703125 0.105068203125 0.723100681640625 0.0945352265625 0.7565617578125 0.11333312109375 0.772130828125 0.140296189453125 0.78963525390625 0.180629048828125 0.76834532421875 0.213959263671875 0.7494238671875 0.21125949609375 0.711448982421875 0.19502873046875 0.673116404296875 0.193927880859375 0.672079994140625 0.160658939453125 0.654692783203125 0.13799667578125 0.65097311328125
1 0.0810546875 0.625 0.02734375 0.029296875
1 0.089558431640625 0.5513133359375 0.10583001171875 0.568575904296875 0.12323981640625 0.57586409765625 0.14115508984375 0.58978817578125 0.146580126953125 0.55747018359375 0.14176087109375 0.538619625 0.115837091796875 0.544125150390625 0.089558431640625 0.5513133359375
1 0.07719881640625 0.55235716796875 0.0556845390625 0.558822169921875 0.05348790234375 0.568162076171875 0.052418587890625 0.619433775390625 0.058905189453125 0.633612912109375 0.06334642578125 0.6250901015625 0.084623568359375 0.602891517578125 0.103755478515625 0.597527462890625 0.129495365234375 0.581338443359375 0.119351052734375 0.573117234375 0.094001078125 0.553500880859375 0.07719881640625 0.55235716796875
1 0.0419921875 0.587890625 0.013671875 0.01171875
1 0.0185546875 0.580078125 0.03125 0.025390625
0 0.0703125 0.4365234375 0.140625 0.189453125
1 0.6328125 0.921875 0.14453125 0.142578125
1 0.462890625 0.94140625 0.18359375 0.1171875
1 0.38766277734375 1 0.382115591796875 0.992226169921875 0.38805044921875 0.94567058984375 0.406225890625 0.91970155078125 0.42134870703125 0.919949744140625 0.416685607421875 0.886947818359375 0.4072492109375 0.842612966796875 0.387706435546875 0.8258386796875 0.361050060546875 0.81850804296875 0.345509546875 0.820194080078125 0.328518333984375 0.83300400390625 0.3362383515625 0.8944079765625 0.332377107421875 0.934340345703125 0.32544565234375 0.980737916015625 0.32706914453125 1 0.38766277734375 1
1 0.2919921875 0.966796875 0.107421875 0.06640625
1 0.2001953125 0.9658203125 0.142578125 0.068359375
1 0.1328125 0.9248046875 0.009765625 0.013671875
1 0.376953125 0.4501953125 0.0078125 0.01171875