0 0.1591796875 0.181640625 0.1875 0.22265625
1 0.05859375 0.3056640625 0.07421875 0.111328125
1 0.037109375 0.36328125 0.01171875 0.01171875
1 0.0498046875 0.3623046875 0.01171875 0.01171875
1 0.06640625 0.359375 0.017578125 0.015625
1 0.107421875 0.32421875 0.015625 0.02734375
1 0.146484375 0.3291015625 0.041015625 0.04296875
1 0.1923828125 0.357421875 0.09765625 0.13671875
1 0.2158203125 0.3818359375 0.02734375 0.01953125
0 0.1123046875 0.494140625 0.158203125 0.201171875
1 0.1474609375 0.55078125 0.01171875 0.013671875
1 0.2109375 0.52734375 0.015625 0.015625
1 0.232421875 0.541015625 0.01953125 0.021484375
1 0.2548828125 0.541015625 0.017578125 0.021484375
1 0.2412109375 0.419921875 0.009765625 0.015625
1 0.2578125 0.40234375 0.03125 0.041015625
1 0.2705078125 0.357421875 0.017578125 0.021484375
1 0.2890625 0.3740234375 0.01953125 0.01953125
1 0.275390625 0.4140625 0.013671875 0.015625
1 0.2880859375 0.3994140625 0.01953125 0.01953125
1 0.306640625 0.4052734375 0.0234375 0.021484375
0 0.3115234375 0.53515625 0.14453125 0.1875
1 0.3671875 0.4208984375 0.0625 0.091796875
1 0.4033203125 0.357421875 0.06640625 0.07421875
1 0.4248046875 0.41015625 0.068359375 0.087890625
1 0.4736328125 0.4287109375 0.04296875 0.05078125
1 0.50390625 0.423828125 0.0546875 0.09375
1 0.4658203125 0.462890625 0.013671875 0.013671875
1 0.4765625 0.4736328125 0.009765625 0.01171875
1 0.4296875 0.578125 0.125 0.16015625
0 0.533203125 0.595703125 0.14453125 0.177734375
1 0.509765625 0.6357421875 0.013671875 0.015625
1 0.41015625 0.69140625 0.037109375 0.037109375
1 0.5185546875 0.7216796875 0.03515625 0.0390625
1 0.296875 0.2822265625 0.0390625 0.04296875
1 0.3037109375 0.244140625 0.013671875 0.013671875
1 0.310546875 0.32421875 0.015625 0.01953125
0 0.5751953125 0.318359375 0.17578125 0.166015625
1 0.5537109375 0.416015625 0.015625 0.015625
1 0.568359375 0.431640625 0.025390625 0.029296875
1 0.595703125 0.4228515625 0.078125 0.08203125
1 0.53515625 0.4697265625 0.04296875 0.04296875
1 0.6298828125 0.443359375 0.0234375 0.021484375
1 0.6484375 0.4736328125 0.111328125 0.1484375
1 0.75390625 0.4638671875 0.07421875 0.076171875
1 0.8388671875 0.427734375 0.0234375 0.03515625
0 0.8232421875 0.3447265625 0.16796875 0.154296875
1 0.7119140625 0.3388671875 0.0234375 0.03125
0 0.9658203125 0.4052734375 0.068359375 0.173828125
1 0.8203125 0.49609375 0.1171875 0.130859375
1 0.88671875 0.515625 0.111328125 0.201171875
1 0.8193359375 0.5810546875 0.064453125 0.109375
0 0.736328125 0.646484375 0.142578125 0.201171875
1 0.67578125 0.638671875 0.0234375 0.0234375
1 0.783203125 0.7197265625 0.029296875 0.03515625
1 0.8388671875 0.681640625 0.033203125 0.02734375
1 0.8525390625 0.6484375 0.01171875 0.013671875
0 0.939453125 0.6630859375 0.1015625 0.162109375
1 0.966796875 0.51953125 0.03515625 0.029296875
1 0.9189453125 0.5068359375 0.025390625 0.025390625
1 0.7373046875 0.509765625 0.01953125 0.01953125
1 0.0537109375 0.3837890625 0.01171875 0.015625
1 0.07421875 0.15625 0.009765625 0.01171875
1 0.248046875 0.212890625 0.0078125 0.009765625
1 0.681640625 0.3779296875 0.013671875 0.013671875
1 0.5986328125 0.6044921875 0.005859375 0.0078125
1 0.60546875 0.6240234375 0.01171875 0.01171875
1 0.615234375 0.6513671875 0.0078125 0.009765625
1 0.6298828125 0.6494140625 0.009765625 0.01171875
1 0.74609375 0.5419921875 0.009765625 0.01171875
1 0.87890625 0.685546875 0.013671875 0.017578125
1 0.8408203125 0.6064453125 0.0078125 0.01171875
1 0.8330078125 0.626953125 0.0078125 0.009765625
0 0.327407171875 0.217756927734375 0.30663216015625 0.29472571875 0.30533872265625 0.31062735546875 0.32182623828125 0.32711786328125 0.3467323046875 0.360931654296875 0.37844321484375 0.3736411640625 0.38649091796875 0.375008396484375 0.38886460546875 0.36235616796875 0.378103107421875 0.3375409296875 0.40679190234375 0.310359607421875 0.4254865859375 0.246240986328125 0.414530326171875 0.199782732421875 0.377652783203125 0.1858077421875 0.324338515625 0.20711206640625 0.327407171875 0.217756927734375