0 0.0419921875 0.35546875 0.083984375 0.1171875
1 0.0791015625 0.451171875 0.111328125 0.0703125
1 0.111328125 0.361328125 0.013671875 0.0205078125
1 0.0927734375 0.494140625 0.013671875 0.017578125
1 0.091796875 0.5205078125 0.0126953125 0.009765625
1 0.0107421875 0.55078125 0.0185546875 0.0263671875
1 0.0302734375 0.5537109375 0.013671875 0.0205078125
0 0.0419921875 0.6689453125 0.083984375 0.1357421875
1 0.208984375 0.58203125 0.021484375 0.015625
1 0.205078125 0.5322265625 0.078125 0.0810546875
0 0.2236328125 0.65625 0.1171875 0.142578125
1 0.296875 0.6083984375 0.015625 0.0185546875
1 0.345703125 0.666015625 0.0078125 0.0107421875
1 0.318359375 0.5380859375 0.046875 0.052734375
1 0.3232421875 0.4814453125 0.046875 0.0576171875
1 0.361328125 0.490234375 0.009765625 0.017578125
1 0.28125 0.3896484375 0.017578125 0.021484375
0 0.275172318359375 0.35586144140625 0.22568927734375 0.326225267578125 0.19917224609375 0.343009396484375 0.190252716796875 0.436599220703125 0.243055556640625 0.432980599609375 0.27329282421875 0.38448144140625 0.296194248046875 0.383654720703125 0.308409029296875 0.37602651171875 0.275172318359375 0.35586144140625
1 0.333984375 0.3955078125 0.005859375 0.013671875
1 0.3701171875 0.3984375 0.0126953125 0.015625
1 0.4140625 0.548828125 0.0107421875 0.0078125
0 0.40415994921875 0.4049014140625 0.438041244140625 0.41957051953125 0.475841705078125 0.425063037109375 0.503974712890625 0.40030278515625 0.509548611328125 0.368036609375 0.48323955078125 0.33014701953125 0.4725283671875 0.3077411953125 0.426130021484375 0.295491966796875 0.42459283984375 0.29499076953125 0.39776320703125 0.36333980859375 0.40415994921875 0.4049014140625
1 0.50390625 0.5751953125 0.0419921875 0.0517578125
1 0.4921875 0.51171875 0.099609375 0.056640625
1 0.5380859375 0.5732421875 0.029296875 0.0439453125
1 0.580078125 0.568359375 0.0595703125 0.0830078125
1 0.3857421875 0.650390625 0.0107421875 0.0078125
0 0.394148892578125 0.650654142578125 0.388069919921875 0.701681685546875 0.40610532421875 0.72801787109375 0.44749684765625 0.753711626953125 0.47733755078125 0.743835771484375 0.51601381640625 0.672445091796875 0.51454509765625 0.6309609921875 0.45800264453125 0.585097001953125 0.386163298828125 0.60887896875 0.394148892578125 0.650654142578125
1 0.6025390625 0.716796875 0.0078125 0.013671875
1 0.623046875 0.716796875 0.0078125 0.013671875
1 0.6474609375 0.7548828125 0.015625 0.015625
0 0.738560267578125 0.65287939453125 0.70667989453125 0.582892416015625 0.705651662109375 0.58317143359375 0.670500578125 0.601528052734375 0.63042922265625 0.598708595703125 0.595053375 0.67078820703125 0.601645171875 0.69208829296875 0.625846095703125 0.727573509765625 0.647730912109375 0.7431640625 0.69202758203125 0.75482080859375 0.713780640625 0.747468171875 0.737981564453125 0.70387076953125 0.738560267578125 0.65287939453125
1 0.650390625 0.556640625 0.0859375 0.0859375
1 0.775390625 0.6640625 0.015625 0.025390625
1 0.7685546875 0.6845703125 0.0078125 0.0107421875
1 0.84375 0.646484375 0.0283203125 0.0205078125
1 0.892578125 0.5830078125 0.033203125 0.0419921875
0 0.9149899765625 0.65092626953125 0.876322751953125 0.629188712890625 0.875468904296875 0.629751916015625 0.85560567578125 0.652123291015625 0.823226685546875 0.67266555078125 0.816354580078125 0.699957630859375 0.81600968359375 0.770538814453125 0.846143611328125 0.793607736328125 0.91001932421875 0.78960158984375 0.92662088671875 0.77396108984375 0.953760541015625 0.732905849609375 0.953429853515625 0.70150773046875 0.9149899765625 0.65092626953125
1 0.9833984375 0.6611328125 0.033203125 0.0751953125
1 0.9443359375 0.580078125 0.017578125 0.015625
1 0.9326171875 0.541015625 0.009765625 0.0126953125
1 0.90625 0.501953125 0.0185546875 0.0263671875
0 0.87109375 0.404296875 0.1171875 0.1435546875
1 0.931640625 0.396484375 0.0126953125 0.013671875
1 0.794921875 0.384765625 0.009765625 0.015625
0 0.666015625 0.384765625 0.0986328125 0.1591796875
1 0.7275390625 0.439453125 0.0078125 0.013671875
1 0.588592044921875 0.39106936328125 0.56885928125 0.35618007421875 0.5193168203125 0.31216414453125 0.48082010546875 0.308641974609375 0.48093636328125 0.307019537109375 0.47509894921875 0.324416818359375 0.5018329921875 0.367716255859375 0.501946666015625 0.39251267578125 0.4879996484375 0.4189453125 0.45768745703125 0.434480751953125 0.460972376953125 0.47203448828125 0.49344824609375 0.47534308984375 0.51901455078125 0.4629543515625 0.577849857421875 0.43936528515625 0.588592044921875 0.39106936328125
1 0.7734375 0.521484375 0.009765625 0.009765625
1 0.703125 0.533203125 0.009765625 0.0107421875