1 0.060546875 0.28125 0.017578125 0.021484375
1 0.072265625 0.3037109375 0.013671875 0.017578125
1 0.0927734375 0.296875 0.0234375 0.02734375
1 0.109375 0.296875 0.015625 0.021484375
1 0.2109375 0.3271484375 0.029296875 0.025390625
1 0.220703125 0.37109375 0.03125 0.041015625
1 0.146484375 0.2626953125 0.01171875 0.01171875
1 0.244140625 0.3427734375 0.01171875 0.009765625
1 0.263671875 0.328125 0.009765625 0.009765625
1 0.279296875 0.328125 0.01171875 0.013671875
1 0.2685546875 0.3388671875 0.017578125 0.01953125
1 0.275390625 0.3603515625 0.021484375 0.0234375
1 0.2724609375 0.3818359375 0.013671875 0.017578125
1 0.2451171875 0.38671875 0.009765625 0.01171875
1 0.30859375 0.3291015625 0.01171875 0.01171875
1 0.3896484375 0.4013671875 0.017578125 0.017578125
1 0.404296875 0.3544921875 0.009765625 0.009765625
1 0.4111328125 0.375 0.0078125 0.01171875
1 0.40625 0.4228515625 0.013671875 0.01953125
1 0.4345703125 0.384765625 0.015625 0.015625
1 0.3505859375 0.330078125 0.017578125 0.017578125
1 0.4755859375 0.4169921875 0.025390625 0.03515625
1 0.470703125 0.373046875 0.01171875 0.015625
1 0.4736328125 0.455078125 0.0234375 0.029296875
1 0.5693359375 0.4111328125 0.009765625 0.015625
1 0.58203125 0.42578125 0.015625 0.015625
1 0.5849609375 0.4521484375 0.01171875 0.01171875
1 0.609375 0.423828125 0.02734375 0.025390625
1 0.63671875 0.431640625 0.01171875 0.01171875
1 0.638671875 0.474609375 0.025390625 0.02734375
1 0.5810546875 0.470703125 0.005859375 0.0078125
1 0.599609375 0.4912109375 0.005859375 0.0078125
1 0.662109375 0.3935546875 0.009765625 0.01171875
1 0.6552734375 0.40625 0.009765625 0.0078125
1 0.6796875 0.419921875 0.013671875 0.021484375
0 0.7119140625 0.466796875 0.123046875 0.158203125
1 0.7783203125 0.43359375 0.01953125 0.0234375
1 0.828125 0.4873046875 0.033203125 0.02734375
1 0.8232421875 0.5107421875 0.03125 0.033203125
0 0.8955078125 0.52734375 0.142578125 0.1875
1 0.962890625 0.5107421875 0.015625 0.015625
1 0.9521484375 0.5517578125 0.01171875 0.013671875
1 0.9697265625 0.5322265625 0.01171875 0.015625
1 0.7919921875 0.7705078125 0.025390625 0.029296875
0 0.654296875 0.72265625 0.1328125 0.15625
0 0.451171875 0.6806640625 0.111328125 0.158203125
0 0.265625 0.65234375 0.1640625 0.177734375
0 0.0673828125 0.6025390625 0.134765625 0.154296875
1 0.0751953125 0.498046875 0.08984375 0.107421875
1 0.107421875 0.4228515625 0.095703125 0.072265625
1 0.20703125 0.5 0.04296875 0.041015625
1 0.26171875 0.5224609375 0.060546875 0.06640625
1 0.2958984375 0.5126953125 0.01953125 0.0234375
1 0.3076171875 0.4873046875 0.01953125 0.021484375
1 0.3369140625 0.5517578125 0.08203125 0.08984375
1 0.4091796875 0.54296875 0.01953125 0.02734375
1 0.4755859375 0.560546875 0.0078125 0.01171875
1 0.484375 0.5615234375 0.013671875 0.015625
1 0.501953125 0.568359375 0.005859375 0.009765625
1 0.509765625 0.5576171875 0.009765625 0.009765625
1 0.498046875 0.6005859375 0.009765625 0.009765625
1 0.5078125 0.599609375 0.005859375 0.009765625
1 0.5830078125 0.5986328125 0.01171875 0.009765625
1 0.619140625 0.609375 0.009765625 0.01171875
1 0.6396484375 0.6171875 0.005859375 0.0078125
1 0.681640625 0.6083984375 0.01171875 0.01953125
1 0.73046875 0.6298828125 0.017578125 0.025390625
1 0.75 0.63671875 0.0078125 0.01171875
1 0.7685546875 0.6396484375 0.013671875 0.015625
1 0.77734375 0.6552734375 0.009765625 0.01171875
1 0.8056640625 0.638671875 0.015625 0.015625
1 0.794921875 0.625 0.0078125 0.01171875
1 0.7900390625 0.6416015625 0.009765625 0.009765625
1 0.8125 0.6494140625 0.009765625 0.01171875
1 0.83203125 0.64453125 0.009765625 0.009765625
1 0.8271484375 0.66015625 0.013671875 0.015625
1 0.8564453125 0.65625 0.013671875 0.01953125
1 0.8818359375 0.646484375 0.017578125 0.015625
1 0.8994140625 0.6552734375 0.009765625 0.0078125
1 0.8974609375 0.6650390625 0.0078125 0.009765625
1 0.9052734375 0.6728515625 0.009765625 0.009765625
1 0.9326171875 0.658203125 0.01953125 0.015625
1 0.9443359375 0.6650390625 0.009765625 0.01171875
1 0.9375 0.673828125 0.01171875 0.009765625
1 0.95703125 0.6748046875 0.013671875 0.015625
1 0.9150390625 0.6298828125 0.0078125 0.009765625
1 0.943359375 0.62109375 0.009765625 0.01171875
1 0.984375 0.6005859375 0.01171875 0.0078125
1 0.974609375 0.646484375 0.0078125 0.0078125
1 0.91015625 0.720703125 0.009765625 0.013671875
1 0.921875 0.6884765625 0.009765625 0.015625
1 0.884765625 0.671875 0.0078125 0.0078125
1 0.8408203125 0.642578125 0.005859375 0.009765625
1 0.7802734375 0.5400390625 0.009765625 0.0078125
1 0.82421875 0.4345703125 0.005859375 0.0078125
1 0.1494140625 0.494140625 0.009765625 0.009765625
0 0.150390625 0.33984375 0.12109375 0.154296875
0 0.3271484375 0.404296875 0.134765625 0.158203125
0 0.5263671875 0.423828125 0.111328125 0.16015625
0 0.8466796875 0.7744140625 0.126953125 0.1796875