0 0.9287109375 0.66796875 0.142578125 0.1669921875
1 0.74609375 0.56640625 0.0625 0.0625
0 0.6943359375 0.701171875 0.15625 0.234375
1 0.564453125 0.6337890625 0.0107421875 0.0185546875
0 0.462890625 0.6669921875 0.130859375 0.1533203125
1 0.466796875 0.5693359375 0.0419921875 0.0419921875
0 0.2412109375 0.6748046875 0.119140625 0.177734375
1 0.0595703125 0.7431640625 0.119140625 0.1484375
0 0.033203125 0.6318359375 0.0654296875 0.125
1 0.064453125 0.47265625 0.1279296875 0.1904296875
1 0.138671875 0.3583984375 0.0185546875 0.0185546875
1 0.068359375 0.328125 0.0185546875 0.025390625
1 0.0654296875 0.353515625 0.021484375 0.015625
0 0.0283203125 0.3232421875 0.056640625 0.1220703125
1 0.2509765625 0.3623046875 0.0126953125 0.015625
0 0.462890625 0.353515625 0.1875 0.228515625
1 0.388671875 0.5078125 0.015625 0.0126953125
1 0.609375 0.486328125 0.0107421875 0.0126953125
1 0.646484375 0.486328125 0.0439453125 0.0595703125
1 0.643213666015625 0.35408055078125 0.630505435546875 0.349330357421875 0.615770451171875 0.36016555078125 0.614336609375 0.3759352265625 0.6157639921875 0.38738529296875 0.62100203515625 0.39608479296875 0.628804201171875 0.40132068359375 0.63589978125 0.40319113671875 0.642312025390625 0.40207334375 0.64444341015625 0.3932877265625 0.65029116015625 0.380626861328125 0.6558934765625 0.36602148046875 0.655092591796875 0.36684303515625 0.643213666015625 0.35408055078125
0 0.623081751953125 0.307072931640625 0.629782056640625 0.342385912109375 0.643966755859375 0.36833457421875 0.648618345703125 0.39760561328125 0.65560154296875 0.43907937890625 0.679652623046875 0.43356619140625 0.704365080078125 0.42918285546875 0.743567087890625 0.42854042578125 0.7581883984375 0.419560185546875 0.771254443359375 0.39674961328125 0.777337291015625 0.3764312578125 0.779513888671875 0.33350901171875 0.783416263671875 0.29770171875 0.763773923828125 0.267330109375 0.732945033203125 0.23583381640625 0.69431526953125 0.21499187109375 0.65925977734375 0.22606474609375 0.624440671875 0.27514433203125 0.623081751953125 0.307072931640625
1 0.953125 0.416015625 0.009765625 0.0126953125
0 0.9208984375 0.34375 0.15625 0.1484375
1 0.8642578125 0.505859375 0.0078125 0.013671875
1 0.865234375 0.4833984375 0.009765625 0.0107421875
0 0.240856998046875 0.41809103515625 0.24352316796875 0.38565434765625 0.247794984375 0.351243869140625 0.27164584375 0.35351045703125 0.282937025390625 0.336586818359375 0.276319392578125 0.292081748046875 0.24396623828125 0.27800340234375 0.18797665625 0.303784998046875 0.17704199609375 0.33146976953125 0.185168392578125 0.383255138671875 0.2008373125 0.403158412109375 0.23809523828125 0.41931216796875 0.240856998046875 0.41809103515625