1 0.0048828125 0.4697265625 0.009765625 0.013671875
1 0.1044921875 0.4580078125 0.0126953125 0.0185546875
1 0.091796875 0.474609375 0.009765625 0.0107421875
0 0.197265625 0.2998046875 0.1455078125 0.146484375
1 0.375 0.361328125 0.0107421875 0.013671875
1 0.189453125 0.4453125 0.0048828125 0.0078125
1 0.4384765625 0.435546875 0.015625 0.0234375
1 0.392578125 0.46875 0.0126953125 0.0107421875
1 0.392578125 0.4521484375 0.005859375 0.0126953125
0 0.4375 0.3037109375 0.0908203125 0.109375
1 0.521484375 0.431640625 0.015625 0.015625
0 0.6376953125 0.267578125 0.1279296875 0.134765625
1 0.6474609375 0.35546875 0.052734375 0.0498046875
1 0.7431640625 0.349609375 0.009765625 0.0126953125
0 0.87109375 0.2734375 0.123046875 0.173828125
0 0.908203125 0.5966796875 0.1328125 0.1591796875
1 0.939453125 0.666015625 0.0126953125 0.0107421875
1 0.9716796875 0.5634765625 0.013671875 0.015625
1 0.931640625 0.4853515625 0.0078125 0.0107421875
1 0.9521484375 0.482421875 0.0078125 0.009765625
1 0.869140625 0.50390625 0.0048828125 0.0078125
1 0.826171875 0.478515625 0.005859375 0.005859375
1 0.7958984375 0.474609375 0.0048828125 0.0078125
1 0.8125 0.5693359375 0.009765625 0.0078125
1 0.7890625 0.5947265625 0.0107421875 0.013671875
1 0.783203125 0.5830078125 0.009765625 0.0107421875
1 0.775390625 0.560546875 0.0126953125 0.0185546875
1 0.7666015625 0.525390625 0.005859375 0.009765625
1 0.744140625 0.51953125 0.0048828125 0.005859375
1 0.748046875 0.58984375 0.0185546875 0.037109375
0 0.677734375 0.6474609375 0.1220703125 0.1748046875
1 0.6103515625 0.623046875 0.0205078125 0.025390625
1 0.591796875 0.6142578125 0.0078125 0.0126953125
1 0.5888671875 0.59765625 0.015625 0.0126953125
1 0.5927734375 0.578125 0.0185546875 0.0205078125
1 0.580078125 0.5625 0.0205078125 0.015625
1 0.619140625 0.515625 0.0048828125 0.0107421875
1 0.611328125 0.4970703125 0.0078125 0.0126953125
1 0.66796875 0.4755859375 0.029296875 0.044921875
1 0.529296875 0.6015625 0.0185546875 0.025390625
1 0.5341796875 0.5859375 0.0107421875 0.009765625
1 0.560546875 0.548828125 0.0078125 0.009765625
1 0.5322265625 0.4931640625 0.056640625 0.0498046875
1 0.4931640625 0.6103515625 0.0078125 0.0107421875
1 0.49609375 0.62109375 0.015625 0.0126953125
1 0.357421875 0.6162109375 0.013671875 0.0185546875
1 0.337890625 0.6181640625 0.009765625 0.0126953125
1 0.341796875 0.595703125 0.017578125 0.03125
1 0.361328125 0.6044921875 0.015625 0.0234375
1 0.361328125 0.5556640625 0.0048828125 0.0078125
1 0.3505859375 0.552734375 0.005859375 0.0078125
1 0.328125 0.5166015625 0.0048828125 0.0078125
1 0.31640625 0.5185546875 0.005859375 0.0078125
1 0.318359375 0.49609375 0.0078125 0.009765625
1 0.2880859375 0.5810546875 0.009765625 0.015625
1 0.298828125 0.623046875 0.009765625 0.009765625
1 0.30078125 0.544921875 0.0078125 0.0107421875
0 0.2099609375 0.62109375 0.1279296875 0.1748046875
1 0.1083984375 0.599609375 0.015625 0.017578125
1 0.123046875 0.58984375 0.0107421875 0.021484375
1 0.1181640625 0.634765625 0.0107421875 0.0126953125
1 0.138671875 0.6279296875 0.0107421875 0.0126953125
1 0.140625 0.6455078125 0.0126953125 0.0126953125
1 0.087890625 0.5966796875 0.009765625 0.0107421875
0 0.03515625 0.63671875 0.0703125 0.0986328125
1 0.0732421875 0.59375 0.009765625 0.0107421875
1 0.068359375 0.525390625 0.005859375 0.0078125
1 0.0693359375 0.5146484375 0.0078125 0.0078125
1 0.0810546875 0.525390625 0.009765625 0.009765625
1 0.1240234375 0.509765625 0.0185546875 0.0126953125
1 0.0068359375 0.515625 0.009765625 0.0107421875
1 0.0869140625 0.486328125 0.005859375 0.009765625
0 0.0263671875 0.3662109375 0.052734375 0.1123046875
0 0.439453125 0.6748046875 0.091796875 0.1533203125
1 0.4013671875 0.55078125 0.1171875 0.1064453125