1 0.9208984375 0.5654296875 0.0126953125 0.0126953125
1 0.837890625 0.650390625 0.009765625 0.015625
0 0.919921875 0.6455078125 0.142578125 0.146484375
1 0.9892578125 0.521484375 0.021484375 0.091796875
1 0.9365234375 0.478515625 0.021484375 0.021484375
1 0.9541015625 0.4228515625 0.0751953125 0.0751953125
1 0.91015625 0.4541015625 0.015625 0.025390625
1 0.865234375 0.490234375 0.107421875 0.134765625
1 0.869140625 0.4404296875 0.0234375 0.0263671875
1 0.984375 0.3046875 0.03125 0.099609375
0 0.896484375 0.3310546875 0.140625 0.1435546875
0 0.6767578125 0.33984375 0.150390625 0.15625
1 0.6884765625 0.48828125 0.119140625 0.1220703125
1 0.6025390625 0.5185546875 0.025390625 0.037109375
1 0.603515625 0.568359375 0.015625 0.021484375
0 0.6982421875 0.6591796875 0.111328125 0.1123046875
0 0.474609375 0.6943359375 0.1220703125 0.1435546875
1 0.4384765625 0.5224609375 0.029296875 0.0341796875
1 0.390625 0.4130859375 0.021484375 0.0283203125
1 0.576171875 0.3486328125 0.025390625 0.0283203125
1 0.4931640625 0.318359375 0.0185546875 0.0234375
0 0.560375072265625 0.38146942578125 0.507445384765625 0.3161096640625 0.4920862265625 0.325887345703125 0.468089916015625 0.2921537421875 0.433845125 0.28666811328125 0.40018265234375 0.34211757421875 0.400844544921875 0.3940465859375 0.423106552734375 0.42663725 0.4716760703125 0.488814138671875 0.50648148046875 0.5 0.551918763671875 0.43704426953125 0.560375072265625 0.38146942578125
1 0.33984375 0.380859375 0.017578125 0.0234375
0 0.22265625 0.38671875 0.126953125 0.1376953125
1 0.158203125 0.513671875 0.021484375 0.025390625
1 0.0703125 0.3544921875 0.009765625 0.015625
0 0.03125 0.439453125 0.0625 0.15625
1 0.3544921875 0.490234375 0.0185546875 0.0185546875
1 0.2900390625 0.537109375 0.1455078125 0.166015625
0 0.2802734375 0.705078125 0.140625 0.1513671875
0 0.0595703125 0.7294921875 0.119140625 0.173828125
1 0.029296875 0.6025390625 0.013671875 0.0126953125