0 0.5247965078125 0.14153280078125 0.525763689453125 0.16922926953125 0.54221990625 0.19573906640625 0.5697206640625 0.19915330859375 0.5995149921875 0.190691447265625 0.622164419921875 0.16378529296875 0.64157001953125 0.14408472265625 0.62275584765625 0.116725349609375 0.59444765234375 0.10120060546875 0.553161392578125 0.09161879296875 0.530376232421875 0.0875196328125 0.5256277578125 0.115417958984375 0.5247965078125 0.14153280078125
0 0.583984375 0.3779296875 0.146484375 0.125
0 0.2763671875 0.1689453125 0.197265625 0.140625
1 0.3349609375 0.0966796875 0.009765625 0.0078125
1 0.3046875 0.25390625 0.015625 0.005859375
1 0.3671875 0.421875 0.009765625 0.009765625
0 0.353785892578125 0.318869140625 0.306904916015625 0.309152455078125 0.272037275390625 0.3176421953125 0.223066994140625 0.350524060546875 0.216963232421875 0.391387650390625 0.239267953125 0.4289271328125 0.286165548828125 0.4399834375 0.329936064453125 0.439349533203125 0.355367302734375 0.427071458984375 0.370098697265625 0.39442957421875 0.37973390625 0.364701466796875 0.380648970703125 0.33748891796875 0.353785892578125 0.318869140625
1 0.298828125 0.47265625 0.029296875 0.01953125
1 0.3408203125 0.4833984375 0.013671875 0.009765625
0 0.3095703125 0.5810546875 0.2265625 0.150390625
0 0.3056640625 0.80859375 0.1796875 0.140625
1 0.453125 0.859375 0.068359375 0.083984375
1 0.4501953125 0.931640625 0.015625 0.013671875
0 0.3388671875 0.95703125 0.138671875 0.0859375
0 0.60546875 0.9609375 0.119140625 0.076171875
0 0.609375 0.8017578125 0.208984375 0.169921875
1 0.55078125 0.7041015625 0.005859375 0.0078125
1 0.4951171875 0.751953125 0.013671875 0.015625
0 0.6025390625 0.580078125 0.193359375 0.14453125
1 0.453125 0.2978515625 0.013671875 0.013671875
1 0.484375 0.341796875 0.009765625 0.009765625
1 0.9326171875 0.7841796875 0.01953125 0.013671875