0 0.7685546875 0.7099609375 0.169921875 0.21875
1 0.634765625 0.615234375 0.033203125 0.0390625
0 0.544921875 0.671875 0.14453125 0.162109375
1 0.8984375 0.603515625 0.01171875 0.017578125
1 0.876953125 0.5908203125 0.015625 0.015625
1 0.6533203125 0.734375 0.009765625 0.013671875
1 0.681640625 0.7490234375 0.013671875 0.017578125
1 0.673828125 0.603515625 0.009765625 0.017578125
1 0.5390625 0.5146484375 0.009765625 0.017578125
1 0.5322265625 0.5009765625 0.01171875 0.013671875
1 0.5224609375 0.48828125 0.017578125 0.0234375
1 0.4541015625 0.54296875 0.017578125 0.021484375
1 0.3916015625 0.509765625 0.009765625 0.017578125
0 0.3115234375 0.5927734375 0.162109375 0.189453125
1 0.23046875 0.6904296875 0.015625 0.015625
0 0.1064453125 0.5244140625 0.19921875 0.201171875
1 0.109375 0.6171875 0.013671875 0.015625
1 0.158203125 0.42578125 0.021484375 0.015625
0 0.1806640625 0.296875 0.185546875 0.19921875
0 0.41015625 0.3203125 0.15234375 0.166015625
1 0.5048828125 0.34375 0.015625 0.013671875
1 0.560546875 0.357421875 0.01953125 0.021484375
1 0.5556640625 0.337890625 0.013671875 0.015625
0 0.630859375 0.3671875 0.1484375 0.173828125
0 0.8427734375 0.408203125 0.140625 0.162109375
1 0.7734375 0.439453125 0.013671875 0.015625
1 0.9443359375 0.501953125 0.013671875 0.015625
0 0.9814453125 0.4794921875 0.037109375 0.087890625
1 0.3955078125 0.7158203125 0.0078125 0.01171875
1 0.66015625 0.8076171875 0.013671875 0.015625
1 0.6357421875 0.787109375 0.01171875 0.01171875