0 0.39453125 0.0341796875 0.123046875 0.068359375
1 0.3486328125 0.0703125 0.0185546875 0.013671875
1 0.412109375 0.1015625 0.017578125 0.009765625
1 0.501953125 0.1318359375 0.0439453125 0.0341796875
1 0.51952220703125 0.03085779296875 0.50926830078125 0.03520033203125 0.49204282421875 0.06729351953125 0.491512345703125 0.06684027734375 0.5048978828125 0.1096711328125 0.5314022109375 0.13445140625 0.54578088671875 0.14179823046875 0.55540937109375 0.13541892578125 0.568071529296875 0.1151823828125 0.56752598046875 0.086376048828125 0.54712516796875 0.05756293359375 0.51952220703125 0.03085779296875
0 0.6806640625 0.0244140625 0.125 0.048828125
0 0.658203125 0.197265625 0.162109375 0.119140625
1 0.6923828125 0.326171875 0.013671875 0.0107421875
1 0.5166015625 0.21875 0.037109375 0.0283203125
0 0.384765625 0.2099609375 0.1298828125 0.1171875
1 0.51953125 0.26171875 0.0107421875 0.009765625
1 0.5751953125 0.384765625 0.0185546875 0.017578125
1 0.62890625 0.4765625 0.021484375 0.0205078125
0 0.73498083203125 0.413241916015625 0.7447042578125 0.38427847265625 0.7426139921875 0.365249068359375 0.706133052734375 0.345527931640625 0.6590576171875 0.32792041796875 0.65052023046875 0.335024232421875 0.63877284765625 0.34800663671875 0.602237654296875 0.357349537109375 0.603229287109375 0.399666115234375 0.6076509453125 0.4119002734375 0.625453619140625 0.43278673046875 0.644148462890625 0.447290490234375 0.677639431640625 0.451234041015625 0.7104642890625 0.445095486328125 0.729522328125 0.4267261640625 0.73498083203125 0.413241916015625
1 0.588925962890625 0.36739094921875 0.61270857421875 0.356058755859375 0.632533697265625 0.34923751171875 0.650034962890625 0.339739763671875 0.652096595703125 0.328840466796875 0.64063404296875 0.31134372265625 0.614483869140625 0.298649541015625 0.58594201953125 0.300023962890625 0.55348638671875 0.3189346875 0.55458803515625 0.319080494140625 0.54181435546875 0.33841620703125 0.5322114921875 0.36825335546875 0.522447373046875 0.38208346875 0.537754388671875 0.388172291015625 0.566204306640625 0.379252115234375 0.588925962890625 0.36739094921875
1 0.54200123046875 0.3571359140625 0.542558833984375 0.341412580078125 0.5416093984375 0.315580013671875 0.53064718359375 0.30566971484375 0.512555158203125 0.296478271484375 0.48365162109375 0.290130615234375 0.466435185546875 0.289641203125 0.46617898828125 0.29864841015625 0.4802863984375 0.309963650390625 0.492494935546875 0.323562056640625 0.51049201953125 0.343439173828125 0.527697904296875 0.35836226953125 0.538562162109375 0.361328125 0.54200123046875 0.3571359140625
1 0.474609375 0.3134765625 0.0205078125 0.0126953125
1 0.5380859375 0.3037109375 0.015625 0.015625
1 0.499546380859375 0.44458573046875 0.524762189453125 0.4510430234375 0.53684413671875 0.441192626953125 0.553394458984375 0.42918678515625 0.57654411328125 0.422596119140625 0.59032449609375 0.412179451171875 0.579059365234375 0.3954659921875 0.54566032421875 0.38974790234375 0.52677258203125 0.373116951171875 0.52846498828125 0.36172259375 0.510883849609375 0.339077419921875 0.4927360625 0.322524458984375 0.48148148046875 0.32320601953125 0.449390552734375 0.346948693359375 0.41820233984375 0.355117232421875 0.40738781640625 0.361904568359375 0.41542938671875 0.378544560546875 0.444673513671875 0.38662267578125 0.456038111328125 0.40430365625 0.481309677734375 0.42528392578125 0.499546380859375 0.44458573046875
1 0.5166015625 0.47265625 0.013671875 0.015625
1 0.3251953125 0.4580078125 0.0185546875 0.015625
0 0.413532021484375 0.470225015625 0.430448556640625 0.463017216796875 0.446956681640625 0.445815474609375 0.462984060546875 0.4206995078125 0.449809509765625 0.395229763671875 0.42498251953125 0.373032181640625 0.401751482421875 0.35315167578125 0.3846450625 0.35416666796875 0.359112775390625 0.36214192578125 0.34012405859375 0.376565439453125 0.33655538671875 0.404840541015625 0.33655538671875 0.42114144921875 0.34815206640625 0.43824259375 0.368729203125 0.45434909375 0.39764931640625 0.47008033984375 0.413532021484375 0.470225015625
1 0.4755859375 0.5390625 0.041015625 0.0625
1 0.53125 0.525390625 0.09375 0.0673828125
1 0.732421875 0.55078125 0.0185546875 0.0185546875
1 0.654296875 0.6708984375 0.021484375 0.013671875
0 0.7505334921875 0.595766419921875 0.73296139453125 0.57919085546875 0.707279912109375 0.564609103515625 0.683730890625 0.55169338671875 0.661527658203125 0.54733050390625 0.61748287890625 0.556372748046875 0.59567901171875 0.563368056640625 0.61604817578125 0.59753983203125 0.63319378125 0.6343892421875 0.6629472890625 0.6369945390625 0.70078004296875 0.64989669140625 0.7233871640625 0.647311740234375 0.73990885546875 0.6224365234375 0.75241729296875 0.610423900390625 0.7505334921875 0.595766419921875
1 0.592182677734375 0.6269949453125 0.638026861328125 0.62767311328125 0.642915701171875 0.61577012890625 0.62044270703125 0.59465196484375 0.604966904296875 0.57295509765625 0.58937807421875 0.536805330078125 0.579677251953125 0.5320525 0.569384162109375 0.54227701953125 0.55672200390625 0.5743125625 0.557222341796875 0.59464518359375 0.557376060546875 0.6193949375 0.57856204296875 0.625007912109375 0.592182677734375 0.6269949453125
1 0.517578125 0.609375 0.083984375 0.099609375
1 0.619140625 0.6630859375 0.03125 0.0263671875
1 0.673048984375 0.646202935546875 0.6631311484375 0.634821009765625 0.62232500390625 0.63523469140625 0.58064929296875 0.625135634765625 0.55568817578125 0.6313126171875 0.55362654296875 0.630787037109375 0.553784783203125 0.64182309765625 0.560161072265625 0.65607706640625 0.565202125 0.6735455546875 0.5719596953125 0.681416830078125 0.5930929296875 0.67629552734375 0.618272568359375 0.65819860546875 0.65601490234375 0.652698658203125 0.673048984375 0.646202935546875
1 0.62438211328125 0.725429958984375 0.59341995703125 0.683711298828125 0.5709545 0.66914876171875 0.54079710546875 0.636707447265625 0.52056206640625 0.62029012109375 0.505787037109375 0.622685185546875 0.47501326171875 0.656216091796875 0.435819650390625 0.691145154296875 0.44193522265625 0.71906195703125 0.47348662890625 0.74264300390625 0.518275884765625 0.74896918359375 0.5796049140625 0.749033609375 0.614993248046875 0.7398681640625 0.62438211328125 0.725429958984375
1 0.33984375 0.7373046875 0.021484375 0.015625
1 0.388671875 0.748046875 0.060546875 0.025390625
1 0.3486328125 0.5927734375 0.0126953125 0.0126953125
0 0.410709333984375 0.5659563984375 0.3866268203125 0.56485550390625 0.36821680859375 0.56601065234375 0.353609060546875 0.5755581328125 0.35335738671875 0.595061125 0.3352502890625 0.606427228515625 0.3524185 0.62221498828125 0.38701865234375 0.631294533203125 0.424846884765625 0.6243195703125 0.4421537421875 0.617533365234375 0.452098705078125 0.607876248046875 0.450977466796875 0.59587605859375 0.43625819921875 0.577072708984375 0.410709333984375 0.5659563984375
0 0.666015625 0.796875 0.166015625 0.1279296875
0 0.3515609921875 0.770611798828125 0.350374951171875 0.790458396484375 0.36241771484375 0.813727484375 0.40233470703125 0.827362060546875 0.431774751953125 0.831428810546875 0.441543390625 0.8316718203125 0.447021484375 0.826088234375 0.460051359375 0.80944711328125 0.48302469140625 0.76967592578125 0.483075931640625 0.769586634765625 0.476321373046875 0.76005384765625 0.45278441015625 0.75017971484375 0.42238437890625 0.75050071484375 0.4021161875 0.7567873359375 0.37516125390625 0.76371934765625 0.3515609921875 0.770611798828125
1 0.52734375 0.7666015625 0.0234375 0.025390625
1 0.40499011328125 0.836324056640625 0.41671187890625 0.845614962890625 0.4635612578125 0.86226060546875 0.500333056640625 0.8839981640625 0.54173900390625 0.896895796875 0.571468400390625 0.884558783203125 0.59262574609375 0.88184045703125 0.6035291875 0.88045360546875 0.604569046875 0.875180845703125 0.59119556640625 0.859466552734375 0.572185751953125 0.827072708984375 0.550723982421875 0.8060336640625 0.534865390625 0.78084196875 0.531908576171875 0.7748153125 0.496563947265625 0.77448866015625 0.480257763671875 0.786809849609375 0.4732063203125 0.8126118984375 0.44200605078125 0.82897723046875 0.40969358984375 0.829774080078125 0.40499011328125 0.836324056640625
0 0.658203125 0.9638671875 0.0966796875 0.072265625
1 0.5693359375 0.9951171875 0.021484375 0.009765625
1 0.486328125 0.990234375 0.033203125 0.0185546875
1 0.330078125 0.9248046875 0.103515625 0.0419921875
0 0.404849958984375 1 0.414731626953125 0.98410825390625 0.412584091796875 0.95882500390625 0.412037037109375 0.931712962890625 0.412079234375 0.93031367578125 0.39607898046875 0.928282560546875 0.367338205078125 0.93580683984375 0.335110134765625 0.94513278515625 0.314837419921875 0.95645819921875 0.298335322265625 0.967415138671875 0.29660674609375 0.980535435546875 0.309048876953125 1 0.35035234765625 1 0.404849958984375 1
1 0.375 0.869140625 0.0185546875 0.0126953125
1 0.365234375 0.8388671875 0.015625 0.0107421875
1 0.3984375 0.6787109375 0.0107421875 0.009765625