1 0.0947265625 0.6201171875 0.005859375 0.0107421875
1 0.0859375 0.4765625 0.015625 0.015625
1 0.0244140625 0.48828125 0.009765625 0.0126953125
0 0.125348126953125 0.537959345703125 0.104994033203125 0.56594057421875 0.099106400390625 0.5983871640625 0.09780092578125 0.638302650390625 0.09780092578125 0.671659494140625 0.112005162109375 0.683884609375 0.167462384765625 0.6838831015625 0.18630529296875 0.66654459765625 0.212863498046875 0.618605625 0.225813123046875 0.592500662109375 0.23155833984375 0.548479998046875 0.20667069140625 0.516924068359375 0.167453341796875 0.52245038671875 0.125348126953125 0.537959345703125
1 0.0927734375 0.43359375 0.0126953125 0.013671875
1 0.0517578125 0.3857421875 0.103515625 0.1435546875
1 0.0625 0.2783203125 0.0625 0.1357421875
0 0.138671875 0.296875 0.0908203125 0.140625
1 0.2236328125 0.2900390625 0.080078125 0.162109375
1 0.154296875 0.4853515625 0.078125 0.0439453125
1 0.2421875 0.4072265625 0.119140625 0.1123046875
1 0.279296875 0.2431640625 0.0185546875 0.0205078125
1 0.279296875 0.2861328125 0.0126953125 0.017578125
1 0.291015625 0.3291015625 0.009765625 0.0185546875
1 0.33203125 0.3291015625 0.009765625 0.015625
1 0.3466796875 0.431640625 0.005859375 0.021484375
1 0.314453125 0.6484375 0.009765625 0.013671875
1 0.3310546875 0.6484375 0.009765625 0.015625
0 0.396484375 0.60546875 0.1220703125 0.146484375
1 0.5126953125 0.5966796875 0.009765625 0.0126953125
1 0.45585059375 0.45921147265625 0.441625873046875 0.488319322265625 0.43891661328125 0.51131020703125 0.4442239140625 0.551892740234375 0.45722190625 0.58628119921875 0.470198767578125 0.607473326171875 0.483733939453125 0.61202583203125 0.52134214453125 0.574404650390625 0.534944046875 0.554327662109375 0.540936447265625 0.51596206640625 0.539149181640625 0.49201026171875 0.51159948828125 0.466028365234375 0.48592826171875 0.4580444296875 0.467291541015625 0.456668298828125 0.45585059375 0.45921147265625
1 0.4970703125 0.4677734375 0.009765625 0.009765625
0 0.388671875 0.279296875 0.111328125 0.150390625
1 0.5048828125 0.2548828125 0.015625 0.0185546875
1 0.5556640625 0.2939453125 0.009765625 0.005859375
1 0.5732421875 0.341796875 0.0078125 0.0126953125
1 0.650390625 0.279296875 0.0126953125 0.015625
1 0.6953125 0.3330078125 0.0126953125 0.0234375
1 0.697265625 0.3115234375 0.0107421875 0.015625
1 0.7158203125 0.337890625 0.015625 0.017578125
1 0.73046875 0.3271484375 0.0126953125 0.017578125
1 0.7470703125 0.322265625 0.0126953125 0.0185546875
0 0.606293423828125 0.24098934765625 0.579049580078125 0.25027675390625 0.5634012734375 0.265270357421875 0.565041732421875 0.31892762109375 0.572788033203125 0.344552138671875 0.579755810546875 0.376788908203125 0.589095857421875 0.391920423828125 0.589363892578125 0.391844794921875 0.620187828125 0.386522666015625 0.6433511015625 0.379515962890625 0.665377732421875 0.367350248046875 0.6780320625 0.347990984375 0.668601927734375 0.30837678515625 0.64915220703125 0.28799283984375 0.629498958984375 0.254476326171875 0.606293423828125 0.24098934765625
1 0.78515625 0.330078125 0.009765625 0.0126953125
1 0.77734375 0.2802734375 0.009765625 0.017578125
0 0.8369140625 0.2998046875 0.1015625 0.138671875
1 0.8916015625 0.318359375 0.015625 0.0185546875
1 0.9072265625 0.298828125 0.025390625 0.037109375
1 0.947265625 0.306640625 0.0126953125 0.0185546875
1 0.94921875 0.2763671875 0.0126953125 0.013671875
1 0.9716796875 0.306640625 0.015625 0.025390625
1 0.9013671875 0.427734375 0.009765625 0.0107421875
0 0.806640625 0.6064453125 0.150390625 0.1611328125
0 0.599609375 0.607421875 0.115234375 0.1689453125