0 0.123046875 0.6552734375 0.181640625 0.205078125
1 0.0322265625 0.6826171875 0.013671875 0.017578125
1 0.0625 0.73828125 0.017578125 0.017578125
1 0.080078125 0.55078125 0.01953125 0.021484375
0 0.07421875 0.33984375 0.1484375 0.1875
1 0.1904296875 0.37109375 0.021484375 0.0234375
1 0.2099609375 0.3251953125 0.009765625 0.017578125
1 0.2294921875 0.3662109375 0.013671875 0.013671875
0 0.2890625 0.326171875 0.150390625 0.177734375
1 0.3056640625 0.5078125 0.0234375 0.03125
1 0.2392578125 0.5380859375 0.017578125 0.021484375
1 0.3955078125 0.609375 0.021484375 0.025390625
1 0.41796875 0.662109375 0.01171875 0.013671875
0 0.3349609375 0.6337890625 0.146484375 0.20703125
1 0.42578125 0.4326171875 0.0078125 0.009765625
1 0.431640625 0.3046875 0.017578125 0.017578125
0 0.5166015625 0.2666015625 0.16796875 0.20703125
1 0.5888671875 0.4091796875 0.015625 0.015625
1 0.5283203125 0.55859375 0.013671875 0.017578125
1 0.6416015625 0.591796875 0.021484375 0.033203125
1 0.568359375 0.6962890625 0.01171875 0.009765625
0 0.64850502734375 0.62703146875 0.636401263671875 0.603879986328125 0.627169033203125 0.57457111328125 0.620395201171875 0.55296008203125 0.604026892578125 0.519843044921875 0.588805759765625 0.51367894921875 0.5626085078125 0.527191162109375 0.54945157421875 0.531114638671875 0.5342764921875 0.55937071875 0.5065695546875 0.582250037109375 0.52528459375 0.617177625 0.554255458984375 0.65535062890625 0.56974240625 0.663103380859375 0.594140724609375 0.666632060546875 0.616709044921875 0.664374099609375 0.631367234375 0.6544258515625 0.644055595703125 0.641725865234375 0.64850502734375 0.62703146875
1 0.677734375 0.59375 0.009765625 0.013671875
1 0.607421875 0.4248046875 0.009765625 0.01171875
1 0.73828125 0.302734375 0.021484375 0.0234375
0 0.7147985390625 0.142365740234375 0.690571392578125 0.169456884765625 0.6835645390625 0.19887501953125 0.684269044921875 0.244196421875 0.690900861328125 0.2758762578125 0.710283951171875 0.279267599609375 0.740120072265625 0.2930373359375 0.755504736328125 0.316881626953125 0.803218619140625 0.281252583984375 0.811631986328125 0.24213667578125 0.81476857421875 0.20256990234375 0.786878138671875 0.15072583203125 0.751689154296875 0.13419190234375 0.7147985390625 0.142365740234375
1 0.798828125 0.3408203125 0.021484375 0.025390625
1 0.7861328125 0.4130859375 0.013671875 0.013671875
0 0.7880859375 0.5341796875 0.14453125 0.1875
1 0.720703125 0.619140625 0.01171875 0.009765625
1 0.8623046875 0.556640625 0.013671875 0.01171875
1 0.884765625 0.5048828125 0.009765625 0.017578125
0 0.9140625 0.197265625 0.09375 0.130859375
1 0.9658203125 0.4716796875 0.06640625 0.05078125
0 0.970703125 0.5390625 0.05859375 0.1171875