1 0.046875 0.3505859375 0.0625 0.0625
1 0.0458984375 0.4287109375 0.091796875 0.126953125
1 0.09765625 0.408203125 0.017578125 0.01953125
1 0.1110541484375 0.395039578125 0.11516938671875 0.429846771484375 0.128194177734375 0.443016265625 0.1664820390625 0.425243763671875 0.181856302734375 0.397187974609375 0.173518609375 0.36928845703125 0.16195748046875 0.345911583984375 0.16092972265625 0.3214978828125 0.137147291015625 0.2916463203125 0.10974741796875 0.2875546640625 0.10777892578125 0.34552679296875 0.1110541484375 0.395039578125
1 0.1396484375 0.271484375 0.015625 0.015625
0 0.159341876953125 0.281797849609375 0.158224880859375 0.320112375 0.16523219921875 0.344667447265625 0.178637623046875 0.377606623046875 0.197121291015625 0.3955924296875 0.267563900390625 0.3886851328125 0.28007233984375 0.3542905390625 0.28445453125 0.312233712890625 0.26744603515625 0.280130955078125 0.2413086484375 0.250659880859375 0.18502051171875 0.2395067109375 0.159341876953125 0.281797849609375
1 0.1591796875 0.21484375 0.015625 0.015625
1 0.30859375 0.3330078125 0.021484375 0.021484375
0 0.203350646484375 0.57047512109375 0.189580818359375 0.550215345703125 0.1490813046875 0.533309642578125 0.106660693359375 0.509458115234375 0.106111337890625 0.508996689453125 0.099612974609375 0.5113643984375 0.086659470703125 0.562597048828125 0.0637863125 0.579650568359375 0.059740099609375 0.608416046875 0.08596424609375 0.633394962890625 0.13571330859375 0.649826431640625 0.168185373046875 0.640085810546875 0.1917622578125 0.61266491796875 0.203350646484375 0.57047512109375
1 0.1982421875 0.4873046875 0.01171875 0.01171875
1 0.1669921875 0.458984375 0.0078125 0.0078125
1 0.130859375 0.4462890625 0.017578125 0.0234375
1 0.2021484375 0.4658203125 0.013671875 0.013671875
1 0.2373046875 0.470703125 0.017578125 0.017578125
1 0.25390625 0.4658203125 0.009765625 0.017578125
1 0.283203125 0.4794921875 0.01171875 0.013671875
1 0.275390625 0.5703125 0.015625 0.0234375
0 0.266867806640625 0.599729291015625 0.264741306640625 0.6542670625 0.281318564453125 0.690833400390625 0.336743875 0.73188514453125 0.360551001953125 0.72178515234375 0.39470901171875 0.659441509765625 0.414817189453125 0.60081796875 0.4013953828125 0.579383826171875 0.37755776171875 0.553536208984375 0.36295155859375 0.5656334765625 0.3470241328125 0.56351084375 0.345643029296875 0.552537103515625 0.352095787109375 0.526999783203125 0.34456151171875 0.51262537109375 0.3447936484375 0.51200573046875 0.317050265625 0.517613015625 0.29743542578125 0.532671541015625 0.2798048046875 0.5753326328125 0.266867806640625 0.599729291015625
1 0.3212890625 0.4306640625 0.041015625 0.041015625
0 0.446253943359375 0.42070822265625 0.461822302734375 0.41519569921875 0.49239160546875 0.39399458984375 0.501644537109375 0.3651373515625 0.48592741796875 0.317081072265625 0.473210447265625 0.290021978515625 0.440261072265625 0.274767419921875 0.411189697265625 0.264041330078125 0.39679555859375 0.275418162109375 0.3803747421875 0.29751624609375 0.3719439375 0.35507934375 0.382919904296875 0.37991132421875 0.3958118046875 0.397503623046875 0.41261806640625 0.409906859375 0.4293304453125 0.421539916015625 0.446253943359375 0.42070822265625
1 0.42578125 0.4423828125 0.060546875 0.05078125
1 0.380859375 0.5009765625 0.013671875 0.017578125
1 0.40234375 0.5029296875 0.01171875 0.013671875
1 0.4697265625 0.513671875 0.083984375 0.08203125
1 0.5322265625 0.5283203125 0.025390625 0.0234375
1 0.576171875 0.5390625 0.017578125 0.017578125
1 0.58984375 0.572265625 0.01953125 0.0234375
1 0.623046875 0.5341796875 0.01171875 0.01171875
0 0.6005859375 0.6748046875 0.1640625 0.16015625
0 0.7763671875 0.7216796875 0.173828125 0.16015625
1 0.8828125 0.7451171875 0.03125 0.033203125
1 0.7060546875 0.6171875 0.05859375 0.060546875
1 0.6640625 0.58203125 0.017578125 0.015625
1 0.726964529296875 0.545258294921875 0.71948825 0.565691544921875 0.731930423828125 0.592047642578125 0.74613717578125 0.60432359765625 0.77263351953125 0.620867548828125 0.77981288671875 0.6000504296875 0.778193931640625 0.56493405859375 0.766959330078125 0.52848491015625 0.768279583984375 0.52663176953125 0.75109354296875 0.535327484375 0.726964529296875 0.545258294921875
1 0.7919921875 0.5869140625 0.01953125 0.01953125
1 0.822265625 0.5830078125 0.017578125 0.021484375
1 0.837890625 0.6162109375 0.01171875 0.01171875
1 0.8623046875 0.591796875 0.013671875 0.013671875
1 0.8720703125 0.57421875 0.021484375 0.02734375
1 0.88671875 0.6005859375 0.013671875 0.017578125
1 0.9140625 0.587890625 0.009765625 0.013671875
1 0.953125 0.6171875 0.033203125 0.017578125
1 0.9501953125 0.6953125 0.029296875 0.033203125
1 0.9638671875 0.521484375 0.017578125 0.015625
1 0.79296875 0.447265625 0.013671875 0.021484375
0 0.80169146484375 0.41955489453125 0.80320328515625 0.446376478515625 0.787480943359375 0.473969369140625 0.78253828515625 0.4952690234375 0.795810345703125 0.527481177734375 0.811470998046875 0.53718486328125 0.83665240234375 0.537599439453125 0.874582623046875 0.5223803046875 0.89346327734375 0.49281392578125 0.905777193359375 0.46519034375 0.914039552734375 0.4208781484375 0.9092279921875 0.402012546875 0.8954928515625 0.38403526171875 0.87549474609375 0.365379625 0.860426171875 0.367157318359375 0.82982221875 0.367322208984375 0.805851884765625 0.377932080078125 0.80001619921875 0.390578125 0.80169146484375 0.41955489453125
1 0.58203125 0.423828125 0.015625 0.01953125
0 0.687606966796875 0.46857476171875 0.695210685546875 0.423395982421875 0.695542859375 0.40076958984375 0.6830554375 0.37847003515625 0.66863241015625 0.375132216796875 0.650192017578125 0.377378021484375 0.626732716796875 0.38245075390625 0.599531724609375 0.3812680546875 0.597374890625 0.40788390625 0.593907916015625 0.427487548828125 0.575257353515625 0.44659987890625 0.575131265625 0.457560375 0.598255607421875 0.4683375234375 0.63030169921875 0.478316341796875 0.676137220703125 0.4838888515625 0.687606966796875 0.46857476171875
0 0.0625 0.26171875 0.072265625 0.1328125