0 0.3681640625 0.0908203125 0.166015625 0.140625
1 0.2685546875 0.0390625 0.044921875 0.03515625
1 0.2490234375 0.0947265625 0.013671875 0.013671875
1 0.2900390625 0.126953125 0.01953125 0.015625
1 0.212890625 0.0576171875 0.013671875 0.013671875
1 0.345703125 0.0263671875 0.01171875 0.013671875
1 0.4697265625 0.0302734375 0.080078125 0.0546875
1 0.4716796875 0.0771484375 0.01171875 0.01171875
1 0.4814453125 0.10546875 0.013671875 0.013671875
0 0.6083984375 0.08203125 0.177734375 0.12890625
1 0.6123046875 0.15234375 0.044921875 0.048828125
1 0.4853515625 0.1513671875 0.009765625 0.009765625
1 0.4541015625 0.1884765625 0.015625 0.01171875
1 0.4921875 0.220703125 0.01171875 0.01171875
1 0.3232421875 0.2197265625 0.015625 0.009765625
1 0.3232421875 0.2763671875 0.013671875 0.01171875
1 0.279296875 0.296875 0.013671875 0.0078125
1 0.2197265625 0.31640625 0.013671875 0.01171875
0 0.359375 0.330078125 0.1484375 0.123046875
1 0.451171875 0.3515625 0.005859375 0.005859375
1 0.5126953125 0.380859375 0.01171875 0.01171875
1 0.6220703125 0.3388671875 0.01171875 0.01171875
1 0.626953125 0.2548828125 0.01171875 0.0078125
0 0.650749494140625 0.255855966796875 0.60351076171875 0.258150623046875 0.580455404296875 0.3252292421875 0.620971865234375 0.33576992578125 0.638857431640625 0.350495802734375 0.694005005859375 0.35645921875 0.7187601171875 0.346394595703125 0.736738916015625 0.304533556640625 0.743952755859375 0.28322640234375 0.719341697265625 0.25285080078125 0.6946448515625 0.238740806640625 0.650749494140625 0.255855966796875
1 0.6650390625 0.3837890625 0.009765625 0.0078125
1 0.6640625 0.4140625 0.02734375 0.02734375
1 0.6875 0.39453125 0.013671875 0.01171875
0 0.6748046875 0.501953125 0.185546875 0.1484375
1 0.6689453125 0.578125 0.009765625 0.0078125
1 0.501953125 0.5888671875 0.0390625 0.029296875
1 0.4462890625 0.51171875 0.013671875 0.01171875
0 0.471082626953125 0.58635708984375 0.482962806640625 0.56650609375 0.481415353515625 0.550306677734375 0.454043474609375 0.53082622265625 0.4360656171875 0.502869291015625 0.417810298828125 0.48102683203125 0.39755030859375 0.479811275390625 0.34045085546875 0.506487998046875 0.316700169921875 0.544644234375 0.30233103515625 0.5783576328125 0.295757951171875 0.582531658203125 0.334351755859375 0.59056953125 0.376426189453125 0.591977158203125 0.405177302734375 0.602019662109375 0.433281025390625 0.60838246875 0.471082626953125 0.58635708984375
1 0.3388671875 0.716796875 0.01171875 0.01171875
1 0.318359375 0.828125 0.009765625 0.009765625
1 0.5458984375 0.728515625 0.021484375 0.021484375
1 0.54296875 0.671875 0.013671875 0.01171875
1 0.546875 0.6865234375 0.0078125 0.009765625
0 0.7109375 0.7275390625 0.169921875 0.14453125
0 0.73046875 0.93359375 0.185546875 0.107421875
0 0.4169921875 0.9501953125 0.154296875 0.099609375
0 0.450329556640625 0.681926435546875 0.40105002734375 0.6923820390625 0.366659796875 0.72001325390625 0.350678912109375 0.755739015625 0.33662916796875 0.78273345703125 0.3598217578125 0.816372171875 0.362343724609375 0.83216639453125 0.40509953125 0.828419037109375 0.45034316015625 0.8161964375 0.48115173046875 0.801615990234375 0.493492748046875 0.773692822265625 0.47346513671875 0.718944294921875 0.450329556640625 0.681926435546875
1 0.51171875 0.771484375 0.013671875 0.01171875
1 0.40625 0.6826171875 0.009765625 0.0078125