0 0.025390625 0.244140625 0.05078125 0.15234375
1 0 0.421994056640625 0.043288619140625 0.409557955078125 0.065986916015625 0.39406708203125 0.06893694921875 0.344257873046875 0.06572808203125 0.29738588671875 0.05462985546875 0.29085286328125 0.057002314453125 0.292438271484375 0.03828599609375 0.325823748046875 0.003397623046875 0.344725056640625 0 0.37105607421875 0 0.40548141015625 0 0.421994056640625
1 0.065212673828125 0.370014708984375 0.05832361328125 0.39916087890625 0.038418240234375 0.408037349609375 0.02523238671875 0.43106644140625 0.042885109375 0.46520091796875 0.084691931640625 0.4775842734375 0.09552680078125 0.46549479296875 0.09570425390625 0.4200740859375 0.109164767578125 0.397905513671875 0.1004536953125 0.38583863671875 0.0706018515625 0.363811728515625 0.065212673828125 0.370014708984375
1 0.125 0.4033203125 0.046875 0.072265625
0 0.044921875 0.548828125 0.08984375 0.16796875
0 0.220703125 0.552734375 0.09765625 0.158203125
1 0.287109375 0.5556640625 0.015625 0.01953125
1 0.228515625 0.42578125 0.029296875 0.033203125
1 0.181640625 0.294921875 0.029296875 0.0390625
1 0.111328125 0.291015625 0.01171875 0.01171875
1 0.126953125 0.279296875 0.009765625 0.0078125
0 0.204491509765625 0.289247865234375 0.21747165234375 0.288883162109375 0.23118873828125 0.27712975 0.24584848046875 0.23267204296875 0.2492291484375 0.191531333984375 0.24885728515625 0.1521749609375 0.228679515625 0.12447404296875 0.194733796875 0.095293208984375 0.1665423359375 0.10872697265625 0.139666521484375 0.130428361328125 0.09794333984375 0.150845751953125 0.09615862890625 0.203167197265625 0.115045619140625 0.23127049609375 0.1592949765625 0.252254533203125 0.1873044609375 0.2737132890625 0.204491509765625 0.289247865234375
1 0.2734375 0.2216796875 0.005859375 0.01171875
1 0.3603515625 0.3466796875 0.083984375 0.171875
1 0.34765625 0.271484375 0.009765625 0.0078125
1 0.2607421875 0.404296875 0.0078125 0.005859375
1 0.27734375 0.373046875 0.0078125 0.01171875
0 0.4287109375 0.560546875 0.134765625 0.19921875
1 0.5234375 0.3388671875 0.015625 0.01953125
0 0.47462519921875 0.1647029921875 0.435185185546875 0.13233024609375 0.37686835546875 0.16234598046875 0.341211388671875 0.19347240234375 0.344272189453125 0.225459345703125 0.37899893359375 0.2760461875 0.40140787890625 0.32072994921875 0.423232466796875 0.33288725 0.44974772265625 0.31850706640625 0.476967140625 0.28485936328125 0.50158239453125 0.23781557421875 0.493714509765625 0.2005148046875 0.47462519921875 0.1647029921875
1 0.3681640625 0.1474609375 0.01171875 0.01171875
1 0.611328125 0.37109375 0.01953125 0.0234375
1 0.6005859375 0.3212890625 0.0078125 0.01953125
1 0.594392 0.199170525390625 0.57165640234375 0.19102496875 0.543726037109375 0.14765082421875 0.52071917578125 0.112040955078125 0.52095992578125 0.113437982421875 0.49536471875 0.16300305078125 0.49536471875 0.226520302734375 0.511337845703125 0.27154013671875 0.53701330078125 0.3119197890625 0.56265484765625 0.334041642578125 0.5905241796875 0.31824785546875 0.61300772265625 0.28113697265625 0.620536521484375 0.23838825 0.60091484765625 0.23151312890625 0.594392 0.199170525390625
1 0.5712890625 0.123046875 0.01171875 0.021484375
0 0.5647492578125 0.187861689453125 0.590185095703125 0.201554662109375 0.603585701171875 0.22733561328125 0.61222217578125 0.26193275 0.62385728515625 0.283735111328125 0.65029794140625 0.289348837890625 0.6984411171875 0.27632046875 0.731327763671875 0.226102853515625 0.734042697265625 0.158206138671875 0.722109193359375 0.101392205078125 0.69807716796875 0.074999396484375 0.66782407421875 0.06327160546875 0.6468505859375 0.068113728515625 0.610654478515625 0.097293052734375 0.57356883984375 0.102215048828125 0.57698567578125 0.128262744140625 0.56463283984375 0.164624626953125 0.5647492578125 0.187861689453125
0 0.6416015625 0.5146484375 0.13671875 0.17578125
1 0.723293728515625 0.353167498046875 0.71506867578125 0.36978865234375 0.703111435546875 0.359394591796875 0.689461037109375 0.33644838671875 0.68246573046875 0.38059262890625 0.698764376953125 0.420028875 0.71127093359375 0.429196205078125 0.735340259765625 0.4150541328125 0.74061980078125 0.3708661875 0.723293728515625 0.353167498046875
1 0.72395833203125 0.31057098828125 0.70381673046875 0.34438597265625 0.69688698046875 0.371303228515625 0.705544931640625 0.3791353203125 0.7231829609375 0.366131064453125 0.735281486328125 0.378323025390625 0.747062400390625 0.39016083203125 0.759449146484375 0.39409571484375 0.772527623046875 0.382892373046875 0.781166359375 0.36081874609375 0.7794958046875 0.34382083203125 0.75460928515625 0.32546356640625 0.72395833203125 0.31057098828125
1 0.7724609375 0.318359375 0.01171875 0.015625
1 0.755859375 0.408203125 0.01953125 0.02734375
1 0.833984375 0.33984375 0.01171875 0.015625