0 0.01171875 0.3525390625 0.0234375 0.130859375
0 0.1796875 0.3515625 0.13671875 0.166015625
1 0.275390625 0.4150390625 0.01171875 0.017578125
1 0.166015625 0.515625 0.013671875 0.015625
1 0.1767578125 0.548828125 0.013671875 0.021484375
1 0.197265625 0.5419921875 0.015625 0.015625
1 0.3408203125 0.501953125 0.021484375 0.025390625
1 0.3603515625 0.5 0.009765625 0.015625
1 0.3720703125 0.3779296875 0.009765625 0.009765625
1 0.3935546875 0.404296875 0.080078125 0.091796875
0 0.3740234375 0.287109375 0.150390625 0.16796875
1 0.455078125 0.326171875 0.015625 0.015625
1 0.4853515625 0.341796875 0.009765625 0.01953125
1 0.4892578125 0.3212890625 0.0078125 0.013671875
1 0.4521484375 0.4873046875 0.0078125 0.013671875
1 0.5107421875 0.486328125 0.1328125 0.138671875
0 0.6162109375 0.2919921875 0.1484375 0.19140625
1 0.6396484375 0.3330078125 0.01171875 0.01171875
0 0.84375 0.244140625 0.1171875 0.140625
1 0.787109375 0.3115234375 0.009765625 0.01171875
1 0.9033203125 0.3076171875 0.009765625 0.015625
1 0.91015625 0.4384765625 0.01953125 0.013671875
1 0.798828125 0.4326171875 0.015625 0.015625
1 0.802734375 0.4609375 0.11328125 0.1328125
1 0.740234375 0.4853515625 0.01953125 0.009765625
1 0.7822265625 0.3955078125 0.009765625 0.01171875
1 0.7373046875 0.392578125 0.009765625 0.013671875
0 0.69140625 0.5986328125 0.154296875 0.16015625
0 0.9091796875 0.5439453125 0.142578125 0.1953125
0 0.4736328125 0.6435546875 0.154296875 0.1640625
1 0.5185546875 0.5966796875 0.005859375 0.0078125
0 0.232421875 0.66796875 0.205078125 0.220703125