0 0.068359375 0.4111328125 0.13671875 0.162109375
1 0.009765625 0.537109375 0.0185546875 0.0234375
1 0.0390625 0.521484375 0.0205078125 0.0234375
1 0.0478515625 0.541015625 0.0126953125 0.015625
1 0.1083984375 0.5361328125 0.0205078125 0.0234375
1 0.146484375 0.5283203125 0.048828125 0.0703125
1 0.197265625 0.546875 0.0205078125 0.0234375
0 0.072265625 0.705078125 0.1435546875 0.2001953125
0 0.30078125 0.666015625 0.1513671875 0.1826171875
1 0.271484375 0.759765625 0.0126953125 0.0185546875
1 0.455078125 0.810546875 0.1298828125 0.1669921875
1 0.45703125 0.578125 0.013671875 0.0234375
1 0.478515625 0.5751953125 0.017578125 0.017578125
1 0.3193359375 0.5 0.1357421875 0.1435546875
0 0.310546875 0.3779296875 0.1455078125 0.109375
1 0.568359375 0.759765625 0.0205078125 0.025390625
1 0.609375 0.734375 0.0078125 0.015625
1 0.6240234375 0.7294921875 0.0078125 0.0126953125
1 0.654296875 0.7119140625 0.009765625 0.015625
0 0.60288654296875 0.7073051015625 0.59965329296875 0.659758390625 0.578703703125 0.6322751328125 0.5430888828125 0.63994295703125 0.5059007109375 0.65549389453125 0.490464306640625 0.676640693359375 0.48989076953125 0.70283737109375 0.4969463046875 0.722351396484375 0.525792359375 0.769873994140625 0.547093306640625 0.78886098828125 0.56115658203125 0.77166349609375 0.573960400390625 0.750075783203125 0.5935549453125 0.743276013671875 0.60288654296875 0.7073051015625
0 0.7978515625 0.720703125 0.123046875 0.1484375
0 0.7607421875 0.37890625 0.1484375 0.1484375
1 0.677734375 0.548828125 0.0126953125 0.013671875
1 0.6767578125 0.583984375 0.013671875 0.017578125
1 0.7578125 0.59765625 0.0107421875 0.017578125
1 0.771484375 0.564453125 0.0078125 0.0078125
1 0.779296875 0.580078125 0.0126953125 0.0126953125
1 0.8271484375 0.603515625 0.0107421875 0.025390625
1 0.8505859375 0.5595703125 0.015625 0.0234375
1 0.890625 0.548828125 0.015625 0.017578125
1 0.943359375 0.724609375 0.0283203125 0.0283203125
0 0.51953125 0.3857421875 0.1064453125 0.1640625
1 0.1513671875 0.5732421875 0.0107421875 0.0126953125
1 0.9482421875 0.591796875 0.0126953125 0.013671875