1 0.1044921875 0.4384765625 0.0234375 0.021484375
0 0.165049509765625 0.49071703125 0.1809765078125 0.4988521796875 0.206717453125 0.462226654296875 0.23061431640625 0.440154794921875 0.237825380859375 0.396452443359375 0.238544390625 0.349344150390625 0.220790970703125 0.32850057421875 0.1837771484375 0.32016159765625 0.143075384765625 0.315185763671875 0.11818073046875 0.339972625 0.115691689453125 0.348589427734375 0.1200475234375 0.368760775390625 0.12192223828125 0.40584824609375 0.127400888671875 0.4539301484375 0.12783378515625 0.489389095703125 0.145923173828125 0.47937169140625 0.165049509765625 0.49071703125
1 0.0263671875 0.474609375 0.048828125 0.03515625
1 0.04296875 0.5078125 0.052734375 0.029296875
0 0.06752334765625 0.687761609375 0.079465787109375 0.64377857421875 0.08651859765625 0.6142507734375 0.07900137109375 0.584827427734375 0.0573656640625 0.5412616875 0.0286599921875 0.549926123046875 0.00154591015625 0.592928544921875 0.00156343359375 0.59393251171875 0.00394571875 0.73041345703125 0.049669294921875 0.71844087890625 0.06752334765625 0.687761609375
1 0.116797849609375 0.536603400390625 0.1376089921875 0.551803783203125 0.158297654296875 0.5446659765625 0.14120832421875 0.491331279296875 0.1252729140625 0.487599232421875 0.129696154296875 0.449089212890625 0.122349703125 0.446177064453125 0.08879897265625 0.461931865234375 0.078712533203125 0.48612262109375 0.1015746640625 0.50609841015625 0.116797849609375 0.536603400390625
0 0.2205193671875 0.7639910625 0.255635109375 0.757884763671875 0.29326697265625 0.669661509765625 0.27173041796875 0.628667595703125 0.236886001953125 0.589995478515625 0.18586323046875 0.571494833984375 0.17880721484375 0.590254751953125 0.1666191015625 0.617646595703125 0.151297212890625 0.63914501953125 0.129143376953125 0.6681112890625 0.1319889140625 0.6866535859375 0.144340572265625 0.70704538671875 0.170760134765625 0.734758994140625 0.20555275 0.7608415703125 0.2205193671875 0.7639910625
1 0.154296875 0.62109375 0.013671875 0.01953125
1 0.3125 0.6201171875 0.037109375 0.052734375
1 0.310546875 0.5341796875 0.0859375 0.119140625
1 0.30078125 0.4638671875 0.021484375 0.021484375
1 0.2509765625 0.46875 0.048828125 0.0546875
1 0.2958984375 0.3349609375 0.013671875 0.021484375
1 0.271484375 0.345703125 0.0078125 0.0078125
0 0.43333333203125 0.3081710390625 0.40514741015625 0.291988306640625 0.341919064453125 0.295289994140625 0.323302830078125 0.322494310546875 0.3056046015625 0.389486603515625 0.322953826171875 0.446682263671875 0.346705603515625 0.485281001953125 0.371582384765625 0.487596037109375 0.410803203125 0.4779694453125 0.444627708984375 0.425348060546875 0.447874443359375 0.39656023046875 0.439000205078125 0.3459416484375 0.43333333203125 0.3081710390625
1 0.43763582421875 0.348823248046875 0.44704258984375 0.385097099609375 0.448720888671875 0.437207306640625 0.456914466796875 0.48043577734375 0.478390708984375 0.478079923828125 0.47535672265625 0.425056291015625 0.49095387890625 0.39793740234375 0.49265522265625 0.341825185546875 0.48694445703125 0.2871808046875 0.4585104765625 0.29697741015625 0.435408015625 0.32385178125 0.43763582421875 0.348823248046875
1 0.5087890625 0.3349609375 0.013671875 0.033203125
1 0.5322265625 0.3798828125 0.01953125 0.0234375
1 0.5524694296875 0.488876044921875 0.559598203125 0.429875044921875 0.54904313671875 0.403607119140625 0.4932042265625 0.403475884765625 0.47911768359375 0.435720685546875 0.478923751953125 0.477457376953125 0.464967568359375 0.482531138671875 0.43220908984375 0.486312134765625 0.404942771484375 0.514597640625 0.401147796875 0.535069740234375 0.442540123046875 0.56080801171875 0.487083982421875 0.56311049609375 0.515448408203125 0.57012762890625 0.57440943359375 0.548320521484375 0.582238314453125 0.52084284375 0.5524694296875 0.488876044921875
0 0.6536880703125 0.316114171875 0.616103515625 0.29054715234375 0.583364107421875 0.28032139453125 0.534314287109375 0.286846623046875 0.515636322265625 0.36365758203125 0.541779701171875 0.373106166015625 0.536699431640625 0.394255287109375 0.56609883984375 0.430516072265625 0.59493028515625 0.454814736328125 0.625319603515625 0.455712322265625 0.652504255859375 0.427411015625 0.681144404296875 0.37680081640625 0.675156755859375 0.3397489609375 0.6536880703125 0.316114171875
1 0.69071602734375 0.446056037109375 0.66721716015625 0.435343416015625 0.6412975 0.462840583984375 0.6241223671875 0.47645948046875 0.6446895859375 0.50077837109375 0.679891359375 0.5112212578125 0.7113907265625 0.5123561328125 0.711958966796875 0.486216171875 0.69071602734375 0.446056037109375
1 0.69140625 0.5537109375 0.029296875 0.0390625
1 0.598919021484375 0.4412985390625 0.57978230859375 0.46747666015625 0.573163455078125 0.50809901171875 0.584141171875 0.52838215625 0.60588998046875 0.55481644140625 0.632691173828125 0.536743703125 0.62915352734375 0.491577005859375 0.638428865234375 0.453485287109375 0.6377423671875 0.453902080078125 0.62358484765625 0.4472932734375 0.598919021484375 0.4412985390625
1 0.6474609375 0.5380859375 0.03515625 0.060546875
1 0.5546875 0.599609375 0.01953125 0.021484375
0 0.68704815234375 0.7340483359375 0.703922826171875 0.64037708984375 0.686390267578125 0.613238744140625 0.6581931640625 0.580428 0.61768356640625 0.552320751953125 0.591468869140625 0.571372521484375 0.563551845703125 0.627068978515625 0.5747603984375 0.6821152265625 0.604709216796875 0.722243982421875 0.654778080078125 0.757446330078125 0.68704815234375 0.7340483359375
1 0.7802734375 0.5712890625 0.021484375 0.029296875
0 0.78671747265625 0.71159612109375 0.819794779296875 0.732520181640625 0.86214962109375 0.726876650390625 0.89118813671875 0.691909271484375 0.878873951171875 0.593505662109375 0.848962857421875 0.569305083984375 0.796138625 0.570168564453125 0.782870283203125 0.60132591015625 0.739767607421875 0.609497484375 0.736788357421875 0.61882221484375 0.768412708984375 0.686033646484375 0.78671747265625 0.71159612109375
1 0.935546875 0.611328125 0.01171875 0.013671875
1 0.94140625 0.62890625 0.013671875 0.013671875
1 0.9521484375 0.4765625 0.095703125 0.1328125
1 0.779296875 0.4453125 0.01953125 0.033203125
1 0.767578125 0.4794921875 0.013671875 0.013671875
1 0.83646006640625 0.4518804296875 0.854564869140625 0.478717671875 0.87406375 0.488239173828125 0.89873358984375 0.49113316796875 0.897996052734375 0.44562302734375 0.880217390625 0.42163098828125 0.859830173828125 0.428940962890625 0.84100003125 0.440781744140625 0.83646006640625 0.4518804296875
0 0.845945369140625 0.437289853515625 0.87469594140625 0.42394434375 0.90295164453125 0.406450849609375 0.932603626953125 0.3609614921875 0.92855146875 0.3232522734375 0.901282232421875 0.283202494140625 0.844601431640625 0.2822832265625 0.800492587890625 0.264120109375 0.796117302734375 0.267703681640625 0.7755979609375 0.33205969140625 0.759249529296875 0.364988224609375 0.766760400390625 0.395453853515625 0.781379421875 0.433757236328125 0.806448009765625 0.4562387890625 0.819263548828125 0.458500796875 0.845945369140625 0.437289853515625
1 0.7648403984375 0.292858611328125 0.749664859375 0.265379390625 0.691620173828125 0.266333994140625 0.677975486328125 0.30723918359375 0.673676306640625 0.35566918359375 0.689975634765625 0.393646953125 0.7161717578125 0.405525203125 0.74477055078125 0.393772294921875 0.759943265625 0.362173455078125 0.778193052734375 0.33455177734375 0.7648403984375 0.292858611328125
1 0.69766253125 0.054201220703125 0.666731125 0.019582970703125 0.6657560390625 0.020194287109375 0.66448489453125 0.032562310546875 0.638569591796875 0.076222509765625 0.612680142578125 0.1512662109375 0.5987198984375 0.240040927734375 0.6200327421875 0.269476689453125 0.657706076171875 0.264898474609375 0.71347251953125 0.23615683984375 0.73879969921875 0.2025461875 0.717482435546875 0.10912988671875 0.69766253125 0.054201220703125
0 0.45943166015625 0.618132244140625 0.429559830078125 0.57619686328125 0.42893701171875 0.574636728515625 0.401929234375 0.5591879296875 0.37261766015625 0.57569902734375 0.35064837890625 0.614720302734375 0.336427609375 0.6585932421875 0.344040880859375 0.721348841796875 0.41160312109375 0.7824809609375 0.48070558984375 0.750884755859375 0.48568317578125 0.6646405703125 0.47337230859375 0.63318899609375 0.45943166015625 0.618132244140625
1 0.1337890625 0.6025390625 0.013671875 0.013671875
1 0.1162109375 0.3759765625 0.013671875 0.01171875