0 0.103515625 0.27734375 0.12109375 0.16015625
1 0.177734375 0.228515625 0.015625 0.01171875
1 0.1875 0.2841796875 0.01171875 0.015625
1 0.212890625 0.2041015625 0.0078125 0.009765625
1 0.18359375 0.376953125 0.01171875 0.01171875
1 0.0166015625 0.419921875 0.033203125 0.029296875
1 0.0625 0.41015625 0.017578125 0.01171875
1 0.080078125 0.412109375 0.01171875 0.01953125
1 0.099609375 0.4296875 0.01171875 0.013671875
1 0.1494140625 0.41015625 0.009765625 0.01171875
1 0.021484375 0.48046875 0.025390625 0.02734375
1 0.0341796875 0.521484375 0.04296875 0.0546875
1 0.0595703125 0.509765625 0.005859375 0.009765625
1 0.0654296875 0.525390625 0.009765625 0.01171875
1 0.0107421875 0.57421875 0.021484375 0.02734375
0 0.123046875 0.5634765625 0.115234375 0.1640625
1 0.2373046875 0.556640625 0.01171875 0.015625
1 0.240234375 0.5361328125 0.009765625 0.015625
1 0.24609375 0.5078125 0.009765625 0.01953125
1 0.271484375 0.58984375 0.0078125 0.013671875
1 0.298828125 0.560546875 0.017578125 0.017578125
1 0.2705078125 0.42578125 0.0390625 0.04296875
1 0.2978515625 0.4619140625 0.041015625 0.05078125
1 0.30078125 0.412109375 0.02734375 0.013671875
1 0.33984375 0.3994140625 0.048828125 0.06640625
1 0.3759765625 0.4296875 0.013671875 0.021484375
1 0.396484375 0.4365234375 0.0078125 0.01171875
1 0.396484375 0.4130859375 0.017578125 0.01171875
1 0.41796875 0.4111328125 0.02734375 0.05078125
1 0.435546875 0.375 0.01953125 0.021484375
1 0.455078125 0.404296875 0.02734375 0.03515625
1 0.439453125 0.435546875 0.01953125 0.015625
1 0.462890625 0.431640625 0.0234375 0.01953125
1 0.486328125 0.4130859375 0.013671875 0.01171875
1 0.5009765625 0.412109375 0.0078125 0.009765625
1 0.521484375 0.4306640625 0.01171875 0.015625
1 0.5419921875 0.419921875 0.0234375 0.0234375
1 0.548828125 0.39453125 0.01171875 0.01171875
1 0.560546875 0.4130859375 0.015625 0.01171875
1 0.5712890625 0.38671875 0.0078125 0.01171875
1 0.572265625 0.4326171875 0.01171875 0.01171875
1 0.5810546875 0.4140625 0.01171875 0.01171875
1 0.5859375 0.4375 0.01953125 0.03515625
1 0.611328125 0.423828125 0.03125 0.02734375
1 0.6328125 0.38671875 0.025390625 0.02734375
1 0.6298828125 0.416015625 0.0078125 0.01171875
1 0.6796875 0.4111328125 0.03515625 0.033203125
1 0.6484375 0.337890625 0.01171875 0.015625
1 0.76953125 0.416015625 0.095703125 0.115234375
1 0.7509765625 0.4326171875 0.0234375 0.03125
1 0.826171875 0.431640625 0.01171875 0.01171875
1 0.357421875 0.505859375 0.02734375 0.0390625
1 0.3955078125 0.5654296875 0.013671875 0.017578125
1 0.435546875 0.5146484375 0.125 0.134765625
1 0.513671875 0.4697265625 0.04296875 0.05078125
0 0.5546875 0.5576171875 0.11328125 0.150390625
0 0.748046875 0.5517578125 0.111328125 0.16015625
1 0.796875 0.548828125 0.01171875 0.01171875
1 0.8720703125 0.4150390625 0.072265625 0.0859375
0 0.935546875 0.544921875 0.12890625 0.14453125
1 0.947265625 0.4345703125 0.009765625 0.013671875
1 0.9697265625 0.435546875 0.033203125 0.02734375
1 0.978515625 0.3974609375 0.017578125 0.013671875
1 0.9951171875 0.396484375 0.009765625 0.015625
0 0.9267578125 0.26171875 0.146484375 0.17578125
0 0.7470703125 0.2724609375 0.140625 0.17578125
1 0.6318359375 0.23828125 0.01171875 0.01953125
0 0.53515625 0.2734375 0.123046875 0.1796875
1 0.279296875 0.3291015625 0.0078125 0.01171875
0 0.29956657421875 0.55714498046875 0.31015127734375 0.56957405078125 0.31523000390625 0.59015219140625 0.336797267578125 0.61046911328125 0.36234763671875 0.607520333984375 0.3749465 0.58093512890625 0.375553083984375 0.557871375 0.373683599609375 0.535362212890625 0.3673080625 0.519962263671875 0.35372208984375 0.524715470703125 0.349353177734375 0.52013205859375 0.3462833359375 0.510191615234375 0.34587040625 0.495147328125 0.340084876953125 0.481995884765625 0.33987464453125 0.482260119140625 0.32397687109375 0.50277596875 0.301232609375 0.51740833203125 0.28775740234375 0.544923884765625 0.29956657421875 0.55714498046875
0 0.3415693125 0.334066759765625 0.374454451171875 0.298249421875 0.36229715234375 0.187049896484375 0.301777404296875 0.162549431640625 0.251371408203125 0.193407599609375 0.22957658203125 0.26165846875 0.2376543203125 0.30349794140625 0.2653793515625 0.31233523046875 0.27784258203125 0.32030647265625 0.287624783203125 0.3326682265625 0.3415693125 0.334066759765625