1 0.1123046875 0.599609375 0.021484375 0.037109375
0 0.19140625 0.6513671875 0.14453125 0.173828125
0 0.365234375 0.6484375 0.171875 0.16015625
1 0.4580078125 0.5478515625 0.0703125 0.048828125
1 0.6865234375 0.5810546875 0.0390625 0.060546875
0 0.6171875 0.609375 0.130859375 0.201171875
0 0.826171875 0.583984375 0.13671875 0.1796875
1 0.9326171875 0.447265625 0.1328125 0.08984375
1 0.7392578125 0.4873046875 0.013671875 0.013671875
1 0.736328125 0.4375 0.013671875 0.015625
0 0.7978515625 0.3115234375 0.140625 0.181640625
0 0.962890625 0.2919921875 0.0625 0.078125
0 0.5810546875 0.31640625 0.13671875 0.173828125
1 0.5380859375 0.47265625 0.0546875 0.07421875
1 0.4638671875 0.484375 0.013671875 0.0078125
1 0.4306640625 0.484375 0.015625 0.013671875
1 0.392578125 0.4697265625 0.02734375 0.044921875
0 0.3642578125 0.3349609375 0.126953125 0.16796875
1 0.119140625 0.3955078125 0.015625 0.017578125
0 0.1552734375 0.359375 0.158203125 0.1640625
1 0.12109375 0.4951171875 0.009765625 0.013671875
1 0.1787109375 0.4833984375 0.005859375 0.0078125
1 0.2236328125 0.5 0.01171875 0.01171875
1 0.0380859375 0.501953125 0.076171875 0.13671875