0 0.091796875 0.40234375 0.130859375 0.123046875
0 0.2802734375 0.4140625 0.126953125 0.1689453125
0 0.4873046875 0.451171875 0.099609375 0.1328125
1 0.4345703125 0.43359375 0.0107421875 0.0185546875
1 0.541015625 0.443359375 0.0107421875 0.0126953125
1 0.5498046875 0.455078125 0.0078125 0.015625
1 0.544921875 0.4794921875 0.009765625 0.0107421875
0 0.6767578125 0.4736328125 0.0986328125 0.140625
1 0.7587890625 0.55078125 0.046875 0.064453125
0 0.873046875 0.466796875 0.087890625 0.1435546875
1 0.9306640625 0.45703125 0.029296875 0.033203125
1 0.9580078125 0.423828125 0.0078125 0.0078125
1 0.9423828125 0.49609375 0.0126953125 0.013671875
1 0.9658203125 0.4599609375 0.0029296875 0.005859375
1 0.9814453125 0.48046875 0.0185546875 0.021484375
1 0.9921875 0.4951171875 0.015625 0.0185546875
1 0.994140625 0.458984375 0.0107421875 0.0126953125
1 0.9951171875 0.509765625 0.009765625 0.0126953125
1 0.888671875 0.603515625 0.0126953125 0.0205078125
1 0.974609375 0.7509765625 0.015625 0.0234375
1 0.986328125 0.734375 0.0126953125 0.013671875
1 0.8427734375 0.7333984375 0.0107421875 0.009765625
0 0.8984375 0.74609375 0.103515625 0.146484375
1 0.759765625 0.724609375 0.1142578125 0.1826171875
0 0.6650390625 0.708984375 0.078125 0.15625
1 0.611328125 0.73828125 0.013671875 0.015625
1 0.5361328125 0.703125 0.0078125 0.0126953125
1 0.564453125 0.595703125 0.080078125 0.087890625
1 0.6337890625 0.6201171875 0.0078125 0.0126953125
1 0.728515625 0.5732421875 0.0078125 0.0107421875
1 0.708984375 0.5966796875 0.0107421875 0.015625
1 0.46484375 0.6513671875 0.0078125 0.0078125
0 0.4609375 0.7158203125 0.095703125 0.125
1 0.404296875 0.7744140625 0.009765625 0.0107421875
1 0.3994140625 0.7373046875 0.013671875 0.0107421875
1 0.376953125 0.6337890625 0.015625 0.015625
1 0.38671875 0.60546875 0.0107421875 0.0126953125
1 0.349609375 0.5908203125 0.0078125 0.0126953125
0 0.267578125 0.6943359375 0.1015625 0.123046875
1 0.3271484375 0.6943359375 0.009765625 0.0126953125
1 0.2919921875 0.6103515625 0.0107421875 0.015625
1 0.296875 0.58203125 0.0078125 0.009765625
1 0.287109375 0.572265625 0.015625 0.0126953125
1 0.1962890625 0.5634765625 0.005859375 0.009765625
1 0.1787109375 0.7099609375 0.009765625 0.0078125
0 0.0595703125 0.6787109375 0.0966796875 0.107421875
1 0.134765625 0.5634765625 0.013671875 0.013671875