1 0.4970703125 0.9697265625 0.033203125 0.01953125
1 0.361317201171875 0.82775883203125 0.398639328125 0.829107 0.417952947265625 0.824645859375 0.443354650390625 0.820775330078125 0.441546962890625 0.81127052734375 0.4162875546875 0.805807623046875 0.383917708984375 0.80295384765625 0.362837947265625 0.82704155078125 0.361317201171875 0.82775883203125
0 0.369140625 0.8837890625 0.154296875 0.119140625
0 0.724609375 0.8212890625 0.234375 0.22265625
0 0.677734375 0.572265625 0.154296875 0.130859375
1 0.5263671875 0.671875 0.125 0.087890625
1 0.53515625 0.6142578125 0.021484375 0.01953125
1 0.5068359375 0.541015625 0.01171875 0.01171875
1 0.5400390625 0.5712890625 0.083984375 0.0625
0 0.3759765625 0.619140625 0.173828125 0.15625
1 0.3046875 0.716796875 0.01171875 0.0078125
1 0.259765625 0.4521484375 0.017578125 0.013671875
0 0.3515625 0.421875 0.181640625 0.14453125
1 0.494140625 0.3984375 0.03515625 0.033203125
1 0.47265625 0.34375 0.0078125 0.0078125
1 0.5009765625 0.3193359375 0.009765625 0.01171875
1 0.658203125 0.41015625 0.01171875 0.0078125
0 0.6474609375 0.33203125 0.201171875 0.1796875
1 0.552734375 0.2021484375 0.099609375 0.07421875
1 0.4794921875 0.1513671875 0.095703125 0.08984375
0 0.545738814453125 0.0501809140625 0.526985111328125 0.08039886328125 0.512634826171875 0.1041805078125 0.5112708203125 0.12428549609375 0.50550509765625 0.14083916796875 0.54086678125 0.167590103515625 0.569385828125 0.1782695390625 0.639602482421875 0.157026080078125 0.6656276171875 0.144693962890625 0.674115087890625 0.129840474609375 0.65235913671875 0.09701405859375 0.632233669921875 0.07732381640625 0.6227185703125 0.064147603515625 0.61546816015625 0.05288427734375 0.580627548828125 0.047438052734375 0.545738814453125 0.0501809140625
1 0.66015625 0.1630859375 0.009765625 0.01171875
0 0.29296875 0.173828125 0.181640625 0.15234375
1 0.529296875 0.365234375 0.013671875 0.0078125