0 0.05859375 0.638671875 0.1171875 0.15625
1 0.013671875 0.5 0.02734375 0.08203125
1 0.072265625 0.5302734375 0.064453125 0.05078125
1 0.1083984375 0.5126953125 0.078125 0.037109375
1 0.1884765625 0.4814453125 0.09375 0.166015625
1 0.2197265625 0.42578125 0.044921875 0.052734375
1 0.244140625 0.4599609375 0.07421875 0.07421875
0 0.3046875 0.37890625 0.11328125 0.150390625
0 0.1025390625 0.3525390625 0.1171875 0.13671875
1 0.0458984375 0.4130859375 0.0546875 0.05859375
1 0.4072265625 0.4013671875 0.0703125 0.083984375
1 0.4326171875 0.4482421875 0.044921875 0.044921875
1 0.4521484375 0.3837890625 0.01953125 0.0234375
1 0.3623046875 0.3369140625 0.01171875 0.013671875
1 0.3681640625 0.3515625 0.0078125 0.013671875
1 0.3984375 0.322265625 0.01171875 0.013671875
1 0.4140625 0.35546875 0.01171875 0.021484375
1 0.462890625 0.3525390625 0.009765625 0.009765625
1 0.31640625 0.5341796875 0.01953125 0.03515625
1 0.431640625 0.4990234375 0.0546875 0.0546875
1 0.453125 0.5546875 0.02734375 0.0234375
1 0.392578125 0.5537109375 0.083984375 0.087890625
1 0.203125 0.6494140625 0.033203125 0.03125
1 0.224609375 0.6298828125 0.041015625 0.09375
0 0.287109375 0.67578125 0.134765625 0.201171875
1 0.380859375 0.6552734375 0.013671875 0.017578125
1 0.4873046875 0.5439453125 0.025390625 0.0390625
1 0.490234375 0.5771484375 0.05078125 0.044921875
1 0.5205078125 0.591796875 0.01953125 0.01953125
1 0.5322265625 0.564453125 0.01171875 0.013671875
1 0.517578125 0.541015625 0.013671875 0.017578125
1 0.541015625 0.544921875 0.013671875 0.017578125
1 0.5283203125 0.64453125 0.033203125 0.04296875
0 0.4677734375 0.669921875 0.11328125 0.14453125
0 0.525390625 0.375 0.138671875 0.18359375
1 0.65234375 0.419921875 0.01171875 0.021484375
0 0.7421875 0.3896484375 0.11328125 0.15234375
1 0.720703125 0.4248046875 0.013671875 0.017578125
1 0.6162109375 0.5810546875 0.046875 0.0703125
1 0.7412109375 0.548828125 0.03125 0.033203125
1 0.794921875 0.525390625 0.052734375 0.072265625
1 0.83984375 0.5732421875 0.0546875 0.052734375
0 0.73046875 0.67578125 0.17578125 0.193359375
1 0.9423828125 0.5322265625 0.103515625 0.1328125
0 0.9345703125 0.3935546875 0.130859375 0.169921875
0 0.9248046875 0.671875 0.134765625 0.1640625
1 0.671875 0.5322265625 0.111328125 0.15234375