0 0.0458984375 0.7119140625 0.091796875 0.140625
1 0.0380859375 0.599609375 0.0576171875 0.0498046875
1 0.033203125 0.546875 0.0234375 0.029296875
1 0.052734375 0.560546875 0.017578125 0.025390625
1 0.0107421875 0.490234375 0.021484375 0.046875
1 0.0927734375 0.548828125 0.0703125 0.0595703125
1 0.208984375 0.576171875 0.0126953125 0.017578125
1 0.19811947265625 0.551394400390625 0.25506107421875 0.558495576171875 0.261827255859375 0.54409343359375 0.23434270703125 0.52034074609375 0.215639466796875 0.496109251953125 0.18220899609375 0.4863315703125 0.181290560546875 0.48549279296875 0.183558873046875 0.53662884375 0.19811947265625 0.551394400390625
1 0.12549732421875 0.54832348046875 0.155863767578125 0.586821056640625 0.19657970703125 0.603493234375 0.2016110703125 0.58871906640625 0.18288587109375 0.527769166015625 0.15178571484375 0.493386244140625 0.15283203125 0.48427855078125 0.125547701171875 0.5169511953125 0.12549732421875 0.54832348046875
0 0 0.43247940234375 0.01052258984375 0.450078193359375 0.046256251953125 0.48543595703125 0.084051544921875 0.43263441015625 0.07054759765625 0.41440180078125 0.04117192578125 0.40035445703125 0.006944443359375 0.36684303515625 0 0.39269696484375 0 0.43247940234375
1 0.098406755859375 0.3914965 0.06127025390625 0.34495046484375 0.05948247265625 0.34474033984375 0.04293645703125 0.354673033203125 0.04401894140625 0.39697868359375 0.075064845703125 0.41530946875 0.098406755859375 0.3914965
1 0.142266814453125 0.39325672265625 0.107804232421875 0.39770723046875 0.10570384765625 0.401003775390625 0.091480396484375 0.41778618359375 0.07125289453125 0.44706411328125 0.057507388671875 0.488379423828125 0.071088841796875 0.517653908203125 0.11302419140625 0.512710814453125 0.14751131640625 0.49745094921875 0.2028020625 0.487375302734375 0.20329421875 0.42740196484375 0.175787708984375 0.404885912109375 0.142266814453125 0.39325672265625
1 0.1474609375 0.341796875 0.1123046875 0.107421875
1 0.232421875 0.484375 0.044921875 0.052734375
1 0.3125 0.556640625 0.056640625 0.0390625
1 0.1787109375 0.75 0.0234375 0.033203125
0 0.17146034765625 0.68424134765625 0.17110641015625 0.72248229296875 0.21327944140625 0.75183083984375 0.23910538671875 0.77446056640625 0.276278056640625 0.76014109375 0.284524583984375 0.72847601171875 0.2804878671875 0.6637059765625 0.236682064453125 0.667064525390625 0.22387566015625 0.625220458984375 0.18820787890625 0.650251115234375 0.17146034765625 0.68424134765625
1 0.232396041015625 0.6619026953125 0.245653263671875 0.6678223515625 0.285431392578125 0.670703814453125 0.33025251171875 0.72004175 0.339091951171875 0.6935695 0.33154167578125 0.63895950390625 0.31608201953125 0.58583416015625 0.2890211640625 0.57539682421875 0.230719349609375 0.627896962890625 0.232396041015625 0.6619026953125
1 0.413999205078125 0.794076208984375 0.436248294921875 0.76179969921875 0.43082165625 0.72436652734375 0.4027906953125 0.7157789765625 0.394966568359375 0.69055886328125 0.39069475390625 0.649966931640625 0.41053731640625 0.631574142578125 0.40195493359375 0.612356357421875 0.368373326171875 0.60812975390625 0.34407035546875 0.646162298828125 0.330357142578125 0.726032021484375 0.35461102734375 0.76213038671875 0.413999205078125 0.794076208984375
0 0.446056548828125 0.746710345703125 0.49888263671875 0.744524705078125 0.508196150390625 0.685689828125 0.497606388671875 0.621601837890625 0.4584514453125 0.61167598828125 0.4204437421875 0.629664076171875 0.39010442578125 0.656988880859375 0.398609302734375 0.69303385546875 0.414767794921875 0.72423390625 0.446056548828125 0.746710345703125
1 0.505859375 0.5830078125 0.064453125 0.068359375
1 0.580078125 0.6103515625 0.033203125 0.046875
1 0.568359375 0.66015625 0.0126953125 0.013671875
1 0.531917833984375 0.554220748046875 0.552306806640625 0.58512111328125 0.58528516796875 0.589891974609375 0.61079721484375 0.554281029296875 0.60204303125 0.49676373828125 0.540294830078125 0.46578069921875 0.530084841796875 0.486541693359375 0.524490275390625 0.526067501953125 0.531917833984375 0.554220748046875
1 0.4210896171875 0.625387525390625 0.453813501953125 0.60862923046875 0.48761470703125 0.537567515625 0.47834640625 0.524861869140625 0.417563140625 0.503477388671875 0.36441798828125 0.501322751953125 0.36743034765625 0.571800595703125 0.379973234375 0.6029110859375 0.4210896171875 0.625387525390625
0 0.441713685546875 0.503973419921875 0.463284607421875 0.4925181875 0.486417255859375 0.46284412109375 0.491125681640625 0.423528439453125 0.495755310546875 0.35894097265625 0.482313369140625 0.353277943359375 0.426707146484375 0.354934701171875 0.42589233984375 0.359967482421875 0.3941592265625 0.412514123046875 0.42281280859375 0.454172177734375 0.441713685546875 0.503973419921875
1 0.478515625 0.2978515625 0.0703125 0.0888671875
1 0.27131644921875 0.505725033203125 0.317447400390625 0.51344452734375 0.35855086328125 0.55561928125 0.383331783203125 0.54991491796875 0.365240833984375 0.501631048828125 0.384978763671875 0.50021184765625 0.4202409375 0.48972112109375 0.42382425 0.471393779296875 0.419531767578125 0.439205109375 0.4000560625 0.40459483984375 0.421703197265625 0.3867979765625 0.453347181640625 0.35521212109375 0.44942672265625 0.332229318359375 0.404761904296875 0.31325266015625 0.403893849609375 0.278123966796875 0.426561466796875 0.186867904296875 0.418591373046875 0.14759355859375 0.390276228515625 0.105551421875 0.358375185546875 0.098124724609375 0.332332228515625 0.097105103515625 0.317686373046875 0.16512001171875 0.24809725390625 0.18230027734375 0.222608455078125 0.2952783984375 0.2135739609375 0.31080005859375 0.20296223828125 0.363453482421875 0.20281110546875 0.43001991015625 0.21923957421875 0.43809592578125 0.23658518359375 0.42897617578125 0.263250763671875 0.442866787109375 0.27131644921875 0.505725033203125
1 0.5009765625 0.3828125 0.0107421875 0.0185546875
1 0.509765625 0.3857421875 0.0107421875 0.013671875
1 0.505859375 0.416015625 0.009765625 0.0185546875
1 0.501953125 0.4619140625 0.0078125 0.009765625
1 0.5546875 0.388671875 0.0107421875 0.0234375
1 0.591796875 0.3623046875 0.0126953125 0.0205078125
1 0.583984375 0.3837890625 0.0126953125 0.015625
1 0.580078125 0.3994140625 0.0107421875 0.015625
1 0.572265625 0.4228515625 0.009765625 0.0126953125
1 0.583984375 0.419921875 0.009765625 0.025390625
1 0.611328125 0.412109375 0.0107421875 0.015625
1 0.646484375 0.361328125 0.0107421875 0.0078125
1 0.654296875 0.3466796875 0.0107421875 0.0205078125
1 0.6708984375 0.333984375 0.015625 0.0205078125
1 0.6708984375 0.5537109375 0.046875 0.0361328125
1 0.7001953125 0.5869140625 0.0546875 0.0439453125
0 0.6484375 0.6708984375 0.1015625 0.1201171875
1 0.7265625 0.662109375 0.048828125 0.0908203125
1 0.71484375 0.5126953125 0.0185546875 0.021484375
1 0.759765625 0.5576171875 0.0595703125 0.0625
1 0.6533203125 0.5263671875 0.009765625 0.0126953125
0 0.64991526171875 0.364061466796875 0.62808857421875 0.36033089453125 0.599685587890625 0.39012380078125 0.61829323828125 0.409975404296875 0.595199341796875 0.43883136328125 0.6345589453125 0.48026379296875 0.693290912109375 0.464876474609375 0.699559771484375 0.41974275390625 0.68367125390625 0.38503086328125 0.685610169921875 0.348088556640625 0.64991526171875 0.364061466796875
1 0.70703125 0.400390625 0.025390625 0.033203125
1 0.685546875 0.3818359375 0.009765625 0.015625
1 0.701171875 0.369140625 0.0107421875 0.017578125
1 0.70703125 0.330078125 0.017578125 0.0283203125
1 0.7177734375 0.3525390625 0.0107421875 0.0126953125
1 0.708984375 0.302734375 0.015625 0.0234375
1 0.75390625 0.37890625 0.0546875 0.029296875
1 0.7509765625 0.4365234375 0.0625 0.0966796875
1 0.787109375 0.4306640625 0.021484375 0.0830078125
1 0.82421875 0.2734375 0.0341796875 0.033203125
0 0.821521576171875 0.3330491484375 0.795150513671875 0.36682925390625 0.80455444921875 0.40601576171875 0.8193062265625 0.449266974609375 0.857762896484375 0.46663325390625 0.88264586328125 0.46471457421875 0.90027178515625 0.411830357421875 0.886133587890625 0.349266630859375 0.84859018359375 0.338965361328125 0.821521576171875 0.3330491484375
1 0.865234375 0.4990234375 0.029296875 0.0390625
1 0.865801453125 0.59163325390625 0.877622251953125 0.580482873046875 0.878933376953125 0.54265873046875 0.84774021484375 0.50880283984375 0.839891544921875 0.5102427109375 0.81429940625 0.53239707421875 0.825545376953125 0.56635974609375 0.865801453125 0.59163325390625
1 0.9296875 0.564453125 0.041015625 0.056640625
1 0.9560546875 0.5380859375 0.0107421875 0.015625
1 0.7939453125 0.72265625 0.025390625 0.029296875
0 0.792220826171875 0.686831734375 0.805228744140625 0.71398602734375 0.8511194296875 0.754643408203125 0.90027953515625 0.76325334765625 0.92090101953125 0.71625778515625 0.925127625 0.668232267578125 0.903368107421875 0.6044508515625 0.868662677734375 0.60440434765625 0.836988984375 0.61224268359375 0.79984344140625 0.629825974609375 0.792220826171875 0.686831734375
1 0.9345703125 0.4150390625 0.025390625 0.0263671875
1 0.9931640625 0.505859375 0.013671875 0.0576171875
1 0.9150390625 0.357421875 0.0185546875 0.0263671875
1 0.9453125 0.349609375 0.017578125 0.0283203125
1 0.962890625 0.357421875 0.013671875 0.0185546875
1 0.98828125 0.359375 0.0234375 0.0263671875
1 0.9755859375 0.3720703125 0.0107421875 0.013671875
1 0.95703125 0.392578125 0.029296875 0.0283203125
1 0.7802734375 0.34375 0.0078125 0.0126953125