0 0.8798828125 0.3681640625 0.09765625 0.11328125
1 0.90625 0.1767578125 0.03125 0.029296875
1 0.8232421875 0.19921875 0.09375 0.095703125
1 0.8681640625 0.2861328125 0.015625 0.015625
1 0.9833984375 0.435546875 0.0078125 0.009765625
1 0.8310546875 0.490234375 0.009765625 0.01171875
1 0.8232421875 0.4580078125 0.017578125 0.01953125
1 0.79296875 0.4794921875 0.009765625 0.015625
1 0.787109375 0.4423828125 0.015625 0.01953125
1 0.7802734375 0.458984375 0.015625 0.015625
1 0.7578125 0.486328125 0.009765625 0.013671875
1 0.6884765625 0.4599609375 0.021484375 0.025390625
1 0.6826171875 0.4833984375 0.005859375 0.013671875
0 0.8818359375 0.6767578125 0.146484375 0.189453125
0 0.6484375 0.6845703125 0.134765625 0.19921875
1 0.638671875 0.4482421875 0.009765625 0.013671875
1 0.5771484375 0.4716796875 0.021484375 0.013671875
1 0.5380859375 0.4814453125 0.013671875 0.009765625
1 0.54296875 0.5068359375 0.021484375 0.017578125
1 0.5234375 0.4609375 0.013671875 0.013671875
1 0.525390625 0.478515625 0.005859375 0.009765625
1 0.5087890625 0.501953125 0.009765625 0.009765625
1 0.4765625 0.505859375 0.013671875 0.013671875
0 0.669921875 0.349609375 0.125 0.146484375
1 0.5908203125 0.3095703125 0.009765625 0.013671875
1 0.75 0.0185546875 0.03515625 0.029296875
1 0.49609375 0.212890625 0.0078125 0.013671875
1 0.5888671875 0.2353515625 0.0078125 0.009765625
1 0.560546875 0.4765625 0.009765625 0.017578125
1 0.427734375 0.595703125 0.1015625 0.0546875
0 0.439453125 0.6865234375 0.099609375 0.1328125
1 0.3330078125 0.4912109375 0.029296875 0.046875
0 0.4267578125 0.3515625 0.09765625 0.119140625
1 0.31640625 0.4521484375 0.01171875 0.01171875
1 0.3115234375 0.34765625 0.009765625 0.013671875
0 0.2060546875 0.3720703125 0.1328125 0.140625
1 0.2568359375 0.275390625 0.009765625 0.009765625
1 0.193359375 0.298828125 0.013671875 0.015625
1 0.138671875 0.2724609375 0.009765625 0.009765625
1 0.1240234375 0.365234375 0.013671875 0.015625
1 0.1259765625 0.4482421875 0.015625 0.01953125
1 0.138671875 0.470703125 0.009765625 0.009765625
0 0.0302734375 0.6171875 0.060546875 0.1640625
0 0.1884765625 0.67578125 0.154296875 0.1796875
0 0.0302734375 0.3447265625 0.056640625 0.078125
1 0.806640625 0.0458984375 0.029296875 0.033203125
1 0.091796875 0.0341796875 0.037109375 0.046875
1 0.982421875 0.2998046875 0.01171875 0.015625