1 0.943359375 0.2568359375 0.0625 0.0654296875
0 0.982421875 0.3095703125 0.0341796875 0.0908203125
1 0.88671875 0.1767578125 0.0859375 0.1533203125
1 0.908203125 0.3330078125 0.009765625 0.0107421875
1 0.8916015625 0.3408203125 0.009765625 0.009765625
1 0.88671875 0.326171875 0.017578125 0.0185546875
1 0.8720703125 0.30859375 0.0126953125 0.0205078125
1 0.869140625 0.337890625 0.017578125 0.0185546875
1 0.8515625 0.333984375 0.005859375 0.0126953125
1 0.7451171875 0.328125 0.009765625 0.015625
1 0.77734375 0.34765625 0.009765625 0.009765625
1 0.755859375 0.404296875 0.0078125 0.009765625
1 0.8515625 0.4140625 0.009765625 0.0107421875
1 0.8583984375 0.4453125 0.017578125 0.0126953125
1 0.681640625 0.30078125 0.037109375 0.0341796875
1 0.673828125 0.3466796875 0.009765625 0.0126953125
1 0.65625 0.3408203125 0.005859375 0.009765625
1 0.6220703125 0.333984375 0.005859375 0.009765625
1 0.52734375 0.333984375 0.0126953125 0.0185546875
0 0.587890625 0.3232421875 0.087890625 0.1298828125
1 0.5419921875 0.2646484375 0.015625 0.0185546875
1 0.6376953125 0.158203125 0.015625 0.015625
1 0.4755859375 0.3876953125 0.0185546875 0.0205078125
1 0.5537109375 0.4091796875 0.005859375 0.015625
1 0.4873046875 0.333984375 0.009765625 0.009765625
1 0.478515625 0.3037109375 0.009765625 0.0126953125
1 0.466796875 0.423828125 0.005859375 0.0107421875
1 0.486328125 0.259765625 0.009765625 0.009765625
0 0.361328125 0.298828125 0.1064453125 0.1123046875
1 0.3017578125 0.318359375 0.005859375 0.0078125
1 0.2978515625 0.294921875 0.009765625 0.009765625
1 0.3232421875 0.4111328125 0.005859375 0.009765625
1 0.3701171875 0.404296875 0.005859375 0.0126953125
1 0.314453125 0.369140625 0.0048828125 0.005859375
1 0.3095703125 0.392578125 0.005859375 0.009765625
1 0.2421875 0.236328125 0.037109375 0.03125
1 0.236328125 0.353515625 0.0517578125 0.078125
0 0.158203125 0.302734375 0.107421875 0.142578125
1 0.142578125 0.267578125 0.009765625 0.009765625
1 0.107421875 0.26171875 0.009765625 0.013671875
1 0.0732421875 0.255859375 0.015625 0.0126953125
1 0.0888671875 0.287109375 0.009765625 0.009765625
1 0.1044921875 0.4140625 0.005859375 0.005859375
1 0.08984375 0.4208984375 0.005859375 0.009765625
1 0.1591796875 0.4169921875 0.013671875 0.0126953125
1 0.25390625 0.453125 0.0810546875 0.1220703125
1 0.1552734375 0.47265625 0.0439453125 0.0673828125
0 0.173828125 0.5751953125 0.1064453125 0.1376953125
0 0.40234375 0.5576171875 0.095703125 0.1123046875
0 0.5947265625 0.5654296875 0.083984375 0.134765625
1 0.75 0.5224609375 0.060546875 0.046875
0 0.76171875 0.583984375 0.0966796875 0.0966796875
1 0.6826171875 0.5546875 0.0078125 0.0107421875
0 0.9638671875 0.5888671875 0.072265625 0.1064453125
1 0.970703125 0.462890625 0.025390625 0.0263671875
1 0.9560546875 0.4404296875 0.015625 0.046875
1 0.609375 0.4267578125 0.009765625 0.005859375
1 0.599609375 0.423828125 0.0048828125 0.005859375
1 0.4189453125 0.123046875 0.314453125 0.24609375
1 0.0283203125 0.20703125 0.0185546875 0.021484375
1 0.013671875 0.5810546875 0.021484375 0.0341796875
0 0.8017578125 0.26953125 0.1015625 0.142578125