0 0.58017758984375 0.79823020703125 0.552812740234375 0.8026021328125 0.5372917265625 0.82967009375 0.5372917265625 0.8573834453125 0.539033865234375 0.883453369140625 0.5447530859375 0.91116898046875 0.567381306640625 0.906277126953125 0.608308015625 0.89526028125 0.63605716015625 0.878757052734375 0.65390504296875 0.850757740234375 0.633823724609375 0.83174641796875 0.610249083984375 0.805647107421875 0.58017758984375 0.79823020703125
0 0.587890625 0.619140625 0.142578125 0.119140625
0 0.2880859375 0.8388671875 0.1923828125 0.134765625
1 0.349609375 0.9091796875 0.009765625 0.0078125
1 0.3134765625 0.7529296875 0.015625 0.005859375
1 0.3701171875 0.5830078125 0.009765625 0.009765625
0 0.228452330078125 0.659049705078125 0.27854033984375 0.690202501953125 0.31368302734375 0.69747020703125 0.360196337890625 0.686123318359375 0.38639323046875 0.666577375 0.38452901953125 0.63941333984375 0.37386218359375 0.61003960546875 0.358000578125 0.57793172265625 0.332156333984375 0.566548666015625 0.288390359375 0.567442716796875 0.24190719140625 0.58012898828125 0.22092616796875 0.61842402734375 0.228452330078125 0.659049705078125
1 0.2998046875 0.5341796875 0.0283203125 0.017578125
1 0.341796875 0.5224609375 0.0126953125 0.009765625
0 0.306640625 0.42578125 0.2216796875 0.1435546875
0 0.294921875 0.1982421875 0.1748046875 0.134765625
1 0.4404296875 0.142578125 0.0654296875 0.0810546875
1 0.435546875 0.0703125 0.015625 0.0126953125
0 0.3232421875 0.044921875 0.1357421875 0.087890625
0 0.5888671875 0.0361328125 0.1171875 0.072265625
0 0.5986328125 0.1943359375 0.203125 0.162109375
1 0.5439453125 0.2939453125 0.005859375 0.0078125
1 0.486328125 0.248046875 0.0126953125 0.015625
0 0.599609375 0.416015625 0.189453125 0.1376953125
1 0.4599609375 0.7041015625 0.013671875 0.0126953125
1 0.490234375 0.658203125 0.009765625 0.009765625
1 0.9228515625 0.201171875 0.0185546875 0.015625