0 0.9169921875 0.6552734375 0.158203125 0.150390625
0 0.7333984375 0.6708984375 0.1484375 0.19140625
0 0.4853515625 0.65234375 0.1484375 0.158203125
0 0.263671875 0.634765625 0.13671875 0.1796875
0 0.0634765625 0.6181640625 0.126953125 0.169921875
1 0.130859375 0.5966796875 0.013671875 0.015625
0 0.0673828125 0.322265625 0.126953125 0.205078125
1 0.0498046875 0.453125 0.013671875 0.013671875
1 0.2978515625 0.4296875 0.056640625 0.060546875
1 0.3359375 0.4423828125 0.009765625 0.015625
1 0.3671875 0.466796875 0.013671875 0.021484375
1 0.33984375 0.4814453125 0.009765625 0.013671875
1 0.3193359375 0.4697265625 0.013671875 0.013671875
1 0.2099609375 0.46875 0.013671875 0.015625
1 0.21484375 0.4443359375 0.013671875 0.013671875
1 0.197265625 0.416015625 0.013671875 0.021484375
1 0.17578125 0.4580078125 0.0078125 0.013671875
1 0.142578125 0.4580078125 0.009765625 0.01171875
1 0.544921875 0.4951171875 0.03125 0.04296875
1 0.5048828125 0.4873046875 0.009765625 0.015625
1 0.5107421875 0.4755859375 0.0078125 0.009765625
1 0.50390625 0.4609375 0.009765625 0.009765625
1 0.4931640625 0.4609375 0.009765625 0.013671875
1 0.4794921875 0.4775390625 0.009765625 0.015625
1 0.3564453125 0.5615234375 0.005859375 0.013671875
1 0.8740234375 0.36328125 0.046875 0.056640625
0 0.9453125 0.400390625 0.109375 0.16796875
0 0.744140625 0.3759765625 0.14453125 0.18359375
0 0.517578125 0.35546875 0.146484375 0.169921875
1 0.396484375 0.33203125 0.029296875 0.033203125
1 0.6240234375 0.4765625 0.009765625 0.013671875
1 0.5947265625 0.486328125 0.015625 0.015625
1 0.5830078125 0.5244140625 0.005859375 0.009765625
1 0.58203125 0.4951171875 0.005859375 0.005859375
1 0.7666015625 0.51953125 0.009765625 0.009765625
1 0.4140625 0.486328125 0.09375 0.150390625
0 0.28125 0.33203125 0.111328125 0.109375
1 0.25398960546875 0.206297296875 0.198372248046875 0.214018716796875 0.17084552734375 0.240488583984375 0.173940615234375 0.304223087890625 0.19109637890625 0.338041458984375 0.222943373046875 0.3204094140625 0.229683310546875 0.28517526171875 0.246387529296875 0.265806208984375 0.274459294921875 0.255666734375 0.284925501953125 0.250625505859375 0.288034025390625 0.24161303125 0.263106865234375 0.213889486328125 0.25398960546875 0.206297296875
1 0.28668365234375 0.2697738125 0.285304658203125 0.29208809765625 0.314959044921875 0.29417859765625 0.327340486328125 0.2877148359375 0.33441488671875 0.252886265625 0.33532836328125 0.2354560703125 0.32461991796875 0.20451779296875 0.3029929140625 0.207713357421875 0.288399916015625 0.237025544921875 0.28668365234375 0.2697738125