1 0.294921875 0.9931640625 0.01953125 0.013671875
1 0.361328125 0.9892578125 0.02734375 0.021484375
1 0.365234375 0.96484375 0.01953125 0.013671875
1 0.3115234375 0.9453125 0.017578125 0.01171875
1 0.337890625 0.90625 0.017578125 0.015625
1 0.4833984375 0.9775390625 0.123046875 0.044921875
0 0.6474609375 0.96484375 0.08984375 0.046875
0 0.6259765625 0.8056640625 0.16015625 0.166015625
1 0.4462890625 0.826171875 0.021484375 0.017578125
1 0.462890625 0.8916015625 0.01171875 0.009765625
1 0.494140625 0.9072265625 0.013671875 0.013671875
1 0.4931640625 0.7646484375 0.029296875 0.01953125
1 0.40625 0.7568359375 0.1484375 0.12109375
1 0.4033203125 0.6904296875 0.015625 0.0078125
1 0.3955078125 0.68359375 0.013671875 0.0078125
1 0.3876953125 0.677734375 0.02734375 0.013671875
1 0.453125 0.68359375 0.01171875 0.009765625
1 0.4541015625 0.70703125 0.013671875 0.015625
1 0.3232421875 0.90625 0.009765625 0.0078125
0 0.3550004453125 0.809647203125 0.321659810546875 0.80614844140625 0.28917578125 0.80735730859375 0.271285232421875 0.809807962890625 0.255036376953125 0.831636419921875 0.252292822265625 0.8528862109375 0.25380323828125 0.864374037109375 0.24127841796875 0.880470640625 0.225654076171875 0.900465876953125 0.24164919140625 0.937457515625 0.242844345703125 0.937489328125 0.26864051953125 0.9297455234375 0.2965601328125 0.920557625 0.32003083203125 0.905665763671875 0.350496494140625 0.893652390625 0.3657296015625 0.881563517578125 0.367202931640625 0.845814021484375 0.361380890625 0.820004685546875 0.3550004453125 0.809647203125
1 0.234375 0.822265625 0.013671875 0.01171875
1 0.283203125 0.802734375 0.01171875 0.01171875
1 0.294921875 0.7958984375 0.015625 0.015625
1 0.298828125 0.775390625 0.02734375 0.021484375
1 0.287109375 0.763671875 0.017578125 0.01171875
1 0.248046875 0.7978515625 0.017578125 0.015625
1 0.2216796875 0.82421875 0.009765625 0.0078125
1 0.2705078125 0.7392578125 0.013671875 0.01171875
1 0.19921875 0.76171875 0.0234375 0.01953125
1 0.1767578125 0.7734375 0.017578125 0.015625
1 0.3359375 0.74609375 0.009765625 0.0078125
1 0.4091796875 0.5888671875 0.013671875 0.009765625
1 0.408203125 0.58203125 0.013671875 0.0078125
1 0.4404296875 0.6064453125 0.009765625 0.0078125
1 0.5703125 0.6328125 0.0078125 0.0078125
0 0.53515625 0.5830078125 0.150390625 0.126953125
1 0.42578125 0.5341796875 0.01171875 0.0078125
1 0.3857421875 0.5810546875 0.009765625 0.005859375
1 0.3916015625 0.5498046875 0.009765625 0.0078125
1 0.4375 0.5791015625 0.009765625 0.0078125
1 0.416015625 0.486328125 0.017578125 0.013671875
1 0.4140625 0.5048828125 0.0078125 0.005859375
1 0.3837890625 0.4697265625 0.01953125 0.015625
1 0.212890625 0.615234375 0.013671875 0.009765625
1 0.23828125 0.5966796875 0.005859375 0.00390625
1 0.255859375 0.6005859375 0.01171875 0.013671875
1 0.236328125 0.587890625 0.013671875 0.0078125
1 0.259765625 0.5771484375 0.013671875 0.01171875
1 0.2490234375 0.5654296875 0.017578125 0.01171875
1 0.1982421875 0.56640625 0.01953125 0.013671875
0 0.179705890625 0.688111224609375 0.228232583984375 0.69445355859375 0.26563298828125 0.704920818359375 0.29748708984375 0.698143357421875 0.3245644921875 0.68620406640625 0.322305478515625 0.67456130859375 0.318640796875 0.654882951171875 0.31898086328125 0.62812555859375 0.315297580078125 0.59251175 0.308645447265625 0.585757037109375 0.282862796875 0.593450255859375 0.260510974609375 0.60423264453125 0.2429583984375 0.60091648828125 0.221305796875 0.6153576953125 0.195157390625 0.623533939453125 0.159919416015625 0.637532693359375 0.165101015625 0.6449040234375 0.196655267578125 0.6471239765625 0.185467265625 0.6602892578125 0.17368472265625 0.686705328125 0.179705890625 0.688111224609375
1 0.21484375 0.54296875 0.01953125 0.013671875
1 0.181640625 0.548828125 0.01953125 0.015625
1 0.2421875 0.5302734375 0.01171875 0.01171875
1 0.2470703125 0.54296875 0.013671875 0.0078125
1 0.181640625 0.525390625 0.01953125 0.015625
1 0.1962890625 0.5234375 0.013671875 0.013671875
1 0.2294921875 0.515625 0.01171875 0.005859375
1 0.2138671875 0.5087890625 0.009765625 0.0078125
1 0.22265625 0.50390625 0.009765625 0.0078125
1 0.2099609375 0.49609375 0.01171875 0.01171875
1 0.2275390625 0.494140625 0.01953125 0.015625
1 0.2490234375 0.482421875 0.02734375 0.017578125
1 0.193359375 0.48046875 0.013671875 0.0078125
1 0.171875 0.48828125 0.013671875 0.009765625
1 0.14453125 0.4736328125 0.0234375 0.017578125
1 0.267578125 0.3955078125 0.021484375 0.021484375
1 0.2314453125 0.3818359375 0.005859375 0.005859375
1 0.1572265625 0.3759765625 0.009765625 0.0078125
0 0.28122045703125 0.430985912109375 0.271024978515625 0.408729796875 0.25748034375 0.393157072265625 0.26977987109375 0.374122248046875 0.26758264453125 0.36745275 0.241100162109375 0.37328305078125 0.226997892578125 0.3812435078125 0.19148416796875 0.383217662109375 0.15081344921875 0.3829242578125 0.13728496875 0.392293169921875 0.145790142578125 0.4153370234375 0.1454421640625 0.4581745625 0.1588805625 0.475245041015625 0.195706572265625 0.4693094140625 0.21855886328125 0.481164341796875 0.23601034375 0.479278505859375 0.274045314453125 0.461169728515625 0.28122045703125 0.430985912109375
1 0.220703125 0.3662109375 0.013671875 0.0078125
1 0.2109375 0.3623046875 0.013671875 0.01171875
1 0.22265625 0.3564453125 0.017578125 0.015625
1 0.302090857421875 0.346989421875 0.29327341015625 0.34097842578125 0.2712743515625 0.339042353515625 0.244775720703125 0.34317841015625 0.220055228515625 0.339688443359375 0.206064478515625 0.3408003203125 0.213211111328125 0.346587158203125 0.230003623046875 0.3531201015625 0.241461533203125 0.364993259765625 0.265164970703125 0.369357310546875 0.266501568359375 0.36958378125 0.293036701171875 0.358486123046875 0.302090857421875 0.346989421875
1 0.2314453125 0.3359375 0.01953125 0.01171875
1 0.2158203125 0.33203125 0.01171875 0.013671875
1 0.2099609375 0.3203125 0.015625 0.015625
1 0.1953125 0.314453125 0.009765625 0.0078125
1 0.33203125 0.279296875 0.0390625 0.037109375
1 0.33203125 0.3447265625 0.021484375 0.015625
1 0.3466796875 0.3720703125 0.009765625 0.0078125
1 0.33203125 0.37890625 0.013671875 0.0078125
1 0.353515625 0.30859375 0.01171875 0.009765625
1 0.359375 0.314453125 0.01171875 0.01171875
1 0.3955078125 0.2919921875 0.009765625 0.0078125
0 0.5185546875 0.3896484375 0.189453125 0.1640625
1 0.517578125 0.3115234375 0.013671875 0.01171875
1 0.6103515625 0.3251953125 0.009765625 0.0078125
1 0.3779296875 0.251953125 0.01171875 0.01171875
1 0.263671875 0.3095703125 0.013671875 0.01171875
1 0.1982421875 0.28125 0.076171875 0.05859375
0 0.264886490234375 0.220067611328125 0.253272546875 0.188256892578125 0.2270486640625 0.1617299921875 0.215989189453125 0.150303203125 0.1980871484375 0.153572751953125 0.172629572265625 0.152609494140625 0.1368949453125 0.15866073046875 0.117224634765625 0.174813703125 0.09522750390625 0.186088283203125 0.09276443359375 0.194920205078125 0.08800323046875 0.213019560546875 0.09237083984375 0.260666568359375 0.092685783203125 0.260168474609375 0.135941041015625 0.2889580078125 0.149797333984375 0.277011673828125 0.193716509765625 0.26306251953125 0.2333150078125 0.254006080078125 0.2651250703125 0.236445244140625 0.264886490234375 0.220067611328125
1 0.1103515625 0.150390625 0.017578125 0.01171875
1 0.1728515625 0.1201171875 0.033203125 0.033203125
1 0.1279296875 0.119140625 0.021484375 0.015625
1 0.12890625 0.0751953125 0.025390625 0.021484375
1 0.166015625 0.080078125 0.056640625 0.064453125
1 0.197265625 0.0732421875 0.01953125 0.021484375
1 0.2099609375 0.1171875 0.01171875 0.01171875
1 0.1884765625 0.1513671875 0.01171875 0.009765625
1 0.27734375 0.037109375 0.029296875 0.015625
1 0.2578125 0.06640625 0.01171875 0.009765625
1 0.2900390625 0.1279296875 0.044921875 0.02734375
1 0.310546875 0.1669921875 0.12890625 0.12109375
1 0.328125 0.0576171875 0.01171875 0.01171875
0 0.474609375 0.0244140625 0.1171875 0.048828125
1 0.423828125 0.2119140625 0.048828125 0.04296875
0 0.438101318359375 0.1203848515625 0.420851482421875 0.155007046875 0.41048616015625 0.183252421875 0.44669544140625 0.19902787109375 0.478135890625 0.220209353515625 0.506082244140625 0.228101197265625 0.54076475 0.21936710546875 0.555179453125 0.192883107421875 0.563896404296875 0.1594551484375 0.57782423828125 0.122642154296875 0.5753076640625 0.10481515625 0.524465560546875 0.09152070703125 0.488175607421875 0.081453080078125 0.461763591796875 0.087011876953125 0.438101318359375 0.1203848515625
1 0.2568359375 0.048828125 0.0078125 0.009765625
1 0.9560546875 0.8408203125 0.087890625 0.080078125
1 0.966796875 0.9189453125 0.037109375 0.01953125
1 0.9345703125 0.7021484375 0.033203125 0.033203125
1 0.943359375 0.669921875 0.068359375 0.072265625
1 0.890625 0.453125 0.06640625 0.05078125
1 0.85546875 0.3046875 0.064453125 0.05859375
1 0.857421875 0.228515625 0.01953125 0.015625
1 0.8330078125 0.21875 0.044921875 0.02734375
1 0.8193359375 0.119140625 0.126953125 0.125
1 0.912109375 0.1474609375 0.083984375 0.125
1 0.873046875 0.0126953125 0.09375 0.025390625
1 0.806640625 0.0205078125 0.013671875 0.01171875
1 0.822265625 0.0048828125 0.015625 0.009765625
1 0.3369140625 0.9794921875 0.013671875 0.021484375
1 0.3828125 0.9462890625 0.013671875 0.009765625