1 0.689453125 0.01171875 0.1171875 0.0234375
1 0.5810546875 0.0244140625 0.123046875 0.048828125
1 0.3837890625 0.078125 0.119140625 0.087890625
1 0.63671875 0.2041015625 0.0703125 0.0546875
1 0.5478515625 0.3310546875 0.017578125 0.017578125
0 0.55773867578125 0.279553412109375 0.58994683203125 0.2340989609375 0.55355684765625 0.21084668359375 0.53435134375 0.20984032421875 0.496191056640625 0.22182621484375 0.48002592578125 0.250064064453125 0.475562845703125 0.30631265234375 0.491465884765625 0.31652034765625 0.531710876953125 0.31316366015625 0.55773867578125 0.279553412109375
0 0.4568171484375 0.104852177734375 0.49804947265625 0.079025521484375 0.558788142578125 0.079586890625 0.541320080078125 0.041787267578125 0.507610705078125 0.030285837890625 0.466717513671875 0.048166900390625 0.45229287109375 0.078271306640625 0.4568171484375 0.104852177734375
1 0.4150390625 0.19140625 0.0703125 0.044921875
1 0.52797068359375 0.211763236328125 0.61202823828125 0.188150109375 0.670546703125 0.142397107421875 0.723730947265625 0.049208400390625 0.68562422265625 0.016267130859375 0.62187857421875 0.020485474609375 0.59591192578125 0.044781876953125 0.551430900390625 0.079904021484375 0.490192115234375 0.085477662109375 0.390516033203125 0.10521783984375 0.375317515625 0.1335469296875 0.417719142578125 0.168836611328125 0.446337296875 0.213385609375 0.460233390625 0.25893747265625 0.52797068359375 0.211763236328125
1 0.384765625 0.2978515625 0.060546875 0.05859375
1 0.40625 0.380859375 0.126953125 0.140625
1 0.4892578125 0.3857421875 0.0234375 0.025390625
1 0.3330078125 0.2490234375 0.029296875 0.025390625
0 0.244140625 0.1201171875 0.146484375 0.150390625
0 0.2744140625 0.3115234375 0.15234375 0.1171875
0 0.2532254765625 0.48803301953125 0.249653208984375 0.52709634375 0.281340505859375 0.553275205078125 0.312378646484375 0.546602158203125 0.3512061171875 0.517521595703125 0.3639891953125 0.475181443359375 0.364360052734375 0.474983572265625 0.355609505859375 0.46649876171875 0.321796546875 0.457107724609375 0.273215814453125 0.466988119140625 0.2532254765625 0.48803301953125
1 0.365234375 0.5380859375 0.087890625 0.060546875
1 0.3115234375 0.5673828125 0.025390625 0.025390625
1 0.4091796875 0.4892578125 0.0390625 0.064453125
1 0.439453125 0.462890625 0.01953125 0.02734375
1 0.433467095703125 0.51911628515625 0.459043236328125 0.518552044921875 0.506136484375 0.49925376171875 0.499642359375 0.4715983671875 0.4923326171875 0.46167374609375 0.4569598828125 0.455438181640625 0.441449703125 0.463625685546875 0.427388576171875 0.47905916015625 0.425669337890625 0.493668763671875 0.433467095703125 0.51911628515625
1 0.5224609375 0.392578125 0.0234375 0.01953125
1 0.529296875 0.412109375 0.021484375 0.013671875
1 0.5419921875 0.38671875 0.01171875 0.01171875
0 0.5686599453125 0.49413698046875 0.596174537109375 0.477429169921875 0.5907218828125 0.42288964453125 0.562414751953125 0.40628944921875 0.53011172265625 0.43070428125 0.505345654296875 0.45187116015625 0.49322058984375 0.4706175859375 0.50926564453125 0.50025765625 0.55143926171875 0.516190140625 0.5686599453125 0.49413698046875
1 0.560546875 0.5322265625 0.044921875 0.037109375
1 0.53515625 0.5517578125 0.0234375 0.013671875
1 0.59375 0.56640625 0.015625 0.015625
1 0.3312649609375 0.58983651171875 0.358448326171875 0.604705384765625 0.3786178515625 0.628824021484375 0.405659794921875 0.644735689453125 0.43145908984375 0.655186912109375 0.490064875 0.638613484375 0.50368998046875 0.594482640625 0.518250263671875 0.535382005859375 0.516381560546875 0.53786659375 0.51776412109375 0.529133640625 0.492142662109375 0.520524134765625 0.42843719140625 0.516051111328125 0.4035024765625 0.552468423828125 0.3426587890625 0.564681626953125 0.296209423828125 0.583614533203125 0.292384619140625 0.598075984375 0.3312649609375 0.58983651171875
0 0.657142484375 0.577553591796875 0.621845564453125 0.558328240234375 0.60782809375 0.58644711328125 0.5924290390625 0.606770328125 0.5828805234375 0.572613736328125 0.560390009765625 0.580858109375 0.53622695703125 0.609570984375 0.51896462109375 0.66011192578125 0.55144154296875 0.675861447265625 0.621611927734375 0.684555353515625 0.6567944375 0.647528638671875 0.673937388671875 0.600287943359375 0.657142484375 0.577553591796875
1 0.599609375 0.5947265625 0.0234375 0.01953125
1 0.560546875 0.6943359375 0.01171875 0.013671875
1 0.4541015625 0.68359375 0.017578125 0.015625
0 0.3466796875 0.7060546875 0.16015625 0.123046875
1 0.2998046875 0.6318359375 0.126953125 0.09375
1 0.47265625 0.78125 0.017578125 0.01171875
1 0.4990234375 0.7958984375 0.013671875 0.009765625
1 0.5576171875 0.71875 0.017578125 0.017578125
0 0.6616602421875 0.769339978515625 0.6098034921875 0.79212253515625 0.5971015546875 0.838582787109375 0.6332588203125 0.8473335390625 0.666226583984375 0.81536166796875 0.6616602421875 0.769339978515625
1 0.5126953125 0.9736328125 0.111328125 0.052734375
1 0.4873046875 0.9521484375 0.037109375 0.02734375
1 0.63770372265625 0.842984646484375 0.5956519921875 0.84053831640625 0.6114466796875 0.799348705078125 0.630042154296875 0.7731207265625 0.603128455078125 0.74978333984375 0.5711866640625 0.7558444609375 0.527274529296875 0.81146355078125 0.47232438671875 0.830400064453125 0.4205994375 0.8164678515625 0.44858319140625 0.777495552734375 0.439590046875 0.75558391015625 0.39418734765625 0.758889892578125 0.361022361328125 0.7718601796875 0.339613748046875 0.786200650390625 0.333207724609375 0.81348766015625 0.37992269921875 0.823287416015625 0.4073626484375 0.82315662109375 0.417706861328125 0.848594544921875 0.433907009765625 0.8610426640625 0.401511990234375 0.89765132421875 0.44041525390625 0.91378269921875 0.4811924375 0.930791703125 0.5100124453125 0.95456553125 0.5340719296875 0.958651033203125 0.581877291015625 0.920053091796875 0.600491056640625 0.975974822265625 0.662626873046875 0.958721240234375 0.71032769140625 0.9296671328125 0.754414162109375 0.86214269140625 0.745512998046875 0.81165176171875 0.801817880859375 0.810911984375 0.835413509765625 0.800245146484375 0.848335158203125 0.761944134765625 0.8424069296875 0.69621723046875 0.81505712890625 0.671239755859375 0.720361404296875 0.66414991015625 0.670451236328125 0.681725537109375 0.66049098828125 0.740154099609375 0.664624966796875 0.774003587890625 0.664855154296875 0.8138523984375 0.63770372265625 0.842984646484375
0 0.326841548828125 0.8129312421875 0.297866400390625 0.877425193359375 0.313646537109375 0.91239671875 0.3450817578125 0.92570001171875 0.362551125 0.925122369140625 0.39403042578125 0.897365033203125 0.42089794140625 0.880320103515625 0.4310865625 0.86367408203125 0.413671107421875 0.844492302734375 0.41103270703125 0.83142364453125 0.378184892578125 0.820801279296875 0.349032201171875 0.81613821484375 0.328520736328125 0.810958833984375 0.326841548828125 0.8129312421875
1 0.3837890625 0.91015625 0.021484375 0.017578125
1 0.2900390625 0.22265625 0.013671875 0.013671875
1 0.322265625 0.1953125 0.01171875 0.009765625
1 0.3798828125 0.236328125 0.013671875 0.015625
1 0.396484375 0.2265625 0.013671875 0.01171875
1 0.3564453125 0.11328125 0.021484375 0.01953125