0 0.0751953125 0.765625 0.107421875 0.150390625
1 0.0537109375 0.6552734375 0.0625 0.056640625
1 0.0419921875 0.603515625 0.02734375 0.03125
1 0.0634765625 0.6142578125 0.021484375 0.02734375
1 0.013671875 0.5498046875 0.02734375 0.048828125
1 0.1015625 0.59765625 0.076171875 0.068359375
1 0.220703125 0.611328125 0.015625 0.01953125
1 0.217284884765625 0.530793083984375 0.182912 0.52516243359375 0.181898189453125 0.524441837890625 0.190381509765625 0.574920291015625 0.206633046875 0.587801296875 0.26401562890625 0.58791010546875 0.268976197265625 0.572790724609375 0.2388017890625 0.552564609375 0.217284884765625 0.530793083984375
1 0.18863380078125 0.566208669921875 0.153575236328125 0.5358721875 0.153503806640625 0.526704869140625 0.130404642578125 0.562459099609375 0.1341779609375 0.5936036796875 0.169009732421875 0.6281135625 0.2114540078125 0.639699443359375 0.214647349609375 0.62442223046875 0.18863380078125 0.566208669921875
0 0 0.49970516796875 0.008087142578125 0.51010259375 0.047863478515625 0.54084196875 0.078942162109375 0.483827908203125 0.063316875 0.467376919921875 0.032448224609375 0.457014275390625 0 0.43221080078125 0 0.49970516796875
1 0.088176919921875 0.441247173828125 0.045644693359375 0.39957388671875 0.043844630859375 0.399583203125 0.0286324375 0.4114583125 0.034862615234375 0.453316701171875 0.067911068359375 0.467727306640625 0.088176919921875 0.441247173828125
1 0.1319245703125 0.437649080078125 0.098261248046875 0.446266345703125 0.096578265625 0.449794291015625 0.084506095703125 0.4681850078125 0.06799744921875 0.499709818359375 0.05938946875 0.542392326171875 0.0764373515625 0.569793439453125 0.117457708984375 0.55977655859375 0.1498280625 0.540427513671875 0.203478767578125 0.52368872265625 0.19665834375 0.4641024375 0.16661284765625 0.44510641796875 0.1319245703125 0.437649080078125
1 0.130859375 0.3857421875 0.125 0.12109375
1 0.232421875 0.517578125 0.05078125 0.05859375
1 0.3203125 0.5791015625 0.060546875 0.044921875
1 0.2119140625 0.787109375 0.02734375 0.03515625
0 0.246107072265625 0.784896177734375 0.274498384765625 0.804209833984375 0.30964887109375 0.785466888671875 0.31397492578125 0.753032833984375 0.30207481640625 0.689237537109375 0.25900483984375 0.697909634765625 0.241194384765625 0.65793817578125 0.208842935546875 0.68712906640625 0.196362603515625 0.722906953125 0.200671703125 0.760905990234375 0.246107072265625 0.784896177734375
1 0.358334126953125 0.739088607421875 0.3638815234375 0.711736419921875 0.3497322421875 0.658453626953125 0.32791346875 0.607608328125 0.299782330078125 0.6005466796875 0.24831324609375 0.6597606953125 0.2541216953125 0.693308615234375 0.268001525390625 0.697568498046875 0.30783431640625 0.69558075 0.358334126953125 0.739088607421875
1 0.4504791171875 0.8023650703125 0.46862884765625 0.767617662109375 0.458680703125 0.731124853515625 0.42981212109375 0.726017427734375 0.418972755859375 0.701938822265625 0.40978587109375 0.66217005859375 0.42723901171875 0.64149616796875 0.41637854296875 0.62346755859375 0.382532154296875 0.62336502734375 0.363045333984375 0.66407587109375 0.3591680078125 0.7450214765625 0.387640392578125 0.77789496484375 0.4504791171875 0.8023650703125
0 0.512443765625 0.62098714453125 0.472371021484375 0.615907068359375 0.436838818359375 0.638393048828125 0.410055703125 0.669211611328125 0.422889962890625 0.703951427734375 0.442730341796875 0.732949693359375 0.4765250625 0.75144545703125 0.52869103125 0.7428382265625 0.530764955078125 0.683306865234375 0.512443765625 0.62098714453125
1 0.515625 0.58203125 0.072265625 0.076171875
1 0.5927734375 0.599609375 0.0390625 0.05078125
1 0.5869140625 0.650390625 0.013671875 0.015625
1 0.600888017578125 0.484351943359375 0.5358241953125 0.461125060546875 0.528220439453125 0.48297558984375 0.52748455859375 0.5228885859375 0.53828776953125 0.5499267890625 0.56229057421875 0.578112037109375 0.595604541015625 0.57882828515625 0.61658654296875 0.540373642578125 0.600888017578125 0.484351943359375
1 0.418601400390625 0.513497994140625 0.365589798828125 0.51783618359375 0.37716879296875 0.58742158203125 0.3934096015625 0.6167715859375 0.43695869921875 0.634069662109375 0.467396341796875 0.6134482421875 0.492285353515625 0.538796880859375 0.481537708984375 0.5273154609375 0.418601400390625 0.513497994140625
0 0.481990337890625 0.46477639453125 0.481872291015625 0.425179955078125 0.4785961796875 0.360509703125 0.46456428125 0.356527044921875 0.409574447265625 0.3649481484375 0.409379056640625 0.37004271484375 0.38428630078125 0.426064974609375 0.41780314453125 0.4639205234375 0.442632380859375 0.5110471171875 0.462646474609375 0.4970484375 0.481990337890625 0.46477639453125
1 0.4541015625 0.3017578125 0.080078125 0.09765625
1 0.4293575859375 0.3396431875 0.38271301953125 0.32625125 0.37757032421875 0.29149019140625 0.3889476640625 0.198151849609375 0.376250638671875 0.16014155859375 0.343022904296875 0.121863544921875 0.31045455859375 0.11837996484375 0.284481462890625 0.12054178125 0.27823370703125 0.18983459765625 0.21125704296875 0.2153675859375 0.199726802734375 0.33060988671875 0.192651263671875 0.34711687890625 0.188535478515625 0.400671076171875 0.19649787890625 0.46675974609375 0.213788111328125 0.4727734375 0.22989301171875 0.461607767578125 0.258052669921875 0.472145123046875 0.273718728515625 0.533551873046875 0.320446595703125 0.53559187890625 0.36638348828125 0.572443017578125 0.3902845078125 0.563761138671875 0.366444083984375 0.51804190234375 0.385861931640625 0.51422783203125 0.41958276953125 0.499517923828125 0.42090583203125 0.480890494140625 0.41272253125 0.449464875 0.389174064453125 0.417486078125 0.408490953125 0.397183748046875 0.436049720703125 0.361976896484375 0.4293575859375 0.3396431875
1 0.486328125 0.3837890625 0.013671875 0.01953125
1 0.49609375 0.3857421875 0.01171875 0.015625
1 0.4951171875 0.416015625 0.01171875 0.01953125
1 0.4970703125 0.4619140625 0.009765625 0.009765625
1 0.541015625 0.3828125 0.013671875 0.025390625
1 0.57421875 0.3525390625 0.015625 0.021484375
1 0.5693359375 0.3740234375 0.013671875 0.017578125
1 0.5673828125 0.390625 0.01171875 0.017578125
1 0.5625 0.4150390625 0.01171875 0.013671875
1 0.5732421875 0.41015625 0.013671875 0.02734375
1 0.599609375 0.3994140625 0.01171875 0.017578125
1 0.62890625 0.3447265625 0.01171875 0.009765625
1 0.634765625 0.3291015625 0.013671875 0.021484375
1 0.6494140625 0.314453125 0.017578125 0.021484375
1 0.67578125 0.5322265625 0.05078125 0.041015625
1 0.708984375 0.5615234375 0.060546875 0.05078125
0 0.66796875 0.6513671875 0.115234375 0.130859375
1 0.7451171875 0.6328125 0.05859375 0.095703125
1 0.71484375 0.486328125 0.021484375 0.0234375
1 0.7646484375 0.525390625 0.06640625 0.068359375
1 0.6552734375 0.5078125 0.01171875 0.013671875
0 0.585552005859375 0.37879418359375 0.606440259765625 0.396230115234375 0.587035158203125 0.427685423828125 0.631150724609375 0.46401229296875 0.687569669921875 0.44158204296875 0.688291384765625 0.39602076171875 0.668290982421875 0.363503931640625 0.6657133125 0.32660069140625 0.632231076171875 0.346804658203125 0.610112439453125 0.345761896484375 0.585552005859375 0.37879418359375
1 0.693359375 0.3759765625 0.029296875 0.03515625
1 0.669921875 0.3603515625 0.01171875 0.017578125
1 0.68359375 0.345703125 0.013671875 0.01953125
1 0.6845703125 0.3056640625 0.021484375 0.029296875
1 0.6982421875 0.3271484375 0.01171875 0.013671875
1 0.68359375 0.2783203125 0.017578125 0.025390625
1 0.7373046875 0.3486328125 0.05859375 0.03515625
1 0.7412109375 0.40625 0.07421875 0.103515625
1 0.7763671875 0.396484375 0.03125 0.0859375
1 0.7939453125 0.2353515625 0.037109375 0.037109375
0 0.810743365234375 0.410731490234375 0.851029802734375 0.423281634765625 0.875493466796875 0.418344787109375 0.88654304296875 0.363706701171875 0.864885630859375 0.303332328125 0.82636666015625 0.297683232421875 0.7987788125 0.295109951171875 0.77672107421875 0.33185208984375 0.790830548828125 0.369600455078125 0.810743365234375 0.410731490234375
1 0.8623046875 0.4541015625 0.033203125 0.04296875
1 0.815904876953125 0.49385212890625 0.831206029296875 0.526191109375 0.874242109375 0.54637025 0.884615908203125 0.533862390625 0.88130765625 0.496160396484375 0.8462210078125 0.466358353515625 0.83860631640625 0.46874400390625 0.815904876953125 0.49385212890625
1 0.9345703125 0.51171875 0.046875 0.060546875
1 0.95703125 0.482421875 0.01171875 0.017578125
1 0.8193359375 0.685546875 0.029296875 0.03125
0 0.879535462890625 0.709954640625 0.92937842578125 0.71250929296875 0.944118880859375 0.66335090234375 0.94246114453125 0.615168265625 0.9130908203125 0.554514083984375 0.878638412109375 0.558697455078125 0.8481560625 0.57033741796875 0.813430259765625 0.592316548828125 0.812811716796875 0.649826359375 0.829031951171875 0.67519298046875 0.879535462890625 0.709954640625
1 0.9208984375 0.3623046875 0.029296875 0.029296875
1 0.9892578125 0.4453125 0.021484375 0.05859375
1 0.89453125 0.3076171875 0.021484375 0.029296875
1 0.923828125 0.296875 0.021484375 0.029296875
1 0.9423828125 0.3017578125 0.015625 0.01953125
1 0.9677734375 0.30078125 0.02734375 0.029296875
1 0.9560546875 0.3154296875 0.01171875 0.015625
1 0.9404296875 0.337890625 0.033203125 0.03125
1 0.7587890625 0.310546875 0.009765625 0.013671875