0 0.69140625 0.884765625 0.140625 0.119140625
1 0.7197265625 0.951171875 0.009765625 0.009765625
1 0.6533203125 0.818359375 0.01953125 0.0078125
1 0.689453125 0.7763671875 0.015625 0.013671875
1 0.6376953125 0.798828125 0.009765625 0.005859375
0 0.7041015625 0.6953125 0.134765625 0.095703125
1 0.7314453125 0.6435546875 0.013671875 0.005859375
1 0.6513671875 0.630859375 0.009765625 0.005859375
1 0.556640625 0.9443359375 0.037109375 0.060546875
1 0.5810546875 0.9716796875 0.013671875 0.009765625
1 0.5341796875 0.9921875 0.033203125 0.015625
1 0.48828125 0.8896484375 0.0625 0.04296875
0 0.4519981015625 0.958161455078125 0.50865946875 0.920161091796875 0.507590341796875 0.92009373046875 0.485722685546875 0.907124162109375 0.462331232421875 0.89725431640625 0.462645603515625 0.8643082109375 0.452652341796875 0.8347155703125 0.4312896484375 0.84296733203125 0.397369220703125 0.8748741640625 0.364973462890625 0.90306470703125 0.3496163671875 0.936128966796875 0.376790265625 0.96099069921875 0.42307051953125 0.9649544375 0.4519981015625 0.958161455078125
1 0.4111328125 0.9892578125 0.01171875 0.013671875
1 0.38671875 0.994140625 0.013671875 0.009765625
1 0.3974609375 0.794921875 0.142578125 0.087890625
1 0.478515625 0.72265625 0.03515625 0.044921875
1 0.4990234375 0.767578125 0.083984375 0.05859375
0 0.4072265625 0.6962890625 0.123046875 0.111328125
1 0.330078125 0.671875 0.03515625 0.02734375
1 0.353515625 0.6552734375 0.009765625 0.0078125
1 0.5146484375 0.63671875 0.01171875 0.015625
1 0.64453125 0.419921875 0.060546875 0.03125
1 0.658203125 0.3984375 0.01953125 0.009765625
0 0.677234298828125 0.406527130859375 0.6616329453125 0.43698899609375 0.620767064453125 0.458723107421875 0.640813244140625 0.49617488671875 0.717033548828125 0.52189473828125 0.75726690625 0.497987984375 0.773736884765625 0.469057169921875 0.744107787109375 0.403893279296875 0.69268384375 0.38706617578125 0.677234298828125 0.406527130859375
1 0.54296875 0.482421875 0.021484375 0.009765625
1 0.54296875 0.439453125 0.021484375 0.01953125
1 0.505859375 0.498046875 0.013671875 0.013671875
1 0.568359375 0.345703125 0.04296875 0.064453125
1 0.4228515625 0.5361328125 0.009765625 0.009765625
0 0.412109375 0.4931640625 0.13671875 0.08203125
1 0.4521484375 0.423828125 0.033203125 0.02734375
1 0.3349609375 0.5244140625 0.015625 0.013671875
1 0.330078125 0.501953125 0.025390625 0.009765625
1 0.306640625 0.498046875 0.021484375 0.013671875
1 0.4130859375 0.6015625 0.005859375 0.005859375
1 0.361328125 0.40625 0.013671875 0.005859375
1 0.3642578125 0.3974609375 0.013671875 0.0078125
1 0.345703125 0.3974609375 0.013671875 0.013671875
1 0.330078125 0.3779296875 0.021484375 0.015625
1 0.3583984375 0.3720703125 0.029296875 0.017578125
1 0.3984375 0.35546875 0.013671875 0.01171875
1 0.31640625 0.283203125 0.029296875 0.02734375
1 0.3671875 0.236328125 0.025390625 0.013671875
1 0.396484375 0.220703125 0.015625 0.013671875
1 0.3828125 0.271484375 0.013671875 0.009765625
0 0.35850822265625 0.3581540703125 0.359611724609375 0.3579720625 0.421151392578125 0.337967947265625 0.455003751953125 0.2818051640625 0.4462976640625 0.264840896484375 0.376900046875 0.2789915 0.359149201171875 0.256092373046875 0.328509115234375 0.293695900390625 0.34013650390625 0.33005994921875 0.35850822265625 0.3581540703125
1 0.3671875 0.189453125 0.025390625 0.009765625
1 0.513671875 0.19140625 0.13671875 0.1171875
1 0.5537109375 0.11328125 0.05859375 0.044921875
1 0.5234375 0.1025390625 0.013671875 0.01171875
1 0.5263671875 0.0615234375 0.029296875 0.03125
1 0.6337890625 0.2080078125 0.015625 0.013671875
1 0.58984375 0.1611328125 0.01953125 0.0078125
1 0.623046875 0.1552734375 0.009765625 0.009765625
0 0.685546875 0.0654296875 0.14453125 0.130859375
1 0.654296875 0.173828125 0.009765625 0.0078125
0 0.698933341796875 0.315571 0.734930484375 0.30676166015625 0.758931841796875 0.26184671875 0.754950474609375 0.240763591796875 0.710499734375 0.196163236328125 0.685772783203125 0.195081453125 0.65623134765625 0.20971184375 0.6227917265625 0.239545458984375 0.61544148828125 0.268316787109375 0.62690830078125 0.29080459765625 0.659968525390625 0.32285020703125 0.698933341796875 0.315571
1 0.5048828125 0.3583984375 0.009765625 0.005859375
1 0.173828125 0.4990234375 0.177734375 0.16796875
1 0.068359375 0.890625 0.1171875 0.21875
0 0.369098884765625 0.145266640625 0.41485664453125 0.128907328125 0.4327762265625 0.116096498046875 0.435818875 0.09172981640625 0.432275904296875 0.053448072265625 0.418570369140625 0.03000893359375 0.41313578125 0.023663970703125 0.387608462890625 0.033838404296875 0.365901501953125 0.046753220703125 0.328265748046875 0.0561641015625 0.313067138671875 0.06981296484375 0.329517978515625 0.080320861328125 0.342560544921875 0.114700400390625 0.369098884765625 0.145266640625
1 0.3203125 0.083984375 0.01953125 0.015625
1 0.325329298828125 0.042160060546875 0.34450058984375 0.044509142578125 0.37292525 0.04398023046875 0.39647684375 0.025376685546875 0.4000022578125 0.00874594140625 0.381984921875 0.003816404296875 0.348558509765625 0.009488333984375 0.326880564453125 0.03925471484375 0.325329298828125 0.042160060546875
1 0.32421875 0.013671875 0.01953125 0.015625