0 0.67578125 0.9296875 0.1845703125 0.140625
0 0.669921875 0.7138671875 0.197265625 0.1591796875
0 0.3974609375 0.935546875 0.1220703125 0.1279296875
1 0.330078125 0.9072265625 0.0185546875 0.013671875
1 0.333984375 0.859375 0.0283203125 0.025390625
1 0.4169921875 0.765625 0.0107421875 0.0126953125
1 0.435546875 0.7109375 0.0126953125 0.0126953125
0 0.373046875 0.6943359375 0.109375 0.0908203125
1 0.46875 0.7509765625 0.0283203125 0.0283203125
1 0.47342249609375 0.67443395703125 0.462684328125 0.675917888671875 0.473726583984375 0.698071388671875 0.4892604921875 0.7121230390625 0.493916912109375 0.73722330859375 0.50342935546875 0.75591563671875 0.503608861328125 0.756619927734375 0.52208853125 0.75066611328125 0.54165862890625 0.727297935546875 0.545208546875 0.70280148828125 0.54091649609375 0.68051134765625 0.510218408203125 0.678444693359375 0.47342249609375 0.67443395703125
1 0.478515625 0.66796875 0.0126953125 0.0126953125
1 0.462890625 0.6142578125 0.015625 0.0107421875
1 0.4453125 0.6416015625 0.1064453125 0.041015625
1 0.5380859375 0.5458984375 0.083984375 0.0986328125
1 0.41202766015625 0.4782061796875 0.39679783984375 0.490297669921875 0.38633026953125 0.51162230078125 0.35669715625 0.523225509765625 0.33305737890625 0.534507216796875 0.32986780859375 0.547355244140625 0.3293735 0.548189138671875 0.36718080078125 0.55756293359375 0.415923193359375 0.57096555078125 0.46470711328125 0.58612035546875 0.468578533203125 0.57870269921875 0.47244593359375 0.52851321484375 0.47087325390625 0.50769294140625 0.45138219140625 0.48741419921875 0.41202766015625 0.4782061796875
0 0.34608491015625 0.52927778515625 0.380805791015625 0.520400310546875 0.3908942578125 0.499605154296875 0.406464333984375 0.4650225859375 0.39173150390625 0.446870779296875 0.35359733984375 0.423157994140625 0.3129353671875 0.421049142578125 0.285357189453125 0.43510480859375 0.266939138671875 0.46487288671875 0.283378611328125 0.51079644140625 0.2932406875 0.52490837109375 0.34608491015625 0.52927778515625
1 0.40625 0.4375 0.0107421875 0.0126953125
1 0.4785129453125 0.36233884765625 0.492428626953125 0.34829423046875 0.492096408203125 0.33689798828125 0.4449628671875 0.328362107421875 0.406576861328125 0.3280596953125 0.3723194765625 0.35514523828125 0.37631280078125 0.382451814453125 0.41091981640625 0.410392353515625 0.42837871875 0.4093987109375 0.43120659765625 0.3848007890625 0.4785129453125 0.36233884765625
1 0.429008326171875 0.38693275 0.444058642578125 0.41552131640625 0.48021288671875 0.44464940234375 0.522621689453125 0.475258408203125 0.54648116015625 0.474791224609375 0.5627036171875 0.439370740234375 0.573731138671875 0.403806583984375 0.549627861328125 0.384053296875 0.5293598359375 0.36611649609375 0.527645158203125 0.33600380859375 0.521389263671875 0.313085736328125 0.50026523828125 0.32484668359375 0.4876596796875 0.35599721875 0.444516783203125 0.37584695703125 0.429008326171875 0.38693275
1 0.53515625 0.3583984375 0.0126953125 0.009765625
1 0.61328125 0.5556640625 0.0126953125 0.005859375
0 0.67850598046875 0.55055820703125 0.715931498046875 0.5448666171875 0.730476787109375 0.51389692578125 0.71608555078125 0.49085426953125 0.68295074609375 0.46440168359375 0.662074544921875 0.46392144140625 0.653643154296875 0.475145880859375 0.63998199609375 0.497001994140625 0.63213198828125 0.531007869140625 0.633385845703125 0.5420273515625 0.67850598046875 0.55055820703125
1 0.619898833984375 0.348411779296875 0.59204201953125 0.377982935546875 0.566501361328125 0.421094353515625 0.561059939453125 0.445987654296875 0.5816789375 0.474397384765625 0.61615065625 0.493287638671875 0.6451729140625 0.48573535546875 0.663057806640625 0.46817230078125 0.700144408203125 0.47155510546875 0.7432270234375 0.4755507734375 0.746727376953125 0.47289938671875 0.72478887890625 0.43018683203125 0.698465900390625 0.40264214453125 0.67349724609375 0.38211122265625 0.663576228515625 0.36862823046875 0.65229686328125 0.364512 0.635042919921875 0.368012353515625 0.63574620703125 0.34601658984375 0.619898833984375 0.348411779296875
0 0.685976884765625 0.390133705078125 0.722226240234375 0.37091089453125 0.74679435546875 0.346716861328125 0.75579775390625 0.308750482421875 0.70546928515625 0.27741809765625 0.6369880078125 0.2755594140625 0.60538971484375 0.29780735546875 0.605806326171875 0.328182267578125 0.592964998046875 0.35974874609375 0.62026722265625 0.347464353515625 0.6494314765625 0.364190498046875 0.685976884765625 0.390133705078125
1 0.533203125 0.224609375 0.0185546875 0.0126953125
1 0.478515625 0.1669921875 0.009765625 0.005859375
1 0.4833984375 0.22265625 0.009765625 0.009765625
0 0.69921875 0.076171875 0.1533203125 0.1435546875
0 0.384765625 0.05859375 0.083984375 0.115234375
0 0.3662109375 0.2734375 0.1533203125 0.1171875