1 0.919921875 0.5673828125 0.09375 0.1015625
1 0.8115234375 0.728515625 0.0751953125 0.052734375
0 0.6142578125 0.107421875 0.15625 0.1298828125
1 0.6640625 0.013671875 0.16015625 0.02734375
1 0.48046875 0.0830078125 0.0341796875 0.0341796875
1 0.439453125 0.1376953125 0.046875 0.033203125
1 0.4814453125 0.1318359375 0.013671875 0.0107421875
1 0.5732421875 0.240234375 0.0234375 0.0107421875
1 0.599609375 0.185546875 0.015625 0.013671875
1 0.572265625 0.208984375 0.0126953125 0.009765625
0 0.349609375 0.072265625 0.13671875 0.14453125
0 0.3115234375 0.328125 0.1845703125 0.158203125
1 0.2939453125 0.4404296875 0.0126953125 0.005859375
1 0.412109375 0.4658203125 0.046875 0.046875
1 0.42181337890625 0.445096490234375 0.4416152265625 0.45995491015625 0.466993794921875 0.473241986328125 0.47821957421875 0.4663738984375 0.47886659765625 0.448220083984375 0.45886515234375 0.40667699609375 0.44116110546875 0.39200846484375 0.40260630859375 0.4063786015625 0.401355130859375 0.423530736328125 0.40097602734375 0.4397876875 0.42181337890625 0.445096490234375
1 0.4931640625 0.3193359375 0.0283203125 0.017578125
1 0.515625 0.4072265625 0.03125 0.015625
1 0.501953125 0.4208984375 0.009765625 0.009765625
1 0.490415220703125 0.4491634921875 0.503247169921875 0.44895049609375 0.5293799296875 0.463542671875 0.55674243359375 0.467032978515625 0.567393529296875 0.46145491796875 0.5628148046875 0.44337544921875 0.541820720703125 0.41597945703125 0.528687361328125 0.4123183515625 0.509525837890625 0.423198181640625 0.48182441796875 0.435185185546875 0.48404680078125 0.44339353515625 0.490415220703125 0.4491634921875
1 0.50284529296875 0.44849034765625 0.49031876953125 0.45150744140625 0.48634955859375 0.45910393359375 0.48901266796875 0.489149306640625 0.507219060546875 0.49982719140625 0.539655939453125 0.502065650390625 0.550812060546875 0.49138475 0.571673525390625 0.46784979296875 0.57337212890625 0.46785983984375 0.52653463671875 0.46216423046875 0.50284529296875 0.44849034765625
1 0.6552734375 0.2578125 0.025390625 0.0234375
1 0.685546875 0.25 0.0126953125 0.009765625
0 0.70289191015625 0.277494455078125 0.6476297265625 0.26551046484375 0.614285943359375 0.24581042578125 0.566082068359375 0.25284026953125 0.54872095703125 0.269433794921875 0.515655810546875 0.318297083984375 0.51921510546875 0.33408584765625 0.53415959375 0.37419825390625 0.58103057421875 0.384380826171875 0.60854847265625 0.380735798828125 0.64922919921875 0.36304313671875 0.69101508984375 0.358539095703125 0.70289191015625 0.277494455078125
0 0.337890625 0.525390625 0.142578125 0.0888671875
1 0.3623046875 0.580078125 0.0126953125 0.005859375
1 0.296875 0.6669921875 0.0185546875 0.0126953125
1 0.294921875 0.6787109375 0.017578125 0.0126953125
1 0.3349609375 0.693359375 0.015625 0.0126953125
1 0.345703125 0.791015625 0.015625 0.0107421875
1 0.4130859375 0.7119140625 0.041015625 0.03125
0 0.386813861328125 0.754742154296875 0.37704019921875 0.739066919921875 0.34746602734375 0.708044986328125 0.28964254296875 0.689680185546875 0.264072412109375 0.70860560546875 0.251217689453125 0.770156169921875 0.26863640234375 0.80141420703125 0.31856165234375 0.819632322265625 0.340439869140625 0.806842568359375 0.343231578125 0.78895600390625 0.36216269140625 0.7829640078125 0.38580246875 0.75462962890625 0.386813861328125 0.754742154296875
0 0.345703125 0.951171875 0.138671875 0.0966796875
1 0.498046875 0.845703125 0.0390625 0.037109375
1 0.509765625 0.896484375 0.025390625 0.03125
1 0.489741404296875 0.88842873828125 0.466802232421875 0.889616287109375 0.4516929765625 0.912086267578125 0.46498038671875 0.941806119140625 0.50408575390625 0.941677517578125 0.517702763671875 0.922200125 0.49854654296875 0.91137594921875 0.489741404296875 0.88842873828125
1 0.520286779296875 0.986888744140625 0.5339506171875 0.948045267578125 0.487782921875 0.938205796875 0.464503494140625 0.94925491796875 0.46848208203125 0.9731244375 0.492803712890625 0.996928650390625 0.513454861328125 1 0.520286779296875 0.986888744140625
1 0.42629297265625 0.97986894921875 0.470545052734375 1 0.52096729296875 0.99901741015625 0.566186556640625 0.960390947265625 0.53608860546875 0.95237650390625 0.499134623046875 0.960028251953125 0.4621458125 0.957388919921875 0.429999625 0.945909287109375 0.42629297265625 0.97986894921875
0 0.54385555859375 0.91571723046875 0.54618376953125 0.94792169140625 0.5877419296875 0.988291296875 0.651281453125 1 0.702674896484375 0.962962962890625 0.704155146484375 0.91820686328125 0.6562098125 0.8692461171875 0.59979155859375 0.86898690625 0.571729787109375 0.87867617578125 0.54385555859375 0.91571723046875
1 0.7265625 0.830078125 0.009765625 0.005859375
1 0.673828125 0.6982421875 0.0126953125 0.0126953125
0 0.586797517578125 0.793261115234375 0.62903887109375 0.790219908203125 0.67087700390625 0.77904670703125 0.690337255859375 0.759762611328125 0.69313361328125 0.724250150390625 0.616054205078125 0.687099126953125 0.57670905078125 0.6871604140625 0.536711515625 0.72105979296875 0.5353049453125 0.74676187109375 0.56762795703125 0.788077900390625 0.586797517578125 0.793261115234375
1 0.436783509765625 0.57399527734375 0.415106232421875 0.60841910546875 0.4445426171875 0.631276609375 0.5095365546875 0.65394939453125 0.5639984296875 0.667984251953125 0.615918140625 0.687102140625 0.64596423046875 0.67452825390625 0.66194403125 0.648890904296875 0.67311680078125 0.6309795078125 0.684367076171875 0.589870876953125 0.70806637109375 0.556043837890625 0.71208112890625 0.540013228515625 0.7123084765625 0.53766353515625 0.67081059765625 0.528880931640625 0.64958112890625 0.506363158203125 0.622754078125 0.49870566796875 0.59547922265625 0.5214507890625 0.565099 0.51528914453125 0.54000289453125 0.506151310546875 0.50802434765625 0.499534970703125 0.471981095703125 0.485378689453125 0.46696738671875 0.510508380859375 0.49885292578125 0.53905475 0.481726052734375 0.558020212890625 0.436783509765625 0.57399527734375
1 0.728515625 0.38671875 0.015625 0.0126953125
1 0.728515625 0.4072265625 0.009765625 0.0078125
1 0.060546875 0.9150390625 0.12109375 0.169921875
1 0.4873046875 0.392578125 0.009765625 0.005859375
1 0.4921875 0.7431640625 0.015625 0.0078125
1 0.509765625 0.798828125 0.009765625 0.0078125
1 0.4970703125 0.6767578125 0.0078125 0.005859375
1 0.466796875 0.8359375 0.009765625 0.013671875
1 0.5029296875 0.875 0.0185546875 0.0078125