0 0.0693359375 0.48046875 0.138671875 0.171875
1 0.0107421875 0.400390625 0.017578125 0.021484375
1 0.140625 0.4560546875 0.013671875 0.015625
0 0.1494140625 0.7646484375 0.1875 0.216796875
0 0.2861328125 0.4306640625 0.1171875 0.142578125
1 0.3310546875 0.4169921875 0.0078125 0.013671875
1 0.20703125 0.625 0.015625 0.017578125
0 0.3583984375 0.6982421875 0.166015625 0.1953125
1 0.4111328125 0.5576171875 0.017578125 0.017578125
1 0.4423828125 0.560546875 0.01171875 0.013671875
1 0.462890625 0.7021484375 0.01171875 0.015625
0 0.5751953125 0.6630859375 0.158203125 0.177734375
1 0.6181640625 0.5458984375 0.02734375 0.0390625
1 0.548828125 0.54296875 0.015625 0.015625
0 0.77734375 0.6015625 0.15625 0.177734375
0 0.951171875 0.544921875 0.09765625 0.18359375
0 0.4931640625 0.3916015625 0.140625 0.1796875
1 0.431640625 0.38671875 0.013671875 0.015625
0 0.681640625 0.2998046875 0.1171875 0.123046875
0 0.9072265625 0.2724609375 0.1328125 0.169921875