0 0.133851734375 0.32871383203125 0.104023822265625 0.342831287109375 0.07138976953125 0.379899826171875 0.05869315625 0.422133013671875 0.062389935546875 0.453467900390625 0.089274939453125 0.49376909375 0.120537615234375 0.505894173828125 0.16708175 0.494878349609375 0.191970927734375 0.479478978515625 0.1893407734375 0.446096236328125 0.1825538515625 0.418865130859375 0.163464599609375 0.404876255859375 0.14329708984375 0.377797685546875 0.133851734375 0.32871383203125
1 0.1787109375 0.5107421875 0.01953125 0.0234375
1 0.110041412109375 0.629483712890625 0.124522060546875 0.627561779296875 0.147968083984375 0.617622791015625 0.155237123046875 0.59243412890625 0.15884490625 0.554200216796875 0.150683173828125 0.541017720703125 0.13829615234375 0.550931640625 0.1207538046875 0.5758663515625 0.09745294140625 0.597087185546875 0.0980835234375 0.60744611328125 0.110041412109375 0.629483712890625
0 0.13678835546875 0.627822904296875 0.112731650390625 0.629679494140625 0.092667236328125 0.60495943359375 0.06338094140625 0.624100400390625 0.0475338203125 0.667879970703125 0.05970376171875 0.72551480859375 0.099849259765625 0.767831220703125 0.12873716015625 0.765884771484375 0.16146294140625 0.745621439453125 0.198067701171875 0.728532970703125 0.2120995078125 0.700782978515625 0.202516958984375 0.6476280859375 0.17826546484375 0.604176791015625 0.15946406640625 0.608755013671875 0.13678835546875 0.627822904296875
1 0.365130595703125 0.53999808984375 0.35315070703125 0.5219108203125 0.32681415625 0.512440865234375 0.32839171484375 0.53376641796875 0.33800066015625 0.55924993359375 0.3300961796875 0.565620529296875 0.331951171875 0.572376259765625 0.3506186796875 0.57544937890625 0.3666191875 0.56742648828125 0.365130595703125 0.53999808984375
1 0.324120548828125 0.576322943359375 0.33051939453125 0.584204525390625 0.332749173828125 0.590705087890625 0.33694549609375 0.584979630859375 0.329841140625 0.566051294921875 0.33653039453125 0.559109287109375 0.335602029296875 0.54867958984375 0.32740476953125 0.53911125 0.309668904296875 0.56064094140625 0.308003212890625 0.5784455546875 0.31539958984375 0.58403420703125 0.324120548828125 0.576322943359375
0 0.30759194921875 0.57492494921875 0.268650966796875 0.6192333515625 0.253588728515625 0.65149388671875 0.277163935546875 0.738674275390625 0.32238541015625 0.776799400390625 0.361238962890625 0.765845244140625 0.387153302734375 0.742412482421875 0.423819384765625 0.700749302734375 0.432566109375 0.629566361328125 0.414190775390625 0.596412931640625 0.361092818359375 0.576753798828125 0.330490353515625 0.57683066796875 0.312545353515625 0.580187263671875 0.30759194921875 0.57492494921875
0 0.257217337890625 0.3701697421875 0.262915484375 0.4167419140625 0.2894109296875 0.471252103515625 0.3128369921875 0.4957627734375 0.36658473828125 0.49011647265625 0.3953461640625 0.46230468359375 0.402975470703125 0.40594658984375 0.379096 0.3909986484375 0.35475623828125 0.39016453125 0.346748712890625 0.378381494140625 0.33096851953125 0.348188482421875 0.3103795703125 0.336510755859375 0.257217337890625 0.3701697421875
1 0.416015625 0.3857421875 0.029296875 0.046875
1 0.5087890625 0.5 0.009765625 0.009765625
1 0.5458984375 0.5126953125 0.01953125 0.01953125
1 0.5078125 0.521484375 0.021484375 0.013671875
1 0.46471888671875 0.4700986328125 0.453582390625 0.470755263671875 0.456746607421875 0.513276986328125 0.44524488671875 0.5416875859375 0.4493370390625 0.555793423828125 0.477712400390625 0.568401056640625 0.508126791015625 0.578131466796875 0.53689428125 0.590137494140625 0.535360236328125 0.57426328125 0.524922330078125 0.557045603515625 0.502749900390625 0.54357003125 0.48567444140625 0.523134427734375 0.47716034375 0.48888376953125 0.46471888671875 0.4700986328125
1 0.5888671875 0.53515625 0.021484375 0.02734375
1 0.5807719609375 0.53948819921875 0.579595296875 0.522628146484375 0.570751931640625 0.523208201171875 0.56270049609375 0.5425275859375 0.55586651171875 0.55352142578125 0.5654141875 0.57704669140625 0.56733734765625 0.57314333984375 0.579615630859375 0.558562873046875 0.5807719609375 0.53948819921875
1 0.5152685859375 0.54187874609375 0.5201060546875 0.548344802734375 0.52472766015625 0.557699521484375 0.5427698359375 0.5874858671875 0.558543267578125 0.57120027734375 0.563972759765625 0.545761072265625 0.570419052734375 0.530011634765625 0.561030580078125 0.52223427734375 0.535837623046875 0.53510813671875 0.5152685859375 0.54187874609375
0 0.533203125 0.404296875 0.1171875 0.169921875
0 0.5419921875 0.662109375 0.111328125 0.150390625
1 0.640625 0.60546875 0.02734375 0.033203125
1 0.6416015625 0.4033203125 0.01171875 0.013671875
1 0.670165578125 0.4439204765625 0.647400123046875 0.426338109375 0.637985453125 0.405202015625 0.62881551953125 0.395396544921875 0.628929970703125 0.395745064453125 0.615489509765625 0.42012575390625 0.5913875234375 0.44886720703125 0.5839983203125 0.47444609375 0.582995015625 0.50312876953125 0.6080065546875 0.520576654296875 0.628240376953125 0.521438693359375 0.639493369140625 0.5198051953125 0.659268501953125 0.49454504296875 0.675288443359375 0.458771205078125 0.670165578125 0.4439204765625
1 0.6806640625 0.4169921875 0.01171875 0.013671875
1 0.7216796875 0.47265625 0.044921875 0.06640625
1 0.70232109765625 0.43781084765625 0.687166658203125 0.428244544921875 0.681533166015625 0.44637209375 0.6713805546875 0.48648112109375 0.66152608984375 0.51616055859375 0.669106853515625 0.5426611171875 0.6957613828125 0.556673412109375 0.711428890625 0.584670623046875 0.719548337890625 0.579836376953125 0.716374212890625 0.555785267578125 0.707669732421875 0.516674005859375 0.70245787890625 0.4882915234375 0.703928935546875 0.459741896484375 0.70232109765625 0.43781084765625
1 0.703125 0.59765625 0.03125 0.033203125
0 0.76192308984375 0.72375844140625 0.7813418203125 0.71425348828125 0.802336763671875 0.693922716796875 0.820079244140625 0.663468455078125 0.81793618359375 0.635575400390625 0.80736263671875 0.611204978515625 0.793992103515625 0.593679595703125 0.76713530078125 0.57538411328125 0.766476109375 0.5774462421875 0.752415984375 0.583435603515625 0.727045986328125 0.608214029296875 0.70717741015625 0.6124605234375 0.69942477734375 0.62305669140625 0.69680462890625 0.649469423828125 0.705943173828125 0.688678861328125 0.7248638046875 0.70821025 0.76192308984375 0.72375844140625
0 0.708369150390625 0.366724833984375 0.6835374921875 0.373859298828125 0.68418480859375 0.401229685546875 0.702278005859375 0.43303871484375 0.727085923828125 0.43953512109375 0.749388201171875 0.43758392578125 0.792555837890625 0.4306409609375 0.7907025703125 0.3756101953125 0.78000352734375 0.33183096875 0.756146994140625 0.309610513671875 0.743700138671875 0.310177556640625 0.706350884765625 0.325487064453125 0.708369150390625 0.366724833984375
1 0.6904296875 0.35546875 0.01953125 0.029296875
1 0.8623046875 0.4248046875 0.015625 0.01171875
1 0.8701171875 0.4912109375 0.01171875 0.013671875
1 0.884765625 0.4951171875 0.01171875 0.015625
0 0.9345703125 0.3837890625 0.109375 0.140625
1 0.9853515625 0.4716796875 0.013671875 0.021484375
1 0.9482421875 0.4912109375 0.013671875 0.01953125
1 0.923813947265625 0.510758767578125 0.934908041015625 0.524245966796875 0.95594605078125 0.534286892578125 0.971787552734375 0.539386302734375 0.99176446484375 0.530243994140625 0.982019947265625 0.500202177734375 0.977869134765625 0.4873192734375 0.959577234375 0.47760690625 0.95491190625 0.48659565625 0.955394595703125 0.503213865234375 0.936231140625 0.50937287109375 0.923813947265625 0.510758767578125
0 0.939453125 0.599609375 0.12109375 0.12890625
1 0.169125333984375 0.41398273046875 0.19907011328125 0.413936171875 0.2087518125 0.443311802734375 0.228944875 0.447429921875 0.232834603515625 0.39238231640625 0.224821291015625 0.344610330078125 0.224376037109375 0.34164789453125 0.205370779296875 0.31146171484375 0.18973197265625 0.3130235703125 0.17759308203125 0.33442363671875 0.166315556640625 0.36336073828125 0.142498732421875 0.374430458984375 0.169125333984375 0.41398273046875