1 0.16796875 0.2412109375 0.0234375 0.02734375
0 0.2783203125 0.240234375 0.146484375 0.18359375
0 0.4169921875 0.2626953125 0.1796875 0.216796875
1 0.109375 0.3603515625 0.025390625 0.033203125
1 0.1328125 0.3662109375 0.03515625 0.041015625
1 0.1728515625 0.380859375 0.025390625 0.029296875
1 0.236328125 0.3671875 0.0390625 0.05859375
1 0.279296875 0.4013671875 0.013671875 0.01953125
1 0.4013671875 0.3740234375 0.025390625 0.02734375
1 0.376953125 0.3759765625 0.009765625 0.013671875
1 0.4921875 0.3896484375 0.015625 0.015625
0 0.6572265625 0.2890625 0.15625 0.177734375
0 0.8642578125 0.3466796875 0.150390625 0.177734375
1 0.9814453125 0.53125 0.037109375 0.046875
1 0.9580078125 0.708984375 0.021484375 0.025390625
0 0.818359375 0.64453125 0.15625 0.185546875
0 0.58984375 0.6142578125 0.123046875 0.15625
1 0.5380859375 0.4541015625 0.029296875 0.037109375
1 0.587890625 0.4326171875 0.056640625 0.064453125
1 0.64453125 0.4541015625 0.044921875 0.037109375
1 0.673828125 0.484375 0.033203125 0.0390625
0 0.37890625 0.5634765625 0.115234375 0.12890625
1 0.439453125 0.578125 0.0234375 0.021484375
1 0.2744140625 0.5302734375 0.01953125 0.0234375
0 0.1640625 0.533203125 0.140625 0.158203125
1 0.1845703125 0.5498046875 0.015625 0.015625