0 0.931640625 0.62890625 0.13671875 0.1796875
1 0.7509765625 0.544921875 0.068359375 0.068359375
0 0.7109375 0.68359375 0.17578125 0.248046875
1 0.576171875 0.6279296875 0.01171875 0.01953125
0 0.4775390625 0.669921875 0.14453125 0.1640625
1 0.47265625 0.572265625 0.044921875 0.044921875
0 0.2578125 0.6962890625 0.134765625 0.1875
1 0.08203125 0.7802734375 0.130859375 0.158203125
0 0.046875 0.671875 0.076171875 0.130859375
1 0.0673828125 0.5107421875 0.134765625 0.201171875
1 0.1279296875 0.390625 0.01953125 0.01953125
1 0.0546875 0.3662109375 0.021484375 0.02734375
1 0.0546875 0.3916015625 0.0234375 0.017578125
0 0.0234375 0.3642578125 0.046875 0.126953125
1 0.240234375 0.384765625 0.013671875 0.017578125
0 0.4501953125 0.357421875 0.20703125 0.244140625
1 0.3896484375 0.517578125 0.017578125 0.013671875
1 0.607421875 0.4765625 0.01171875 0.013671875
1 0.64453125 0.4736328125 0.048828125 0.0625
1 0.6428970234375 0.35383252734375 0.6299509765625 0.34215392578125 0.61687709765625 0.33852940234375 0.60314253515625 0.350607603515625 0.60308856640625 0.36644223828125 0.60550845703125 0.377724330078125 0.611484779296875 0.38593419921875 0.61971359375 0.390470162109375 0.626945193359375 0.391715078125 0.633235615234375 0.390042673828125 0.634593171875 0.3811047265625 0.639315203125 0.367982375 0.6436232578125 0.352944296875 0.6428970234375 0.35383252734375
0 0.764706322265625 0.273770169921875 0.74249166796875 0.245226076171875 0.7090350078125 0.21653655078125 0.66873574609375 0.199140720703125 0.63477871484375 0.213226748046875 0.604369673828125 0.265154255859375 0.6057986875 0.297079794921875 0.615551224609375 0.3316744296875 0.631943521484375 0.356288072265625 0.639128548828125 0.3850423125 0.649699849609375 0.4257496328125 0.67317890234375 0.418161234375 0.6974152890625 0.41164074609375 0.73641212890625 0.407584080078125 0.75019512109375 0.397363681640625 0.761223375 0.37350112890625 0.765512212890625 0.3527299375 0.763939607421875 0.3097813203125 0.764706322265625 0.273770169921875
1 0.9443359375 0.376953125 0.01171875 0.013671875
0 0.9052734375 0.3076171875 0.16796875 0.162109375
1 0.86328125 0.4736328125 0.009765625 0.013671875
1 0.8623046875 0.451171875 0.009765625 0.01171875
0 0.234704279296875 0.4409885234375 0.234533259765625 0.408442896484375 0.23578975 0.373791046875 0.25974739453125 0.37397026953125 0.269520619140625 0.356126939453125 0.259049294921875 0.31236798828125 0.22559224609375 0.301162978515625 0.172062734375 0.33172628125 0.163582572265625 0.36025872265625 0.1761914375 0.411138771484375 0.193535416015625 0.429600669921875 0.23205945703125 0.442445712890625 0.234704279296875 0.4409885234375