1 0.8388671875 0.7451171875 0.01171875 0.013671875
0 0.865236466796875 0.832141166015625 0.89858249609375 0.838713849609375 0.9228867890625 0.831148732421875 0.940915501953125 0.808191287109375 0.94103668359375 0.779321501953125 0.94007578125 0.7504566484375 0.92511641796875 0.7322756875 0.901740017578125 0.71447730859375 0.87226033984375 0.70295349609375 0.848388234375 0.69603678125 0.848402083984375 0.695801625 0.8434193984375 0.71100581640625 0.847184705078125 0.7363965234375 0.84375155078125 0.750885884765625 0.832532111328125 0.7541583671875 0.822181576171875 0.752882490234375 0.82272593359375 0.767749556640625 0.836178697265625 0.81857650390625 0.865236466796875 0.832141166015625
0 0.96484375 0.470703125 0.0703125 0.16015625
1 0.912109375 0.4443359375 0.009765625 0.01171875
1 0.8935546875 0.4189453125 0.009765625 0.01171875
1 0.7998046875 0.56640625 0.095703125 0.115234375
0 0.727844919921875 0.472213966796875 0.7495692265625 0.51615900390625 0.7481869765625 0.51724347265625 0.773523751953125 0.504495390625 0.8207773671875 0.48998195703125 0.831765751953125 0.469838607421875 0.8310151796875 0.432786591796875 0.816547626953125 0.405970720703125 0.7806035625 0.377504271484375 0.764777609375 0.377832333984375 0.730362259765625 0.398119794921875 0.70250623828125 0.432977857421875 0.707714548828125 0.444042763671875 0.727844919921875 0.472213966796875
1 0.6845703125 0.3876953125 0.01171875 0.013671875
1 0.6728515625 0.408203125 0.01171875 0.013671875
1 0.642578125 0.43359375 0.01171875 0.013671875
1 0.623046875 0.5126953125 0.095703125 0.115234375
1 0.6201171875 0.58203125 0.015625 0.01953125
1 0.5712890625 0.521484375 0.0078125 0.009765625
1 0.56640625 0.525390625 0.005859375 0.005859375
1 0.5673828125 0.4970703125 0.01171875 0.01171875
1 0.48340782421875 0.50937251171875 0.487730609375 0.54458289453125 0.516204359375 0.54266387890625 0.541370697265625 0.5466498359375 0.55315723828125 0.544645787109375 0.562817130859375 0.5142907421875 0.554265140625 0.499340787109375 0.5466011171875 0.477005419921875 0.52880099609375 0.45169344140625 0.5174811796875 0.441817068359375 0.507754626953125 0.4452975234375 0.498990734375 0.453528267578125 0.487889623046875 0.480253470703125 0.48340782421875 0.50937251171875
1 0.50390625 0.552734375 0.005859375 0.005859375
0 0.693359375 0.73046875 0.171875 0.166015625
0 0.4873046875 0.689453125 0.123046875 0.14453125
1 0.3935546875 0.634765625 0.021484375 0.021484375
1 0.4248046875 0.4853515625 0.01171875 0.013671875
1 0.4208984375 0.5 0.01171875 0.01171875
1 0.44140625 0.466796875 0.01171875 0.01171875
0 0.544921875 0.3671875 0.18359375 0.1953125
1 0.3798828125 0.5224609375 0.048828125 0.080078125
1 0.3623046875 0.509765625 0.009765625 0.01171875
1 0.390625 0.4765625 0.017578125 0.013671875
1 0.2958984375 0.4404296875 0.0859375 0.08984375
0 0.287109375 0.314453125 0.166015625 0.189453125
1 0.2294921875 0.291015625 0.01171875 0.013671875
1 0.2099609375 0.4736328125 0.005859375 0.005859375
1 0.1982421875 0.4462890625 0.0078125 0.009765625
0 0.25 0.6650390625 0.15625 0.1953125
1 0.1650390625 0.6669921875 0.0078125 0.013671875
1 0.1298828125 0.6494140625 0.0078125 0.009765625
1 0.1201171875 0.564453125 0.0078125 0.0078125
1 0.0927734375 0.4111328125 0.02734375 0.03515625
1 0.05859375 0.4453125 0.013671875 0.01171875
1 0 0.540585875 0.011245673828125 0.524473431640625 0.02950773046875 0.534486380859375 0.035246904296875 0.557285896484375 0.050853205078125 0.534472376953125 0.060655796875 0.52423065625 0.060715048828125 0.524518080078125 0.060275244140625 0.48453416015625 0.051998 0.46115091015625 0.0338111328125 0.462775990234375 0.005808689453125 0.499425576171875 0 0.533524091796875 0 0.540585875
0 0 0.649591482421875 0.04039297265625 0.650199833984375 0.07717030078125 0.6138048359375 0.097587080078125 0.581916048828125 0.0945381171875 0.536100498046875 0.07950530859375 0.514221509765625 0.053821603515625 0.530919767578125 0.039508904296875 0.536054134765625 0.0242667265625 0.523627876953125 0.009216521484375 0.529083515625 0 0.53013708203125 0 0.649591482421875
0 0.0859375 0.2392578125 0.1328125 0.216796875
1 0.9521484375 0.576171875 0.01171875 0.013671875