0 0.0224609375 0.439453125 0.044921875 0.17578125
0 0.169921875 0.39453125 0.1328125 0.162109375
0 0.3681640625 0.38671875 0.12890625 0.140625
0 0.552734375 0.3623046875 0.1328125 0.158203125
0 0.73046875 0.3076171875 0.119140625 0.16015625
0 0.9013671875 0.25390625 0.140625 0.16796875
1 0.748046875 0.3984375 0.0390625 0.05078125
0 0.1962890625 0.654296875 0.12890625 0.1484375
1 0.1572265625 0.568359375 0.015625 0.015625
1 0.185546875 0.5849609375 0.017578125 0.017578125
1 0.2353515625 0.578125 0.01171875 0.025390625
1 0.2509765625 0.576171875 0.01953125 0.021484375
1 0.283203125 0.572265625 0.013671875 0.015625
1 0.2568359375 0.552734375 0.0234375 0.017578125
1 0.3193359375 0.5576171875 0.013671875 0.017578125
1 0.3251953125 0.53515625 0.0703125 0.05859375
1 0.3759765625 0.5458984375 0.01953125 0.0234375
1 0.47265625 0.5322265625 0.013671875 0.015625
1 0.4873046875 0.5341796875 0.013671875 0.015625
1 0.380859375 0.5283203125 0.017578125 0.01171875
1 0.5224609375 0.53125 0.013671875 0.01953125
1 0.533203125 0.5185546875 0.017578125 0.03125
1 0.5439453125 0.5078125 0.015625 0.03125
1 0.5537109375 0.486328125 0.0546875 0.06640625
1 0.5986328125 0.4765625 0.0625 0.0625
1 0.6484375 0.51171875 0.015625 0.021484375
1 0.6455078125 0.4970703125 0.015625 0.015625
1 0.681640625 0.50390625 0.01171875 0.01171875
1 0.685546875 0.490234375 0.015625 0.015625
1 0.7080078125 0.4931640625 0.025390625 0.02734375
0 0.6201171875 0.6005859375 0.125 0.162109375
0 0.3984375 0.6201171875 0.14453125 0.158203125
1 0.35855953515625 0.663221421875 0.347836693359375 0.652307541015625 0.3339548515625 0.6519195 0.323320728515625 0.652562109375 0.30937603125 0.65552614453125 0.30264771875 0.659284306640625 0.2929859921875 0.6900090234375 0.287824634765625 0.738666251953125 0.286696685546875 0.81686742578125 0.29044828125 0.85375112109375 0.307361853515625 0.8709247890625 0.325516482421875 0.8818413046875 0.335720341796875 0.878065447265625 0.35697783203125 0.84595446875 0.380999439453125 0.815926009765625 0.3967835546875 0.79096562890625 0.401020107421875 0.7475091953125 0.37744280078125 0.70020284765625 0.35855953515625 0.663221421875
1 0.775390625 0.7626953125 0.21875 0.23828125
1 0.8583984375 0.654296875 0.021484375 0.021484375
1 0.763671875 0.529296875 0.04296875 0.041015625
1 0.7451171875 0.4619140625 0.01171875 0.01171875
1 0.8583984375 0.4580078125 0.033203125 0.025390625
1 0.8984375 0.5517578125 0.013671875 0.017578125
1 0.78215978515625 0.4742303671875 0.79524615234375 0.49641596484375 0.82002525 0.52206949609375 0.844542857421875 0.531798375 0.85544941796875 0.52948011328125 0.864090724609375 0.514895521484375 0.859685310546875 0.4742019609375 0.8481215546875 0.45928841796875 0.827348994140625 0.451168552734375 0.8110525390625 0.446058423828125 0.780614580078125 0.457708076171875 0.78215978515625 0.4742303671875
0 0.816628986328125 0.618303033203125 0.83759807421875 0.600671310546875 0.863886708984375 0.564651404296875 0.860765671875 0.5394324296875 0.85167268359375 0.531087134765625 0.83447934765625 0.52488885546875 0.812073767578125 0.510956345703125 0.7859281796875 0.4952319453125 0.786424814453125 0.495654845703125 0.78306752734375 0.51085266796875 0.7741148671875 0.547968517578125 0.765765181640625 0.5768690234375 0.766606298828125 0.598690021484375 0.782662525390625 0.622469140625 0.798475740234375 0.62306601953125 0.816628986328125 0.618303033203125
0 0.9619140625 0.51171875 0.076171875 0.10546875
1 0.96875 0.572265625 0.03125 0.033203125
1 0.9482421875 0.423828125 0.09375 0.076171875
1 0.083984375 0.5859375 0.0234375 0.017578125
0 0.0615234375 0.703125 0.076171875 0.107421875