0 0.802734375 0.0849609375 0.111328125 0.099609375
1 0.86328125 0.0654296875 0.015625 0.015625
1 0.86328125 0.0869140625 0.0234375 0.01953125
1 0.796875 0.162109375 0.015625 0.01171875
1 0.78125 0.162109375 0.013671875 0.01171875
1 0.6865234375 0.060546875 0.01953125 0.015625
1 0.7919921875 0.2001953125 0.015625 0.015625
0 0.8032328984375 0.30936127734375 0.824503400390625 0.292302736328125 0.835044125 0.2777423125 0.845338294921875 0.258418880859375 0.846156712890625 0.24208423046875 0.830791787109375 0.227968021484375 0.81365378125 0.2210698125 0.79642378515625 0.21813577734375 0.7863030703125 0.21746662109375 0.774890595703125 0.223458169921875 0.751186107421875 0.23287132421875 0.73797706640625 0.24293059375 0.73772671875 0.25525471484375 0.744381146484375 0.279042263671875 0.755609416015625 0.303870083984375 0.7655050859375 0.311100662109375 0.77978565625 0.31496917578125 0.8032328984375 0.30936127734375
1 0.75540987109375 0.12956561328125 0.692369306640625 0.121493439453125 0.627493396484375 0.133317259765625 0.60458149609375 0.13841212890625 0.599510623046875 0.15506840234375 0.59508640234375 0.188543134765625 0.620735224609375 0.228286041015625 0.646126759765625 0.232883513671875 0.680055583984375 0.230275103515625 0.712266072265625 0.206555103515625 0.739513771484375 0.17346080859375 0.764626162109375 0.13583717578125 0.75540987109375 0.12956561328125
1 0.579582232421875 0.163876669921875 0.62018995703125 0.163807365234375 0.662553552734375 0.14333419921875 0.682901107421875 0.120904740234375 0.68680052734375 0.109533017578125 0.6834991640625 0.09131817578125 0.65384875390625 0.081125373046875 0.606288216796875 0.091375115234375 0.577659341796875 0.119625568359375 0.56263490234375 0.139119873046875 0.579582232421875 0.163876669921875
1 0.64453465234375 0.058587150390625 0.620343279296875 0.021554650390625 0.599942521484375 0.00959677734375 0.562235515625 0.00362457421875 0.52858709765625 0.00646039453125 0.49826870703125 0.021710841796875 0.458735595703125 0.055030365234375 0.4322172734375 0.094704904296875 0.444799544921875 0.110076185546875 0.506878447265625 0.131851669921875 0.540164419921875 0.139387974609375 0.575627353515625 0.1507856015625 0.611824076171875 0.14420009375 0.622937134765625 0.11924911328125 0.643139759765625 0.08816866015625 0.64453465234375 0.058587150390625
0 0.5146484375 0.1962890625 0.150390625 0.14453125
1 0.5888671875 0.2470703125 0.03515625 0.03515625
1 0.619140625 0.2626953125 0.03515625 0.029296875
1 0.634765625 0.2890625 0.015625 0.01953125
1 0.5146484375 0.3017578125 0.017578125 0.017578125
1 0.779296875 0.3408203125 0.013671875 0.009765625
1 0.7626953125 0.353515625 0.009765625 0.0078125
1 0.4892578125 0.35546875 0.017578125 0.01171875
1 0.791015625 0.537109375 0.013671875 0.009765625
1 0.755859375 0.5546875 0.013671875 0.009765625
1 0.4287109375 0.478515625 0.03125 0.01953125
1 0.45703125 0.50390625 0.013671875 0.01171875
0 0.4723104921875 0.35415772265625 0.42380681640625 0.350087126953125 0.395968228515625 0.3736600546875 0.39142658984375 0.4114579296875 0.393664251953125 0.4481861328125 0.40131522265625 0.456140552734375 0.443446369140625 0.48117831640625 0.478465208984375 0.507721654296875 0.47963208203125 0.507502505859375 0.50249523828125 0.48989103515625 0.527693083984375 0.4739161640625 0.5424161484375 0.45076409765625 0.545923978515625 0.428616533203125 0.5347299453125 0.39717578515625 0.52833545703125 0.38297413671875 0.5006712109375 0.36415632421875 0.4723104921875 0.35415772265625
1 0.5615234375 0.484375 0.01171875 0.01171875
1 0.5927734375 0.5029296875 0.013671875 0.01171875
0 0.7744140625 0.4609375 0.1796875 0.154296875
1 0.6572265625 0.4990234375 0.087890625 0.09375
1 0.7177734375 0.5419921875 0.013671875 0.005859375
1 0.716796875 0.5703125 0.013671875 0.01171875
1 0.7275390625 0.5849609375 0.017578125 0.01171875
1 0.71484375 0.5791015625 0.005859375 0.005859375
1 0.712890625 0.58984375 0.009765625 0.0078125
1 0.705078125 0.5986328125 0.009765625 0.0078125
1 0.7451171875 0.6318359375 0.01171875 0.0078125
1 0.5908203125 0.625 0.01171875 0.009765625
1 0.5029296875 0.5791015625 0.01953125 0.015625
1 0.466796875 0.587890625 0.01171875 0.01171875
1 0.408203125 0.5830078125 0.021484375 0.01953125
1 0.416015625 0.69921875 0.013671875 0.01171875
1 0.4287109375 0.7119140625 0.01171875 0.01171875
1 0.4091796875 0.720703125 0.013671875 0.009765625
0 0.48891682421875 0.58629973046875 0.458602802734375 0.589113556640625 0.42537375390625 0.590363427734375 0.39137798046875 0.600076470703125 0.381866283203125 0.616941216796875 0.376708197265625 0.642317509765625 0.379500037109375 0.659841927734375 0.40013442578125 0.680494443359375 0.4232164609375 0.696760318359375 0.444031822265625 0.70887154296875 0.45737519921875 0.71337803125 0.476212103515625 0.713942763671875 0.508026310546875 0.70452412890625 0.520822634765625 0.69407266015625 0.52152690625 0.69369533203125 0.51902240625 0.66408335546875 0.529967248046875 0.630887021484375 0.53133184375 0.59716205859375 0.520737732421875 0.58968628125 0.48891682421875 0.58629973046875
0 0.732421875 0.693359375 0.11328125 0.068359375
1 0.73828125 0.7373046875 0.076171875 0.046875
1 0.654296875 0.734375 0.013671875 0.009765625
1 0.6533203125 0.8310546875 0.0234375 0.01953125
1 0.583984375 0.8076171875 0.021484375 0.017578125
1 0.52734375 0.861328125 0.01171875 0.01171875
1 0.533203125 0.8974609375 0.029296875 0.013671875
0 0.3759765625 0.861328125 0.11328125 0.111328125
1 0.537109375 0.9755859375 0.109375 0.048828125
0 0.7021484375 0.921875 0.14453125 0.130859375
1 0.611328125 0.91015625 0.01171875 0.01171875
1 0.6181640625 0.8583984375 0.01171875 0.01171875