0 0.1435546875 0.7998046875 0.1796875 0.21875
1 0.048828125 0.6708984375 0.0703125 0.107421875
1 0.0302734375 0.6123046875 0.01171875 0.01171875
1 0.04296875 0.6142578125 0.01171875 0.01171875
1 0.0595703125 0.6181640625 0.017578125 0.015625
1 0.0986328125 0.654296875 0.013671875 0.02734375
1 0.138671875 0.65234375 0.0390625 0.04296875
1 0.185546875 0.6259765625 0.091796875 0.134765625
1 0.2099609375 0.603515625 0.02734375 0.017578125
0 0.1123046875 0.4853515625 0.150390625 0.197265625
1 0.150390625 0.4306640625 0.01171875 0.013671875
1 0.212890625 0.4580078125 0.015625 0.015625
1 0.2353515625 0.4453125 0.017578125 0.021484375
1 0.2568359375 0.4462890625 0.015625 0.01953125
1 0.2373046875 0.56640625 0.0078125 0.013671875
1 0.2529296875 0.5849609375 0.02734375 0.037109375
1 0.263671875 0.630859375 0.015625 0.01953125
1 0.283203125 0.6142578125 0.017578125 0.017578125
1 0.271484375 0.57421875 0.01171875 0.013671875
1 0.283203125 0.58984375 0.017578125 0.017578125
1 0.3017578125 0.5849609375 0.021484375 0.01953125
0 0.3134765625 0.455078125 0.13671875 0.181640625
1 0.36328125 0.572265625 0.05859375 0.08984375
1 0.396484375 0.63671875 0.06640625 0.072265625
1 0.4208984375 0.5859375 0.064453125 0.0859375
1 0.4697265625 0.5703125 0.041015625 0.048828125
1 0.5 0.576171875 0.05078125 0.091796875
1 0.4638671875 0.53515625 0.01171875 0.01171875
1 0.4755859375 0.5244140625 0.0078125 0.009765625
1 0.43359375 0.4189453125 0.1171875 0.15625
0 0.5380859375 0.40625 0.138671875 0.173828125
1 0.517578125 0.365234375 0.01171875 0.013671875
1 0.4208984375 0.3037109375 0.03515625 0.03515625
1 0.5302734375 0.279296875 0.033203125 0.037109375
1 0.28515625 0.70703125 0.0390625 0.041015625
1 0.291015625 0.74609375 0.01171875 0.01171875
1 0.3017578125 0.666015625 0.015625 0.017578125
0 0.56640625 0.685546875 0.169921875 0.16015625
1 0.5498046875 0.5869140625 0.015625 0.015625
1 0.564453125 0.572265625 0.025390625 0.029296875
1 0.5908203125 0.58203125 0.07421875 0.078125
1 0.5341796875 0.5322265625 0.04296875 0.041015625
1 0.626953125 0.5634765625 0.0234375 0.021484375
1 0.646484375 0.5341796875 0.10546875 0.142578125
1 0.751953125 0.548828125 0.072265625 0.07421875
1 0.8349609375 0.5908203125 0.021484375 0.03515625
0 0.814453125 0.671875 0.162109375 0.1484375
1 0.703125 0.6728515625 0.0234375 0.03125
0 0.96484375 0.619140625 0.0703125 0.171875
1 0.8193359375 0.5205078125 0.11328125 0.126953125
1 0.8876953125 0.5048828125 0.1015625 0.19921875
1 0.8232421875 0.435546875 0.060546875 0.109375
0 0.744140625 0.3662109375 0.1328125 0.1953125
1 0.68359375 0.37109375 0.021484375 0.0234375
1 0.7939453125 0.294921875 0.025390625 0.03515625
1 0.84765625 0.3359375 0.03125 0.025390625
1 0.8603515625 0.3701171875 0.01171875 0.013671875
0 0.947265625 0.3603515625 0.095703125 0.16015625
1 0.9677734375 0.5048828125 0.03515625 0.02734375
1 0.9189453125 0.5146484375 0.0234375 0.025390625
1 0.7373046875 0.5029296875 0.01953125 0.017578125
1 0.0478515625 0.5927734375 0.01171875 0.013671875
1 0.056640625 0.8212890625 0.0078125 0.009765625
1 0.2333984375 0.7734375 0.0078125 0.0078125
1 0.6748046875 0.6318359375 0.01171875 0.01171875
1 0.603515625 0.400390625 0.005859375 0.0078125
1 0.611328125 0.3818359375 0.01171875 0.01171875
1 0.623046875 0.3544921875 0.0078125 0.009765625
1 0.6376953125 0.357421875 0.009765625 0.01171875
1 0.7470703125 0.470703125 0.009765625 0.01171875
1 0.8876953125 0.3349609375 0.01171875 0.017578125
1 0.845703125 0.4111328125 0.0078125 0.009765625
1 0.83984375 0.390625 0.0078125 0.0078125
0 0.30925068359375 0.78329312890625 0.36137690234375 0.807358509765625 0.39893530078125 0.795332693359375 0.412307984375 0.749511515625 0.39699462890625 0.68450236328125 0.369767712890625 0.655856833984375 0.38181319140625 0.6316388203125 0.380104923828125 0.61887969921875 0.371996693359375 0.619823875 0.339664078125 0.630856345703125 0.313022466796875 0.663320314453125 0.2956945 0.67892533203125 0.296153939453125 0.694872869140625 0.312872244140625 0.77282345703125 0.30925068359375 0.78329312890625