1 0.7705078125 0.734375 0.08203125 0.0546875
1 0.7626953125 0.802734375 0.013671875 0.009765625
1 0.958984375 0.7724609375 0.03125 0.01953125
1 0.56640625 0.716796875 0.03515625 0.0234375
1 0.49609375 0.689453125 0.01953125 0.01953125
1 0.58203125 0.6689453125 0.01953125 0.0078125
0 0.681640625 0.4150390625 0.14453125 0.119140625
0 0.7197265625 0.169921875 0.185546875 0.15625
1 0.8271484375 0.2509765625 0.029296875 0.021484375
0 0.3583984375 0.13671875 0.19140625 0.16015625
0 0.3701171875 0.3251953125 0.140625 0.09765625
1 0.4033203125 0.4140625 0.013671875 0.009765625
1 0.3017578125 0.4365234375 0.013671875 0.009765625
1 0.8681640625 0.3173828125 0.021484375 0.015625
1 0.9072265625 0.1904296875 0.03125 0.029296875
1 0.515625 0.1953125 0.015625 0.015625