0 0.05859375 0.5048828125 0.1171875 0.216796875
1 0.1357421875 0.5302734375 0.03125 0.04296875
1 0.15625 0.48046875 0.0234375 0.025390625
1 0.076171875 0.3359375 0.021484375 0.0234375
0 0.087890625 0.1875 0.10546875 0.162109375
0 0.3193359375 0.19140625 0.197265625 0.2421875
1 0.2275390625 0.3466796875 0.037109375 0.041015625
1 0.24609375 0.3662109375 0.021484375 0.033203125
1 0.283203125 0.3671875 0.01953125 0.025390625
1 0.353515625 0.375 0.029296875 0.01953125
0 0.255859375 0.5185546875 0.166015625 0.185546875
1 0.3310546875 0.521484375 0.013671875 0.01953125
1 0.341796875 0.533203125 0.013671875 0.017578125
1 0.35546875 0.5498046875 0.017578125 0.017578125
1 0.3857421875 0.54296875 0.021484375 0.0234375
1 0.416015625 0.3818359375 0.0234375 0.021484375
1 0.46875 0.388671875 0.017578125 0.015625
1 0.5068359375 0.396484375 0.01953125 0.015625
1 0.509765625 0.421875 0.021484375 0.021484375
1 0.5439453125 0.36328125 0.0234375 0.025390625
0 0.624671787109375 0.208509767578125 0.592401650390625 0.17598101953125 0.526651208984375 0.1622415390625 0.474579515625 0.18988128125 0.457000291015625 0.235437798828125 0.450434408203125 0.3057629375 0.4649386875 0.356936416015625 0.482291626953125 0.365480298828125 0.533275400390625 0.33758973046875 0.5795793125 0.3327967421875 0.60649628125 0.326837900390625 0.622088857421875 0.267761849609375 0.624671787109375 0.208509767578125
1 0.6865234375 0.462890625 0.0390625 0.056640625
1 0.595703125 0.4169921875 0.013671875 0.013671875
1 0.583984375 0.4052734375 0.015625 0.015625
1 0.5595703125 0.5498046875 0.015625 0.01953125
1 0.5791015625 0.5654296875 0.01171875 0.017578125
0 0.507875798828125 0.515894111328125 0.450683810546875 0.544832875 0.4257658671875 0.56988718359375 0.429492515625 0.62533565234375 0.465686951171875 0.68072544140625 0.489502521484375 0.67398888671875 0.508701419921875 0.668715353515625 0.53109011328125 0.648267646484375 0.54801138671875 0.608763494140625 0.553015431640625 0.567953765625 0.55798783203125 0.533639123046875 0.5556299296875 0.51402741015625 0.507875798828125 0.515894111328125
0 0.736328125 0.6240234375 0.171875 0.21484375
1 0.7978515625 0.5166015625 0.0234375 0.03125
1 0.798696234375 0.353275865234375 0.774264763671875 0.381105763671875 0.762852818359375 0.3580472421875 0.742891375 0.327594404296875 0.723530666015625 0.320284037109375 0.712194814453125 0.331555890625 0.713666875 0.390826912109375 0.711811900390625 0.43567747265625 0.715702275390625 0.471778720703125 0.754468455078125 0.465532455078125 0.799075126953125 0.453991994140625 0.826388041015625 0.43210751171875 0.83399474609375 0.39474032421875 0.821084552734375 0.354336091796875 0.798696234375 0.353275865234375
0 0.77759083984375 0.205959048828125 0.76370216796875 0.242286763671875 0.755623923828125 0.260004083984375 0.74534797265625 0.31817775390625 0.770962025390625 0.388008703125 0.796781123046875 0.363951015625 0.827079279296875 0.349126806640625 0.855747748046875 0.32581813671875 0.875409255859375 0.2895044609375 0.871083478515625 0.22782044921875 0.838385654296875 0.17456000390625 0.79216020703125 0.19147972265625 0.77759083984375 0.205959048828125
0 0.9560546875 0.2998046875 0.087890625 0.208984375
0 0.9189453125 0.640625 0.162109375 0.234375
1 0.837890625 0.642578125 0.01171875 0.01171875
1 0.7099609375 0.26953125 0.015625 0.017578125
1 0.642578125 0.578125 0.015625 0.0234375