1 0.6845703125 0.865234375 0.017578125 0.017578125
0 0.682801515625 0.856287462890625 0.7208178828125 0.864827537109375 0.740147138671875 0.85019558203125 0.736750015625 0.813703830078125 0.71871541796875 0.773468541015625 0.688630607421875 0.762670064453125 0.628726169921875 0.780766271484375 0.6041892265625 0.8150723984375 0.60434259765625 0.86012694921875 0.617816908203125 0.869335455078125 0.665512591796875 0.87554646875 0.682801515625 0.856287462890625
0 0.677734375 0.5966796875 0.208984375 0.189453125
0 0.6416015625 0.3935546875 0.162109375 0.154296875
1 0.7548828125 0.3046875 0.015625 0.009765625
0 0.6201171875 0.1484375 0.1328125 0.14453125
1 0.6376953125 0.064453125 0.041015625 0.03515625
1 0.5234375 0.03515625 0.013671875 0.017578125
1 0.490234375 0.1884765625 0.046875 0.02734375
1 0.41015625 0.11328125 0.037109375 0.025390625
0 0.2978515625 0.189453125 0.189453125 0.140625
0 0.3017578125 0.4140625 0.19921875 0.16015625
1 0.4599609375 0.484375 0.03515625 0.01953125
0 0.35546875 0.6416015625 0.162109375 0.15234375
1 0.4794921875 0.6103515625 0.017578125 0.01953125
1 0.4873046875 0.6767578125 0.02734375 0.021484375
1 0.3779296875 0.921875 0.046875 0.025390625
0 0.384765625 0.853515625 0.17578125 0.1328125
1 0.259765625 0.7099609375 0.02734375 0.025390625
1 0.5380859375 0.9208984375 0.05078125 0.0234375
1 0.53515625 0.9833984375 0.017578125 0.017578125
1 0.1318359375 0.294921875 0.02734375 0.01953125
1 0.2314453125 0.1015625 0.017578125 0.01953125