0 0.087890625 0.294921875 0.15625 0.1796875
1 0.2607421875 0.412109375 0.068359375 0.068359375
0 0.32421875 0.2822265625 0.17578125 0.25
1 0.447265625 0.361328125 0.01171875 0.01953125
0 0.5517578125 0.3369140625 0.146484375 0.1640625
1 0.5390625 0.43359375 0.044921875 0.044921875
0 0.7734375 0.3486328125 0.134765625 0.1875
1 0.947265625 0.294921875 0.10546875 0.16015625
0 0.96875 0.4091796875 0.0625 0.130859375
1 0.9296875 0.5654296875 0.140625 0.201171875
1 0.84765625 0.6728515625 0.021484375 0.01953125
1 0.9150390625 0.708984375 0.0234375 0.02734375
1 0.919921875 0.68359375 0.0234375 0.017578125
0 0.9541015625 0.716796875 0.06640625 0.126953125
1 0.736328125 0.6591796875 0.013671875 0.017578125
0 0.5244140625 0.6494140625 0.20703125 0.244140625
1 0.611328125 0.501953125 0.01953125 0.013671875
1 0.3896484375 0.50390625 0.01171875 0.013671875
1 0.3525390625 0.5009765625 0.048828125 0.0625
1 0.339876689453125 0.605820150390625 0.333022748046875 0.6198816796875 0.3338921875 0.619133052734375 0.344613587890625 0.6328822890625 0.356859453125 0.638722 0.37248271484375 0.62921227734375 0.375285517578125 0.613627578125 0.374861505859375 0.602096677734375 0.370401607421875 0.592973755859375 0.36308546875 0.58707778515625 0.35617991015625 0.584596029296875 0.34969464453125 0.585150705078125 0.34680565234375 0.59371712890625 0.339876689453125 0.605820150390625
0 0.2129483359375 0.59892698828125 0.207039099609375 0.64149619921875 0.200030763671875 0.67682712109375 0.216951298828125 0.708795099609375 0.24491779296875 0.742858455078125 0.281584064453125 0.76698789453125 0.317471224609375 0.759012443359375 0.356435400390625 0.7131543046875 0.36057191015625 0.681465640625 0.356974830078125 0.64570306640625 0.34510568359375 0.618616869140625 0.34302293359375 0.589051802734375 0.339680986328125 0.547127232421875 0.315240921875 0.55052325 0.290240470703125 0.55273607421875 0.251131646484375 0.54995937890625 0.235783294921875 0.557631115234375 0.2207788984375 0.57921610546875 0.2129483359375 0.59892698828125
1 0.041015625 0.5439453125 0.01171875 0.013671875
0 0.076171875 0.6181640625 0.15234375 0.162109375
1 0.1376953125 0.462890625 0.009765625 0.013671875
1 0.134765625 0.484375 0.009765625 0.01171875
0 0.789583982421875 0.622546822265625 0.7538757265625 0.603207294921875 0.751018048828125 0.604183078125 0.74553498046875 0.6362639609375 0.73828034765625 0.67017118359375 0.714717794921875 0.665834482421875 0.701994587890625 0.681709630859375 0.704708166015625 0.726622109375 0.735711197265625 0.743466646484375 0.793734736328125 0.722662970703125 0.807040673828125 0.69603656640625 0.80345859375 0.643739994140625 0.789583982421875 0.622546822265625