0 0.05078125 0.28515625 0.09375 0.15234375
1 0.03515625 0.3642578125 0.0078125 0.009765625
1 0.0546875 0.3779296875 0.013671875 0.015625
1 0.1640625 0.2607421875 0.021484375 0.029296875
1 0.2822265625 0.287109375 0.029296875 0.03125
1 0.2763671875 0.353515625 0.013671875 0.025390625
1 0.2685546875 0.3984375 0.0234375 0.021484375
0 0.2265625 0.28515625 0.099609375 0.146484375
1 0.169921875 0.3740234375 0.0625 0.07421875
1 0.10546875 0.400390625 0.076171875 0.09765625
0 0.060546875 0.5166015625 0.12109375 0.166015625
0 0.22265625 0.521484375 0.109375 0.138671875
1 0.28125 0.533203125 0.013671875 0.015625
1 0.3681640625 0.5068359375 0.0234375 0.0234375
1 0.3212890625 0.52734375 0.033203125 0.04296875
0 0.431640625 0.5419921875 0.11328125 0.138671875
1 0.3779296875 0.44140625 0.021484375 0.021484375
1 0.3681640625 0.3955078125 0.0078125 0.015625
1 0.388671875 0.396484375 0.025390625 0.0234375
1 0.5400390625 0.3974609375 0.01953125 0.02734375
1 0.478515625 0.4052734375 0.162109375 0.1015625
0 0.421875 0.28515625 0.1328125 0.146484375
1 0.5380859375 0.32421875 0.03515625 0.037109375
1 0.5556640625 0.51953125 0.01171875 0.021484375
1 0.509765625 0.515625 0.017578125 0.013671875
1 0.5712890625 0.521484375 0.029296875 0.0546875
1 0.5830078125 0.5439453125 0.0078125 0.01953125
0 0.6337890625 0.5341796875 0.103515625 0.138671875
1 0.7529296875 0.5546875 0.0078125 0.009765625
0 0.818359375 0.5625 0.12890625 0.154296875
1 0.6162109375 0.39453125 0.0234375 0.021484375
1 0.63671875 0.4248046875 0.060546875 0.015625
1 0.671875 0.443359375 0.013671875 0.009765625
1 0.6708984375 0.404296875 0.0078125 0.013671875
1 0.6953125 0.40234375 0.009765625 0.015625
1 0.720703125 0.404296875 0.041015625 0.0703125
1 0.744140625 0.4052734375 0.0078125 0.0078125
1 0.779296875 0.4111328125 0.013671875 0.015625
1 0.76953125 0.431640625 0.017578125 0.009765625
1 0.8984375 0.43359375 0.068359375 0.119140625
1 0.8427734375 0.447265625 0.099609375 0.09375
1 0.9140625 0.5556640625 0.01171875 0.013671875
0 0.9619140625 0.5693359375 0.076171875 0.125
1 0.9609375 0.412109375 0.013671875 0.013671875
1 0.927734375 0.4111328125 0.021484375 0.01953125
1 0.96484375 0.466796875 0.013671875 0.013671875
1 0.9609375 0.349609375 0.0703125 0.0703125
0 0.8330078125 0.298828125 0.130859375 0.16015625
0 0.6318359375 0.3037109375 0.1484375 0.16015625
1 0.15625 0.435546875 0.01171875 0.013671875
0 1 0.24154605078125 0.98850018359375 0.231611546875 0.95242387109375 0.275888666015625 0.9564981640625 0.315375759765625 0.9725411953125 0.3257006796875 0.9928462734375 0.344744810546875 0.9921711328125 0.37470119140625 1 0.3689425625 1 0.24154605078125