0 0.8779296875 0.66015625 0.142578125 0.12890625
1 0.921875 0.482421875 0.013671875 0.013671875
1 0.955078125 0.3203125 0.01171875 0.015625
1 0.9345703125 0.2958984375 0.01953125 0.0234375
1 0.970703125 0.3349609375 0.017578125 0.017578125
1 0.9658203125 0.361328125 0.005859375 0.013671875
1 0.9521484375 0.3447265625 0.013671875 0.015625
0 0.855569205078125 0.44947446875 0.869461275390625 0.45650140234375 0.89845826953125 0.4507102265625 0.942112939453125 0.426223486328125 0.95209015234375 0.400468390625 0.95026943359375 0.354585189453125 0.93818075 0.336806345703125 0.91983917578125 0.298075353515625 0.896363150390625 0.294143001953125 0.8500301015625 0.29089166015625 0.825598904296875 0.30571915234375 0.805917857421875 0.350353974609375 0.811130603515625 0.385856396484375 0.83373815234375 0.4193677578125 0.855569205078125 0.44947446875
1 0.7666015625 0.314453125 0.01171875 0.01953125
1 0.75390625 0.31640625 0.005859375 0.013671875
1 0.7509765625 0.3505859375 0.013671875 0.01953125
1 0.7353515625 0.34375 0.017578125 0.01953125
1 0.7412109375 0.380859375 0.013671875 0.009765625
1 0.751953125 0.39453125 0.009765625 0.013671875
1 0.7490234375 0.41015625 0.005859375 0.009765625
1 0.73828125 0.4140625 0.009765625 0.009765625
1 0.89453125 0.48046875 0.009765625 0.013671875
1 0.90625 0.513671875 0.0078125 0.0078125
1 0.896484375 0.5029296875 0.005859375 0.01171875
1 0.8740234375 0.5107421875 0.009765625 0.013671875
1 0.861328125 0.4921875 0.01171875 0.015625
1 0.90234375 0.564453125 0.005859375 0.013671875
1 0.783203125 0.603515625 0.009765625 0.009765625
1 0.7861328125 0.591796875 0.009765625 0.009765625
1 0.823923330078125 0.5578 0.8338533125 0.56325526953125 0.8595229453125 0.550403810546875 0.86089138671875 0.55091844921875 0.8541380546875 0.52821723828125 0.8436034921875 0.51818848828125 0.829586470703125 0.516052541015625 0.822700044921875 0.521078333984375 0.817045759765625 0.537859 0.823923330078125 0.5578
1 0.80738560546875 0.547205037109375 0.821246212890625 0.51928857421875 0.840687638671875 0.51784046875 0.858011205078125 0.5034646640625 0.85638694140625 0.498103392578125 0.8491904453125 0.488648953125 0.8210775703125 0.471453822265625 0.794444220703125 0.46316718359375 0.790795396484375 0.464046765625 0.785089705078125 0.47975740625 0.78515679296875 0.508510796875 0.785439125 0.534800765625 0.766149359375 0.548647326171875 0.764556537109375 0.575321208984375 0.777899736328125 0.573427345703125 0.80500883984375 0.5565755546875 0.80738560546875 0.547205037109375
1 0.760248501953125 0.570943251953125 0.76784266796875 0.5500053984375 0.7857378984375 0.534158462890625 0.794101033203125 0.5275660234375 0.79341908984375 0.517640935546875 0.7808884765625 0.50591069921875 0.771771875 0.49578682421875 0.7609922734375 0.495853734375 0.74327322265625 0.515948580078125 0.7456488125 0.55481445703125 0.760248501953125 0.570943251953125
0 0.677724267578125 0.69976696484375 0.697550125 0.75145404296875 0.707100484375 0.75238999609375 0.757596728515625 0.75182963671875 0.780797255859375 0.74068733984375 0.791579791015625 0.702066224609375 0.78759508203125 0.6563597265625 0.772316283203125 0.6208167109375 0.73418837890625 0.59778611328125 0.7047483359375 0.578160478515625 0.694371330078125 0.582059830078125 0.66100496484375 0.6345888515625 0.663319150390625 0.66602405859375 0.677724267578125 0.69976696484375
1 0.63671875 0.7412109375 0.013671875 0.013671875
1 0.5986328125 0.626953125 0.005859375 0.013671875
1 0.69140625 0.4912109375 0.013671875 0.021484375
1 0.67578125 0.5283203125 0.01953125 0.017578125
1 0.662109375 0.4814453125 0.005859375 0.009765625
1 0.6279296875 0.4814453125 0.009765625 0.009765625
1 0.6181640625 0.4765625 0.005859375 0.005859375
1 0.6064453125 0.48046875 0.005859375 0.013671875
1 0.6044921875 0.5009765625 0.00390625 0.009765625
1 0.6044921875 0.416015625 0.009765625 0.013671875
1 0.6474609375 0.3076171875 0.017578125 0.01953125
1 0.6396484375 0.3251953125 0.009765625 0.013671875
1 0.712890625 0.322265625 0.009765625 0.013671875
1 0.69921875 0.34375 0.005859375 0.009765625
1 0.6220703125 0.3505859375 0.005859375 0.009765625
1 0.5888671875 0.357421875 0.005859375 0.01171875
1 0.55078125 0.375 0.015625 0.015625
0 0.696907412109375 0.350814515625 0.692154978515625 0.318468783203125 0.6787818671875 0.2982408125 0.66763849609375 0.309520705078125 0.648809068359375 0.3255838828125 0.63229400390625 0.345887234375 0.632403755859375 0.3839813359375 0.634196888671875 0.4118279921875 0.658639107421875 0.4327563984375 0.682775296875 0.456517537109375 0.6825561328125 0.455826310546875 0.731575005859375 0.43491233203125 0.73128862890625 0.40732474609375 0.732281587890625 0.376584419921875 0.731284166015625 0.349068869140625 0.721186716796875 0.322907361328125 0.71058075 0.33242977734375 0.696907412109375 0.350814515625
1 0.43359375 0.3916015625 0.01171875 0.021484375
1 0.423828125 0.390625 0.005859375 0.013671875
1 0.4306640625 0.4287109375 0.005859375 0.013671875
1 0.451171875 0.3291015625 0.017578125 0.01953125
0 0.456137111328125 0.374353767578125 0.4271586171875 0.347284123046875 0.426742796875 0.362855498046875 0.4380932421875 0.38602601171875 0.43837266796875 0.411500005859375 0.443788375 0.43682866015625 0.44679305859375 0.477304822265625 0.48111225 0.484079017578125 0.49115616796875 0.4760015703125 0.523716857421875 0.461247546875 0.540770619140625 0.44356260546875 0.550657876953125 0.405435091796875 0.529305814453125 0.375611162109375 0.504725748046875 0.3544265078125 0.495704884765625 0.352325923828125 0.480390455078125 0.362338423828125 0.456137111328125 0.374353767578125
1 0.5751953125 0.626953125 0.005859375 0.005859375
1 0.560546875 0.6630859375 0.009765625 0.0078125
0 0.570537953125 0.64857762890625 0.574179181640625 0.63435186328125 0.56285716015625 0.615864578125 0.55550792578125 0.5993826015625 0.527386365234375 0.585066228515625 0.502840421875 0.578847791015625 0.4810573203125 0.600579515625 0.46938091796875 0.62145069140625 0.465622916015625 0.649703017578125 0.472566123046875 0.6952950390625 0.489401751953125 0.723280732421875 0.516480064453125 0.73567590625 0.51650754296875 0.7362573984375 0.545427900390625 0.737910259765625 0.551994662109375 0.730864326171875 0.570557490234375 0.7006955859375 0.569584162109375 0.677431521484375 0.55589747265625 0.666690666015625 0.570537953125 0.64857762890625
1 0.5439453125 0.5390625 0.013671875 0.013671875
1 0.576171875 0.5322265625 0.009765625 0.013671875
1 0.5712890625 0.5400390625 0.005859375 0.005859375
1 0.5595703125 0.537109375 0.005859375 0.0078125
1 0.5576171875 0.5029296875 0.01171875 0.017578125
1 0.5087890625 0.494140625 0.01953125 0.01953125
1 0.6015625 0.52734375 0.01171875 0.015625
1 0.6123046875 0.5322265625 0.01171875 0.015625
1 0.7236328125 0.5107421875 0.009765625 0.009765625
1 0.6376953125 0.521484375 0.009765625 0.013671875
1 0.491983119140625 0.50678916015625 0.490297857421875 0.534998724609375 0.505238798828125 0.56694040625 0.5219342421875 0.588089865234375 0.55443286328125 0.57399196484375 0.563978806640625 0.56607848046875 0.5610012109375 0.559144005859375 0.561593365234375 0.559375080078125 0.537254123046875 0.545789646484375 0.5183066171875 0.5306856328125 0.501494505859375 0.510189271484375 0.491983119140625 0.50678916015625
1 0.515625 0.51171875 0.0078125 0.015625
1 0.4423828125 0.544921875 0.009765625 0.009765625
1 0.4501953125 0.5478515625 0.009765625 0.013671875
1 0.407456951171875 0.617529556640625 0.418313240234375 0.628602375 0.429603998046875 0.618313435546875 0.43187134375 0.569981017578125 0.43613213671875 0.538713845703125 0.45139888671875 0.516264369140625 0.4605898984375 0.506822134765625 0.460681958984375 0.491358 0.455253142578125 0.482730427734375 0.414897884765625 0.4896351328125 0.387945841796875 0.4955553515625 0.3548801796875 0.49786752734375 0.34176882421875 0.501069671875 0.33907088671875 0.511992689453125 0.36214225390625 0.534738794921875 0.365895939453125 0.56800882421875 0.381203416015625 0.590214509765625 0.407456951171875 0.617529556640625
1 0.3310546875 0.51953125 0.025390625 0.048828125
1 0.3203125 0.5400390625 0.01171875 0.013671875
1 0.3154296875 0.5263671875 0.005859375 0.013671875
1 0.3056640625 0.5322265625 0.0078125 0.017578125
1 0.2998046875 0.513671875 0.005859375 0.01171875
1 0.3291015625 0.5517578125 0.017578125 0.01953125
1 0.2939453125 0.552734375 0.0078125 0.0078125
1 0.3662109375 0.640625 0.005859375 0.0078125
1 0.3935546875 0.62890625 0.005859375 0.0078125
1 0.3994140625 0.662109375 0.005859375 0.009765625
1 0.3876953125 0.658203125 0.005859375 0.013671875
1 0.41796875 0.7080078125 0.0078125 0.009765625
1 0.365234375 0.6875 0.013671875 0.021484375
1 0.267578125 0.673828125 0.009765625 0.01171875
1 0.25390625 0.7177734375 0.005859375 0.005859375
0 0.272407140625 0.678023439453125 0.257723609375 0.6737083046875 0.24794148828125 0.670985248046875 0.240612314453125 0.674210458984375 0.242581234375 0.687754966796875 0.26403226953125 0.709943068359375 0.25677428125 0.728527607421875 0.246006748046875 0.738038333984375 0.250133095703125 0.775188205078125 0.272144654296875 0.79008455078125 0.29962305859375 0.789099169921875 0.338143916015625 0.7620065625 0.3539510078125 0.7330490234375 0.360547376953125 0.70694725390625 0.358701564453125 0.69178123828125 0.345437927734375 0.685086998046875 0.33369611328125 0.655328876953125 0.323604974609375 0.63660280078125 0.301544814453125 0.63583591796875 0.2839906796875 0.646997921875 0.272407140625 0.678023439453125
1 0.2138671875 0.693359375 0.017578125 0.0234375
1 0.1982421875 0.5234375 0.021484375 0.02734375
1 0.2177734375 0.5517578125 0.01953125 0.01953125
1 0.2763671875 0.515625 0.005859375 0.013671875
1 0.23046875 0.4267578125 0.01171875 0.013671875
1 0.22265625 0.4384765625 0.009765625 0.013671875
1 0.330078125 0.40625 0.0078125 0.009765625
1 0.3544921875 0.3828125 0.009765625 0.013671875
1 0.359375 0.392578125 0.009765625 0.009765625
1 0.3896484375 0.376953125 0.01171875 0.013671875
1 0.4033203125 0.37109375 0.005859375 0.009765625
1 0.400390625 0.3408203125 0.005859375 0.009765625
1 0.365234375 0.3388671875 0.005859375 0.013671875
1 0.8857421875 0.060546875 0.173828125 0.12109375
1 0.439455328125 0.1260579453125 0.42255962109375 0.1296686484375 0.41353201171875 0.137928052734375 0.421334033203125 0.185358951171875 0.4375713125 0.22353450390625 0.441925857421875 0.26830790234375 0.424552224609375 0.30241621484375 0.41168552734375 0.317303205078125 0.42779405859375 0.3406101796875 0.436737607421875 0.33998478515625 0.4545351953125 0.32064584765625 0.468851888671875 0.3330841015625 0.489736712890625 0.3491017265625 0.517592875 0.350116861328125 0.52723337890625 0.328629025390625 0.52868290625 0.28618719140625 0.555336130859375 0.27849001953125 0.570022875 0.235857767578125 0.547649009765625 0.20954244921875 0.524046318359375 0.21320519140625 0.493056458984375 0.213674162109375 0.472591103515625 0.1812731484375 0.46991794140625 0.140042150390625 0.44371438671875 0.12647318359375 0.439455328125 0.1260579453125
1 0.419921875 0.2998046875 0.005859375 0.013671875
1 0.5341796875 0.2939453125 0.013671875 0.013671875
1 0.478515625 0.3466796875 0.009765625 0.013671875
1 0.328125 0.3564453125 0.01171875 0.021484375
0 0.28222331640625 0.5000184921875 0.31367257421875 0.49915180078125 0.332575822265625 0.496067447265625 0.3550995234375 0.4769851953125 0.35626469921875 0.465962072265625 0.336913890625 0.446864078125 0.324637701171875 0.42146719140625 0.31987471484375 0.38644031640625 0.308856326171875 0.370572724609375 0.290044560546875 0.37226484375 0.260473177734375 0.374590505859375 0.238836767578125 0.37587787109375 0.2348385859375 0.411081291015625 0.236108021484375 0.444466072265625 0.261575216796875 0.479662642578125 0.28222331640625 0.5000184921875
1 0.1875 0.41015625 0.015625 0.015625
1 0.1640625 0.431640625 0.01171875 0.013671875
1 0.1572265625 0.404296875 0.005859375 0.013671875
1 0.1396484375 0.4208984375 0.013671875 0.01953125
1 0.1318359375 0.45703125 0.013671875 0.021484375
1 0.0400390625 0.3681640625 0.009765625 0.013671875
0 0.115711275390625 0.398429583984375 0.09552255078125 0.3777404765625 0.07630055078125 0.360678994140625 0.06973906640625 0.350929373046875 0.070200876953125 0.3517652421875 0.04670995703125 0.370950376953125 0.034220349609375 0.38176730078125 0.022856595703125 0.39992414453125 0.022650759765625 0.420237591796875 0.028978890625 0.457241830078125 0.0431108984375 0.470452384765625 0.072955 0.485064990234375 0.103214595703125 0.47321294140625 0.114921212890625 0.44670502734375 0.118012806640625 0.4180671484375 0.115711275390625 0.398429583984375
1 0.0537109375 0.53515625 0.033203125 0.05078125
1 0.072265625 0.5361328125 0.005859375 0.009765625
1 0.06640625 0.5732421875 0.015625 0.017578125
1 0.052734375 0.572265625 0.017578125 0.017578125
1 0.0224609375 0.5517578125 0.0078125 0.01171875
1 0.107421875 0.560546875 0.013671875 0.013671875
1 0.154296875 0.55078125 0.078125 0.111328125
1 0.083984375 0.630859375 0.02734375 0.02734375
1 0.0244140625 0.59765625 0.04296875 0.0859375
1 0.0185546875 0.6494140625 0.009765625 0.013671875
0 0.17808184375 0.698412005859375 0.152212068359375 0.664965806640625 0.13338248828125 0.6516365625 0.1090925859375 0.637975076171875 0.089416962890625 0.651315837890625 0.076530248046875 0.683599673828125 0.071789689453125 0.711621673828125 0.07847894140625 0.735005177734375 0.100155705078125 0.760652154296875 0.11597739453125 0.771755439453125 0.152586443359375 0.769202537109375 0.168464345703125 0.74546265234375 0.175937419921875 0.720675890625 0.17808184375 0.698412005859375
1 0.031881140625 0.81643737890625 0.047741548828125 0.827640685546875 0.07829923828125 0.8066893671875 0.111044216796875 0.779652998046875 0.111141775390625 0.780065150390625 0.1160166875 0.769314388671875 0.10926466796875 0.763818181640625 0.09254709765625 0.7510402109375 0.075058154296875 0.725167875 0.06184626171875 0.703932484375 0.051821734375 0.705702052734375 0.03673387890625 0.71271941015625 0.0216081796875 0.734502177734375 0.02045750390625 0.777998748046875 0.031881140625 0.81643737890625