0 0.5341796875 0.939453125 0.193359375 0.12109375
1 0.408203125 0.8310546875 0.16015625 0.125
1 0.658203125 0.7900390625 0.0234375 0.0234375
1 0.5576171875 0.6884765625 0.03515625 0.0234375
1 0.6142578125 0.7197265625 0.017578125 0.01171875
1 0.4521484375 0.669921875 0.126953125 0.1328125
0 0.4675063046875 0.731968435546875 0.462690529296875 0.756743443359375 0.507432708984375 0.794255814453125 0.54779870703125 0.814828759765625 0.5979661796875 0.824127125 0.625631966796875 0.79722591796875 0.6492250625 0.774520158203125 0.6193480078125 0.73668430859375 0.613806884765625 0.6947266484375 0.592749345703125 0.68353694921875 0.573245029296875 0.702988115234375 0.518069673828125 0.69228337890625 0.4973068046875 0.701604140625 0.4675063046875 0.731968435546875
1 0.466796875 0.50390625 0.064453125 0.0546875
1 0.4375 0.5419921875 0.021484375 0.015625
1 0.427734375 0.5791015625 0.025390625 0.029296875
1 0.34765625 0.576171875 0.16015625 0.111328125
0 0.2939453125 0.484375 0.171875 0.12109375
1 0.314453125 0.4423828125 0.021484375 0.021484375
1 0.3212890625 0.419921875 0.017578125 0.015625
1 0.451171875 0.45703125 0.017578125 0.015625
1 0.5703125 0.447265625 0.056640625 0.046875
1 0.4794921875 0.4072265625 0.0546875 0.048828125
1 0.34765625 0.6806640625 0.025390625 0.021484375
0 0.22265625 0.7138671875 0.193359375 0.158203125
1 0.2744140625 0.6533203125 0.021484375 0.017578125
1 0.216796875 0.8369140625 0.19921875 0.130859375
0 0.20703125 0.91796875 0.14453125 0.09375
0 0.51100186328125 0.567662150390625 0.536399076171875 0.57711825390625 0.5799604296875 0.580663333984375 0.639689962890625 0.586922857421875 0.6422171640625 0.56802161328125 0.632197216796875 0.5284012578125 0.61051477734375 0.493231419921875 0.596651236328125 0.475453962890625 0.561823875 0.484364462890625 0.5160281484375 0.52626056640625 0.5092493125 0.5516884453125 0.51100186328125 0.567662150390625
1 0.59509217578125 0.4600486796875 0.606157298828125 0.50804278515625 0.63263300390625 0.54387490625 0.659268388671875 0.571224349609375 0.70252758203125 0.576213318359375 0.707253439453125 0.51590894140625 0.6608390234375 0.47069611328125 0.61346052734375 0.454216501953125 0.59509217578125 0.4600486796875
1 0.6884765625 0.4189453125 0.01953125 0.013671875
0 0.6123046875 0.3408203125 0.162109375 0.13671875
1 0.498046875 0.2490234375 0.044921875 0.041015625
1 0.4755859375 0.26171875 0.01953125 0.01953125
1 0.75390625 0.25390625 0.21875 0.193359375
1 0.7001953125 0.0947265625 0.021484375 0.021484375
0 0.659245658203125 0.182102337890625 0.684556080078125 0.171615052734375 0.72856966015625 0.132921029296875 0.703018125 0.1077737890625 0.689547912109375 0.080929234375 0.664469001953125 0.06416788671875 0.625366748046875 0.067536216796875 0.57618487890625 0.087300076171875 0.565828833984375 0.13892186328125 0.58922774609375 0.175345580078125 0.619242466796875 0.186680951171875 0.659245658203125 0.182102337890625
1 0.7431640625 0.1640625 0.013671875 0.013671875
1 0.7265625 0.15625 0.013671875 0.01171875
1 0.5966796875 0.029296875 0.068359375 0.05078125
1 0.5244140625 0.138671875 0.015625 0.015625
1 0.5048828125 0.1806640625 0.0234375 0.01953125
1 0.51953125 0.080078125 0.044921875 0.029296875
1 0.529296875 0.0341796875 0.064453125 0.041015625
0 0.37109375 0.056640625 0.15234375 0.11328125
0 0.34375 0.2578125 0.15234375 0.123046875
1 0.31640625 0.1435546875 0.015625 0.0078125
1 0.4814453125 0.0537109375 0.013671875 0.01171875
1 0.494140625 0.111328125 0.013671875 0.01171875
1 0.548828125 0.2607421875 0.02734375 0.013671875
1 0.400390625 0.3505859375 0.017578125 0.015625
1 0.5185546875 0.0029296875 0.017578125 0.005859375
1 0.3583984375 0.9716796875 0.0234375 0.01953125
1 0.3681640625 0.9609375 0.013671875 0.01171875
1 0.3916015625 0.8857421875 0.017578125 0.01953125