0 0.9541015625 0.2880859375 0.091796875 0.140625
1 0.9619140625 0.400390625 0.056640625 0.0498046875
1 0.966796875 0.453125 0.0234375 0.029296875
1 0.947265625 0.439453125 0.015625 0.025390625
1 0.9892578125 0.509765625 0.021484375 0.046875
1 0.9072265625 0.451171875 0.0703125 0.0595703125
1 0.791015625 0.423828125 0.0126953125 0.017578125
1 0.738172744140625 0.45590656640625 0.76565729296875 0.47965925390625 0.784360533203125 0.503890748046875 0.81779100390625 0.5136684296875 0.818709439453125 0.51450720703125 0.816441126953125 0.46337115625 0.80188052734375 0.448605599609375 0.74493892578125 0.441504423828125 0.738172744140625 0.45590656640625
1 0.80342029296875 0.396506765625 0.7983889296875 0.41128093359375 0.81711412890625 0.472230833984375 0.84821428515625 0.506613755859375 0.84716796875 0.51572144921875 0.874452298828125 0.4830488046875 0.87450267578125 0.45167651953125 0.844136232421875 0.413178943359375 0.80342029296875 0.396506765625
0 1 0.56752059765625 0.98947741015625 0.549921806640625 0.953743748046875 0.51456404296875 0.915948455078125 0.56736558984375 0.92945240234375 0.58559819921875 0.95882807421875 0.59964554296875 0.993055556640625 0.63315696484375 1 0.60730303515625 1 0.56752059765625
1 0.94051752734375 0.65525966015625 0.95706354296875 0.645326966796875 0.95598105859375 0.60302131640625 0.924935154296875 0.58469053125 0.901593244140625 0.6085035 0.93872974609375 0.65504953515625 0.94051752734375 0.65525966015625
1 0.89429615234375 0.598996224609375 0.908519603515625 0.58221381640625 0.92874710546875 0.55293588671875 0.942492611328125 0.511620576171875 0.928911158203125 0.482346091796875 0.88697580859375 0.487289185546875 0.85248868359375 0.50254905078125 0.7971979375 0.512624697265625 0.79670578125 0.57259803515625 0.824212291015625 0.595114087890625 0.857733185546875 0.60674327734375 0.892195767578125 0.60229276953125 0.89429615234375 0.598996224609375
1 0.8525390625 0.658203125 0.1123046875 0.107421875
1 0.767578125 0.515625 0.044921875 0.052734375
1 0.6875 0.443359375 0.056640625 0.037109375
1 0.8212890625 0.25 0.0234375 0.03125
0 0.78672055859375 0.24816916015625 0.76089461328125 0.22553943359375 0.723721943359375 0.23985890625 0.715475416015625 0.27152398828125 0.7195121328125 0.3362940234375 0.763317935546875 0.332935474609375 0.77612433984375 0.374779541015625 0.81179212109375 0.349748884765625 0.82853965234375 0.31575865234375 0.82889358984375 0.27751770703125 0.78672055859375 0.24816916015625
1 0.714568607421875 0.329296185546875 0.66974748828125 0.27995825 0.660908048828125 0.3064305 0.66845832421875 0.36104049609375 0.68391798046875 0.41416583984375 0.7109788359375 0.42460317578125 0.769280650390625 0.372103037109375 0.767603958984375 0.3380973046875 0.754346736328125 0.3321776484375 0.714568607421875 0.329296185546875
1 0.56917834375 0.27563347265625 0.5972093046875 0.2842210234375 0.605033431640625 0.30944113671875 0.60930524609375 0.350033068359375 0.58946268359375 0.368425857421875 0.59804506640625 0.387643642578125 0.631626673828125 0.39187024609375 0.65592964453125 0.353837701171875 0.669642857421875 0.273967978515625 0.64538897265625 0.23786961328125 0.586000794921875 0.205923791015625 0.563751705078125 0.23820030078125 0.56917834375 0.27563347265625
0 0.491803849609375 0.314310171875 0.502393611328125 0.378398162109375 0.5415485546875 0.38832401171875 0.5795562578125 0.370335923828125 0.60989557421875 0.343011119140625 0.601390697265625 0.30696614453125 0.585232205078125 0.27576609375 0.553943451171875 0.253289654296875 0.50111736328125 0.255475294921875 0.491803849609375 0.314310171875
1 0.494140625 0.4169921875 0.064453125 0.068359375
1 0.419921875 0.3896484375 0.03125 0.046875
1 0.431640625 0.33984375 0.0126953125 0.0126953125
1 0.41471483203125 0.410108025390625 0.38920278515625 0.445718970703125 0.39795696875 0.50323626171875 0.459705169921875 0.53421930078125 0.469915158203125 0.513458306640625 0.475509724609375 0.473932498046875 0.468082166015625 0.445779251953125 0.447693193359375 0.41487888671875 0.41471483203125 0.410108025390625
1 0.51238529296875 0.462432484375 0.52165359375 0.475138130859375 0.582436859375 0.496522611328125 0.63558201171875 0.498677248046875 0.63256965234375 0.428199404296875 0.620026765625 0.3970889140625 0.5789103828125 0.374612474609375 0.546186498046875 0.39137076953125 0.51238529296875 0.462432484375
0 0.513582744140625 0.53715587890625 0.508874318359375 0.576471560546875 0.504244689453125 0.64105902734375 0.517686630859375 0.646722056640625 0.573292853515625 0.645065298828125 0.57410766015625 0.640032517578125 0.6058407734375 0.587485876953125 0.57718719140625 0.545827822265625 0.558286314453125 0.496026580078125 0.536715392578125 0.5074818125 0.513582744140625 0.53715587890625
1 0.521484375 0.7021484375 0.068359375 0.087890625
1 0.64144913671875 0.44438071875 0.616668216796875 0.45008508203125 0.634759166015625 0.498368951171875 0.615021236328125 0.49978815234375 0.5797590625 0.51027887890625 0.57617575 0.528606220703125 0.580468232421875 0.560794890625 0.5999439375 0.59540516015625 0.578296802734375 0.6132020234375 0.546652818359375 0.64478787890625 0.55057327734375 0.667770681640625 0.595238095703125 0.68674733984375 0.596106150390625 0.721876033203125 0.573438533203125 0.813132095703125 0.581408626953125 0.85240644140625 0.609723771484375 0.894448578125 0.641624814453125 0.901875275390625 0.667667771484375 0.902894896484375 0.682313626953125 0.83487998828125 0.75190274609375 0.81769972265625 0.777391544921875 0.7047216015625 0.7864260390625 0.68919994140625 0.79703776171875 0.636546517578125 0.79718889453125 0.56998008984375 0.78076042578125 0.56190407421875 0.76341481640625 0.57102382421875 0.736749236328125 0.557133212890625 0.72868355078125 0.494274966796875 0.682552599609375 0.48655547265625 0.64144913671875 0.44438071875
1 0.4990234375 0.6171875 0.009765625 0.0185546875
1 0.490234375 0.6142578125 0.0107421875 0.0126953125
1 0.494140625 0.583984375 0.009765625 0.0185546875
1 0.498046875 0.5380859375 0.0078125 0.009765625
1 0.4453125 0.611328125 0.009765625 0.025390625
1 0.408203125 0.6376953125 0.0126953125 0.0205078125
1 0.416015625 0.6162109375 0.0126953125 0.015625
1 0.419921875 0.6005859375 0.0107421875 0.015625
1 0.427734375 0.5771484375 0.009765625 0.0126953125
1 0.416015625 0.580078125 0.009765625 0.025390625
1 0.388671875 0.587890625 0.009765625 0.015625
1 0.353515625 0.638671875 0.009765625 0.009765625
1 0.345703125 0.6533203125 0.009765625 0.0185546875
1 0.3291015625 0.666015625 0.015625 0.0205078125
1 0.3291015625 0.4462890625 0.046875 0.0361328125
1 0.2998046875 0.4130859375 0.052734375 0.0439453125
0 0.3515625 0.3291015625 0.1015625 0.1201171875
1 0.2734375 0.337890625 0.048828125 0.0908203125
1 0.28515625 0.4873046875 0.0185546875 0.021484375
1 0.240234375 0.4423828125 0.0595703125 0.0625
1 0.3466796875 0.4736328125 0.009765625 0.0126953125
0 0.400314412109375 0.60987619921875 0.38170676171875 0.590024595703125 0.404800658203125 0.56116863671875 0.3654410546875 0.51973620703125 0.306709087890625 0.535123525390625 0.300440228515625 0.58025724609375 0.31632874609375 0.61496913671875 0.314389830078125 0.651911443359375 0.35008473828125 0.635938533203125 0.37191142578125 0.63966910546875 0.400314412109375 0.60987619921875
1 0.29296875 0.599609375 0.025390625 0.033203125
1 0.314453125 0.6181640625 0.009765625 0.015625
1 0.298828125 0.630859375 0.0107421875 0.017578125
1 0.29296875 0.669921875 0.017578125 0.0283203125
1 0.2822265625 0.6474609375 0.0107421875 0.0126953125
1 0.291015625 0.697265625 0.015625 0.021484375
1 0.24609375 0.62109375 0.052734375 0.0283203125
1 0.2490234375 0.5634765625 0.0625 0.0966796875
1 0.212890625 0.5693359375 0.021484375 0.0830078125
1 0.17578125 0.7265625 0.0341796875 0.03125
0 0.19544555078125 0.59398423828125 0.1806937734375 0.550733025390625 0.142237103515625 0.53336674609375 0.11735413671875 0.53528542578125 0.09972821484375 0.588169642578125 0.113866412109375 0.650733369140625 0.15140981640625 0.661034638671875 0.178478423828125 0.6669508515625 0.204849486328125 0.63317074609375 0.19544555078125 0.59398423828125
1 0.134765625 0.5009765625 0.029296875 0.0390625
1 0.121066623046875 0.45734126953125 0.15225978515625 0.49119716015625 0.160108455078125 0.4897572890625 0.18570059375 0.46760292578125 0.174454623046875 0.43364025390625 0.134198546875 0.40836674609375 0.122377748046875 0.419517126953125 0.121066623046875 0.45734126953125
1 0.0703125 0.435546875 0.041015625 0.056640625
1 0.0439453125 0.4619140625 0.0107421875 0.015625
1 0.2060546875 0.27734375 0.025390625 0.029296875
0 0.1488805703125 0.245356591796875 0.09972046484375 0.23674665234375 0.07909898046875 0.28374221484375 0.074872375 0.331767732421875 0.096631892578125 0.3955491484375 0.131337322265625 0.39559565234375 0.163011015625 0.38775731640625 0.20015655859375 0.370174025390625 0.207779173828125 0.313168265625 0.194771255859375 0.28601397265625 0.1488805703125 0.245356591796875
1 0.0654296875 0.5849609375 0.025390625 0.0263671875
1 0.0068359375 0.494140625 0.013671875 0.0576171875
1 0.0849609375 0.642578125 0.0185546875 0.0263671875
1 0.0546875 0.650390625 0.017578125 0.0283203125
1 0.037109375 0.642578125 0.0126953125 0.0185546875
1 0.01171875 0.640625 0.0234375 0.025390625
1 0.0244140625 0.6279296875 0.0107421875 0.0126953125
1 0.04296875 0.607421875 0.0283203125 0.0283203125
1 0.2197265625 0.65625 0.0078125 0.0126953125