1 0.9541015625 0.544921875 0.01953125 0.029296875
1 0.9853515625 0.4306640625 0.021484375 0.0234375
1 0.9443359375 0.3974609375 0.0546875 0.0625
1 0.9228515625 0.439453125 0.017578125 0.033203125
1 0.9033203125 0.4375 0.015625 0.01953125
0 0.9287109375 0.3095703125 0.11328125 0.142578125
1 0.7939453125 0.4697265625 0.021484375 0.02734375
1 0.841796875 0.4794921875 0.015625 0.017578125
1 0.76171875 0.4677734375 0.0078125 0.013671875
1 0.7568359375 0.44921875 0.013671875 0.01171875
1 0.751953125 0.5244140625 0.0390625 0.02734375
1 0.640625 0.5 0.01171875 0.01171875
1 0.647474494140625 0.47871203125 0.651069484375 0.50509920703125 0.67305965234375 0.50710298046875 0.725185841796875 0.516249640625 0.73166513671875 0.47736058203125 0.73960324609375 0.446067072265625 0.732982357421875 0.43371659765625 0.734789224609375 0.43410792578125 0.6967974765625 0.4151933515625 0.66234815234375 0.41832867578125 0.647820240234375 0.4344671328125 0.647474494140625 0.47871203125
0 0.720685775390625 0.417059064453125 0.75008837890625 0.433592671875 0.76901287109375 0.445321896484375 0.79408852734375 0.455264822265625 0.819679626953125 0.447518357421875 0.846443298828125 0.429394169921875 0.873260513671875 0.39603002734375 0.871887703125 0.363429240234375 0.865381083984375 0.3226919140625 0.856017271484375 0.28511634765625 0.83803229296875 0.2505194921875 0.797403099609375 0.218658083984375 0.7988366640625 0.217451318359375 0.769595884765625 0.232763408203125 0.736231041015625 0.2534537109375 0.686600201171875 0.292506021484375 0.686434626953125 0.347722931640625 0.69884630859375 0.39470565625 0.720685775390625 0.417059064453125
0 0.75928466015625 0.583053953125 0.744399896484375 0.61912403125 0.747920369140625 0.6717305703125 0.76257524609375 0.70681109375 0.77773659375 0.73992638671875 0.80591157421875 0.782930119140625 0.855134302734375 0.75814490625 0.874836052734375 0.7223509609375 0.8947598984375 0.68166805078125 0.887820908203125 0.638206939453125 0.87260688671875 0.61367359765625 0.842697775390625 0.606335328125 0.81952408203125 0.6049970546875 0.810316814453125 0.5789864296875 0.779585607421875 0.569650498046875 0.75928466015625 0.583053953125
1 0.8232421875 0.59375 0.017578125 0.025390625
1 0.728515625 0.6455078125 0.015625 0.01953125
1 0.724020826171875 0.652075560546875 0.72305166796875 0.62629159375 0.7148729765625 0.616175853515625 0.701891853515625 0.599854546875 0.672876958984375 0.577020771484375 0.644480658203125 0.57018124609375 0.642808986328125 0.614328990234375 0.63664182421875 0.65397250390625 0.632519203125 0.69413916796875 0.622779384765625 0.726470296875 0.6181617109375 0.75619967578125 0.617704083984375 0.79018127734375 0.632210529296875 0.8016235234375 0.664049216796875 0.803608494140625 0.707107232421875 0.802399181640625 0.762398828125 0.791716935546875 0.769274134765625 0.78733303125 0.773224892578125 0.751707375 0.7666877265625 0.71297101171875 0.74987978515625 0.687482462890625 0.724020826171875 0.652075560546875
0 0.540340126953125 0.73886339453125 0.61745546484375 0.777357876953125 0.620971791015625 0.77847772265625 0.618074376953125 0.739121994140625 0.6316852265625 0.701449951171875 0.640345580078125 0.655711271484375 0.642148931640625 0.61535921484375 0.62820216796875 0.5994623359375 0.59068976953125 0.57591136328125 0.56374665625 0.581936396484375 0.542627212890625 0.63300026171875 0.53489904296875 0.65172594921875 0.5302673671875 0.70481032421875 0.540340126953125 0.73886339453125
1 0.5205078125 0.60546875 0.044921875 0.05859375
1 0.609002142578125 0.438946939453125 0.5939109921875 0.44064521875 0.600085099609375 0.4660316171875 0.61193969921875 0.480147595703125 0.626771720703125 0.48347392578125 0.63263880859375 0.47227816015625 0.6323803203125 0.472490154296875 0.624064482421875 0.451142423828125 0.609002142578125 0.438946939453125
1 0.63157262890625 0.508074111328125 0.630037349609375 0.488267533203125 0.608801708984375 0.4729115234375 0.59530471484375 0.47269868359375 0.59501547265625 0.49779857421875 0.6136703125 0.515192197265625 0.63157262890625 0.508074111328125
1 0.5994056171875 0.508737212890625 0.59402692578125 0.462827087890625 0.58756746484375 0.455170794921875 0.535262064453125 0.450475732421875 0.491209087890625 0.46150733203125 0.47608320703125 0.474291314453125 0.4852805546875 0.506227251953125 0.509024216796875 0.534407404296875 0.5301988125 0.559993619140625 0.548374455078125 0.5695409609375 0.584256767578125 0.565371138671875 0.602134546875 0.55044896875 0.5993046953125 0.51003323046875 0.5994056171875 0.508737212890625
1 0.4609375 0.5234375 0.021484375 0.0234375
0 0.5302734375 0.365234375 0.154296875 0.1875
1 0.458984375 0.3896484375 0.01171875 0.017578125
1 0.3837890625 0.3583984375 0.013671875 0.017578125
1 0.400390625 0.525390625 0.015625 0.01953125
1 0.3564453125 0.5322265625 0.029296875 0.03125
1 0.337890625 0.5400390625 0.017578125 0.0234375
1 0.4076127734375 0.532662150390625 0.3728010703125 0.53646758203125 0.3646985078125 0.55514674609375 0.390998921875 0.57431476171875 0.39084728125 0.61765753125 0.3995413203125 0.642281048828125 0.426431787109375 0.66389328125 0.44768886328125 0.66364164453125 0.454529181640625 0.629827443359375 0.4510776953125 0.582157658203125 0.44243103125 0.531789931640625 0.42998190234375 0.514251162109375 0.4076127734375 0.532662150390625
1 0.343150365234375 0.57931583203125 0.3215166953125 0.582985857421875 0.3222413046875 0.615392505859375 0.354427455078125 0.6424505 0.371255345703125 0.6509749921875 0.393467755859375 0.649260302734375 0.4278256640625 0.63205330859375 0.44361505078125 0.61805947265625 0.433767544921875 0.605805921875 0.400110390625 0.599634451171875 0.381541509765625 0.587855248046875 0.343150365234375 0.57931583203125
1 0.4296875 0.673828125 0.009765625 0.01171875
1 0.3017578125 0.71484375 0.01171875 0.01171875
0 0.432548458984375 0.771987765625 0.440050810546875 0.741232056640625 0.434601783203125 0.702887154296875 0.416566017578125 0.66753912109375 0.395677595703125 0.652101265625 0.351384328125 0.647287205078125 0.3226432734375 0.648427150390625 0.300940771484375 0.693671658203125 0.307958421875 0.720781376953125 0.3183968671875 0.76638391015625 0.33709860546875 0.806461314453125 0.41092276953125 0.80678940234375 0.432548458984375 0.771987765625
0 0.13788734375 0.841904396484375 0.1859045859375 0.82048710546875 0.207113763671875 0.737037802734375 0.184713451171875 0.707073953125 0.16720604296875 0.68744934765625 0.13309213671875 0.67947584765625 0.099872849609375 0.6879013125 0.086159525390625 0.71567398046875 0.055847408203125 0.750845916015625 0.0737773359375 0.783083376953125 0.101581921875 0.82023090234375 0.137262302734375 0.843954125 0.13788734375 0.841904396484375
1 0.0791015625 0.6943359375 0.01171875 0.015625
1 0.07421875 0.7138671875 0.01171875 0.017578125
1 0.0439453125 0.7373046875 0.017578125 0.017578125
1 0.205078125 0.7138671875 0.01953125 0.033203125
1 0.226789998046875 0.71880873828125 0.25344140625 0.71542315234375 0.25378951953125 0.717092619140625 0.2456077890625 0.672084294921875 0.222066375 0.636386466796875 0.212954724609375 0.60261922265625 0.196401138671875 0.607620658203125 0.189944701171875 0.63885724609375 0.16470099609375 0.6599071796875 0.144830876953125 0.66858887109375 0.17114310546875 0.691859876953125 0.187632353515625 0.704973166015625 0.205921384765625 0.697785080078125 0.226789998046875 0.71880873828125
0 0.35802427734375 0.464516251953125 0.382278927734375 0.4175964453125 0.375429185546875 0.3854071015625 0.34375463671875 0.328139330078125 0.31651740625 0.3097865078125 0.283087435546875 0.323330654296875 0.25729180859375 0.36523533984375 0.2457970078125 0.39331191015625 0.235796052734375 0.43565612890625 0.247418509765625 0.459165423828125 0.281386783203125 0.486141662109375 0.314597375 0.50943454296875 0.35802427734375 0.464516251953125
1 0.3076171875 0.5615234375 0.015625 0.015625
1 0.3037109375 0.5205078125 0.015625 0.01953125
1 0.2646484375 0.552734375 0.015625 0.013671875
1 0.14453125 0.572265625 0.013671875 0.013671875
1 0.1259765625 0.5703125 0.013671875 0.013671875
1 0.19690012109375 0.397072388671875 0.154452087890625 0.348881462890625 0.076852564453125 0.34185691015625 0.050601228515625 0.35237027734375 0.06351815625 0.397954505859375 0.0822066015625 0.46709548828125 0.09658575390625 0.51556357421875 0.13142541796875 0.5366786640625 0.150687193359375 0.57211832421875 0.118168970703125 0.634750140625 0.12865353515625 0.647076779296875 0.1666415859375 0.664507849609375 0.19012432421875 0.64491766796875 0.20054463671875 0.5982968125 0.22641643359375 0.56369108984375 0.26113669921875 0.544843923828125 0.278300359375 0.50964191796875 0.238604525390625 0.46240342578125 0.19690012109375 0.397072388671875
0 0 0.481005400390625 0.013453716796875 0.504842322265625 0.085519056640625 0.5283318984375 0.078135919921875 0.457443787109375 0.06851645703125 0.414044150390625 0.047674486328125 0.376050712890625 0 0.378518234375 0 0.481005400390625
1 0.0712890625 0.5576171875 0.01953125 0.015625
1 0.085245453125 0.599664525390625 0.078606037109375 0.569859279296875 0.057657291015625 0.55422771484375 0.03483465625 0.545712404296875 0.00211544140625 0.550015552734375 0.0040295234375 0.5636349609375 0.0117441640625 0.618527478515625 0.015997005859375 0.623960876953125 0.05719217578125 0.61852891015625 0.085245453125 0.599664525390625
0 0.98046875 0.6005859375 0.0390625 0.146484375
1 0.8876953125 0.447265625 0.0078125 0.013671875