0 0.6142578125 0.92578125 0.125 0.115234375
1 0.5185546875 0.9853515625 0.03125 0.029296875
1 0.5244140625 0.9111328125 0.0234375 0.029296875
0 0.3359375 0.9345703125 0.203125 0.130859375
1 0.3974609375 0.751953125 0.017578125 0.015625
1 0.3349609375 0.6669921875 0.013671875 0.015625
1 0.3056640625 0.6484375 0.013671875 0.009765625
0 0.29109826953125 0.8451855546875 0.3608246328125 0.835615642578125 0.396076880859375 0.814872595703125 0.397741291015625 0.78397237890625 0.376836240234375 0.733083685546875 0.380802861328125 0.682800546875 0.3807630234375 0.68326894921875 0.32527226171875 0.6870735078125 0.283334986328125 0.6531689296875 0.233441560546875 0.6783886796875 0.207733720703125 0.765530330078125 0.232835658203125 0.82466517578125 0.29109826953125 0.8451855546875
1 0.4658203125 0.7841796875 0.013671875 0.021484375
1 0.450037705078125 0.75284922265625 0.463295345703125 0.770848658203125 0.470294017578125 0.7752491484375 0.474516654296875 0.805302990234375 0.47610021875 0.8154544765625 0.486138234375 0.81832299609375 0.5095931796875 0.7937617421875 0.525337830078125 0.772944828125 0.52609259375 0.773778142578125 0.522087275390625 0.749114916015625 0.5110578671875 0.73548437890625 0.49393648828125 0.731275751953125 0.46358913671875 0.730635123046875 0.43897639453125 0.73501628125 0.450037705078125 0.75284922265625
0 0.51220027734375 0.699760939453125 0.500666 0.71747872265625 0.499003619140625 0.726302681640625 0.500903212890625 0.7316802890625 0.517033375 0.749249390625 0.528006123046875 0.7788227109375 0.551198900390625 0.797934927734375 0.583749732421875 0.806019810546875 0.6068981171875 0.8004423125 0.65156629296875 0.77413005859375 0.6495005078125 0.7388590703125 0.645411634765625 0.7279207421875 0.658075927734375 0.709143197265625 0.613202076171875 0.686771201171875 0.561026248046875 0.678952423828125 0.54165381640625 0.679499564453125 0.51220027734375 0.699760939453125
1 0.6025390625 0.6259765625 0.015625 0.015625
1 0.599609375 0.646484375 0.01171875 0.009765625
1 0.46484375 0.61328125 0.02734375 0.0234375
1 0.514908853515625 0.688761552734375 0.539056361328125 0.62155189453125 0.538240091796875 0.622240267578125 0.513446693359375 0.619649755859375 0.4704221171875 0.629730515625 0.4247986171875 0.645277955078125 0.392798072265625 0.66213697265625 0.380715197265625 0.678440193359375 0.38897130078125 0.692067578125 0.44310854296875 0.69870334375 0.48854685546875 0.7033728828125 0.514908853515625 0.688761552734375
1 0.49068447265625 0.59403274609375 0.52263958203125 0.55638028515625 0.522114048828125 0.5563272421875 0.5143450703125 0.5205040078125 0.480092921875 0.505825953125 0.437098763671875 0.4967219296875 0.402600005859375 0.501296130859375 0.38833753515625 0.5097355234375 0.4012828125 0.5426226953125 0.4319986015625 0.573537267578125 0.467927626953125 0.595931646484375 0.49068447265625 0.59403274609375
1 0.572265625 0.564453125 0.013671875 0.01171875
1 0.5625 0.544921875 0.013671875 0.009765625
1 0.46875 0.474609375 0.056640625 0.037109375
1 0.4609375 0.42578125 0.01171875 0.009765625
1 0.4423828125 0.4326171875 0.013671875 0.013671875
1 0.44921875 0.3974609375 0.005859375 0.0078125
1 0.4609375 0.388671875 0.015625 0.01171875
1 0.560546875 0.4130859375 0.046875 0.046875
0 0.54775192578125 0.53439514453125 0.556162185546875 0.539929548828125 0.569726498046875 0.549152533203125 0.5903370703125 0.5520736328125 0.635776673828125 0.55372699609375 0.659592541015625 0.54185775 0.660561822265625 0.52393216015625 0.6671916875 0.502267330078125 0.664360046875 0.472125193359375 0.642576314453125 0.452209326171875 0.620047345703125 0.428439919921875 0.6035141328125 0.4264469296875 0.575180392578125 0.432299802734375 0.551706244140625 0.432744087890625 0.517344677734375 0.445879515625 0.51428962109375 0.4718988125 0.533251673828125 0.4998265234375 0.54775192578125 0.53439514453125
1 0.595703125 0.3642578125 0.015625 0.01171875
1 0.572265625 0.330078125 0.013671875 0.01171875
1 0.5859375 0.3056640625 0.01953125 0.013671875
1 0.48710640625 0.31907648046875 0.45556828515625 0.29239730859375 0.43354996875 0.285536060546875 0.39684245703125 0.300165310546875 0.392802568359375 0.313843115234375 0.420039880859375 0.33834819921875 0.43703951953125 0.349494541015625 0.426636654296875 0.376798951171875 0.42164193359375 0.405061330078125 0.434235837890625 0.4082305234375 0.451976744140625 0.388139302734375 0.482504517578125 0.37768667578125 0.53620177734375 0.364362783203125 0.56660940234375 0.359334755859375 0.568123623046875 0.35503230859375 0.539797962890625 0.33710451953125 0.50645282421875 0.327201439453125 0.48710640625 0.31907648046875
1 0.466389294921875 0.20211940234375 0.440018244140625 0.220382044921875 0.41050016015625 0.23137212109375 0.381675837890625 0.2477215078125 0.385032404296875 0.259061306640625 0.410306322265625 0.26863222265625 0.442542712890625 0.26578741015625 0.454196453125 0.287529890625 0.484049923828125 0.293628291015625 0.513166201171875 0.28397853515625 0.507844755859375 0.2561327578125 0.528043677734375 0.24090183203125 0.506960177734375 0.202165384765625 0.4850345546875 0.18613053515625 0.466389294921875 0.20211940234375
1 0.44140625 0.2705078125 0.009765625 0.01171875
1 0.435546875 0.2119140625 0.029296875 0.01953125
0 0.553767712890625 0.27896498046875 0.6074485 0.2967944921875 0.65079388671875 0.26037684765625 0.641897337890625 0.244250443359375 0.63243359375 0.2141453046875 0.63593525390625 0.19574926171875 0.5957272109375 0.181847845703125 0.562627400390625 0.18178608984375 0.52867824609375 0.210945658203125 0.519080126953125 0.234600521484375 0.509042673828125 0.260653443359375 0.553767712890625 0.27896498046875
1 0.5703125 0.1806640625 0.01953125 0.005859375
1 0.5869140625 0.1611328125 0.015625 0.013671875
1 0.5537109375 0.1494140625 0.0546875 0.0390625
1 0.595703125 0.1337890625 0.0234375 0.0234375
1 0.6181640625 0.1240234375 0.01171875 0.009765625
1 0.6181640625 0.0830078125 0.015625 0.015625
0 0.546875 0.0478515625 0.125 0.095703125
1 0.43359375 0.0087890625 0.015625 0.009765625
0 0.408203125 0.052734375 0.06640625 0.076171875
1 0.4375 0.0947265625 0.005859375 0.009765625
1 0.4326171875 0.1181640625 0.00390625 0.009765625
1 0.4443359375 0.1474609375 0.021484375 0.01953125
1 0.4267578125 0.181640625 0.0078125 0.005859375
1 0.333984375 0.185546875 0.015625 0.013671875
1 0.3388671875 0.2548828125 0.013671875 0.009765625
0 0.328791634765625 0.22862062890625 0.33625744921875 0.202266046875 0.324267267578125 0.190874369140625 0.26405040234375 0.195462646484375 0.2262954296875 0.21505351171875 0.2141948359375 0.2324469375 0.219796119140625 0.28247191015625 0.252976296875 0.305237623046875 0.29732171484375 0.307528734375 0.34710233984375 0.29486917578125 0.347345515625 0.294049662109375 0.34316075 0.2689340546875 0.336131419921875 0.258304662109375 0.3326762109375 0.25162503125 0.344726193359375 0.24883851171875 0.328791634765625 0.22862062890625
0 0.359676966796875 0.4501485234375 0.330303994140625 0.430965412109375 0.30994905859375 0.4242143828125 0.278678806640625 0.427249412109375 0.219247513671875 0.4603956484375 0.195628216796875 0.5033138671875 0.202201443359375 0.533989720703125 0.250169873046875 0.56385433984375 0.308360734375 0.57564164453125 0.3367780234375 0.574124287109375 0.392509927734375 0.554311138671875 0.37745784765625 0.5274117578125 0.37103852734375 0.508633802734375 0.3803673828125 0.487972939453125 0.377994345703125 0.4682630859375 0.359676966796875 0.4501485234375
1 0.388671875 0.4990234375 0.02734375 0.017578125
0 0.2587890625 0.05078125 0.16796875 0.0859375
1 0.2646484375 0.0986328125 0.013671875 0.01171875
1 0.5078125 0.603515625 0.009765625 0.005859375
1 0.9658203125 0.4794921875 0.046875 0.0625
1 0.9208984375 0.2314453125 0.029296875 0.0234375
1 0.9267578125 0.111328125 0.01171875 0.009765625
1 0.716796875 0.0869140625 0.05859375 0.046875