1 0.5859375 0.890625 0.037109375 0.01953125
0 0.640625 0.8134765625 0.16796875 0.138671875
0 0.6435546875 0.6396484375 0.154296875 0.166015625
1 0.5458984375 0.5439453125 0.046875 0.068359375
1 0.587890625 0.31640625 0.05859375 0.037109375
0 0.61328125 0.38671875 0.197265625 0.125
0 0.595703125 0.1767578125 0.17578125 0.130859375
1 0.462890625 0.064453125 0.0859375 0.12890625
1 0.49609375 0.2607421875 0.01171875 0.01171875
1 0.4453125 0.26171875 0.015625 0.01171875
0 0.322265625 0.1953125 0.177734375 0.134765625
0 0.30859375 0.0302734375 0.07421875 0.060546875
0 0.3193359375 0.412109375 0.16796875 0.130859375
1 0.4736328125 0.4609375 0.072265625 0.052734375
1 0.4833984375 0.53515625 0.0078125 0.013671875
1 0.482421875 0.568359375 0.01171875 0.015625
1 0.4658203125 0.6064453125 0.04296875 0.025390625
0 0.330078125 0.6298828125 0.1640625 0.12109375
1 0.3818359375 0.876953125 0.017578125 0.015625
0 0.34765625 0.83984375 0.16015625 0.15234375
1 0.4814453125 0.87890625 0.01171875 0.009765625
1 0.47265625 0.8203125 0.0078125 0.005859375
1 0.490234375 0.7763671875 0.01171875 0.01171875
1 0.4853515625 0.9619140625 0.134765625 0.076171875