1 0.044921875 0.283203125 0.015625 0.015625
1 0.0615234375 0.30078125 0.021484375 0.021484375
1 0.0673828125 0.2744140625 0.0234375 0.02734375
1 0.0751953125 0.248046875 0.017578125 0.0234375
1 0.0830078125 0.265625 0.015625 0.01953125
1 0.09375 0.2744140625 0.01171875 0.013671875
1 0.0908203125 0.302734375 0.015625 0.015625
1 0.1044921875 0.2900390625 0.0234375 0.025390625
1 0.2099609375 0.220703125 0.021484375 0.02734375
0 0.220499384765625 0.307364578125 0.228667146484375 0.29404118359375 0.2325337578125 0.281029955078125 0.2321651484375 0.26886012109375 0.2193180234375 0.255044900390625 0.2017467109375 0.232202748046875 0.1889571796875 0.213267359375 0.173946181640625 0.211232822265625 0.163432728515625 0.21101952734375 0.146063115234375 0.21337078125 0.12356945703125 0.204805625 0.11281178515625 0.22074128515625 0.106575880859375 0.25856830078125 0.11254689453125 0.2864843515625 0.11684976953125 0.313872037109375 0.123915837890625 0.344442841796875 0.12841934765625 0.349106421875 0.169460998046875 0.3419090234375 0.2019209921875 0.325209875 0.2142139140625 0.31430278515625 0.220499384765625 0.307364578125
1 0.2353515625 0.259765625 0.015625 0.017578125
1 0.21875 0.3134765625 0.0078125 0.013671875
1 0.2490234375 0.2822265625 0.01171875 0.01171875
1 0.2685546875 0.279296875 0.015625 0.015625
1 0.248046875 0.328125 0.01953125 0.013671875
1 0.263671875 0.31640625 0.009765625 0.01171875
1 0.2783203125 0.328125 0.0078125 0.01171875
1 0.2421875 0.3095703125 0.017578125 0.017578125
1 0.3017578125 0.3564453125 0.021484375 0.021484375
1 0.1728515625 0.4130859375 0.033203125 0.03125
1 0.044921875 0.3828125 0.03515625 0.03515625
1 0.0244140625 0.4150390625 0.0234375 0.025390625
1 0.0517578125 0.49609375 0.017578125 0.017578125
1 0.1455078125 0.462890625 0.009765625 0.01171875
0 0 0.606507087890625 0.009088806640625 0.61936333203125 0.033900705078125 0.63280918359375 0.0620767734375 0.633019916015625 0.097251291015625 0.62406020703125 0.117129125 0.6130791875 0.135163849609375 0.57695522265625 0.142744625 0.541847154296875 0.13988155078125 0.50859034765625 0.13169852734375 0.494277572265625 0.122608880859375 0.4923455078125 0.106853732421875 0.50363215234375 0.0881578359375 0.5129798046875 0.074431615234375 0.51497768359375 0.06367376171875 0.51300903515625 0.045317662109375 0.505036154296875 0.035710060546875 0.48792709375 0.023260251953125 0.500890037109375 0.00527708203125 0.524959361328125 0 0.54687161328125 0 0.606507087890625
1 0.041015625 0.4169921875 0.013671875 0.01171875
1 0.1220703125 0.4296875 0.0234375 0.013671875
1 0.1572265625 0.4580078125 0.005859375 0.005859375
1 0.1396484375 0.4921875 0.013671875 0.01953125
1 0.16796875 0.4501953125 0.015625 0.02734375
1 0.1982421875 0.4453125 0.01171875 0.01171875
1 0.134765625 0.3916015625 0.01171875 0.015625
1 0.1083984375 0.37109375 0.013671875 0.01953125
1 0.287109375 0.439453125 0.025390625 0.025390625
1 0.2900390625 0.42578125 0.009765625 0.01171875
1 0.31640625 0.4306640625 0.017578125 0.0234375
1 0.19835930859375 0.452489439453125 0.186061 0.47900461328125 0.1794817890625 0.499950140625 0.1892106875 0.519911259765625 0.21630958984375 0.539589458984375 0.231271677734375 0.54351544921875 0.256272177734375 0.526961263671875 0.283179166015625 0.5010898203125 0.3020134453125 0.4904909453125 0.324956451171875 0.4709171953125 0.33085800390625 0.455995396484375 0.321754041015625 0.443497189453125 0.302711298828125 0.441690333984375 0.28117894921875 0.442889302734375 0.2682372109375 0.435177369140625 0.250604875 0.4040763671875 0.249970390625 0.403595154296875 0.228952515625 0.4129028359375 0.21257974609375 0.427029921875 0.19835930859375 0.452489439453125
0 0.308425896484375 0.497476927734375 0.282380806640625 0.51065617578125 0.2648969140625 0.5209689375 0.24549378125 0.527311634765625 0.2250633828125 0.54190125390625 0.2158907578125 0.556546837890625 0.211102083984375 0.58092848828125 0.2050335546875 0.625792064453125 0.2062915234375 0.657528126953125 0.21902583984375 0.668738373046875 0.251725083984375 0.67824762109375 0.29462293359375 0.686315693359375 0.335837115234375 0.68369944140625 0.3541793125 0.6799821640625 0.361125876953125 0.657386662109375 0.365793947265625 0.63370289453125 0.3723497734375 0.599228671875 0.372010291015625 0.587334958984375 0.36388805859375 0.570600787109375 0.34486325 0.544963591796875 0.324854708984375 0.520749216796875 0.309123314453125 0.497292375 0.308425896484375 0.497476927734375
1 0.3740234375 0.6181640625 0.01171875 0.013671875
1 0.3798828125 0.560546875 0.015625 0.015625
1 0.3955078125 0.5673828125 0.015625 0.015625
1 0.3388671875 0.5 0.009765625 0.01171875
1 0.0869140625 0.4326171875 0.005859375 0.0078125
1 0.1455078125 0.4345703125 0.009765625 0.01171875
1 0.302734375 0.2392578125 0.009765625 0.01171875
1 0.3486328125 0.30078125 0.013671875 0.015625
1 0.353515625 0.4853515625 0.009765625 0.013671875
1 0.3603515625 0.478515625 0.01171875 0.015625
1 0.375 0.458984375 0.015625 0.015625
1 0.384765625 0.4892578125 0.013671875 0.01171875
1 0.4013671875 0.490234375 0.009765625 0.009765625
1 0.4013671875 0.451171875 0.0234375 0.025390625
1 0.4130859375 0.4716796875 0.013671875 0.013671875
1 0.4130859375 0.4873046875 0.009765625 0.01171875
1 0.4111328125 0.5068359375 0.0078125 0.0078125
1 0.431640625 0.5087890625 0.009765625 0.009765625
1 0.421875 0.4697265625 0.009765625 0.015625
1 0.431640625 0.47265625 0.017578125 0.017578125
1 0.4404296875 0.458984375 0.021484375 0.0234375
1 0.4375 0.4970703125 0.0078125 0.01171875
1 0.4609375 0.6259765625 0.015625 0.017578125
1 0.458984375 0.671875 0.009765625 0.013671875
1 0.3798828125 0.6796875 0.009765625 0.01171875
1 0.4697265625 0.5830078125 0.01171875 0.013671875
1 0.4716796875 0.6044921875 0.0078125 0.01171875
1 0.4970703125 0.5771484375 0.01171875 0.013671875
1 0.5009765625 0.5888671875 0.01171875 0.015625
1 0.494140625 0.5322265625 0.015625 0.013671875
1 0.453125 0.5068359375 0.0078125 0.009765625
1 0.4775390625 0.5224609375 0.0078125 0.009765625
1 0.4990234375 0.55078125 0.009765625 0.009765625
1 0.4619140625 0.501953125 0.0078125 0.009765625
1 0.53125 0.59375 0.013671875 0.017578125
1 0.5478515625 0.5947265625 0.013671875 0.015625
1 0.55078125 0.533203125 0.005859375 0.0078125
1 0.5546875 0.544921875 0.0078125 0.01171875
1 0.5625 0.4970703125 0.01953125 0.048828125
1 0.5478515625 0.484375 0.0078125 0.01171875
1 0.5947265625 0.4384765625 0.033203125 0.046875
1 0.6591796875 0.5458984375 0.017578125 0.0234375
1 0.6220703125 0.6552734375 0.015625 0.021484375
1 0.634765625 0.666015625 0.013671875 0.015625
1 0.609375 0.625 0.01171875 0.013671875
1 0.6181640625 0.6181640625 0.009765625 0.01171875
1 0.5947265625 0.607421875 0.009765625 0.01171875
1 0.6884765625 0.5546875 0.015625 0.021484375
1 0.6982421875 0.5712890625 0.009765625 0.01171875
1 0.6923828125 0.5146484375 0.1015625 0.111328125
1 0.6865234375 0.4296875 0.015625 0.01953125
1 0.6669921875 0.4013671875 0.017578125 0.01953125
1 0.654296875 0.4091796875 0.009765625 0.015625
1 0.62890625 0.42578125 0.01171875 0.013671875
1 0.6376953125 0.427734375 0.009765625 0.01171875
1 0.61328125 0.404296875 0.015625 0.0234375
1 0.615234375 0.3720703125 0.013671875 0.017578125
1 0.6083984375 0.3330078125 0.017578125 0.0234375
1 0.5263671875 0.3115234375 0.0234375 0.025390625
1 0.5087890625 0.2978515625 0.015625 0.015625
1 0.5244140625 0.3349609375 0.015625 0.021484375
1 0.50390625 0.3671875 0.01953125 0.03125
1 0.4970703125 0.3466796875 0.009765625 0.01171875
1 0.509765625 0.3291015625 0.0078125 0.01171875
1 0.4609375 0.3115234375 0.013671875 0.017578125
1 0.46484375 0.3359375 0.01171875 0.015625
1 0.4306640625 0.3212890625 0.013671875 0.017578125
1 0.416015625 0.283203125 0.01171875 0.015625
1 0.44140625 0.333984375 0.015625 0.021484375
1 0.4296875 0.359375 0.01171875 0.013671875
1 0.4326171875 0.3779296875 0.009765625 0.01171875
1 0.423828125 0.3779296875 0.0078125 0.01171875
1 0.4091796875 0.375 0.009765625 0.015625
1 0.5003227265625 0.372845470703125 0.492481751953125 0.351587162109375 0.478753916015625 0.327863486328125 0.47391744921875 0.323422484375 0.47261933984375 0.328207482421875 0.466225876953125 0.33972883984375 0.449273251953125 0.345545958984375 0.43704894921875 0.353420728515625 0.4354351640625 0.381784197265625 0.446457095703125 0.4006113359375 0.462814076171875 0.426274330078125 0.476165724609375 0.4383639609375 0.488856091796875 0.433384953125 0.500942810546875 0.39860604296875 0.5003227265625 0.372845470703125
1 0.5087890625 0.4052734375 0.0078125 0.01171875
0 0.50936876953125 0.396832453125 0.51830442578125 0.40676935546875 0.544752076171875 0.421783140625 0.5725705703125 0.436584185546875 0.58696284375 0.4207061953125 0.60615818359375 0.38937709765625 0.611331427734375 0.3633688515625 0.60894233984375 0.349788427734375 0.599579880859375 0.340989673828125 0.5888557578125 0.31741266015625 0.571807390625 0.29130566015625 0.565184568359375 0.283513236328125 0.56528051171875 0.28363593359375 0.53590471875 0.310275576171875 0.5255937734375 0.33421680859375 0.51630847265625 0.355576890625 0.506754705078125 0.384001677734375 0.50936876953125 0.396832453125
1 0.5712890625 0.2822265625 0.009765625 0.015625
1 0.5888671875 0.541015625 0.0078125 0.01171875
1 0.7119140625 0.431640625 0.013671875 0.013671875
1 0.705078125 0.4482421875 0.009765625 0.013671875
1 0.6787109375 0.3642578125 0.013671875 0.017578125
1 0.681640625 0.3359375 0.037109375 0.05078125
1 0.7080078125 0.3662109375 0.01171875 0.015625
1 0.75390625 0.390625 0.01171875 0.01953125
1 0.7646484375 0.3759765625 0.017578125 0.0234375
1 0.740234375 0.3359375 0.0078125 0.01171875
1 0.7802734375 0.37109375 0.013671875 0.017578125
1 0.8466796875 0.384765625 0.015625 0.015625
1 0.8427734375 0.42578125 0.0078125 0.009765625
1 0.8544921875 0.4697265625 0.01953125 0.01953125
1 0.86328125 0.4482421875 0.009765625 0.013671875
1 0.869140625 0.4013671875 0.01953125 0.0234375
1 0.8798828125 0.38671875 0.015625 0.021484375
1 0.8935546875 0.396484375 0.01953125 0.0234375
1 0.826171875 0.53515625 0.013671875 0.017578125
1 0.8359375 0.5751953125 0.033203125 0.02734375
1 0.7470703125 0.57421875 0.009765625 0.01171875
1 0.7705078125 0.55859375 0.01171875 0.009765625
1 0.8115234375 0.5673828125 0.013671875 0.009765625
0 0.80411808203125 0.49373886328125 0.820052158203125 0.49609286328125 0.839838119140625 0.47049625390625 0.842423646484375 0.429945869140625 0.838855634765625 0.39660455078125 0.82631902734375 0.375030998046875 0.818500275390625 0.3672111640625 0.7952956640625 0.37225896875 0.776399490234375 0.382779361328125 0.755168330078125 0.398761666015625 0.745958623046875 0.405648986328125 0.741955572265625 0.412839380859375 0.74519587890625 0.430487021484375 0.76213937109375 0.465659451171875 0.780751072265625 0.47795750390625 0.80411808203125 0.49373886328125
0 0.7490234375 0.6884765625 0.134765625 0.166015625
1 0.8134765625 0.6572265625 0.017578125 0.021484375
1 0.9365234375 0.6298828125 0.052734375 0.037109375
1 0.8899113046875 0.582916416015625 0.88180255859375 0.5961796328125 0.876782150390625 0.613253439453125 0.8805243046875 0.62091179296875 0.8901141484375 0.6231609453125 0.909363083984375 0.62538509375 0.930385533203125 0.62090511328125 0.93763145703125 0.6167200078125 0.954222453125 0.615405009765625 0.973579974609375 0.58109922265625 0.974078701171875 0.580527318359375 0.975463416015625 0.567315177734375 0.96735115234375 0.56516439453125 0.953639595703125 0.5631965234375 0.935606955078125 0.56270012890625 0.909237626953125 0.569154591796875 0.8899113046875 0.582916416015625
1 0.978515625 0.611328125 0.015625 0.01953125
1 0.9365234375 0.56640625 0.01171875 0.015625
1 0.953125 0.4033203125 0.013671875 0.017578125
1 0.9560546875 0.3603515625 0.013671875 0.015625
1 0.8681640625 0.583984375 0.01953125 0.017578125
1 0.8671875 0.693359375 0.01953125 0.021484375
1 0.8916015625 0.6669921875 0.01171875 0.01171875
1 0.8916015625 0.6787109375 0.013671875 0.015625
1 0.83984375 0.7158203125 0.013671875 0.013671875
1 0.8466796875 0.7392578125 0.015625 0.015625
1 0.86328125 0.623046875 0.013671875 0.013671875
1 0.783203125 0.560546875 0.009765625 0.01171875
1 0.796875 0.5830078125 0.009765625 0.013671875
1 0.8271484375 0.599609375 0.0078125 0.01171875
1 0.873046875 0.5595703125 0.013671875 0.013671875
1 0.515625 0.509765625 0.009765625 0.01171875
1 0.6552734375 0.4814453125 0.01171875 0.017578125
0 1 0.342629685546875 0.954764931640625 0.36445855078125 0.9317465078125 0.378144734375 0.93453228515625 0.38586110546875 0.9383935859375 0.403217427734375 0.943295947265625 0.421764650390625 0.934828705078125 0.453844048828125 0.93775942578125 0.473592326171875 0.959649533203125 0.499301572265625 0.9892625 0.505397421875 1 0.490626548828125 1 0.342629685546875
0 0.5185546875 0.6630859375 0.119140625 0.134765625
1 0.64453125 0.607421875 0.009765625 0.009765625
1 0.6708984375 0.611328125 0.009765625 0.009765625
1 0.5986328125 0.5869140625 0.009765625 0.01171875
1 0.6318359375 0.6220703125 0.009765625 0.01171875
1 0.685546875 0.650390625 0.009765625 0.009765625
1 0.1552734375 0.548828125 0.013671875 0.01953125
1 0.1640625 0.5068359375 0.013671875 0.015625
1 0.0625 0.201171875 0.037109375 0.09765625
1 0.5185546875 0.9736328125 0.083984375 0.052734375
1 0.62109375 0.990234375 0.08984375 0.01953125
1 0.0380859375 0.8603515625 0.076171875 0.111328125
1 0.4560546875 0.982421875 0.0234375 0.01953125
1 0.9384765625 0.1142578125 0.123046875 0.087890625
0 0.888586349609375 0.77129800390625 0.951373763671875 0.781320572265625 0.98090650390625 0.642379955078125 0.980110970703125 0.628470818359375 0.936148998046875 0.662115275390625 0.907299150390625 0.68556620703125 0.883266125 0.745340169921875 0.888586349609375 0.77129800390625
0 0.344033916015625 0.4364832109375 0.35836018359375 0.436860724609375 0.382256458984375 0.395470486328125 0.398115482421875 0.356087189453125 0.38824810546875 0.33162576171875 0.341515203125 0.310821134765625 0.341532353515625 0.311044880859375 0.318888375 0.329768505859375 0.3112741640625 0.36587013671875 0.3199457734375 0.413247900390625 0.344033916015625 0.4364832109375