0 0.087890625 0.439453125 0.103515625 0.1435546875
1 0.04296875 0.5849609375 0.0859375 0.1123046875
1 0.0693359375 0.615234375 0.0126953125 0.025390625
0 0.08984375 0.701171875 0.1455078125 0.1376953125
1 0.044921875 0.8203125 0.037109375 0.0419921875
1 0.1728515625 0.794921875 0.017578125 0.021484375
1 0.177734375 0.73828125 0.0107421875 0.017578125
1 0.1806640625 0.7197265625 0.0126953125 0.0126953125
1 0.205078125 0.669921875 0.0517578125 0.09375
0 0.279296875 0.712890625 0.0986328125 0.1142578125
1 0.3447265625 0.697265625 0.0185546875 0.025390625
1 0.33984375 0.66796875 0.009765625 0.013671875
1 0.376953125 0.693359375 0.0126953125 0.017578125
1 0.2373046875 0.6103515625 0.005859375 0.0078125
1 0.283203125 0.6220703125 0.0078125 0.0107421875
1 0.306640625 0.564453125 0.064453125 0.0830078125
1 0.2783203125 0.537109375 0.0205078125 0.0234375
1 0.357421875 0.5595703125 0.0126953125 0.0126953125
1 0.3515625 0.59765625 0.0263671875 0.0205078125
1 0.1787109375 0.43359375 0.0234375 0.0361328125
0 0.3017578125 0.4365234375 0.103515625 0.125
1 0.416015625 0.599609375 0.025390625 0.0341796875
1 0.4462890625 0.541015625 0.0810546875 0.0751953125
0 0.4775390625 0.4423828125 0.0859375 0.123046875
1 0.533203125 0.5009765625 0.0126953125 0.015625
1 0.54296875 0.47265625 0.015625 0.041015625
1 0.5634765625 0.5732421875 0.0888671875 0.1279296875
1 0.525390625 0.5859375 0.0419921875 0.0419921875
1 0.4208984375 0.6953125 0.009765625 0.015625
1 0.3916015625 0.759765625 0.0107421875 0.0126953125
0 0.486328125 0.697265625 0.115234375 0.1376953125
1 0.5556640625 0.7021484375 0.0263671875 0.0419921875
1 0.580078125 0.7470703125 0.0205078125 0.0283203125
1 0.599609375 0.7470703125 0.0078125 0.009765625
1 0.6181640625 0.6884765625 0.0078125 0.017578125
0 0.677734375 0.6953125 0.109375 0.169921875
1 0.798828125 0.607421875 0.0283203125 0.0517578125
1 0.78515625 0.57421875 0.0205078125 0.013671875
0 0.6630859375 0.4306640625 0.1201171875 0.162109375
0 0.8505859375 0.42578125 0.0673828125 0.126953125
1 0.943359375 0.5263671875 0.0361328125 0.0625
1 0.849609375 0.5771484375 0.0517578125 0.0625
1 0.9765625 0.5732421875 0.0107421875 0.0185546875
1 0.923828125 0.599609375 0.015625 0.017578125
0 0.8857421875 0.67578125 0.1484375 0.1298828125
1 0.8466796875 0.7900390625 0.0234375 0.0263671875
1 0.865234375 0.7666015625 0.009765625 0.0126953125
1 0.9658203125 0.716796875 0.005859375 0.009765625
1 0.9921875 0.6796875 0.013671875 0.0205078125
1 0.990234375 0.5703125 0.009765625 0.0126953125
1 0.986328125 0.474609375 0.017578125 0.0234375