0 0.431640625 0.3310546875 0.203125 0.2421875
1 0.521484375 0.3994140625 0.02734375 0.029296875
1 0.375 0.4765625 0.025390625 0.029296875
1 0.333984375 0.5419921875 0.107421875 0.080078125
1 0.4462890625 0.5146484375 0.0234375 0.025390625
0 0.392578125 0.6640625 0.185546875 0.224609375
0 0.6337890625 0.68359375 0.16015625 0.181640625
1 0.6953125 0.552734375 0.0390625 0.041015625
1 0.7158203125 0.529296875 0.01171875 0.01171875
1 0.7255859375 0.53515625 0.013671875 0.013671875
1 0.734375 0.5537109375 0.0078125 0.0078125
1 0.748046875 0.580078125 0.01171875 0.015625
1 0.744140625 0.615234375 0.009765625 0.013671875
1 0.810546875 0.662109375 0.015625 0.01953125
1 0.76953125 0.7294921875 0.01171875 0.01171875
0 0.884788064453125 0.76217978515625 0.88916015234375 0.7543882109375 0.894066775390625 0.740822439453125 0.89658081640625 0.7164514296875 0.895561833984375 0.692970458984375 0.887457609375 0.674366041015625 0.875249951171875 0.659432580078125 0.867418119140625 0.651097341796875 0.85651366015625 0.656474703125 0.840573138671875 0.6688671796875 0.811065298828125 0.689709599609375 0.7878489296875 0.712103138671875 0.7884053671875 0.727613591796875 0.79571315234375 0.752014919921875 0.821952716796875 0.771666533203125 0.85242044921875 0.776421958984375 0.874529298828125 0.7743183359375 0.884788064453125 0.76217978515625
1 0.8916015625 0.78125 0.015625 0.017578125
1 0.921875 0.6904296875 0.05859375 0.083984375
1 0.8876953125 0.611328125 0.01953125 0.0234375
1 0.96484375 0.5791015625 0.017578125 0.015625
1 0.98046875 0.5810546875 0.017578125 0.02734375
0 0.8837890625 0.3623046875 0.181640625 0.2265625
1 0.9814453125 0.443359375 0.017578125 0.017578125
1 0.98828125 0.4501953125 0.0234375 0.076171875
0 0.654296875 0.3701171875 0.13671875 0.150390625