1 0.990234375 0.3828125 0.0126953125 0.0126953125
1 0.970703125 0.396484375 0.0185546875 0.0185546875
1 0.9697265625 0.369140625 0.0185546875 0.025390625
1 0.9677734375 0.341796875 0.013671875 0.0185546875
1 0.95703125 0.357421875 0.0126953125 0.0185546875
1 0.9443359375 0.3642578125 0.009765625 0.0126953125
1 0.94140625 0.392578125 0.0126953125 0.0126953125
1 0.9306640625 0.376953125 0.0185546875 0.021484375
1 0.841796875 0.287109375 0.015625 0.021484375
0 0.905796080078125 0.29322193359375 0.88929488671875 0.28731071484375 0.87896683203125 0.285333478515625 0.863860857421875 0.28420259375 0.84741391796875 0.30006510546875 0.825477431640625 0.318754822265625 0.810038701171875 0.329597078125 0.80714789453125 0.341424333984375 0.808224826171875 0.354955150390625 0.81344401171875 0.3696855703125 0.818149595703125 0.377778982421875 0.827906177734375 0.391003568359375 0.85618489453125 0.41408661328125 0.89483326171875 0.42965976953125 0.90020797265625 0.42603443359375 0.913475658203125 0.397600791015625 0.923378724609375 0.3717062109375 0.935023330078125 0.34564163671875 0.936788375 0.30734471484375 0.929578994140625 0.289520640625 0.905796080078125 0.29322193359375
1 0.80859375 0.3203125 0.0126953125 0.015625
1 0.8134765625 0.3759765625 0.005859375 0.0126953125
1 0.791015625 0.3388671875 0.009765625 0.009765625
1 0.7724609375 0.33203125 0.013671875 0.0126953125
1 0.7822265625 0.384765625 0.017578125 0.009765625
1 0.76953125 0.369140625 0.005859375 0.0107421875
1 0.7529296875 0.3779296875 0.005859375 0.0107421875
1 0.7919921875 0.3671875 0.013671875 0.015625
1 0.7236328125 0.400390625 0.0185546875 0.017578125
1 0.837890625 0.4833984375 0.0283203125 0.025390625
1 0.9697265625 0.48046875 0.029296875 0.0283203125
1 0.982421875 0.515625 0.0185546875 0.021484375
1 0.939453125 0.58984375 0.013671875 0.015625
1 0.8544921875 0.537109375 0.0078125 0.009765625
0 0.8614429609375 0.570976802734375 0.850462962890625 0.583275462890625 0.840747974609375 0.61521026171875 0.84086371484375 0.651127267578125 0.8509937421875 0.690211466796875 0.868154115234375 0.705085359375 0.900697158203125 0.721162470703125 0.92830132421875 0.7268144765625 0.95536657421875 0.7188211328125 0.97726237109375 0.698586998046875 0.97986291796875 0.66966869140625 0.97872269140625 0.6272726171875 0.966136791015625 0.59999035546875 0.956654189453125 0.58472222265625 0.94369936328125 0.599459876953125 0.924086732421875 0.60344208203125 0.913154658203125 0.60313102734375 0.900143771484375 0.59832296484375 0.883799912109375 0.585292486328125 0.87073567578125 0.570976802734375 0.8614429609375 0.570976802734375
1 0.9658203125 0.5146484375 0.0126953125 0.009765625
1 0.884765625 0.509765625 0.021484375 0.009765625
1 0.84375 0.5302734375 0.0048828125 0.005859375
1 0.8544921875 0.5673828125 0.0107421875 0.017578125
1 0.8349609375 0.5205078125 0.009765625 0.0263671875
1 0.806640625 0.509765625 0.009765625 0.009765625
1 0.8798828125 0.4697265625 0.009765625 0.0126953125
1 0.91015625 0.455078125 0.0107421875 0.017578125
1 0.720703125 0.4853515625 0.021484375 0.0185546875
1 0.720703125 0.470703125 0.0078125 0.009765625
1 0.6943359375 0.470703125 0.0126953125 0.0185546875
1 0.71185619140625 0.546145591796875 0.73279622265625 0.577045958984375 0.75380859375 0.59843629296875 0.769259982421875 0.59770688671875 0.799858037109375 0.5840928828125 0.813524486328125 0.566590712890625 0.811443865234375 0.544735001953125 0.804927119140625 0.51624228515625 0.796310763671875 0.4883825234375 0.78323296484375 0.47116005859375 0.764609556640625 0.45768591015625 0.763888888671875 0.45802469140625 0.740175599609375 0.484780091796875 0.725913267578125 0.489632763671875 0.70510073046875 0.48398316796875 0.686098451171875 0.481791330078125 0.674594908203125 0.4921236015625 0.67726508203125 0.50794632421875 0.6956371171875 0.5318624609375 0.71185619140625 0.546145591796875
0 0.605213759765625 0.706366947265625 0.62238226953125 0.71381655078125 0.662151873046875 0.724944541015625 0.70578975 0.725971740234375 0.73975151953125 0.72346884765625 0.754538302734375 0.715151185546875 0.762367080078125 0.684370177734375 0.76575882421875 0.63922526171875 0.766144025390625 0.614380787109375 0.76021683203125 0.5981481484375 0.74326623828125 0.57962962890625 0.72560583203125 0.569391396484375 0.7106481484375 0.55566888671875 0.687912326171875 0.53736255859375 0.68726851953125 0.537037037109375 0.66700394140625 0.55671055078125 0.64239818359375 0.5762357734375 0.61845883984375 0.59735725390625 0.6070348671875 0.612037037109375 0.604229962890625 0.62360026171875 0.60347493359375 0.658684171875 0.60311686328125 0.682820939453125 0.605213759765625 0.706366947265625
1 0.5986328125 0.6416015625 0.009765625 0.0126953125
1 0.6044921875 0.583984375 0.013671875 0.0126953125
1 0.587890625 0.587890625 0.0126953125 0.0126953125
1 0.6572265625 0.533203125 0.005859375 0.009765625
1 0.91796875 0.51953125 0.0048828125 0.005859375
1 0.8603515625 0.509765625 0.0078125 0.009765625
1 0.7470703125 0.2861328125 0.009765625 0.009765625
1 0.689453125 0.3369140625 0.0107421875 0.013671875
1 0.646484375 0.5166015625 0.0078125 0.0126953125
1 0.6416015625 0.5078125 0.009765625 0.013671875
1 0.630859375 0.486328125 0.0126953125 0.0126953125
1 0.615234375 0.513671875 0.0126953125 0.009765625
1 0.5986328125 0.5107421875 0.005859375 0.009765625
1 0.6064453125 0.47265625 0.0185546875 0.021484375
1 0.5908203125 0.490234375 0.0107421875 0.0107421875
1 0.587890625 0.505859375 0.005859375 0.009765625
1 0.5849609375 0.525390625 0.005859375 0.005859375
1 0.5654296875 0.5224609375 0.005859375 0.009765625
1 0.5830078125 0.486328125 0.0078125 0.013671875
1 0.572265625 0.4873046875 0.015625 0.0126953125
1 0.56640625 0.47265625 0.0185546875 0.0185546875
1 0.5615234375 0.509765625 0.005859375 0.009765625
1 0.51171875 0.630859375 0.0126953125 0.015625
1 0.50390625 0.6767578125 0.0078125 0.0126953125
1 0.580078125 0.701171875 0.005859375 0.009765625
1 0.5126953125 0.587890625 0.009765625 0.0126953125
1 0.505859375 0.6083984375 0.005859375 0.0107421875
1 0.486328125 0.576171875 0.009765625 0.0126953125
1 0.48046875 0.5869140625 0.009765625 0.013671875
1 0.4990234375 0.533203125 0.0126953125 0.009765625
1 0.5439453125 0.5166015625 0.005859375 0.005859375
1 0.517578125 0.5263671875 0.005859375 0.005859375
1 0.490234375 0.5498046875 0.005859375 0.0078125
1 0.537109375 0.509765625 0.005859375 0.0078125
1 0.4501953125 0.5849609375 0.009765625 0.015625
1 0.43359375 0.5830078125 0.0107421875 0.0126953125
1 0.443359375 0.521484375 0.0048828125 0.0078125
1 0.4375 0.5322265625 0.005859375 0.009765625
1 0.439453125 0.484375 0.0107421875 0.046875
1 0.4560546875 0.474609375 0.005859375 0.0107421875
1 0.419921875 0.419921875 0.025390625 0.041015625
1 0.3349609375 0.51171875 0.013671875 0.0185546875
1 0.3486328125 0.626953125 0.0107421875 0.021484375
1 0.333984375 0.634765625 0.009765625 0.013671875
1 0.3671875 0.599609375 0.009765625 0.0126953125
1 0.3603515625 0.5908203125 0.009765625 0.009765625
1 0.384765625 0.5849609375 0.0078125 0.0107421875
1 0.3046875 0.5146484375 0.0107421875 0.0185546875
1 0.291015625 0.5283203125 0.005859375 0.009765625
1 0.30859375 0.474609375 0.0810546875 0.0966796875
1 0.33203125 0.392578125 0.0126953125 0.015625
1 0.357421875 0.369140625 0.013671875 0.0185546875
1 0.3681640625 0.37890625 0.005859375 0.013671875
1 0.3896484375 0.400390625 0.009765625 0.0126953125
1 0.380859375 0.400390625 0.005859375 0.0107421875
1 0.4091796875 0.3828125 0.009765625 0.021484375
1 0.4140625 0.3505859375 0.009765625 0.015625
1 0.4287109375 0.314453125 0.0126953125 0.0185546875
1 0.513671875 0.310546875 0.0185546875 0.021484375
1 0.533203125 0.30078125 0.0126953125 0.0126953125
1 0.5107421875 0.333984375 0.0107421875 0.0185546875
1 0.5234375 0.369140625 0.013671875 0.0283203125
1 0.53515625 0.3505859375 0.0078125 0.009765625
1 0.5263671875 0.3310546875 0.005859375 0.0107421875
1 0.5771484375 0.3232421875 0.009765625 0.015625
1 0.568359375 0.3466796875 0.009765625 0.013671875
1 0.6044921875 0.33984375 0.0107421875 0.015625
1 0.626953125 0.3056640625 0.009765625 0.0126953125
1 0.591796875 0.349609375 0.0107421875 0.0185546875
1 0.59765625 0.376953125 0.009765625 0.0126953125
1 0.591796875 0.39453125 0.0078125 0.0107421875
1 0.599609375 0.396484375 0.005859375 0.009765625
1 0.615234375 0.396484375 0.005859375 0.0126953125
1 0.53612829296875 0.44466628125 0.55170175 0.43561680078125 0.573036927734375 0.413915412109375 0.58773238671875 0.39779128125 0.592050962890625 0.369712095703125 0.581731046875 0.359467833984375 0.566358326171875 0.35025318359375 0.5625 0.3376543203125 0.562225115234375 0.332703994140625 0.556571 0.336042390625 0.538210720703125 0.356393470703125 0.52612123828125 0.37555700390625 0.52015878125 0.40062572265625 0.52475043359375 0.437157599609375 0.53612829296875 0.44466628125
1 0.5107421875 0.4052734375 0.005859375 0.009765625
0 0.44220016015625 0.422881703125 0.472488064453125 0.41418788671875 0.501479310546875 0.40500096484375 0.51228569921875 0.39713903515625 0.51751030859375 0.38513213671875 0.51407516015625 0.35534216015625 0.509433775390625 0.33251832421875 0.504325810546875 0.3069565 0.481130642578125 0.27479142578125 0.48125 0.274691357421875 0.473151765625 0.28093653515625 0.45104799609375 0.30292848046875 0.43565628515625 0.323760609375 0.424669052734375 0.330420525390625 0.41950864453125 0.34320746484375 0.419161421875 0.3697229453125 0.431423611328125 0.40435836328125 0.44220016015625 0.422881703125
1 0.4755859375 0.2724609375 0.009765625 0.0126953125
1 0.404296875 0.521484375 0.005859375 0.0107421875
1 0.306640625 0.388671875 0.009765625 0.0107421875
1 0.310546875 0.4072265625 0.0078125 0.0126953125
1 0.353515625 0.330078125 0.009765625 0.015625
1 0.3564453125 0.3017578125 0.0283203125 0.046875
1 0.32421875 0.326171875 0.009765625 0.0126953125
1 0.2744140625 0.33984375 0.0078125 0.015625
1 0.2666015625 0.3232421875 0.0126953125 0.021484375
1 0.298828125 0.2890625 0.005859375 0.009765625
1 0.2529296875 0.3154296875 0.009765625 0.015625
1 0.1845703125 0.3154296875 0.0126953125 0.0126953125
1 0.1796875 0.3564453125 0.005859375 0.005859375
1 0.1591796875 0.396484375 0.015625 0.017578125
1 0.1552734375 0.3740234375 0.005859375 0.0126953125
1 0.1591796875 0.3271484375 0.015625 0.021484375
1 0.15234375 0.310546875 0.0126953125 0.0185546875
1 0.13671875 0.3173828125 0.015625 0.0185546875
1 0.173828125 0.466796875 0.009765625 0.015625
1 0.1552734375 0.50390625 0.0283203125 0.021484375
1 0.2431640625 0.521484375 0.005859375 0.009765625
1 0.2236328125 0.5009765625 0.009765625 0.009765625
1 0.181640625 0.5009765625 0.0126953125 0.009765625
0 0.229966904296875 0.420067755859375 0.2507288046875 0.41190803515625 0.27461480078125 0.38102695703125 0.28145344921875 0.364438658203125 0.279032841796875 0.356573109375 0.27145634375 0.34792148828125 0.25401204296875 0.327874228515625 0.237716109375 0.31365499609375 0.2160680703125 0.30389298828125 0.20679434375 0.309916330078125 0.190046296875 0.32841194140625 0.179624205078125 0.36028283984375 0.17372233203125 0.4004846640625 0.187754087890625 0.429635658203125 0.203829390625 0.430645978515625 0.229966904296875 0.420067755859375
0 0.216796875 0.6328125 0.107421875 0.146484375
1 0.16015625 0.5888671875 0.013671875 0.0185546875
1 0.0458984375 0.5361328125 0.046875 0.0283203125
1 0.106543873046875 0.514696662109375 0.101369900390625 0.500037375 0.0853271484375 0.482558111328125 0.06087601171875 0.470762201171875 0.04313422265625 0.467498552734375 0.02931315234375 0.466572626953125 0.02093098828125 0.46698977734375 0.019538484375 0.480201099609375 0.019907408203125 0.480864197265625 0.031709345703125 0.518444974609375 0.04766438671875 0.52318069921875 0.0538818359375 0.52878086328125 0.073513455078125 0.5375337578125 0.092804181640625 0.539360291015625 0.10265208984375 0.53915412890625 0.10790473046875 0.532441166015625 0.106543873046875 0.514696662109375
1 0.0087890625 0.509765625 0.0126953125 0.017578125
1 0.0595703125 0.474609375 0.009765625 0.0126953125
1 0.0771484375 0.3115234375 0.0107421875 0.015625
1 0.0830078125 0.2685546875 0.009765625 0.0126953125
1 0.1220703125 0.505859375 0.017578125 0.0126953125
1 0.1005859375 0.6123046875 0.015625 0.0185546875
1 0.08203125 0.58203125 0.009765625 0.009765625
1 0.080078125 0.59375 0.0107421875 0.0126953125
1 0.123046875 0.640625 0.0107421875 0.009765625
1 0.111328125 0.662109375 0.0126953125 0.0126953125
1 0.119140625 0.544921875 0.009765625 0.009765625
1 0.2109375 0.5 0.005859375 0.009765625
1 0.1923828125 0.51953125 0.005859375 0.0126953125
1 0.1591796875 0.529296875 0.005859375 0.009765625
1 0.123046875 0.48046875 0.0107421875 0.009765625
1 0.482421875 0.505859375 0.005859375 0.009765625
1 0.3525390625 0.44921875 0.0078125 0.015625
0 0 0.332833666015625 0.0044548125 0.36797651953125 0.020306873046875 0.40355608203125 0.050540123046875 0.403750322265625 0.0772971328125 0.383154095703125 0.08426970703125 0.3644466953125 0.08265717578125 0.33130787109375 0.09130859375 0.31418520703125 0.09869409765625 0.29801097265625 0.10302332421875 0.29104241796875 0.08335342578125 0.27286951171875 0.042621126953125 0.241319443359375 0.017489712890625 0.242112482421875 0.000030140625 0.265097201171875 0 0.29459367578125 0 0.332833666015625
0 0.4482421875 0.6552734375 0.0966796875 0.115234375
1 0.3359375 0.5751953125 0.0078125 0.009765625
1 0.3095703125 0.5732421875 0.0078125 0.009765625
1 0.3857421875 0.564453125 0.005859375 0.009765625
1 0.345703125 0.591796875 0.005859375 0.009765625
1 0.287109375 0.6083984375 0.0078125 0.0078125
1 0.8271484375 0.619140625 0.009765625 0.015625
1 0.8271484375 0.576171875 0.0107421875 0.013671875
1 0.990234375 0.298828125 0.0185546875 0.0966796875
1 0.3798828125 0.9697265625 0.072265625 0.0595703125
1 0.275390625 0.9765625 0.0810546875 0.046875
1 0.0341796875 0.982421875 0.068359375 0.0341796875
1 0.921875 0.958984375 0.15625 0.0810546875
1 0.4423828125 0.98046875 0.021484375 0.015625
1 0.9833984375 0.044921875 0.0283203125 0.025390625
1 0.1064453125 0.0224609375 0.212890625 0.044921875
0 0 0.68132716015625 0.06349916796875 0.68457784765625 0.0741000703125 0.660293390625 0.0630199296875 0.596828884765625 0.0396762421875 0.56789219140625 0.003670021484375 0.52584273828125 0 0.53928252734375 0 0.68132716015625
0 0.694156384765625 0.45257901953125 0.712488890625 0.40803950390625 0.71254701953125 0.371143697265625 0.6942907265625 0.348121279296875 0.694354021484375 0.34790598828125 0.6443168203125 0.35853966796875 0.629579251953125 0.38041501171875 0.636903470703125 0.422234966796875 0.651672041015625 0.46768904296875 0.665763734375 0.470298376953125 0.694156384765625 0.45257901953125