1 0.3701171875 0.95703125 0.0078125 0.0078125
1 0.4052734375 0.94921875 0.01953125 0.013671875
1 0.5087890625 0.98046875 0.103515625 0.0390625
1 0.5966796875 0.892578125 0.029296875 0.01953125
1 0.65625 0.9560546875 0.009765625 0.01171875
1 0.5341796875 0.85546875 0.013671875 0.005859375
1 0.5244140625 0.849609375 0.015625 0.01171875
1 0.4970703125 0.7880859375 0.11328125 0.1015625
0 0.32521601953125 0.900066810546875 0.38266182421875 0.896377228515625 0.4276458515625 0.893673876953125 0.44694871875 0.867639490234375 0.4497948203125 0.836090873046875 0.445847365234375 0.817806650390625 0.445968169921875 0.817957376953125 0.43806783984375 0.80636208203125 0.40328205859375 0.7919016875 0.376871537109375 0.7802541796875 0.357699220703125 0.7734244765625 0.330496861328125 0.780727232421875 0.300917583984375 0.8101903671875 0.286055130859375 0.83701905078125 0.287469513671875 0.855115974609375 0.300499861328125 0.8870485546875 0.32521601953125 0.900066810546875
1 0.40572674609375 0.793588158203125 0.430518517578125 0.789592228515625 0.44441572265625 0.782072248046875 0.444576294921875 0.77358652734375 0.43345663671875 0.76849643359375 0.40878337109375 0.764014611328125 0.36800809375 0.760181021484375 0.33327469140625 0.7512082890625 0.334579556640625 0.764412716796875 0.355817587890625 0.774774072265625 0.367593685546875 0.784727220703125 0.38825696484375 0.7910371171875 0.406146482421875 0.793732765625 0.40572674609375 0.793588158203125
1 0.3623046875 0.76171875 0.013671875 0.013671875
0 0.6396484375 0.828125 0.11328125 0.076171875
1 0.767578125 0.6220703125 0.029296875 0.025390625
1 0.5009765625 0.646484375 0.021484375 0.009765625
1 0.505859375 0.708984375 0.015625 0.013671875
1 0.537109375 0.658203125 0.015625 0.009765625
1 0.5087890625 0.6201171875 0.01171875 0.005859375
1 0.505859375 0.609375 0.01171875 0.005859375
0 0.3486328125 0.6083984375 0.154296875 0.119140625
1 0.3857421875 0.703125 0.009765625 0.005859375
1 0.4384765625 0.5126953125 0.08203125 0.05078125
1 0.513671875 0.5595703125 0.0625 0.048828125
0 0.66814462890625 0.557312509765625 0.648773703125 0.56183217578125 0.625174177734375 0.576587291015625 0.598967013671875 0.59030269140625 0.6014046484375 0.596369107421875 0.611622689453125 0.624620509765625 0.62448340234375 0.64762909375 0.6505848125 0.654019513671875 0.6802573203125 0.6490328984375 0.713630572265625 0.6348295390625 0.7258503828125 0.62025723046875 0.733487078125 0.596041892578125 0.720184359375 0.569385142578125 0.70094538671875 0.556595271484375 0.66814462890625 0.557312509765625
1 0.672931017578125 0.49691251953125 0.676537021484375 0.486930984375 0.653787685546875 0.484593509765625 0.623322748046875 0.4896889140625 0.598978390625 0.496745083984375 0.576878916015625 0.497615794921875 0.533463494140625 0.4872533515625 0.486504552734375 0.494079119140625 0.47820179296875 0.50707729296875 0.482345236328125 0.5350526328125 0.49190184375 0.562196431640625 0.518820923828125 0.62277101171875 0.550210716796875 0.63542905078125 0.580282263671875 0.608832515625 0.606588998046875 0.587955091796875 0.62223009375 0.576565201171875 0.635759091796875 0.56074801953125 0.647011169921875 0.540645470703125 0.662140099609375 0.517702248046875 0.672931017578125 0.49691251953125
1 0.615234375 0.4853515625 0.041015625 0.025390625
1 0.572265625 0.4619140625 0.068359375 0.044921875
1 0.548828125 0.5078125 0.08203125 0.05859375
1 0.5576171875 0.4345703125 0.021484375 0.021484375
1 0.5537109375 0.4033203125 0.041015625 0.029296875
1 0.52734375 0.3876953125 0.013671875 0.013671875
1 0.628763986328125 0.346345212890625 0.606277296875 0.35646413671875 0.578880177734375 0.37678745703125 0.583964408203125 0.392428962890625 0.604348138671875 0.400511990234375 0.625957615234375 0.4008424609375 0.644215107421875 0.38607206640625 0.66144040234375 0.366309521484375 0.6554925390625 0.35015177734375 0.628763986328125 0.346345212890625
0 0.72413169921875 0.419122015625 0.72299824609375 0.39606699609375 0.713306998046875 0.367772486328125 0.69601820703125 0.35574667578125 0.664865193359375 0.365288857421875 0.64072724609375 0.38088877734375 0.626149470703125 0.402248787109375 0.620488990234375 0.42405680859375 0.6466241015625 0.450166259765625 0.676972404296875 0.45194604296875 0.71110734375 0.439585591796875 0.72413169921875 0.419122015625
1 0.6123046875 0.3115234375 0.130859375 0.07421875
1 0.4892578125 0.330078125 0.130859375 0.1171875
0 0.376953125 0.40625 0.1484375 0.125
0 0.34765625 0.212890625 0.1640625 0.1484375
1 0.5224609375 0.2060546875 0.025390625 0.021484375
1 0.5751953125 0.2275390625 0.017578125 0.009765625
1 0.57421875 0.2109375 0.048828125 0.03125
0 0.6591796875 0.2275390625 0.09765625 0.10546875
1 0.6865234375 0.107421875 0.015625 0.013671875
0 0.642578125 0.0322265625 0.08203125 0.064453125
1 0.721274015625 0 0.712539634765625 0.006397884765625 0.70385082421875 0.024275869140625 0.684301830078125 0.042144462890625 0.668733662109375 0.057468904296875 0.671778802734375 0.073854591796875 0.680135880859375 0.0914202421875 0.690000390625 0.100516947265625 0.70215949609375 0.097193703125 0.7248804375 0.085265666015625 0.745047904296875 0.066530423828125 0.755430787109375 0.044407716796875 0.751922318359375 0.019187919921875 0.73823071484375 0.001346240234375 0.733484697265625 0 0.721274015625 0
1 0.5595703125 0.140625 0.013671875 0.013671875
1 0.5302734375 0.099609375 0.03125 0.021484375
1 0.517578125 0.1328125 0.015625 0.009765625
1 0.498046875 0.1279296875 0.025390625 0.021484375
1 0.4443359375 0.0927734375 0.021484375 0.015625
1 0.287109375 0.0791015625 0.166015625 0.05859375
0 0.3330078125 0.0302734375 0.138671875 0.056640625
1 0.0546875 0.185546875 0.0234375 0.03515625
1 0.525390625 0.884765625 0.01171875 0.005859375