1 0.9287109375 0.23046875 0.013671875 0.015625
1 0.8134765625 0.23046875 0.013671875 0.017578125
1 0.96676396875 0.30530528125 0.950315505859375 0.2393341015625 0.95005425390625 0.23828627734375 0.917955818359375 0.267799484375 0.897519974609375 0.3005022109375 0.908020505859375 0.332002548828125 0.942452322265625 0.33029076171875 0.96676396875 0.30530528125
0 0.864769537109375 0.343771384765625 0.89870252734375 0.34281411328125 0.90105298828125 0.3092794296875 0.9159535859375 0.27384930859375 0.8986597421875 0.195175349609375 0.8211023046875 0.22775630859375 0.80872133203125 0.28184601171875 0.81608083203125 0.3313972734375 0.864769537109375 0.343771384765625
1 0.7705078125 0.3271484375 0.025390625 0.03515625
1 0.8818359375 0.3984375 0.046875 0.041015625
1 0.91796875 0.41796875 0.017578125 0.015625
1 0.822265625 0.4130859375 0.021484375 0.021484375
0 1 0.446028353515625 0.9717783671875 0.41624234765625 0.948533916015625 0.420914228515625 0.8933085546875 0.450898623046875 0.890015029296875 0.466351607421875 0.915899525390625 0.49270274609375 0.94561801953125 0.5129609453125 0.9761426640625 0.583499056640625 1 0.547117216796875 1 0.446028353515625
1 0.927503533203125 0.48813388671875 0.899925970703125 0.490201109375 0.85467875 0.497909314453125 0.829836529296875 0.430539392578125 0.7977551484375 0.426487302734375 0.75783264453125 0.43294955859375 0.745719349609375 0.453491353515625 0.751520611328125 0.477474435546875 0.77486283203125 0.5295641015625 0.801165634765625 0.55566006640625 0.828868794921875 0.600694677734375 0.880695357421875 0.6693687890625 0.9197952421875 0.66771258984375 0.94070976171875 0.640352375 0.949086740234375 0.59695990625 0.954843876953125 0.533528767578125 0.9453222421875 0.51630257421875 0.927503533203125 0.48813388671875
1 0.7275390625 0.4912109375 0.05859375 0.052734375
0 0.79826867578125 0.652769853515625 0.816136310546875 0.64849955859375 0.80361440234375 0.58529653125 0.7951902578125 0.54278433984375 0.733329802734375 0.514530775390625 0.706851748046875 0.591142609375 0.704581517578125 0.6180363203125 0.74321505859375 0.655592072265625 0.79826867578125 0.652769853515625
1 0.677734375 0.6328125 0.03125 0.033203125
0 0.5859375 0.67578125 0.14453125 0.166015625
1 0.5205078125 0.6865234375 0.01171875 0.015625
1 0.5107421875 0.6728515625 0.013671875 0.017578125
1 0.666015625 0.4951171875 0.021484375 0.017578125
1 0.70703125 0.45703125 0.017578125 0.0234375
1 0.6279296875 0.408203125 0.03515625 0.0390625
1 0.6181640625 0.3828125 0.015625 0.015625
1 0.7574026171875 0.3434322578125 0.7500858046875 0.312906087890625 0.717795724609375 0.300669755859375 0.726476375 0.338524138671875 0.7084450234375 0.359256328125 0.74324463671875 0.398836572265625 0.7499848828125 0.383303478515625 0.7574026171875 0.3434322578125
0 0.7168078515625 0.2807797890625 0.70844042578125 0.261524484375 0.708466205078125 0.261713314453125 0.63166658203125 0.29090489453125 0.630144412109375 0.347651421875 0.635866970703125 0.3824677890625 0.67700547265625 0.40837054296875 0.705858345703125 0.400376162109375 0.71478725 0.387843939453125 0.715540939453125 0.346068162109375 0.72046725390625 0.3116356328125 0.7168078515625 0.2807797890625
1 0.5810546875 0.388671875 0.017578125 0.017578125
1 0.6064453125 0.35546875 0.013671875 0.013671875
1 0.5703125 0.3515625 0.013671875 0.01953125
1 0.580078125 0.486328125 0.046875 0.0546875
1 0.572265625 0.5400390625 0.052734375 0.046875
1 0.5185546875 0.5029296875 0.0859375 0.107421875
1 0.4609375 0.572265625 0.08984375 0.115234375
1 0.619140625 0.5126953125 0.015625 0.015625
1 0.658203125 0.44140625 0.0078125 0.013671875
1 0.69140625 0.5361328125 0.01171875 0.01171875
1 0.4306640625 0.6728515625 0.0390625 0.056640625
0 0.37573198046875 0.66651992578125 0.3416373125 0.69787812109375 0.327951755859375 0.75661891015625 0.34009152734375 0.798559701171875 0.389950986328125 0.821711181640625 0.421147302734375 0.818347638671875 0.455999677734375 0.780460013671875 0.456642794921875 0.7305625078125 0.44621993359375 0.7024118671875 0.404646134765625 0.67192261328125 0.37573198046875 0.66651992578125
1 0.310546875 0.697265625 0.009765625 0.01171875
1 0.4072265625 0.5849609375 0.0078125 0.01171875
1 0.3955078125 0.5908203125 0.03125 0.044921875
1 0.3955078125 0.4833984375 0.03125 0.0234375
1 0.4248046875 0.48828125 0.01171875 0.01171875
1 0.41015625 0.4541015625 0.01171875 0.015625
1 0.4365234375 0.4091796875 0.013671875 0.01171875
1 0.4140625 0.42578125 0.009765625 0.013671875
1 0.3818359375 0.4482421875 0.013671875 0.015625
1 0.37109375 0.443359375 0.0078125 0.015625
1 0.36328125 0.4716796875 0.015625 0.017578125
1 0.3505859375 0.447265625 0.029296875 0.03515625
1 0.26171875 0.576171875 0.01171875 0.015625
1 0.341796875 0.6142578125 0.017578125 0.013671875
1 0.32421875 0.615234375 0.013671875 0.017578125
1 0.30859375 0.6337890625 0.009765625 0.013671875
1 0.32421875 0.5810546875 0.017578125 0.017578125
1 0.3037109375 0.5888671875 0.013671875 0.015625
1 0.2548828125 0.50390625 0.013671875 0.015625
1 0.2470703125 0.4560546875 0.01171875 0.017578125
1 0.2373046875 0.4287109375 0.009765625 0.013671875
1 0.32421875 0.416015625 0.013671875 0.021484375
1 0.2177734375 0.5078125 0.013671875 0.017578125
1 0.2216796875 0.5361328125 0.015625 0.02734375
1 0.2060546875 0.5068359375 0.015625 0.02734375
1 0.169921875 0.4794921875 0.017578125 0.017578125
1 0.1689453125 0.5029296875 0.013671875 0.017578125
1 0.2197265625 0.5771484375 0.052734375 0.05078125
1 0.1806640625 0.59375 0.029296875 0.0390625
1 0.1826171875 0.6416015625 0.0234375 0.029296875
1 0.245798833984375 0.6229007578125 0.19291840625 0.59837596875 0.188171830078125 0.62998394140625 0.20094194140625 0.65146621875 0.226136826171875 0.649998388671875 0.245798833984375 0.6229007578125
1 0.188569412109375 0.68956585546875 0.21662812109375 0.71534650390625 0.225750998046875 0.7309787109375 0.238189251953125 0.737567556640625 0.239004154296875 0.713924720703125 0.25554331640625 0.68603832421875 0.25854454296875 0.652588119140625 0.246509052734375 0.62101847265625 0.23238803125 0.63559545703125 0.217097333984375 0.648487287109375 0.191314126953125 0.647568791015625 0.175402021484375 0.662832599609375 0.188569412109375 0.68956585546875
0 0.185546875 0.798828125 0.138671875 0.169921875
1 0.244140625 0.7890625 0.017578125 0.01953125
1 0.0712890625 0.759765625 0.056640625 0.080078125
1 0.09843202734375 0.688623046875 0.0765975 0.69710235546875 0.053154560546875 0.703199396484375 0.033507171875 0.695296314453125 0.041293314453125 0.7155681015625 0.07370467578125 0.72692394140625 0.0938738046875 0.7401126484375 0.103452177734375 0.731696390625 0.104200388671875 0.703199416015625 0.09843202734375 0.688623046875
1 0.09311630859375 0.700076892578125 0.125920755859375 0.732552009765625 0.124078658203125 0.729787787109375 0.1255457421875 0.715216203125 0.128930583984375 0.645879828125 0.124728578125 0.626207240234375 0.098681244140625 0.624170634765625 0.071794755859375 0.608831501953125 0.023133451171875 0.65417548828125 0.059417828125 0.7073730078125 0.09311630859375 0.700076892578125
1 0.14453125 0.681640625 0.017578125 0.015625
1 0.056640625 0.6015625 0.017578125 0.02734375
1 0.0322265625 0.5712890625 0.02734375 0.033203125
1 0.0234375 0.6181640625 0.0234375 0.029296875
1 0.0087890625 0.5673828125 0.017578125 0.033203125
1 0.02734375 0.55078125 0.017578125 0.013671875
1 0.0546875 0.5341796875 0.01171875 0.015625
1 0.07421875 0.50390625 0.013671875 0.01953125
1 0.0888671875 0.5078125 0.015625 0.013671875
0 0.16398315234375 0.5523669609375 0.162220455078125 0.532375517578125 0.152536970703125 0.5286606015625 0.136957984375 0.501353537109375 0.109737599609375 0.4763188515625 0.092660724609375 0.51558431640625 0.067532595703125 0.50925719140625 0.05681391015625 0.533390126953125 0.07596927734375 0.58676155078125 0.098647236328125 0.6184971484375 0.121382765625 0.598189630859375 0.13874376171875 0.592496029296875 0.16398315234375 0.5523669609375
1 0.1708984375 0.447265625 0.015625 0.017578125
0 0.313873568359375 0.407868478515625 0.289581650390625 0.406288828125 0.268127564453125 0.419561796875 0.258026513671875 0.4651165859375 0.26395796875 0.510446021484375 0.272789173828125 0.539442595703125 0.32158148828125 0.546513625 0.360453841796875 0.538706771484375 0.357118876953125 0.497495990234375 0.345835546875 0.466625716796875 0.3287163046875 0.438154830078125 0.313873568359375 0.407868478515625
0 0.52041088671875 0.414298451171875 0.52252990234375 0.39202564453125 0.52384082421875 0.3614979375 0.512340330078125 0.3417706015625 0.4786219296875 0.315839021484375 0.45244281640625 0.360336501953125 0.435782748046875 0.37860204296875 0.415557361328125 0.388975302734375 0.45386235546875 0.40705891796875 0.4517856953125 0.448221994140625 0.46999173046875 0.46303619140625 0.503159720703125 0.464286126953125 0.52041088671875 0.414298451171875
1 0.5361328125 0.408203125 0.04296875 0.048828125
1 0.437130021484375 0.379098634765625 0.46675866015625 0.326122537109375 0.496011134765625 0.34281367578125 0.518677927734375 0.34994263671875 0.526424580078125 0.39235926171875 0.554167701171875 0.363655046875 0.570792029296875 0.341791494140625 0.59565403125 0.340905453125 0.60573305859375 0.31894314453125 0.59156169921875 0.271347654296875 0.529655662109375 0.22600098046875 0.458892552734375 0.2143468515625 0.413599421875 0.202178740234375 0.373816841796875 0.239039501953125 0.374721345703125 0.29827846875 0.407437322265625 0.3378794296875 0.437130021484375 0.379098634765625
1 0.2421875 0.2958984375 0.109375 0.13671875