1 0.9453125 0.35546875 0.078125 0.068359375
0 0.8693552578125 0.25976185546875 0.86253369921875 0.225835087890625 0.8543611796875 0.187386408203125 0.832394634765625 0.17487971875 0.79575030859375 0.17801782421875 0.760179998046875 0.21922555859375 0.754873078125 0.25696493359375 0.781545365234375 0.29789482421875 0.805381693359375 0.31676266015625 0.80534551171875 0.317382525390625 0.823777087890625 0.285105453125 0.8693552578125 0.25976185546875
0 0.702476896484375 0.5154536875 0.69290737890625 0.481609771484375 0.660629205078125 0.431470634765625 0.644325111328125 0.424264201171875 0.6098434765625 0.458785986328125 0.61700846875 0.49342243359375 0.63666241015625 0.5382065390625 0.654644234375 0.547739251953125 0.68127456640625 0.53206419140625 0.702476896484375 0.5154536875
0 0.910642583984375 0.513535119140625 0.889963849609375 0.469525548828125 0.863984224609375 0.476156998046875 0.83363428125 0.4396777578125 0.821940875 0.470000802734375 0.829620869140625 0.51578728515625 0.8720942734375 0.5374851328125 0.91159120703125 0.51439554296875 0.910642583984375 0.513535119140625
1 1 0.463836837890625 0.957571392578125 0.382803421875 0.908560712890625 0.35983687890625 0.8984758515625 0.3007937890625 0.863497572265625 0.27424471875 0.8303873828125 0.2841009765625 0.81945787890625 0.298287576171875 0.81773385546875 0.32306296875 0.8383316796875 0.33707466796875 0.858912802734375 0.395556837890625 0.88025385546875 0.44857538671875 0.89894959375 0.47932701171875 0.899428798828125 0.526377015625 0.865139642578125 0.53832655859375 0.829582224609375 0.51446021875 0.81834190625 0.4724441328125 0.810677634765625 0.431153177734375 0.7861393515625 0.421769189453125 0.750461966796875 0.457841390625 0.697040849609375 0.48068803515625 0.708715482421875 0.53248877734375 0.67551486328125 0.5338883046875 0.676032814453125 0.57914901171875 0.707245326171875 0.663938208984375 0.770160314453125 0.746643833984375 0.837297537109375 0.790667646484375 0.91545960546875 0.794931421875 0.967649115234375 0.77482196875 0.92713152734375 0.693588310546875 0.928814685546875 0.6473174140625 0.96632326171875 0.63635780078125 0.98228888671875 0.620632365234375 0.9964123359375 0.5870708828125 1 0.55837328125 1 0.463836837890625
1 0.740234375 0.3828125 0.068359375 0.091796875
1 0.669549705078125 0.35890528125 0.637417478515625 0.343861234375 0.628211455078125 0.3535873203125 0.647275130859375 0.393398169921875 0.694359529296875 0.451931083984375 0.745559265625 0.469082984375 0.74583715625 0.46487427734375 0.749643724609375 0.45821046875 0.727006673828125 0.417585583984375 0.70518388671875 0.38116118359375 0.669549705078125 0.35890528125
1 0.6669921875 0.3505859375 0.025390625 0.029296875
1 0.6123046875 0.359375 0.02734375 0.03515625
1 0.5810546875 0.2978515625 0.0234375 0.025390625
1 0.5439453125 0.2705078125 0.017578125 0.015625
0 0.59649934765625 0.299884890625 0.611543919921875 0.3437649765625 0.649663408203125 0.302126326171875 0.667383837890625 0.28196453515625 0.653777876953125 0.233776927734375 0.616294310546875 0.204791939453125 0.5807316640625 0.215019521484375 0.571062154296875 0.26391034375 0.580373611328125 0.285645724609375 0.59649934765625 0.299884890625
1 0.484375 0.3125 0.017578125 0.0234375
1 0.5322265625 0.3916015625 0.076171875 0.06640625
1 0.4921875 0.37890625 0.06640625 0.048828125
1 0.4130859375 0.380859375 0.02734375 0.01953125
1 0.3701171875 0.3466796875 0.013671875 0.017578125
1 0.5205078125 0.4521484375 0.08203125 0.083984375
1 0.4111328125 0.466796875 0.068359375 0.087890625
1 0.337890625 0.2138671875 0.08203125 0.099609375
0 0.46995397265625 0.290958373046875 0.459821564453125 0.261301576171875 0.409647609375 0.267981080078125 0.3789362265625 0.283940177734375 0.3770690078125 0.330381671875 0.403113306640625 0.37107527734375 0.42731042578125 0.371373802734375 0.46472662109375 0.37032312109375 0.4855858828125 0.3620725 0.493283703125 0.357239818359375 0.49258313671875 0.357481171875 0.473089578125 0.326716296875 0.46995397265625 0.290958373046875
1 0.40234375 0.4091796875 0.01953125 0.01953125
1 0.55078125 0.5546875 0.0234375 0.029296875
1 0.607421875 0.5244140625 0.015625 0.017578125
1 0.5224609375 0.61328125 0.021484375 0.017578125
1 0.431640625 0.5595703125 0.013671875 0.017578125
1 0.4150390625 0.58984375 0.013671875 0.01953125
0 0.444616703125 0.488854548828125 0.42601400390625 0.507496767578125 0.435927552734375 0.54894644921875 0.449014169921875 0.589247138671875 0.4642046796875 0.600891275390625 0.506979935546875 0.593072765625 0.5354699375 0.576252609375 0.528643373046875 0.541533953125 0.514370734375 0.4995748828125 0.496938328125 0.485726443359375 0.444616703125 0.488854548828125
1 0.3583984375 0.5859375 0.03125 0.0234375
1 0.345703125 0.4931640625 0.013671875 0.01953125
1 0.3310546875 0.46484375 0.017578125 0.017578125
1 0.2861328125 0.3984375 0.015625 0.015625
0 0.170948541015625 0.31951724609375 0.159031244140625 0.35309255078125 0.195936046875 0.39891828125 0.2357534375 0.422762478515625 0.25604167578125 0.44678474609375 0.25987109375 0.38200875390625 0.2900468671875 0.349032869140625 0.28248451171875 0.343238734375 0.269731376953125 0.313103630859375 0.23053009375 0.291969544921875 0.210386115234375 0.2845870859375 0.170948541015625 0.31951724609375
1 0.2265625 0.484375 0.02734375 0.033203125
1 0.185546875 0.400390625 0.01953125 0.033203125
1 0.2734375 0.505859375 0.072265625 0.076171875
1 0.219987923828125 0.415248458984375 0.224091646484375 0.4438982265625 0.246345259765625 0.4751590390625 0.26613683203125 0.469945615234375 0.26084899609375 0.449939267578125 0.252163384765625 0.44602936328125 0.236447591796875 0.42436106640625 0.219987923828125 0.415248458984375
1 0.2099609375 0.5634765625 0.041015625 0.05859375
0 0.33771165234375 0.58551346484375 0.32602716015625 0.54947524609375 0.2973505234375 0.538873474609375 0.263253826171875 0.53831880078125 0.248510443359375 0.54984228125 0.235531521484375 0.58507712890625 0.222236603515625 0.62044898828125 0.26165797265625 0.644706044921875 0.28884620703125 0.663498234375 0.321518365234375 0.6387224140625 0.33493523046875 0.6076427265625 0.33771165234375 0.58551346484375
1 0.2958984375 0.685546875 0.01953125 0.0234375
1 0.2724609375 0.6845703125 0.037109375 0.0625
1 0.3203125 0.736328125 0.0625 0.0703125
1 0.205078125 0.607421875 0.009765625 0.013671875
1 0.1845703125 0.5869140625 0.013671875 0.017578125
1 0.1767578125 0.650390625 0.0234375 0.03515625
1 0.1572265625 0.4833984375 0.04296875 0.083984375
1 0.1298828125 0.4580078125 0.03125 0.033203125
0 0.0517578125 0.3974609375 0.103515625 0.193359375
1 0.1396484375 0.369140625 0.017578125 0.017578125
1 0.0986328125 0.3291015625 0.013671875 0.015625
0 0.1158886484375 0.68574801953125 0.143572591796875 0.669694935546875 0.17060752734375 0.627799337890625 0.1702916875 0.6249144765625 0.132506734375 0.610400205078125 0.095414763671875 0.583554708984375 0.08133975390625 0.611501822265625 0.071678306640625 0.649536119140625 0.06868805859375 0.6870336953125 0.1158886484375 0.68574801953125
1 0.188526068359375 0.547544759765625 0.16630305078125 0.522349892578125 0.139516615234375 0.4881966796875 0.12367056640625 0.4825363046875 0.112678419921875 0.52912603125 0.11945980859375 0.57435987109375 0.15334226171875 0.61523011328125 0.179743275390625 0.575157876953125 0.188526068359375 0.547544759765625
1 0.116266552734375 0.572949416015625 0.11933528515625 0.54107620703125 0.115347171875 0.50858501953125 0.1140139765625 0.5099961953125 0.08985128125 0.50071931640625 0.018097806640625 0.51927016015625 0.0128818046875 0.61315624609375 0.045850955078125 0.76826390234375 0.071460576171875 0.88874769921875 0.08385931640625 0.93536565234375 0.127596923828125 0.914758080078125 0.159485392578125 0.863730810546875 0.186215953125 0.7969979453125 0.19598891796875 0.715337876953125 0.163530830078125 0.680683103515625 0.145435603515625 0.676712833984375 0.127852283203125 0.68079745703125 0.0862373828125 0.688102267578125 0.067673064453125 0.646878751953125 0.09177594921875 0.596088908203125 0.116266552734375 0.572949416015625
1 0.9765625 0.6416015625 0.046875 0.080078125