0 0.2802734375 0.2255859375 0.197265625 0.23828125
0 0.5166015625 0.3154296875 0.205078125 0.265625
0 0.75390625 0.3779296875 0.19921875 0.21875
0 0.9365234375 0.4140625 0.126953125 0.26953125
1 0.8955078125 0.6162109375 0.021484375 0.0234375
0 0.890625 0.7587890625 0.166015625 0.248046875
1 0.884765625 0.6357421875 0.013671875 0.017578125
1 0.740234375 0.587890625 0.017578125 0.0234375
0 0.6953125 0.744140625 0.216796875 0.28515625
1 0.7001953125 0.5419921875 0.015625 0.021484375
1 0.634765625 0.50390625 0.017578125 0.017578125
1 0.5673828125 0.4814453125 0.013671875 0.017578125
1 0.51171875 0.4931640625 0.017578125 0.0234375
1 0.44921875 0.5 0.05859375 0.06640625
1 0.384765625 0.619140625 0.04296875 0.037109375
0 0.4928350546875 0.525010984375 0.450664916015625 0.532855744140625 0.4085638984375 0.546185015625 0.3624664140625 0.58409675 0.383380365234375 0.620207505859375 0.3970794375 0.655779421875 0.411762318359375 0.701314955078125 0.439996791015625 0.71057429296875 0.478611724609375 0.70981605078125 0.5241683984375 0.68117947265625 0.53102202734375 0.654962544921875 0.528810375 0.62165201953125 0.5063906328125 0.570124171875 0.4928350546875 0.525010984375
0 0.2099609375 0.5771484375 0.197265625 0.20703125
1 0.283203125 0.44140625 0.03515625 0.046875
1 0.2646484375 0.4111328125 0.013671875 0.013671875
0 0.048828125 0.5244140625 0.09765625 0.216796875
1 0.0390625 0.3564453125 0.013671875 0.013671875
1 0.0390625 0.3935546875 0.033203125 0.033203125
1 0.134765625 0.400390625 0.017578125 0.0234375
0 0.09765625 0.197265625 0.09375 0.125
1 0.44140625 0.4443359375 0.017578125 0.021484375
1 0.6025390625 0.525390625 0.009765625 0.013671875
1 0.556640625 0.55078125 0.015625 0.017578125