1 0.939453125 0.212890625 0.017578125 0.021484375
1 0.933604908203125 0.2162605390625 0.933609572265625 0.185950783203125 0.885815373046875 0.1899670625 0.8482515859375 0.236968892578125 0.842326791015625 0.27282379296875 0.927613076171875 0.301021978515625 0.94375008203125 0.2734445546875 0.933604908203125 0.2162605390625
1 0.78515625 0.2509765625 0.072265625 0.060546875
1 0.728515625 0.2119140625 0.06640625 0.07421875
1 0.7626953125 0.1064453125 0.0234375 0.0234375
1 0.6416015625 0.224609375 0.05078125 0.0546875
1 0.5751953125 0.1826171875 0.13671875 0.169921875
1 0.64453125 0.171875 0.015625 0.01953125
1 0.474609375 0.1787109375 0.099609375 0.12890625
1 0.3603515625 0.1904296875 0.056640625 0.03515625
1 0.3251953125 0.1318359375 0.021484375 0.02734375
1 0.3603515625 0.068359375 0.033203125 0.046875
1 0.2705078125 0.134765625 0.01171875 0.015625
1 0.2412109375 0.158203125 0.05078125 0.080078125
1 0.19921875 0.15234375 0.048828125 0.0703125
1 0.158203125 0.14453125 0.0390625 0.048828125
1 0.0771484375 0.1083984375 0.06640625 0.109375
0 0.1767578125 0.3955078125 0.1640625 0.19921875
1 0.0517578125 0.5361328125 0.103515625 0.169921875
1 0.05078125 0.693359375 0.1015625 0.21484375
1 0.0869140625 0.73046875 0.015625 0.017578125
1 0.1015625 0.7734375 0.01953125 0.025390625
0 0.14845696484375 0.566676111328125 0.1073156171875 0.568381580078125 0.093334791015625 0.584721533203125 0.091449806640625 0.627980044921875 0.095627009765625 0.677441373046875 0.10982605078125 0.70046433984375 0.151205029296875 0.72496506640625 0.17037599609375 0.717394482421875 0.170447537109375 0.71799805859375 0.184145896484375 0.699209318359375 0.194460443359375 0.66874723046875 0.188177740234375 0.62245068359375 0.1728187265625 0.592802912109375 0.14845696484375 0.566676111328125
1 0.3046875 0.6767578125 0.017578125 0.0234375
0 0.28908685546875 0.694275705078125 0.272257001953125 0.7055081640625 0.2611749296875 0.780203046875 0.269955845703125 0.836767078125 0.334822513671875 0.828975724609375 0.36132975390625 0.805718646484375 0.377343232421875 0.7299393046875 0.360869080078125 0.6774135703125 0.320962830078125 0.685745271484375 0.28908685546875 0.694275705078125
1 0.375 0.783203125 0.01953125 0.02734375
1 0.4345703125 0.80859375 0.017578125 0.0234375
0 0.5291693046875 0.677079201171875 0.4994586171875 0.708422126953125 0.492172994140625 0.736044009765625 0.5013058046875 0.769150978515625 0.521860224609375 0.790881755859375 0.540764546875 0.79714689453125 0.5813957265625 0.78197591015625 0.60758521484375 0.76271773828125 0.610443447265625 0.733560513671875 0.5852588515625 0.700302337890625 0.5291693046875 0.677079201171875
1 0.5771484375 0.828125 0.021484375 0.0234375
1 0.4619140625 0.6083984375 0.162109375 0.1796875
0 0.58203125 0.4501953125 0.158203125 0.15625
1 0.6162109375 0.6279296875 0.01171875 0.015625
1 0.7236328125 0.666015625 0.154296875 0.15234375
0 0.744140625 0.7724609375 0.09375 0.123046875
1 0.8125 0.8017578125 0.048828125 0.0625
1 0.8486328125 0.8427734375 0.0390625 0.037109375
0 0.9287109375 0.794921875 0.08203125 0.111328125
1 0.9306640625 0.701171875 0.103515625 0.103515625
0 0.9423828125 0.525390625 0.115234375 0.21875
1 0.6474609375 0.8818359375 0.017578125 0.0234375
1 0.6884765625 0.548828125 0.01171875 0.015625
0 0.7900390625 0.4794921875 0.162109375 0.19921875
0 0.369140625 0.4365234375 0.16015625 0.228515625
1 0.13671875 0.8359375 0.015625 0.01953125