0 0.8154296875 0.9033203125 0.107421875 0.091796875
1 0.740234375 0.900390625 0.0625 0.07421875
1 0.7275390625 0.94140625 0.03515625 0.04296875
1 0.7109375 0.8701171875 0.01953125 0.013671875
1 0.6806640625 0.9560546875 0.05859375 0.041015625
1 0.59375 0.9853515625 0.02734375 0.015625
0 0.556967806640625 1 0.565797533203125 0.99796149609375 0.59106813671875 0.95541341015625 0.59020401171875 0.929433767578125 0.58116199609375 0.908110388671875 0.570031556640625 0.90337569140625 0.53403193359375 0.9189921484375 0.51054962109375 0.93571940625 0.48961475390625 0.9539623359375 0.485524287109375 0.984667955078125 0.492539837890625 1 0.556967806640625 1
1 0.595703125 0.873046875 0.05859375 0.056640625
1 0.544921875 0.8505859375 0.109375 0.115234375
1 0.6533203125 0.857421875 0.015625 0.015625
1 0.630859375 0.853515625 0.0234375 0.01953125
1 0.66796875 0.818359375 0.021484375 0.021484375
1 0.7998046875 0.794921875 0.017578125 0.015625
0 0.7666015625 0.7373046875 0.181640625 0.15234375
1 0.748046875 0.6728515625 0.01953125 0.01953125
1 0.787109375 0.642578125 0.01171875 0.01171875
1 0.630859375 0.7724609375 0.1484375 0.10546875
1 0.626953125 0.6806640625 0.09765625 0.08984375
1 0.541015625 0.7197265625 0.107421875 0.07421875
0 0.452524126953125 0.7803766328125 0.458638478515625 0.805687052734375 0.480659974609375 0.8158399765625 0.515057447265625 0.810252125 0.5434087890625 0.801173236328125 0.552382890625 0.78568795703125 0.557715400390625 0.76248994140625 0.575203927734375 0.74200528515625 0.55688248828125 0.742214056640625 0.526808716796875 0.74519360546875 0.494622619140625 0.73712102734375 0.466159306640625 0.731201294921875 0.4562857421875 0.752164400390625 0.452524126953125 0.7803766328125
1 0.5498046875 0.6884765625 0.021484375 0.017578125
1 0.6044921875 0.6015625 0.0234375 0.015625
1 0.6865234375 0.630859375 0.046875 0.037109375
1 0.7509765625 0.583984375 0.013671875 0.01171875
0 0.690565984375 0.495540357421875 0.662635201171875 0.51103399609375 0.640383310546875 0.536670974609375 0.63146789453125 0.560031716796875 0.627555265625 0.59456793359375 0.6311600625 0.60617844921875 0.664496265625 0.606739609375 0.71139983203125 0.60605142578125 0.736677216796875 0.596981568359375 0.758038296875 0.57536993359375 0.767443814453125 0.571770291015625 0.761777935546875 0.541719072265625 0.7535511171875 0.5235622421875 0.724528728515625 0.5043785546875 0.7051321328125 0.496334052734375 0.690565984375 0.495540357421875
1 0.806640625 0.5517578125 0.01171875 0.01171875
1 0.548828125 0.544921875 0.08984375 0.08203125
0 0.4638671875 0.6064453125 0.17578125 0.12109375
1 0.4287109375 0.5478515625 0.041015625 0.03125
1 0.4033203125 0.5224609375 0.091796875 0.0625
1 0.552734375 0.4697265625 0.048828125 0.03515625
1 0.5703125 0.4931640625 0.013671875 0.0078125
1 0.59375 0.53125 0.01171875 0.0078125
1 0.56640625 0.4384765625 0.01171875 0.0078125
1 0.5546875 0.4453125 0.01171875 0.0078125
1 0.5263671875 0.4306640625 0.05078125 0.04296875
0 0.4169921875 0.4287109375 0.15625 0.134765625
1 0.5126953125 0.2939453125 0.052734375 0.05078125
1 0.41015625 0.3095703125 0.025390625 0.0234375
1 0.47762819140625 0.305355244140625 0.4889975 0.288759251953125 0.501770548828125 0.269255603515625 0.505650087890625 0.24753541015625 0.507396029296875 0.220620029296875 0.502710189453125 0.201615078125 0.4899485078125 0.18820146484375 0.45061195703125 0.20688977734375 0.421132107421875 0.21866430078125 0.404371150390625 0.2404620859375 0.402087001953125 0.25884525 0.41677010546875 0.280586810546875 0.451331833984375 0.303772943359375 0.47762819140625 0.305355244140625
0 0.296034888671875 0.191425759765625 0.280307486328125 0.211242126953125 0.256763158203125 0.23974900390625 0.270474708984375 0.272465853515625 0.30707498046875 0.304578375 0.333044591796875 0.301015130859375 0.374457072265625 0.28663979296875 0.400252671875 0.27432105078125 0.411253072265625 0.253774314453125 0.426450453125 0.226731404296875 0.42639180078125 0.22644519921875 0.417244703125 0.195635841796875 0.396168193359375 0.1889276015625 0.35543876953125 0.18098066796875 0.3246838203125 0.18346973046875 0.296034888671875 0.191425759765625
1 0.3779296875 0.177734375 0.021484375 0.01953125
1 0.46484375 0.173828125 0.083984375 0.060546875
1 0.44921875 0.201171875 0.013671875 0.013671875
1 0.53125 0.1787109375 0.01171875 0.009765625
1 0.3779296875 0.138671875 0.037109375 0.0390625
0 0.3193359375 0.0791015625 0.1640625 0.12890625
1 0.4248046875 0.041015625 0.05859375 0.044921875
1 0.6123046875 0.2158203125 0.03515625 0.025390625
0 0.654365271484375 0.097773216796875 0.629618490234375 0.09191047265625 0.58722871484375 0.10642605859375 0.56665262890625 0.123977384765625 0.564484482421875 0.163454333984375 0.5893942109375 0.18996571484375 0.601438095703125 0.203850357421875 0.635623060546875 0.21163592578125 0.66825703125 0.213153583984375 0.69176687890625 0.203614826171875 0.69220155859375 0.203327015625 0.69540242578125 0.166919068359375 0.69178160546875 0.141052458984375 0.693410697265625 0.11648222265625 0.68433462109375 0.109407009765625 0.654365271484375 0.097773216796875
1 0.5283203125 0.1376953125 0.0703125 0.076171875
1 0.4423828125 0.12109375 0.107421875 0.080078125
1 0.4873046875 0.0537109375 0.083984375 0.072265625
1 0.560546875 0.0751953125 0.158203125 0.11328125
0 0.5693359375 0.0244140625 0.177734375 0.048828125
1 0.6826171875 0.0986328125 0.01953125 0.013671875
0 0.6748046875 0.3486328125 0.166015625 0.14453125
1 0.701171875 0.44140625 0.021484375 0.021484375
1 0.73828125 0.2724609375 0.025390625 0.0234375
1 0.603515625 0.2802734375 0.01171875 0.0078125
1 0.5830078125 0.5087890625 0.009765625 0.0078125