0 0.64453125 0.0693359375 0.169921875 0.134765625
1 0.5380859375 0.0498046875 0.021484375 0.01171875
0 0.3388671875 0.0859375 0.1796875 0.150390625
0 0.318359375 0.2822265625 0.220703125 0.154296875
1 0.3291015625 0.3896484375 0.013671875 0.009765625
1 0.2978515625 0.427734375 0.013671875 0.009765625
0 0.330078125 0.4873046875 0.14453125 0.11328125
1 0.3984375 0.5595703125 0.015625 0.005859375
1 0.3486328125 0.5458984375 0.015625 0.009765625
1 0.373046875 0.6171875 0.013671875 0.009765625
0 0.337890625 0.7041015625 0.169921875 0.15625
0 0.35546875 0.9140625 0.1484375 0.1328125
1 0.455078125 0.8759765625 0.037109375 0.044921875
1 0.3173828125 0.9912109375 0.015625 0.01171875
1 0.5244140625 0.267578125 0.01953125 0.015625
1 0.643540138671875 0.332146669921875 0.643525822265625 0.3320247421875 0.63909307421875 0.339608138671875 0.63890109765625 0.351799701171875 0.643027369140625 0.35693862109375 0.65434227734375 0.3559357890625 0.6589981796875 0.34593012890625 0.654263736328125 0.339208646484375 0.649335458984375 0.33040375 0.643540138671875 0.332146669921875
0 0.52659709765625 0.27006691015625 0.51523693359375 0.28649481640625 0.526220380859375 0.303469486328125 0.546857755859375 0.311730826171875 0.596231650390625 0.323566583984375 0.641898826171875 0.33314808203125 0.66148087109375 0.3374700859375 0.68491988671875 0.3314471875 0.71173764453125 0.314307359375 0.74346671484375 0.267330927734375 0.728006810546875 0.23209943359375 0.686923673828125 0.200761623046875 0.622422279296875 0.203808875 0.573029896484375 0.21122365234375 0.533848337890625 0.221618173828125 0.525123078125 0.23722891015625 0.52493690625 0.250964931640625 0.52659709765625 0.27006691015625
1 0.533203125 0.193359375 0.009765625 0.005859375
1 0.4658203125 0.30859375 0.013671875 0.005859375
1 0.5498046875 0.3779296875 0.009765625 0.005859375
1 0.49609375 0.3818359375 0.009765625 0.005859375
1 0.6318359375 0.408203125 0.017578125 0.0078125
1 0.58984375 0.416015625 0.013671875 0.005859375
1 0.669921875 0.5419921875 0.009765625 0.005859375
0 0.655168861328125 0.55194196484375 0.6738912890625 0.538425994140625 0.696360330078125 0.52510906640625 0.73320518359375 0.504357998046875 0.73330203515625 0.5038753515625 0.720100544921875 0.452936322265625 0.6845071796875 0.413042603515625 0.643760876953125 0.412222849609375 0.608608927734375 0.420189658203125 0.586451615234375 0.44013296484375 0.567066427734375 0.4662120234375 0.554991291015625 0.501034236328125 0.5810024921875 0.54645114453125 0.614734078125 0.55875845703125 0.655168861328125 0.55194196484375
0 0.6328125 0.71484375 0.1875 0.140625
1 0.6376953125 0.7998046875 0.013671875 0.009765625
0 0.6220703125 0.9296875 0.158203125 0.140625
1 0.51953125 0.822265625 0.013671875 0.0078125
1 0.5244140625 0.83984375 0.009765625 0.005859375
1 0.98046875 0.591796875 0.03515625 0.046875