0 0.69140625 0.037109375 0.109375 0.046875
1 0.638671875 0.05859375 0.083984375 0.078125
1 0.5751953125 0.0244140625 0.052734375 0.0390625
0 0.4580078125 0.02734375 0.119140625 0.0546875
1 0.5244140625 0.056640625 0.01171875 0.01171875
1 0.578125 0.1025390625 0.013671875 0.01171875
1 0.55078125 0.1318359375 0.01953125 0.0078125
0 0.6474609375 0.2060546875 0.126953125 0.109375
1 0.6669921875 0.2626953125 0.0234375 0.021484375
1 0.6630859375 0.4609375 0.025390625 0.015625
1 0.6494140625 0.4736328125 0.01953125 0.017578125
0 0.6484375 0.40234375 0.140625 0.115234375
1 0.5390625 0.5146484375 0.05078125 0.060546875
1 0.4619140625 0.5048828125 0.05859375 0.05078125
1 0.462890625 0.4765625 0.017578125 0.01171875
1 0.5107421875 0.4423828125 0.009765625 0.0078125
1 0.537109375 0.43359375 0.0078125 0.005859375
1 0.4111328125 0.2880859375 0.017578125 0.015625
1 0.3994140625 0.27734375 0.01171875 0.017578125
0 0.3916015625 0.177734375 0.134765625 0.12109375
1 0.462890625 0.1982421875 0.048828125 0.033203125
1 0.40234375 0.111328125 0.013671875 0.01171875
1 0.384765625 0.1015625 0.017578125 0.01171875
0 0.38671875 0.36328125 0.150390625 0.130859375
1 0.4599609375 0.3662109375 0.017578125 0.01953125
0 0.3212890625 0.5703125 0.142578125 0.125
0 0.3017578125 0.775390625 0.20703125 0.1484375
0 0.28125 0.9404296875 0.13671875 0.087890625
1 0.3798828125 0.943359375 0.017578125 0.01171875
1 0.3779296875 0.98046875 0.021484375 0.015625
1 0.404296875 0.9541015625 0.0234375 0.01953125
1 0.4306640625 0.90625 0.013671875 0.013671875
1 0.4296875 0.859375 0.01953125 0.015625
0 0.521484375 0.9658203125 0.1328125 0.068359375
0 0.560546875 0.82421875 0.189453125 0.15625
1 0.578125 0.732421875 0.013671875 0.015625
0 0.619140625 0.62109375 0.19140625 0.15234375
1 0.5078125 0.61328125 0.017578125 0.015625
1 0.4619140625 0.6162109375 0.01953125 0.015625
1 0.458984375 0.5615234375 0.0390625 0.052734375
1 0.4462890625 0.54296875 0.013671875 0.017578125
1 0.552734375 0.1865234375 0.02734375 0.01953125
1 0.9755859375 0.2265625 0.048828125 0.05078125
1 0.9609375 0.52734375 0.02734375 0.021484375
1 0.55078125 0.140625 0.009765625 0.009765625