0 0.181640625 0.4267578125 0.14453125 0.1875
1 0.3310546875 0.48828125 0.03515625 0.046875
0 0.396484375 0.439453125 0.109375 0.185546875
0 0.59765625 0.4091796875 0.140625 0.171875
0 0.8134765625 0.41015625 0.1328125 0.150390625
0 0.966796875 0.4189453125 0.064453125 0.130859375
0 0.9833984375 0.6708984375 0.033203125 0.123046875
0 0.7978515625 0.6943359375 0.1015625 0.130859375
0 0.591796875 0.70703125 0.123046875 0.154296875
0 0.375 0.71484375 0.0859375 0.14453125
1 0.4482421875 0.67578125 0.087890625 0.16015625
1 0.306640625 0.5927734375 0.015625 0.013671875
0 0.189453125 0.7197265625 0.087890625 0.138671875
1 0.271484375 0.724609375 0.025390625 0.037109375
0 0.025390625 0.7138671875 0.041015625 0.103515625
1 0.0322265625 0.58984375 0.021484375 0.029296875
1 0.05859375 0.7197265625 0.021484375 0.015625
1 0.048828125 0.685546875 0.0078125 0.01171875
1 0.3427734375 0.0439453125 0.048828125 0.072265625
1 0.7021484375 0.056640625 0.021484375 0.021484375
1 0.8623046875 0.0751953125 0.0546875 0.05078125
1 0.8369140625 0.193359375 0.015625 0.02734375