0 0.6689453125 0.0947265625 0.224609375 0.189453125
0 0.6787109375 0.35546875 0.240234375 0.201171875
1 0.78515625 0.4384765625 0.01171875 0.01171875
1 0.6650390625 0.509765625 0.01171875 0.013671875
0 0.7255859375 0.6083984375 0.248046875 0.216796875
0 0.7197265625 0.8369140625 0.1875 0.1796875
0 0.4052734375 0.8662109375 0.19921875 0.130859375
1 0.517578125 0.7900390625 0.05859375 0.060546875
1 0.5234375 0.921875 0.044921875 0.037109375
1 0.2666015625 0.8310546875 0.04296875 0.046875
0 0.3671875 0.673828125 0.203125 0.12890625
0 0.3388671875 0.3994140625 0.193359375 0.158203125
0 0.318359375 0.150390625 0.19140625 0.15625
1 0.3779296875 0.064453125 0.0390625 0.02734375
1 0.4091796875 0.0654296875 0.021484375 0.0234375