0 0.6044921875 0.958984375 0.11328125 0.08203125
0 0.6103515625 0.763671875 0.16015625 0.130859375
1 0.80859375 0.685546875 0.119140625 0.115234375
1 0.416015625 0.86328125 0.03515625 0.03515625
1 0.525988919921875 0.8846469453125 0.547197505859375 0.845081470703125 0.5387128671875 0.82095901953125 0.48635223828125 0.8039833359375 0.433134103515625 0.79764811328125 0.385927552734375 0.82339364453125 0.385938103515625 0.82387514453125 0.4169168359375 0.84414220703125 0.455411181640625 0.8805734140625 0.500183859375 0.89721566796875 0.525988919921875 0.8846469453125
0 0.3601089296875 0.99919071875 0.4077163515625 0.97709147265625 0.408994322265625 0.94921423046875 0.40414918359375 0.928504095703125 0.384471751953125 0.9004844375 0.360964927734375 0.898336904296875 0.341251326171875 0.948501021484375 0.349151234375 0.997974537109375 0.3601089296875 0.99919071875
1 0.479336962890625 1 0.501161927734375 0.96307712109375 0.441235955078125 0.9401889375 0.41271821875 0.9558625390625 0.39580319140625 1 0.4000711328125 1 0.479336962890625 1
1 0.39231137890625 0.8467316796875 0.37692750390625 0.8498817734375 0.365826642578125 0.86926834765625 0.389050142578125 0.915115921875 0.41103636328125 0.95520923828125 0.43602611328125 0.94387365234375 0.49223421875 0.938899287109375 0.491878556640625 0.906437626953125 0.47632589453125 0.878929986328125 0.43244387890625 0.88997621875 0.412508740234375 0.87541707421875 0.39129111328125 0.848855478515625 0.39231137890625 0.8467316796875
1 0.3544921875 0.8740234375 0.013671875 0.0078125
1 0.3291015625 0.8720703125 0.015625 0.01171875
1 0.310546875 0.9697265625 0.025390625 0.021484375
1 0.3271484375 0.8466796875 0.01171875 0.0078125
1 0.431640625 0.716796875 0.02734375 0.01953125
1 0.5048828125 0.787109375 0.025390625 0.01953125
0 0.284579052734375 0.811628552734375 0.325382185546875 0.82422779296875 0.36780538671875 0.81721553125 0.402690369140625 0.799414740234375 0.413084431640625 0.73181717578125 0.39222095703125 0.730818005859375 0.348186728515625 0.73313169140625 0.34016475 0.74982367578125 0.308271244140625 0.74613444140625 0.290860400390625 0.752655029296875 0.30132529296875 0.77824232421875 0.28317901171875 0.811921296875 0.284579052734375 0.811628552734375
1 0.201993212890625 0.686650029296875 0.21213258203125 0.76001880859375 0.221816828125 0.805996365234375 0.28191611328125 0.801199455078125 0.30003225 0.77970490625 0.29569498828125 0.7512591328125 0.329880703125 0.74608923046875 0.351375626953125 0.7332062890625 0.374636802734375 0.713762072265625 0.37638195703125 0.681780779296875 0.35532256640625 0.64350043359375 0.28966380859375 0.64030965234375 0.219877267578125 0.6483436875 0.201993212890625 0.686650029296875
1 0.365234375 0.634765625 0.04296875 0.025390625
1 0.318359375 0.625 0.01171875 0.005859375
1 0.333984375 0.607421875 0.015625 0.015625
1 0.28515625 0.591796875 0.03125 0.025390625
1 0.375 0.603515625 0.01953125 0.017578125
1 0.4765625 0.6474609375 0.068359375 0.03515625
1 0.466796875 0.689453125 0.005859375 0.009765625
1 0.462890625 0.615234375 0.072265625 0.033203125
1 0.467924142578125 0.56695217578125 0.446474427734375 0.55835865234375 0.405450099609375 0.5825438671875 0.4113784609375 0.605632640625 0.437944576171875 0.60688612109375 0.4687364375 0.58869086328125 0.467924142578125 0.56695217578125
1 0.4541015625 0.548828125 0.03125 0.021484375
1 0.458984375 0.529296875 0.015625 0.009765625
1 0.447265625 0.478515625 0.041015625 0.03125
1 0.361328125 0.501953125 0.03125 0.0078125
1 0.3154296875 0.513671875 0.015625 0.009765625
1 0.2900390625 0.5185546875 0.01171875 0.005859375
0 0.42592592578125 0.55961778515625 0.386700666015625 0.53343483203125 0.349858037109375 0.515554923828125 0.33308919140625 0.533538818359375 0.31038411328125 0.55887405859375 0.316358025390625 0.599247685546875 0.3177791640625 0.599948458984375 0.321821048828125 0.60113525390625 0.38013750390625 0.58677616796875 0.427704234375 0.571920888671875 0.42592592578125 0.55961778515625
1 0.55078125 0.4794921875 0.15234375 0.11328125
1 0.65625 0.49609375 0.021484375 0.015625
0 0.6181640625 0.572265625 0.125 0.08984375
1 0.619140625 0.65234375 0.01171875 0.005859375
0 0.59375 0.35546875 0.162109375 0.109375
1 0.4638671875 0.349609375 0.056640625 0.0625
1 0.419921875 0.353515625 0.025390625 0.0390625
1 0.4169921875 0.302734375 0.068359375 0.03125
1 0.474609375 0.3994140625 0.005859375 0.0078125
1 0.4853515625 0.412109375 0.01171875 0.005859375
1 0.345703125 0.4384765625 0.015625 0.015625
1 0.3564453125 0.48046875 0.0078125 0.00390625
1 0.3681640625 0.4775390625 0.01171875 0.00390625
0 0.33005702734375 0.322484900390625 0.29124921484375 0.330712212890625 0.224151234375 0.368634259765625 0.25870768359375 0.433255794921875 0.29462348046875 0.452780263671875 0.36038923828125 0.413810447265625 0.40140787890625 0.390831841796875 0.388720099609375 0.36776168359375 0.34798327734375 0.340649640625 0.33005702734375 0.322484900390625
1 0.39453878515625 0.3053916640625 0.3868408203125 0.27921436328125 0.362622673828125 0.28010615625 0.3206018515625 0.30787037109375 0.33553512109375 0.32707496875 0.352537556640625 0.34681419140625 0.3889009453125 0.329418041015625 0.39453878515625 0.3053916640625
1 0.2841796875 0.306640625 0.009765625 0.005859375
1 0.2978515625 0.26171875 0.025390625 0.01953125
1 0.330078125 0.263671875 0.01171875 0.009765625
1 0.3515625 0.2568359375 0.025390625 0.017578125
1 0.3095703125 0.2392578125 0.025390625 0.017578125
1 0.3310546875 0.23828125 0.009765625 0.005859375
1 0.2900390625 0.16015625 0.021484375 0.01171875
1 0.279296875 0.1494140625 0.01171875 0.01171875
1 0.330078125 0.1298828125 0.087890625 0.052734375
1 0.2734375 0.1025390625 0.01171875 0.01171875
0 0.337890625 0.1904296875 0.12109375 0.052734375
1 0.451171875 0.109375 0.0625 0.052734375
1 0.470703125 0.1513671875 0.015625 0.0078125
1 0.296875 0.0771484375 0.02734375 0.021484375
1 0.248046875 0.0439453125 0.03125 0.029296875
1 0.2841796875 0.0439453125 0.04296875 0.037109375
0 0.60194980859375 0.22382948046875 0.622089904296875 0.196705005859375 0.65144856640625 0.19323617578125 0.676861798828125 0.1939663359375 0.690734109375 0.1736122421875 0.671109423828125 0.11254995703125 0.625119056640625 0.079977529296875 0.5801836171875 0.08738651953125 0.52428144140625 0.1138848203125 0.53268922265625 0.15645005859375 0.54375241015625 0.1970565234375 0.58014744921875 0.2230575 0.5963134765625 0.2261895078125 0.60194980859375 0.22382948046875
1 0.2216796875 0.576171875 0.021484375 0.01953125
1 0.2421875 0.529296875 0.009765625 0.0078125
1 0.2421875 0.580078125 0.01171875 0.005859375
1 0.1396484375 0.2470703125 0.037109375 0.01953125
1 0.126953125 0.98828125 0.03125 0.0234375