1 0.248046875 0.880859375 0.115234375 0.103515625
1 0.1396484375 0.859375 0.02734375 0.052734375
1 0.1650390625 0.841796875 0.0078125 0.013671875
1 0.009765625 0.8505859375 0.01953125 0.033203125
1 0.0322265625 0.837890625 0.025390625 0.025390625
1 0 0.67963012890625 0.0057135859375 0.704230171875 0.02109356640625 0.720260919921875 0.08153750390625 0.724736193359375 0.13604818359375 0.71324909765625 0.151846123046875 0.6433050234375 0.15861624609375 0.566783466796875 0.14001935546875 0.541406466796875 0.0955027421875 0.51904266015625 0.08156085546875 0.50607521484375 0.067386685546875 0.503873759765625 0.05299576953125 0.525623220703125 0.035912671875 0.5646880703125 0.012444978515625 0.617966505859375 0 0.668151603515625 0 0.67963012890625
1 0.0322265625 0.37109375 0.01171875 0.013671875
1 0.064453125 0.3623046875 0.015625 0.0234375
0 0.004975353515625 0.41138875 0.00059815234375 0.473985630859375 0.013849388671875 0.50064457421875 0.05104023828125 0.524552419921875 0.079649125 0.50980380078125 0.122265568359375 0.5075835 0.13868960546875 0.493702462890625 0.140730236328125 0.454205568359375 0.129331833984375 0.424067724609375 0.10889002734375 0.412519052734375 0.071297025390625 0.3998435703125 0.046158552734375 0.3723516640625 0.045497505859375 0.3724349296875 0.004975353515625 0.41138875
1 0.1005859375 0.3720703125 0.04296875 0.03125
1 0.0283203125 0.2841796875 0.03125 0.056640625
1 0.1728515625 0.259765625 0.021484375 0.02734375
0 0.17853914453125 0.2950020078125 0.165071548828125 0.261104099609375 0.159115333984375 0.217952326171875 0.14647291015625 0.189309 0.101238783203125 0.16446578125 0.076190603515625 0.180033146484375 0.047813505859375 0.214318216796875 0.045500376953125 0.247397505859375 0.05055687890625 0.270268603515625 0.064903580078125 0.28942809765625 0.112604482421875 0.31671593359375 0.153676421875 0.32615744140625 0.161754060546875 0.318305412109375 0.17853914453125 0.2950020078125
1 0.2802734375 0.482421875 0.009765625 0.013671875
0 0.2954635390625 0.5525904140625 0.296262408203125 0.536425451171875 0.2937369921875 0.521467962890625 0.28299002734375 0.49590265234375 0.267367564453125 0.475802763671875 0.2515882734375 0.4576308125 0.228396958984375 0.45640276953125 0.213824984375 0.462797552734375 0.205221876953125 0.485089861328125 0.193752236328125 0.528487203125 0.20576176171875 0.57703296875 0.22586090234375 0.605296466796875 0.251709873046875 0.599035890625 0.27642818359375 0.58127865234375 0.2954635390625 0.5525904140625
1 0.203899724609375 0.380797373046875 0.17495369921875 0.381756728515625 0.161039779296875 0.43883171484375 0.162497244140625 0.44369196875 0.208204255859375 0.4659577265625 0.244579970703125 0.454209083984375 0.25814948828125 0.44122479296875 0.25670504296875 0.403771859375 0.227474611328125 0.370225453125 0.203899724609375 0.380797373046875
1 0.146484375 0.4345703125 0.005859375 0.009765625
1 0.129921185546875 0.420269115234375 0.1348888828125 0.43733628515625 0.13603127734375 0.43344340625 0.152783380859375 0.41968544921875 0.174657091796875 0.39697959375 0.192466736328125 0.370709125 0.214072220703125 0.317469673828125 0.20398310546875 0.301551646484375 0.179417154296875 0.300593505859375 0.151652158203125 0.3249955078125 0.1369380859375 0.34851451953125 0.128682837890625 0.36803588671875 0.129366482421875 0.39966553125 0.129921185546875 0.420269115234375
1 0.1240234375 0.337890625 0.0390625 0.0390625
1 0.2177734375 0.248046875 0.009765625 0.013671875
1 0.2333984375 0.25390625 0.017578125 0.01171875
1 0.2412109375 0.3359375 0.046875 0.0546875
1 0.2724609375 0.3623046875 0.05859375 0.0703125
0 0.2907569375 0.234409064453125 0.284974541015625 0.1874382578125 0.267074283203125 0.1970050390625 0.238824626953125 0.213968029296875 0.234618822265625 0.241559248046875 0.24702319921875 0.276328951171875 0.252899662109375 0.300640341796875 0.282055978515625 0.320802623046875 0.30482058984375 0.32217002734375 0.323141814453125 0.306120181640625 0.32541105078125 0.278075861328125 0.3043619375 0.245990712890625 0.2907569375 0.234409064453125
1 0.2412109375 0.2802734375 0.01171875 0.013671875
1 0.33984375 0.302734375 0.015625 0.021484375
1 0.3271484375 0.3095703125 0.01171875 0.029296875
1 0.34375 0.244140625 0.017578125 0.02734375
1 0.244140625 0.1005859375 0.048828125 0.044921875
1 0.1845703125 0.1298828125 0.005859375 0.013671875
1 0.403812951171875 0.1695324921875 0.39764883203125 0.109280359375 0.38192828515625 0.068009708984375 0.361694064453125 0.057418240234375 0.314966578125 0.079819181640625 0.26803006640625 0.12394952734375 0.2527699453125 0.169980671875 0.269337263671875 0.187808896484375 0.293385671875 0.205390216796875 0.31768557421875 0.22522671484375 0.355472341796875 0.241890240234375 0.383602388671875 0.239155919921875 0.399427990234375 0.21359271875 0.403812951171875 0.1695324921875
1 0.261082146484375 0.420970384765625 0.285751080078125 0.427529712890625 0.321006232421875 0.430916966796875 0.350461734375 0.41885706640625 0.3545447578125 0.380336904296875 0.33744403515625 0.3311934140625 0.32558373046875 0.319438525390625 0.304712095703125 0.32129571875 0.2983675859375 0.3661944140625 0.287547861328125 0.3952050703125 0.272484166015625 0.407131830078125 0.26013691015625 0.420154970703125 0.261082146484375 0.420970384765625
1 0.391960671875 0.29158487890625 0.363641884765625 0.305586107421875 0.335930251953125 0.349249015625 0.3397920859375 0.381760435546875 0.34811790234375 0.4012102421875 0.367110513671875 0.412446935546875 0.377575654296875 0.3929143515625 0.4048931953125 0.348893486328125 0.410599435546875 0.30823369921875 0.391960671875 0.29158487890625
1 0.394050904296875 0.370727072265625 0.37914078125 0.385364873046875 0.358568845703125 0.40806507421875 0.3570040625 0.419868767578125 0.36650411328125 0.433618509765625 0.39596130078125 0.439274736328125 0.4257613671875 0.433286994140625 0.42944516015625 0.428604962890625 0.443747625 0.399972513671875 0.4420769609375 0.377013587890625 0.414822212890625 0.343323908203125 0.394050904296875 0.370727072265625
0 0.443345576171875 0.46194266015625 0.400898076171875 0.476913173828125 0.3843731953125 0.47607014453125 0.376646625 0.542918361328125 0.37647506640625 0.55987133203125 0.3817560390625 0.5749213671875 0.395997912109375 0.595413326171875 0.421444255859375 0.597151271484375 0.4449624140625 0.593945974609375 0.47572948046875 0.5868328125 0.491430626953125 0.572623255859375 0.496197212890625 0.532994115234375 0.49466422265625 0.50247394921875 0.46165784765625 0.481945759765625 0.443345576171875 0.46194266015625
1 0.4833984375 0.4873046875 0.0078125 0.013671875
1 0.5087890625 0.435546875 0.060546875 0.0859375
1 0.50390625 0.373046875 0.05859375 0.05078125
1 0.480129318359375 0.431396373046875 0.48217831640625 0.400168453125 0.4803458046875 0.39322739453125 0.46801125 0.3881434921875 0.447207568359375 0.39236216015625 0.4114244921875 0.434579029296875 0.41272844921875 0.431764447265625 0.390571912109375 0.45062624609375 0.3968887421875 0.469899314453125 0.407984771484375 0.476213958984375 0.4272298125 0.474933638671875 0.44790455078125 0.470281224609375 0.460491591796875 0.484198486328125 0.471007357421875 0.471404666015625 0.480129318359375 0.431396373046875
1 0.505859375 0.2470703125 0.0078125 0.009765625
1 0.5078125 0.2939453125 0.0078125 0.013671875
1 0.51953125 0.2958984375 0.01171875 0.015625
1 0.517578125 0.2802734375 0.0078125 0.013671875
1 0.5078125 0.2763671875 0.009765625 0.017578125
0 0.4169061640625 0.1907107109375 0.412822267578125 0.2224472421875 0.42073562890625 0.27181328515625 0.433533892578125 0.317986693359375 0.457140529296875 0.31942333984375 0.50288849609375 0.3345665390625 0.507859173828125 0.319425349609375 0.50072194140625 0.2761633671875 0.500497134765625 0.244916296875 0.5204736640625 0.236045470703125 0.521514193359375 0.237646216796875 0.5227924140625 0.228736880859375 0.513501998046875 0.219081609375 0.471500990234375 0.20268624609375 0.4558580078125 0.164584037109375 0.44443871875 0.16731801953125 0.4169061640625 0.1907107109375
1 0.5546875 0.1962890625 0.013671875 0.015625
1 0.5498046875 0.2568359375 0.005859375 0.01171875
1 0.572265625 0.279296875 0.01953125 0.017578125
1 0.576171875 0.298828125 0.013671875 0.021484375
1 0.564453125 0.3349609375 0.009765625 0.013671875
1 0.5771484375 0.32421875 0.005859375 0.01171875
1 0.5888671875 0.314453125 0.01171875 0.013671875
1 0.59765625 0.3017578125 0.0078125 0.013671875
1 0.607421875 0.4013671875 0.05078125 0.052734375
1 0.578125 0.4169921875 0.025390625 0.041015625
1 0.701171875 0.400390625 0.09765625 0.0859375
1 0.5986328125 0.59375 0.029296875 0.052734375
1 0.568359375 0.5595703125 0.0078125 0.013671875
0 0.627348078125 0.591115888671875 0.653157373046875 0.60034821875 0.672004265625 0.598076646484375 0.67849422265625 0.5903190546875 0.686359607421875 0.562743748046875 0.68773502734375 0.519186134765625 0.683281236328125 0.472140759765625 0.6802555 0.44156109765625 0.652640525390625 0.449132939453125 0.608570861328125 0.4731907421875 0.587711447265625 0.486632130859375 0.5866059453125 0.498089830078125 0.58528601953125 0.539039072265625 0.588796826171875 0.557459837890625 0.605947396484375 0.577632052734375 0.627348078125 0.591115888671875
1 0.7080078125 0.30859375 0.013671875 0.029296875
1 0.7470703125 0.3193359375 0.0234375 0.033203125
1 0.7041015625 0.1845703125 0.01171875 0.017578125
1 0.76915405859375 0.205815248046875 0.74582859765625 0.178950814453125 0.726054259765625 0.182171009765625 0.6972988125 0.2089226328125 0.701402138671875 0.24249894921875 0.7044150859375 0.276057720703125 0.716981080078125 0.297979466796875 0.733689595703125 0.300751794921875 0.745114107421875 0.29588762890625 0.7660413828125 0.27480932421875 0.783740279296875 0.243567314453125 0.77980262890625 0.2297507265625 0.76915405859375 0.205815248046875
1 0.6904296875 0.2841796875 0.013671875 0.01953125
0 0.6812162734375 0.335138857421875 0.70020602734375 0.3415462265625 0.701142751953125 0.32931705078125 0.6967867578125 0.299965169921875 0.686455458984375 0.276770115234375 0.6965828203125 0.237272392578125 0.690256740234375 0.206391162109375 0.65957737109375 0.180547388671875 0.60002123046875 0.220281775390625 0.592148158203125 0.262133291015625 0.602393328125 0.29855969140625 0.610303015625 0.33007134765625 0.6221583515625 0.359933822265625 0.63270651171875 0.358102330078125 0.65388959765625 0.3513652734375 0.6812162734375 0.335138857421875
1 0.6806640625 0.3349609375 0.017578125 0.017578125
1 0.771484375 0.3056640625 0.009765625 0.015625
1 0.7890625 0.326171875 0.01171875 0.021484375
1 0.787109375 0.291015625 0.017578125 0.029296875
1 0.8017578125 0.291015625 0.013671875 0.025390625
1 0.8095703125 0.2490234375 0.033203125 0.041015625
1 0.8349609375 0.2353515625 0.01171875 0.021484375
1 0.87890625 0.30859375 0.01171875 0.01171875
0 0.8466796875 0.2783203125 0.0703125 0.06640625
1 0.837890625 0.3505859375 0.08984375 0.060546875
1 0.80859375 0.3896484375 0.0390625 0.041015625
1 0.8359375 0.427734375 0.01171875 0.021484375
1 0.806640625 0.50390625 0.013671875 0.013671875
0 0.817276525390625 0.50778853515625 0.80571745703125 0.53913183984375 0.7971692421875 0.57319434375 0.796733193359375 0.59578150390625 0.7976340390625 0.595509546875 0.825918509765625 0.5974925703125 0.838773275390625 0.5952111796875 0.87168830078125 0.595953759765625 0.910339345703125 0.5678326171875 0.9198709140625 0.545151154296875 0.895777927734375 0.485912255859375 0.875828015625 0.490587732421875 0.841241822265625 0.481411556640625 0.82064221484375 0.469989974609375 0.817276525390625 0.50778853515625
1 0.978515625 0.46484375 0.04296875 0.05078125
1 0.9521484375 0.55859375 0.009765625 0.013671875
1 0.823887375 0.469210326171875 0.836987796875 0.48313758984375 0.868216462890625 0.487904212890625 0.88435076171875 0.485221962890625 0.8989693828125 0.454734875 0.91210173828125 0.413169978515625 0.918560078125 0.3704581328125 0.910374373046875 0.35803025390625 0.8370937109375 0.382551701171875 0.845646185546875 0.428944447265625 0.828545001953125 0.45299060546875 0.823887375 0.469210326171875
1 0.888671875 0.34375 0.0078125 0.0078125
1 0.9091796875 0.3359375 0.009765625 0.0078125
1 0.922983765625 0.28304896875 0.900630283203125 0.286598138671875 0.897981509765625 0.30044104296875 0.90617380859375 0.324114984375 0.9257126796875 0.362909171875 0.955268990234375 0.411331775390625 0.9704169609375 0.416384505859375 0.98346303515625 0.376534935546875 0.984658318359375 0.355275052734375 0.98069465234375 0.318053421875 0.97871308203125 0.28691141015625 0.96844606640625 0.270889435546875 0.922983765625 0.28304896875
1 0.96484375 0.2216796875 0.0703125 0.095703125
1 0.5048828125 0.8916015625 0.025390625 0.029296875
1 0.541015625 0.900390625 0.029296875 0.033203125
1 0.8671875 0.9150390625 0.01953125 0.01953125
1 0.9248046875 0.9345703125 0.0234375 0.03125