0 0.077466623046875 0.1885799453125 0.05507366796875 0.222795794921875 0.045120525390625 0.274725689453125 0.050725904296875 0.305416333984375 0.0691908671875 0.3322849453125 0.1100787265625 0.359711654296875 0.156858693359375 0.338854779296875 0.1770760546875 0.293383447265625 0.170649548828125 0.257555291015625 0.15144451953125 0.204132892578125 0.1088383046875 0.1750371875 0.077466623046875 0.1885799453125
1 0.2138671875 0.330078125 0.015625 0.021484375
1 0.0654296875 0.4560546875 0.048828125 0.09375
1 0.0439453125 0.435546875 0.013671875 0.01953125
1 0.119140625 0.4462890625 0.017578125 0.015625
1 0.1005859375 0.4521484375 0.015625 0.017578125
1 0.181640625 0.4970703125 0.08984375 0.068359375
1 0.140625 0.5703125 0.01953125 0.021484375
1 0.1796875 0.6298828125 0.029296875 0.0234375
0 0.114148701171875 0.670373060546875 0.13342484765625 0.65567064453125 0.147660607421875 0.61498798046875 0.133101625 0.5840738515625 0.12603391796875 0.5515980078125 0.10684380859375 0.528118611328125 0.107035654296875 0.5276144453125 0.107264849609375 0.521151396484375 0.04650533984375 0.52303536328125 0.020962509765625 0.55591672265625 0.014771248046875 0.585180779296875 0.023630876953125 0.628328576171875 0.036759896484375 0.669108787109375 0.0522906640625 0.67610206640625 0.114148701171875 0.670373060546875
0 0.296875 0.642578125 0.1640625 0.1796875
1 0.2412109375 0.4462890625 0.01171875 0.013671875
1 0.3154296875 0.490234375 0.0078125 0.0078125
1 0.32421875 0.486328125 0.013671875 0.013671875
1 0.3623046875 0.4970703125 0.01171875 0.017578125
1 0.3759765625 0.4921875 0.0078125 0.0078125
1 0.3857421875 0.4970703125 0.01171875 0.013671875
1 0.41796875 0.5078125 0.0078125 0.013671875
1 0.4296875 0.509765625 0.01171875 0.013671875
1 0.4296875 0.65234375 0.009765625 0.009765625
1 0.4365234375 0.626953125 0.029296875 0.03125
1 0.5693359375 0.724609375 0.017578125 0.01953125
1 0.544921875 0.7373046875 0.009765625 0.01171875
0 0.500449076171875 0.616603453125 0.4714544296875 0.64188503515625 0.46326212109375 0.65414423828125 0.472573650390625 0.687067830078125 0.482092330078125 0.715106474609375 0.49821491015625 0.738200416015625 0.5062355625 0.755725595703125 0.514918701171875 0.76251894921875 0.51576301171875 0.762074525390625 0.5402793671875 0.73130733203125 0.569500857421875 0.7066694140625 0.588590478515625 0.694179427734375 0.587645982421875 0.67246683203125 0.57776065625 0.629803408203125 0.5513235859375 0.605684458984375 0.537103462890625 0.594238294921875 0.500449076171875 0.616603453125
1 0.61328125 0.7421875 0.009765625 0.01171875
1 0.6630859375 0.7109375 0.015625 0.017578125
1 0.6845703125 0.755859375 0.013671875 0.01953125
1 0.6865234375 0.7294921875 0.01171875 0.01953125
0 0.767578125 0.708984375 0.1640625 0.162109375
1 0.720703125 0.560546875 0.015625 0.017578125
1 0.724609375 0.572265625 0.015625 0.0234375
1 0.7412109375 0.5791015625 0.01171875 0.013671875
1 0.6806640625 0.55859375 0.015625 0.01953125
1 0.686865017578125 0.5707108828125 0.684470068359375 0.594492595703125 0.698909150390625 0.622044845703125 0.713793451171875 0.628781388671875 0.734381150390625 0.62823389453125 0.74201215234375 0.6016467109375 0.72150012890625 0.58251360546875 0.71382974609375 0.55745274609375 0.70593608203125 0.53336340625 0.694163955078125 0.52806715234375 0.687766453125 0.5470145078125 0.686865017578125 0.5707108828125
1 0.59554186328125 0.42841234765625 0.59331121875 0.44603843359375 0.61609231640625 0.463953369140625 0.646912818359375 0.468090109375 0.65365358203125 0.451662484375 0.652862728515625 0.4141244453125 0.652508765625 0.362497630859375 0.637075724609375 0.352128921875 0.630692171875 0.35952586328125 0.612631462890625 0.390967498046875 0.59554186328125 0.42841234765625
1 0.58203125 0.412109375 0.009765625 0.013671875
0 0.50073875 0.399544447265625 0.519859115234375 0.434922529296875 0.564626513671875 0.445578845703125 0.578963705078125 0.41507336328125 0.59082590234375 0.39879176953125 0.617859462890625 0.38299725390625 0.615702234375 0.3662672109375 0.5951314296875 0.331642525390625 0.58212669921875 0.29317777734375 0.5541914375 0.287921634765625 0.537739494140625 0.293419607421875 0.517516626953125 0.317107904296875 0.508910357421875 0.33478150390625 0.50073875 0.399544447265625
1 0.3154296875 0.35546875 0.01171875 0.015625
0 0.398879123046875 0.26447618359375 0.36868339453125 0.25113482421875 0.33564321875 0.251787373046875 0.311545033203125 0.27638744140625 0.303913341796875 0.292957701171875 0.305563611328125 0.342710677734375 0.30488048046875 0.344046732421875 0.32253773046875 0.3495126484375 0.32862064453125 0.37967231640625 0.33490383203125 0.4081145703125 0.34856459765625 0.4135758125 0.383459609375 0.398507208984375 0.40930028125 0.36963821875 0.41284608203125 0.3513523359375 0.4054967734375 0.302379615234375 0.398879123046875 0.26447618359375
1 0.69140625 0.41796875 0.009765625 0.013671875
0 0.7880859375 0.400390625 0.14453125 0.169921875
0 0.9619140625 0.4345703125 0.076171875 0.138671875
1 0.98046875 0.5302734375 0.0390625 0.068359375
1 0.8603515625 0.6103515625 0.087890625 0.08203125
1 0.8564453125 0.591796875 0.015625 0.01953125
1 0.921017107421875 0.618881458984375 0.92829818359375 0.649774126953125 0.95333959375 0.650972642578125 0.980169400390625 0.61762384765625 0.981416623046875 0.59314818359375 0.953371435546875 0.565528203125 0.925451521484375 0.552106439453125 0.8895895703125 0.544728806640625 0.881870755859375 0.551580455078125 0.880680005859375 0.571220001953125 0.90772269140625 0.58715584765625 0.921017107421875 0.618881458984375
1 0.892578125 0.66796875 0.025390625 0.03125
1 0.87109375 0.7119140625 0.013671875 0.013671875
1 0.896484375 0.7783203125 0.029296875 0.046875
0 0.90789920703125 0.716256486328125 0.863144041015625 0.72663691796875 0.86502689453125 0.744856337890625 0.872047447265625 0.75098078515625 0.91181078515625 0.75796773828125 0.91522623828125 0.800423455078125 0.93150230859375 0.82278260546875 0.959684275390625 0.82182469921875 0.980583142578125 0.673121521484375 0.94647713671875 0.67195328515625 0.90789920703125 0.716256486328125