1 0.587890625 0.9951171875 0.03515625 0.009765625
1 0.43359375 0.978515625 0.09765625 0.041015625
1 0.39453125 0.9404296875 0.0234375 0.0390625
1 0.5400390625 0.8125 0.044921875 0.037109375
1 0.583984375 0.7529296875 0.037109375 0.0390625
1 0.6103515625 0.7138671875 0.015625 0.013671875
0 0.552058453125 0.879818033203125 0.550799140625 0.89581585546875 0.580646384765625 0.913542236328125 0.5945957890625 0.92837126171875 0.596582232421875 0.951924142578125 0.5928996796875 0.973288345703125 0.635062060546875 0.9711424765625 0.699063306640625 0.961849169921875 0.71951844921875 0.944636685546875 0.713754015625 0.901169810546875 0.6853135390625 0.86150312890625 0.6564031484375 0.843436013671875 0.619378857421875 0.83542408203125 0.572508529296875 0.84770426953125 0.552058453125 0.879818033203125
1 0.446090728515625 0.917161919921875 0.449613451171875 0.94358602734375 0.485882802734375 0.95571640234375 0.53665746484375 0.95675115234375 0.53798441796875 0.95807504296875 0.538940435546875 0.939831130859375 0.534446658203125 0.913199861328125 0.547774265625 0.876256123046875 0.516657455078125 0.854468318359375 0.46891069921875 0.851989826171875 0.458689169921875 0.882223970703125 0.446090728515625 0.917161919921875
1 0.61094253125 0.9254617578125 0.587856390625 0.906326076171875 0.5567782265625 0.903515904296875 0.535585109375 0.9189949375 0.5346049765625 0.944654251953125 0.550771546875 0.951737521484375 0.571149072265625 0.959219072265625 0.60098715625 0.952958134765625 0.61611571875 0.931582646484375 0.61094253125 0.9254617578125
0 0.33167556640625 0.938691982421875 0.3829326953125 0.927217912109375 0.412002349609375 0.869159951171875 0.407825931640625 0.838335962890625 0.366445611328125 0.819681978515625 0.294110935546875 0.818805794921875 0.2557985703125 0.851714099609375 0.24548095703125 0.91480959375 0.27271484765625 0.949828427734375 0.301329818359375 0.949808859375 0.33167556640625 0.938691982421875
1 0.3564453125 0.763671875 0.013671875 0.0078125
0 0.28070038671875 0.6618404140625 0.292583056640625 0.669641796875 0.30000976171875 0.690429962890625 0.293290865234375 0.726445048828125 0.31701953125 0.732816763671875 0.361166876953125 0.732076685546875 0.397133845703125 0.726761169921875 0.445314880859375 0.701924150390625 0.41528045703125 0.631253322265625 0.386078328125 0.6020475390625 0.34499476171875 0.587356830078125 0.32445505078125 0.617822953125 0.30797130859375 0.643442287109375 0.28070038671875 0.6618404140625
1 0.2685546875 0.72265625 0.009765625 0.0078125
1 0.15568187109375 0.56936404296875 0.16300841796875 0.61401459375 0.182806125 0.650350015625 0.22557549609375 0.688711755859375 0.285875986328125 0.700859662109375 0.30408911328125 0.687437962890625 0.2830598671875 0.65951573828125 0.274521767578125 0.61565668359375 0.301639806640625 0.6115433125 0.2957461796875 0.570501861328125 0.24585758203125 0.551373322265625 0.173723140625 0.54925898046875 0.15568187109375 0.56936404296875
1 0.3154296875 0.6083984375 0.02734375 0.0234375
1 0.361328125 0.5791015625 0.009765625 0.005859375
1 0.376953125 0.5947265625 0.009765625 0.005859375
1 0.392578125 0.6005859375 0.0078125 0.005859375
1 0.4951171875 0.6484375 0.037109375 0.037109375
1 0.4990234375 0.775390625 0.01171875 0.01171875
1 0.490234375 0.740234375 0.0390625 0.0625
1 0.5302734375 0.607421875 0.08203125 0.05859375
0 0.618996330078125 0.6180636484375 0.583401037109375 0.632384787109375 0.558125083984375 0.6508340625 0.54482834375 0.67506518359375 0.55149897265625 0.69058336328125 0.597241013671875 0.7007862109375 0.612835650390625 0.70996783984375 0.618627666015625 0.72584236328125 0.6319233046875 0.747852412109375 0.681514287109375 0.747274166015625 0.7309681796875 0.72056294921875 0.72605233984375 0.671465486328125 0.7233958046875 0.65004777734375 0.70397766015625 0.62931781640625 0.65945674609375 0.61717571875 0.618996330078125 0.6180636484375
1 0.708984375 0.525390625 0.017578125 0.013671875
1 0.642578125 0.5546875 0.126953125 0.076171875
1 0.5947265625 0.505859375 0.03515625 0.021484375
1 0.53125 0.5390625 0.005859375 0.005859375
1 0.4814453125 0.544921875 0.068359375 0.041015625
1 0.5009765625 0.5185546875 0.017578125 0.017578125
1 0.501953125 0.501953125 0.013671875 0.013671875
1 0.515625 0.501953125 0.009765625 0.009765625
1 0.544921875 0.5048828125 0.01953125 0.0078125
1 0.5537109375 0.5009765625 0.0078125 0.005859375
1 0.533203125 0.4482421875 0.009765625 0.005859375
0 0.353433396484375 0.398393375 0.319974078125 0.41128338671875 0.292491017578125 0.426477501953125 0.283649970703125 0.440424 0.297269560546875 0.473733544921875 0.3420297734375 0.507860181640625 0.3978330234375 0.517130876953125 0.41747961328125 0.51457655078125 0.43806322265625 0.500038787109375 0.46650823828125 0.454323134765625 0.480599611328125 0.44358503125 0.469576990234375 0.40536293359375 0.45349717578125 0.38237948828125 0.43466626953125 0.368162521484375 0.39583093359375 0.375915361328125 0.353433396484375 0.398393375
1 0.3447265625 0.3994140625 0.009765625 0.005859375
1 0.361328125 0.38671875 0.009765625 0.005859375
1 0.3544921875 0.376953125 0.009765625 0.00390625
1 0.3408203125 0.3447265625 0.01171875 0.01171875
1 0.657114630859375 0.40108075390625 0.650702033203125 0.3718481640625 0.631014095703125 0.356846119140625 0.561608228515625 0.351685423828125 0.522096400390625 0.373621951171875 0.510985892578125 0.40674890234375 0.530366765625 0.421491330078125 0.58586257421875 0.4350172421875 0.611230486328125 0.43146790625 0.6456037578125 0.41314387890625 0.657114630859375 0.40108075390625
0 0.623120654296875 0.514853107421875 0.6471599296875 0.520609748046875 0.66234565625 0.5044345859375 0.70026133984375 0.501882984375 0.741352068359375 0.475530470703125 0.707656544921875 0.44962678125 0.657863734375 0.425940546875 0.62581258984375 0.4225736875 0.596244892578125 0.43203840625 0.571494404296875 0.432226025390625 0.58027635546875 0.459219779296875 0.603553962890625 0.491455263671875 0.623120654296875 0.514853107421875
1 0.533203125 0.2919921875 0.03515625 0.04296875
1 0.4306640625 0.345703125 0.009765625 0.005859375
1 0.423828125 0.296875 0.013671875 0.009765625
1 0.47265625 0.224609375 0.01953125 0.015625
0 0.4832041015625 0.18812762890625 0.46127869921875 0.15462375390625 0.428811451171875 0.1603184921875 0.3754171796875 0.170365048828125 0.3362966015625 0.186989224609375 0.344183875 0.21453761328125 0.373755962890625 0.246537546875 0.413849373046875 0.2654632890625 0.436421943359375 0.263488501953125 0.479876759765625 0.260850416015625 0.4801540625 0.26037291796875 0.466193169921875 0.231912818359375 0.461516134765625 0.216748291015625 0.487141986328125 0.206100673828125 0.4832041015625 0.18812762890625
1 0.4482421875 0.1455078125 0.017578125 0.017578125
1 0.369140625 0.16015625 0.009765625 0.005859375
1 0.3681640625 0.1474609375 0.013671875 0.013671875
1 0.3525390625 0.146484375 0.01953125 0.017578125
1 0.3564453125 0.1201171875 0.009765625 0.0078125
0 0.644248138671875 0.23944253125 0.64618293359375 0.2556579375 0.618153552734375 0.252048224609375 0.619131984375 0.280903294921875 0.6465929453125 0.299649412109375 0.683194259765625 0.30220882421875 0.7006808671875 0.33104648828125 0.72623378125 0.313067322265625 0.75781940625 0.275326228515625 0.763250353515625 0.27197891015625 0.76831275 0.246845671875 0.75336771875 0.22901842578125 0.7158819375 0.2171103515625 0.653016857421875 0.209935767578125 0.63675469140625 0.220230369140625 0.644248138671875 0.23944253125
1 0.6337890625 0.244140625 0.02734375 0.021484375
1 0.623046875 0.298828125 0.0234375 0.0234375
1 0.580301650390625 0.213982921875 0.610797802734375 0.21699301171875 0.621501357421875 0.185270591796875 0.64571201171875 0.143403712890625 0.651489896484375 0.117041611328125 0.6011740546875 0.1174900625 0.54736477734375 0.1210430859375 0.492995595703125 0.1218088203125 0.48098985546875 0.129510365234375 0.49452970703125 0.1482479609375 0.51893478125 0.171414732421875 0.5562087265625 0.19931476953125 0.580301650390625 0.213982921875
0 0.423828125 0.0390625 0.16015625 0.078125
0 0.629753189453125 0.0512374375 0.63417079296875 0.0751399609375 0.66343493359375 0.11006673828125 0.688652296875 0.10925171875 0.72114134765625 0.10538208203125 0.74427432421875 0.09798563671875 0.758724791015625 0.085930298828125 0.778743279296875 0.062863865234375 0.780187935546875 0.038698939453125 0.742805763671875 0.01575768359375 0.666866455078125 0.010447490234375 0.629753189453125 0.0512374375
1 0.70703125 0.1259765625 0.068359375 0.041015625
1 0.1815222421875 0 0.105999578125 0.01788919140625 0.028020779296875 0.081823796875 0.012280158203125 0.306925162109375 0.0966936796875 0.317305708984375 0.200187697265625 0.19156905859375 0.274276931640625 0.0668018984375 0.27487712109375 0.064717375 0.263384703125 0.012885220703125 0.2269095390625 0 0.1815222421875 0
1 0.9248046875 0.794921875 0.119140625 0.119140625