0 0.2041015625 0.0703125 0.087890625 0.052734375
1 0.2275390625 0.1044921875 0.015625 0.01171875
0 0.2080078125 0.240234375 0.208984375 0.15625
0 0.4287109375 0.052734375 0.146484375 0.10546875
1 0.4560546875 0.08984375 0.01171875 0.01171875
1 0.458984375 0.1435546875 0.125 0.08984375
0 0.443359375 0.22265625 0.1484375 0.109375
1 0.4912109375 0.2626953125 0.013671875 0.0078125
1 0.443359375 0.2802734375 0.015625 0.017578125
1 0.435546875 0.2998046875 0.017578125 0.013671875
1 0.3515625 0.2470703125 0.021484375 0.021484375
1 0.32421875 0.2880859375 0.04296875 0.052734375
1 0.3359375 0.326171875 0.01953125 0.013671875
1 0.2294921875 0.3017578125 0.009765625 0.0078125
1 0.2490234375 0.3505859375 0.013671875 0.01171875
1 0.2431640625 0.3701171875 0.013671875 0.01171875
1 0.26953125 0.4111328125 0.01171875 0.0078125
0 0.1943359375 0.4501953125 0.140625 0.099609375
1 0.24609375 0.544921875 0.009765625 0.005859375
0 0.42578125 0.3916015625 0.12890625 0.07421875
1 0.4296875 0.4453125 0.1171875 0.0859375
1 0.4453125 0.484375 0.017578125 0.013671875
1 0.462890625 0.486328125 0.021484375 0.017578125
1 0.51171875 0.4423828125 0.01171875 0.0078125
1 0.5048828125 0.40234375 0.01171875 0.0078125
1 0.5029296875 0.4150390625 0.013671875 0.01171875
1 0.529296875 0.4833984375 0.01171875 0.0078125
1 0.5380859375 0.501953125 0.013671875 0.01171875
1 0.5400390625 0.509765625 0.013671875 0.0078125
1 0.5244140625 0.5205078125 0.013671875 0.009765625
1 0.5732421875 0.560546875 0.01171875 0.01171875
1 0.5498046875 0.5927734375 0.0078125 0.0078125
1 0.5224609375 0.6162109375 0.01171875 0.0078125
1 0.5380859375 0.6337890625 0.01171875 0.0078125
1 0.505859375 0.6435546875 0.01171875 0.0078125
1 0.408203125 0.5947265625 0.01171875 0.009765625
1 0.42578125 0.65625 0.013671875 0.01171875
1 0.291015625 0.5546875 0.013671875 0.01171875
1 0.2861328125 0.572265625 0.025390625 0.029296875
0 0.282797494140625 0.584881904296875 0.250620169921875 0.580298689453125 0.240336150390625 0.58887376171875 0.24618462109375 0.62034301953125 0.267873169921875 0.651254455078125 0.305366763671875 0.668364443359375 0.33583210546875 0.663337041015625 0.361142798828125 0.642715798828125 0.361110998046875 0.6227809921875 0.354891072265625 0.5946140078125 0.338784986328125 0.571282947265625 0.3259224140625 0.550319658203125 0.32453371875 0.55126758984375 0.31587498828125 0.550936818359375 0.29838432421875 0.575724888671875 0.282797494140625 0.584881904296875
1 0.55859375 0.6728515625 0.013671875 0.01171875
1 0.640625 0.6884765625 0.017578125 0.015625
1 0.76953125 0.708984375 0.193359375 0.140625
0 0.5166015625 0.5654296875 0.1171875 0.09765625
0 0.572265625 0.765625 0.158203125 0.1328125
1 0.501953125 0.6796875 0.013671875 0.0078125
1 0.6181640625 0.84375 0.017578125 0.013671875
1 0.5625 0.8408203125 0.0234375 0.01953125
0 0.576171875 0.9130859375 0.1640625 0.13671875
1 0.5859375 0.9736328125 0.0859375 0.052734375
1 0.458984375 0.9541015625 0.015625 0.015625
0 0.3212890625 0.9560546875 0.158203125 0.087890625
0 0.33203125 0.806640625 0.115234375 0.107421875
1 0.49609375 0.5185546875 0.013671875 0.0078125
1 0.3544921875 0.4619140625 0.01171875 0.0078125
1 0.28515625 0.4912109375 0.01171875 0.009765625
1 0.236328125 0.4912109375 0.009765625 0.0078125
1 0.5751953125 0.2060546875 0.0234375 0.01953125
1 0.44140625 0.87890625 0.009765625 0.0078125
1 0.4345703125 0.7109375 0.015625 0.015625
1 0.400390625 0.6953125 0.01171875 0.01171875