0 0.0400390625 0.6064453125 0.080078125 0.1591796875
1 0.04296875 0.490234375 0.0859375 0.0830078125
1 0.087890625 0.5986328125 0.0234375 0.0283203125
1 0.1083984375 0.4501953125 0.0185546875 0.017578125
1 0.12890625 0.45703125 0.013671875 0.015625
1 0.177734375 0.4560546875 0.0205078125 0.0185546875
1 0.240234375 0.494140625 0.041015625 0.0517578125
1 0.2275390625 0.4619140625 0.0205078125 0.0185546875
1 0.302734375 0.455078125 0.009765625 0.0126953125
1 0.3232421875 0.4580078125 0.0107421875 0.0126953125
1 0.33984375 0.490234375 0.015625 0.017578125
1 0.3486328125 0.447265625 0.009765625 0.0126953125
1 0.361328125 0.4580078125 0.015625 0.0126953125
1 0.3935546875 0.44140625 0.0107421875 0.013671875
0 0.033203125 0.2939453125 0.0654296875 0.162109375
0 0.2275390625 0.296875 0.169921875 0.1953125
0 0.451171875 0.255859375 0.1591796875 0.201171875
1 0.6162109375 0.302734375 0.029296875 0.0205078125
0 0.7080078125 0.2783203125 0.171875 0.2216796875
0 0.9267578125 0.28125 0.146484375 0.1923828125
0 0.716796875 0.603515625 0.1689453125 0.216796875
1 0.8046875 0.59375 0.0126953125 0.0234375
1 0.853515625 0.580078125 0.0126953125 0.0126953125
1 0.86126224609375 0.64620880078125 0.858534072265625 0.678891783203125 0.86210317578125 0.692239859375 0.9036729609375 0.669959765625 0.93677662109375 0.69921358203125 0.970240677734375 0.706505939453125 0.95079855859375 0.655593791015625 0.92995618359375 0.635277158203125 0.91830073046875 0.600722001953125 0.907212353515625 0.583248939453125 0.913225447265625 0.5504247265625 0.896213107421875 0.537390115234375 0.88637126953125 0.583763916015625 0.87339823046875 0.604397458984375 0.86126224609375 0.64620880078125
0 1 0.54309448046875 0.967261904296875 0.50264550390625 0.94645182421875 0.52283640625 0.89736922265625 0.56465463671875 0.9122295078125 0.59033805859375 0.927269345703125 0.62494144140625 0.94718424609375 0.65794133203125 0.9658203125 0.698397197265625 1 0.66471009765625 1 0.54309448046875
1 0.9814453125 0.447265625 0.015625 0.017578125
0 0.4912109375 0.607421875 0.171875 0.208984375
1 0.5830078125 0.6171875 0.0107421875 0.0205078125
1 0.5234375 0.4755859375 0.013671875 0.0126953125
1 0.5166015625 0.4443359375 0.0107421875 0.015625
1 0.431640625 0.4462890625 0.0048828125 0.0078125
1 0.529296875 0.451171875 0.0048828125 0.009765625
1 0.5888671875 0.439453125 0.0048828125 0.0107421875
1 0.599609375 0.4501953125 0.0048828125 0.005859375
1 0.609375 0.447265625 0.005859375 0.009765625
1 0.6201171875 0.4423828125 0.0126953125 0.009765625
1 0.64453125 0.451171875 0.0078125 0.0126953125
1 0.802734375 0.47265625 0.009765625 0.009765625
1 0.7763671875 0.439453125 0.0048828125 0.0078125
1 0.822265625 0.43359375 0.009765625 0.009765625
1 0.837890625 0.447265625 0.0107421875 0.0107421875
1 0.822265625 0.4912109375 0.009765625 0.0107421875
1 0.87890625 0.4443359375 0.0078125 0.0107421875
1 0.890625 0.4501953125 0.005859375 0.0078125
1 0.9296875 0.470703125 0.0078125 0.0078125
0 0.2041015625 0.6162109375 0.1826171875 0.2080078125
1 0.8388671875 0.603515625 0.009765625 0.0107421875