0 0.34375 0.8828125 0.1484375 0.169921875
1 0.50390625 0.841796875 0.189453125 0.150390625
1 0.3857421875 0.76953125 0.015625 0.009765625
1 0.53125 0.7763671875 0.029296875 0.017578125
1 0.546875 0.7705078125 0.0078125 0.009765625
1 0.544921875 0.755859375 0.009765625 0.005859375
1 0.5546875 0.7451171875 0.009765625 0.00390625
1 0.56640625 0.916015625 0.013671875 0.009765625
1 0.5498046875 0.921875 0.013671875 0.013671875
1 0.55859375 0.884765625 0.009765625 0.005859375
1 0.5693359375 0.71484375 0.009765625 0.009765625
1 0.6787109375 0.94140625 0.1171875 0.056640625
1 0.666015625 0.7744140625 0.013671875 0.013671875
1 0.62109375 0.701171875 0.01171875 0.013671875
0 0.6591796875 0.630859375 0.150390625 0.1328125
1 0.69140625 0.5546875 0.015625 0.013671875
1 0.6943359375 0.365234375 0.013671875 0.009765625
1 0.6806640625 0.353515625 0.021484375 0.009765625
0 0.6484375 0.216796875 0.166015625 0.1328125
1 0.7138671875 0.146484375 0.013671875 0.009765625
1 0.658203125 0.2861328125 0.021484375 0.015625
1 0.6123046875 0.2958984375 0.01953125 0.013671875
1 0.5478515625 0.0859375 0.078125 0.07421875
1 0.62109375 0.095703125 0.013671875 0.013671875
1 0.5908203125 0.056640625 0.013671875 0.013671875
1 0.48828125 0.09765625 0.013671875 0.013671875
1 0.5146484375 0.1025390625 0.009765625 0.0078125
1 0.494140625 0.0439453125 0.05859375 0.037109375
0 0.65234375 0.0283203125 0.1484375 0.056640625
0 0.4033203125 0.1240234375 0.02734375 0.025390625
0 0.359375 0.21484375 0.126953125 0.126953125
1 0.4609375 0.25390625 0.021484375 0.009765625
1 0.4921875 0.1953125 0.013671875 0.0078125
1 0.4970703125 0.216796875 0.009765625 0.0078125
1 0.5205078125 0.23828125 0.013671875 0.013671875
1 0.484375 0.259765625 0.0078125 0.005859375
1 0.5234375 0.2880859375 0.005859375 0.005859375
1 0.541015625 0.2900390625 0.009765625 0.005859375
1 0.52734375 0.3291015625 0.009765625 0.005859375
1 0.5322265625 0.3681640625 0.01171875 0.0078125
1 0.529296875 0.48046875 0.0078125 0.005859375
1 0.5029296875 0.521484375 0.013671875 0.013671875
1 0.5419921875 0.521484375 0.013671875 0.005859375
1 0.5224609375 0.6416015625 0.060546875 0.0546875
1 0.486328125 0.62890625 0.005859375 0.005859375
1 0.5029296875 0.6416015625 0.015625 0.009765625
1 0.541015625 0.5947265625 0.0078125 0.005859375
1 0.5380859375 0.5849609375 0.009765625 0.0078125
1 0.5166015625 0.583984375 0.0078125 0.01171875
1 0.5146484375 0.564453125 0.005859375 0.00390625
1 0.53515625 0.560546875 0.009765625 0.005859375
1 0.541015625 0.544921875 0.0078125 0.005859375
0 0.36328125 0.6591796875 0.16015625 0.115234375
1 0.3408203125 0.5908203125 0.013671875 0.0078125
0 0.34765625 0.44140625 0.1640625 0.126953125
1 0.3408203125 0.51171875 0.009765625 0.005859375
0 0.3671875 0.04296875 0.1484375 0.083984375
1 0.6767578125 0.73046875 0.009765625 0.009765625
0 0.665884859375 0.356259900390625 0.62446653515625 0.326690548828125 0.590002802734375 0.34402619921875 0.568476142578125 0.39515712890625 0.573129060546875 0.437000796875 0.61044316015625 0.46891466015625 0.634875978515625 0.473664595703125 0.715358716796875 0.452811556640625 0.748363130859375 0.423494642578125 0.72422802734375 0.37757348046875 0.696048478515625 0.37212974609375 0.665884859375 0.356259900390625
0 0.678840982421875 0.91934959375 0.715712228515625 0.91913741015625 0.73685 0.900447220703125 0.751815990234375 0.86501705859375 0.744056841796875 0.824337865234375 0.698748927734375 0.781791556640625 0.664292279296875 0.782994810546875 0.61942206640625 0.800754611328125 0.58559287109375 0.8285622109375 0.63642833203125 0.90809143359375 0.648603935546875 0.917070748046875 0.678840982421875 0.91934959375