0 0.6015625 0.86328125 0.201171875 0.162109375
0 0.615234375 0.640625 0.185546875 0.166015625
0 0.6337890625 0.4287109375 0.203125 0.169921875
0 0.6650390625 0.18359375 0.22265625 0.197265625
0 0.6982421875 0.05859375 0.13671875 0.087890625
1 0.4833984375 0.08984375 0.02734375 0.021484375
1 0.416015625 0.0751953125 0.01171875 0.01171875
1 0.4091796875 0.046875 0.017578125 0.015625
1 0.39453125 0.03125 0.013671875 0.01171875
1 0.388671875 0.1025390625 0.017578125 0.015625
1 0.40625 0.1142578125 0.015625 0.01171875
1 0.3486328125 0.1240234375 0.0234375 0.01953125
1 0.3232421875 0.11328125 0.009765625 0.0078125
1 0.3857421875 0.0634765625 0.013671875 0.0078125
1 0.353515625 0.0556640625 0.01171875 0.01171875
1 0.322265625 0.3193359375 0.01953125 0.015625
1 0.3046875 0.32421875 0.01171875 0.01171875
1 0.3212890625 0.34375 0.013671875 0.01171875
1 0.35546875 0.3271484375 0.017578125 0.015625
1 0.345703125 0.294921875 0.013671875 0.01171875
1 0.3671875 0.2822265625 0.01171875 0.009765625
1 0.3857421875 0.2822265625 0.015625 0.01171875
1 0.3779296875 0.25 0.033203125 0.017578125
1 0.376953125 0.3271484375 0.015625 0.01953125
1 0.3876953125 0.3154296875 0.01171875 0.01171875
1 0.3896484375 0.298828125 0.021484375 0.021484375
1 0.337890625 0.4951171875 0.03125 0.021484375
1 0.291015625 0.51171875 0.021484375 0.017578125
1 0.2822265625 0.533203125 0.013671875 0.013671875
1 0.2509765625 0.5302734375 0.017578125 0.015625
1 0.3427734375 0.5263671875 0.013671875 0.0078125
1 0.38671875 0.73046875 0.009765625 0.0078125
1 0.396484375 0.7255859375 0.01171875 0.01171875
1 0.4169921875 0.7109375 0.009765625 0.0078125
1 0.427734375 0.921875 0.02734375 0.046875
1 0.4365234375 0.8916015625 0.01171875 0.01171875
1 0.4287109375 0.8720703125 0.013671875 0.013671875
1 0.4326171875 0.85546875 0.017578125 0.015625
1 0.4423828125 0.8388671875 0.01171875 0.01171875
1 0.4345703125 0.8271484375 0.013671875 0.013671875
1 0.4482421875 0.8271484375 0.013671875 0.01171875
1 0.435546875 0.8046875 0.013671875 0.013671875
1 0.4404296875 0.7802734375 0.013671875 0.009765625
1 0.46484375 0.7890625 0.013671875 0.015625
1 0.453125 0.8193359375 0.009765625 0.0078125
1 0.4521484375 0.748046875 0.01171875 0.01171875
1 0.451171875 0.7275390625 0.029296875 0.037109375
1 0.4521484375 0.6884765625 0.017578125 0.015625
1 0.455078125 0.666015625 0.01953125 0.015625
1 0.45703125 0.650390625 0.021484375 0.021484375
1 0.4970703125 0.66015625 0.044921875 0.033203125
1 0.4599609375 0.623046875 0.0078125 0.0078125
1 0.474609375 0.6171875 0.01171875 0.01171875
1 0.4697265625 0.5810546875 0.01953125 0.015625
1 0.48046875 0.56640625 0.01171875 0.009765625
1 0.48828125 0.515625 0.01171875 0.009765625
1 0.4765625 0.5146484375 0.01171875 0.01171875
1 0.46875 0.5224609375 0.013671875 0.013671875
1 0.482421875 0.466796875 0.013671875 0.01171875
1 0.4951171875 0.451171875 0.0078125 0.005859375
1 0.4765625 0.4453125 0.01171875 0.013671875
1 0.4775390625 0.427734375 0.009765625 0.0078125
1 0.486328125 0.4208984375 0.01953125 0.013671875
1 0.4970703125 0.4150390625 0.009765625 0.005859375
1 0.4814453125 0.4091796875 0.01171875 0.01171875
1 0.4892578125 0.396484375 0.0234375 0.01171875
1 0.48828125 0.3857421875 0.009765625 0.0078125
1 0.505859375 0.3525390625 0.01171875 0.01171875
1 0.486328125 0.3623046875 0.009765625 0.0078125
1 0.4736328125 0.275390625 0.013671875 0.013671875
1 0.5625 0.7783203125 0.037109375 0.033203125
1 0.2783203125 0.7158203125 0.013671875 0.01171875
1 0.287109375 0.7373046875 0.01171875 0.01171875
1 0.2763671875 0.6796875 0.01171875 0.009765625
1 0.2373046875 0.615234375 0.017578125 0.017578125
1 0.9384765625 0.6142578125 0.123046875 0.255859375
1 0.494140625 0.03515625 0.11328125 0.0703125
1 0.501953125 0.2265625 0.12109375 0.123046875
1 0.4111328125 0.466796875 0.111328125 0.125
0 0.3642578125 0.609375 0.189453125 0.181640625
0 0.2890625 0.8447265625 0.189453125 0.193359375
1 0.4150390625 0.77734375 0.1484375 0.10546875
1 0.52734375 0.9580078125 0.0234375 0.017578125
0 0.4218620078125 0.374104724609375 0.40868063671875 0.337073955078125 0.39149946875 0.33158472265625 0.351159041015625 0.34132464453125 0.31979244140625 0.348396767578125 0.27068156640625 0.356164462890625 0.256388681640625 0.38077682421875 0.24993478515625 0.42912429296875 0.298629197265625 0.4542313671875 0.36462950390625 0.4605629765625 0.371608474609375 0.455518578125 0.3815233671875 0.418582240234375 0.407492865234375 0.411474265625 0.4218620078125 0.374104724609375
0 0.313428517578125 0.131083359375 0.285480623046875 0.1895927578125 0.300414994140625 0.24115355859375 0.325057458984375 0.254625830078125 0.3559514375 0.24700594140625 0.39811585546875 0.241279166015625 0.449135951171875 0.246472037109375 0.453372904296875 0.2232053046875 0.457970232421875 0.185753822265625 0.467012396484375 0.13286279296875 0.4649992109375 0.134428255859375 0.417846119140625 0.121434328125 0.38286926171875 0.120360240234375 0.360057880859375 0.122929083984375 0.33849628125 0.124958736328125 0.313428517578125 0.131083359375