0 0.0869140625 0.408203125 0.173828125 0.154296875
0 0.34375 0.3955078125 0.1328125 0.2001953125
0 0.5849609375 0.3818359375 0.130859375 0.162109375
1 0.5751953125 0.4853515625 0.015625 0.0185546875
0 0.806640625 0.427734375 0.1435546875 0.1826171875
0 0.8974609375 0.701171875 0.1455078125 0.2109375
1 0.8134765625 0.736328125 0.0078125 0.0126953125
1 0.6845703125 0.6943359375 0.0078125 0.0126953125
1 0.6015625 0.642578125 0.0078125 0.0126953125
0 0.615740740234375 0.61419753125 0.6037145546875 0.647060400390625 0.57678473828125 0.66232237109375 0.571410630859375 0.679609802734375 0.59166325 0.732471439453125 0.61809775390625 0.75587812890625 0.647153501953125 0.75267650390625 0.6705056015625 0.713643474609375 0.68139748828125 0.67734321484375 0.6761539921875 0.63872813671875 0.64742175390625 0.62303080078125 0.61586532421875 0.613230345703125 0.615740740234375 0.61419753125
0 0.384765625 0.7236328125 0.1376953125 0.169921875
1 0.466796875 0.728515625 0.017578125 0.0205078125
1 0.1904296875 0.73046875 0.017578125 0.0283203125
1 0.212890625 0.7451171875 0.029296875 0.044921875
0 0.21074459765625 0.668126822265625 0.18998561328125 0.63727601953125 0.15560699609375 0.62139917578125 0.14167791796875 0.620744115234375 0.090399345703125 0.631868087890625 0.07151913671875 0.65111668359375 0.06520664453125 0.683522751953125 0.0682739765625 0.71334742578125 0.07911261328125 0.75195446484375 0.10107321484375 0.759541912109375 0.13443508203125 0.754462181640625 0.165640873046875 0.73311310546875 0.19831653515625 0.70075258203125 0.21074459765625 0.668126822265625
1 0.3662109375 0.56640625 0.015625 0.0205078125