1 0.3994140625 0.958984375 0.03125 0.0126953125
1 0.37810751953125 0.79231544921875 0.354535892578125 0.781720197265625 0.32346673828125 0.772198712890625 0.297839505859375 0.791377314453125 0.296202859375 0.791762740234375 0.332429109375 0.800841154296875 0.352248203125 0.80049302734375 0.377899546875 0.801988388671875 0.37810751953125 0.79231544921875
0 0.2919921875 0.84765625 0.1376953125 0.091796875
0 0.6533203125 0.861328125 0.2001953125 0.1845703125
0 0.6591796875 0.607421875 0.1357421875 0.1044921875
1 0.490234375 0.673828125 0.1142578125 0.0654296875
1 0.5107421875 0.619140625 0.0185546875 0.015625
1 0.498046875 0.5419921875 0.0107421875 0.009765625
1 0.5244140625 0.578125 0.076171875 0.046875
0 0.353515625 0.5908203125 0.150390625 0.126953125
1 0.263671875 0.671875 0.009765625 0.005859375
1 0.275390625 0.4033203125 0.015625 0.009765625
0 0.37109375 0.392578125 0.162109375 0.1123046875
1 0.515625 0.3994140625 0.029296875 0.0283203125
1 0.505859375 0.341796875 0.005859375 0.005859375
1 0.5380859375 0.3232421875 0.0078125 0.009765625
1 0.673828125 0.4453125 0.009765625 0.005859375
0 0.6787109375 0.3662109375 0.173828125 0.146484375
1 0.61328125 0.2197265625 0.0888671875 0.056640625
1 0.552734375 0.154296875 0.0810546875 0.0751953125
0 0.589139962890625 0.13483909375 0.580058533203125 0.149832267578125 0.6090856484375 0.18335073828125 0.63476110546875 0.19972624609375 0.70786012109375 0.19354587109375 0.73588053515625 0.186894169921875 0.747270748046875 0.17412991015625 0.732815212890625 0.137497513671875 0.7172233671875 0.11405323046875 0.71065568359375 0.099186650390625 0.705905490234375 0.086662009765625 0.6729585625 0.07409102734375 0.638261958984375 0.069520173828125 0.613635404296875 0.09517867578125 0.594654224609375 0.115457041015625 0.589139962890625 0.13483909375
1 0.7265625 0.2041015625 0.0078125 0.009765625
0 0.365234375 0.1376953125 0.1591796875 0.1220703125
1 0.556640625 0.3740234375 0.0126953125 0.005859375