0 0.7099609375 0.0390625 0.126953125 0.0625
0 0.7060546875 0.2197265625 0.15234375 0.1328125
1 0.728515625 0.298828125 0.04296875 0.037109375
1 0.7080078125 0.3212890625 0.009765625 0.005859375
0 0.6982421875 0.4375 0.119140625 0.08203125
1 0.580078125 0.3818359375 0.015625 0.013671875
1 0.609375 0.5498046875 0.025390625 0.017578125
0 0.693359375 0.6552734375 0.1640625 0.123046875
1 0.5849609375 0.77734375 0.095703125 0.09375
1 0.552734375 0.6689453125 0.013671875 0.013671875
0 0.708984375 0.8798828125 0.1796875 0.16015625
1 0.548828125 0.990234375 0.0390625 0.01953125
1 0.57421875 0.9140625 0.015625 0.01171875
1 0.55078125 0.9228515625 0.013671875 0.005859375
1 0.5517578125 0.8486328125 0.009765625 0.009765625
1 0.5517578125 0.8251953125 0.009765625 0.009765625
1 0.5302734375 0.8828125 0.0078125 0.005859375
1 0.5185546875 0.94140625 0.005859375 0.009765625
1 0.55859375 0.689453125 0.009765625 0.005859375
1 0.5537109375 0.6962890625 0.009765625 0.009765625
1 0.5263671875 0.66796875 0.013671875 0.0078125
1 0.5556640625 0.5888671875 0.009765625 0.0078125
1 0.525390625 0.5791015625 0.013671875 0.005859375
1 0.5322265625 0.6015625 0.005859375 0.005859375
1 0.46875 0.61328125 0.037109375 0.017578125
1 0.4248046875 0.5634765625 0.013671875 0.005859375
1 0.4208984375 0.548828125 0.013671875 0.0078125
1 0.4609375 0.5546875 0.009765625 0.005859375
1 0.4326171875 0.48828125 0.015625 0.013671875
1 0.35546875 0.57421875 0.013671875 0.009765625
0 0.400390625 0.650390625 0.083984375 0.052734375
1 0.3759765625 0.685546875 0.013671875 0.0078125
1 0.4453125 0.7529296875 0.009765625 0.009765625
1 0.42578125 0.75390625 0.009765625 0.005859375
1 0.3798828125 0.7705078125 0.009765625 0.005859375
1 0.3798828125 0.7978515625 0.015625 0.009765625
1 0.462890625 0.78125 0.005859375 0.005859375
1 0.3701171875 0.91796875 0.009765625 0.005859375
1 0.3818359375 0.919921875 0.005859375 0.005859375
1 0.3623046875 0.935546875 0.009765625 0.005859375
1 0.3671875 0.9765625 0.013671875 0.01171875
1 0.4521484375 0.9638671875 0.015625 0.01171875
1 0.49609375 0.455078125 0.080078125 0.091796875
1 0.4873046875 0.3720703125 0.033203125 0.0234375
1 0.3662109375 0.4697265625 0.02734375 0.021484375
1 0.560546875 0.431640625 0.013671875 0.009765625
1 0.5595703125 0.458984375 0.009765625 0.0078125
1 0.5751953125 0.513671875 0.015625 0.013671875
1 0.53515625 0.3505859375 0.015625 0.01171875
1 0.5283203125 0.2607421875 0.0625 0.052734375
1 0.43359375 0.30859375 0.013671875 0.013671875
1 0.400390625 0.3046875 0.01953125 0.01171875
1 0.3603515625 0.2646484375 0.0078125 0.009765625
1 0.4375 0.0673828125 0.015625 0.013671875
1 0.333984375 0.05078125 0.013671875 0.009765625
1 0.5625 0.396484375 0.0078125 0.005859375
1 0.541015625 0.1357421875 0.013671875 0.013671875
1 0.576171875 0.1318359375 0.009765625 0.005859375
1 0.5634765625 0.173828125 0.005859375 0.013671875
1 0.544921875 0.021484375 0.01953125 0.013671875
1 0.576171875 0.0205078125 0.0078125 0.009765625
0 0.486786662109375 0.81307328515625 0.436413125 0.786851119140625 0.4130855703125 0.7969740546875 0.365407046875 0.81914150390625 0.335063490234375 0.837358966796875 0.328379990234375 0.873498958984375 0.349568228515625 0.9046902421875 0.3856754296875 0.918992591796875 0.413678318359375 0.924211373046875 0.452011220703125 0.925202314453125 0.474482162109375 0.90884886328125 0.50106583203125 0.886156671875 0.486786662109375 0.81307328515625
0 0.345419140625 0.4518500234375 0.38360559765625 0.464191708984375 0.44395424609375 0.475614876953125 0.460887458984375 0.434706025390625 0.466488140625 0.3982971484375 0.44550215234375 0.355842126953125 0.42123491015625 0.3457536875 0.3494699453125 0.360898763671875 0.314819982421875 0.384247013671875 0.320610318359375 0.42928951953125 0.345419140625 0.4518500234375
0 0.34236887109375 0.2048201875 0.366441201171875 0.243737484375 0.4153568046875 0.256971306640625 0.453442716796875 0.252506162109375 0.48929749609375 0.218048904296875 0.51829897265625 0.17610905078125 0.4911192265625 0.1139485859375 0.43105040625 0.101892025390625 0.361572068359375 0.117931759765625 0.34406777734375 0.160917830078125 0.34236887109375 0.2048201875