0 0.0927734375 0.2255859375 0.111328125 0.16796875
1 0.1416015625 0.2744140625 0.013671875 0.017578125
1 0.181640625 0.29296875 0.013671875 0.013671875
1 0.0625 0.384765625 0.009765625 0.01171875
1 0.091796875 0.3828125 0.015625 0.021484375
1 0.1103515625 0.376953125 0.009765625 0.013671875
1 0.1240234375 0.3818359375 0.01171875 0.01171875
0 0.29296875 0.28515625 0.173828125 0.205078125
1 0.33984375 0.3251953125 0.0234375 0.01953125
0 0.4921875 0.3212890625 0.17578125 0.162109375
0 0.7021484375 0.390625 0.19921875 0.20703125
0 0.9140625 0.431640625 0.171875 0.20703125
1 0.91015625 0.5634765625 0.06640625 0.076171875
1 0.896484375 0.640625 0.021484375 0.0234375
1 0.96484375 0.646484375 0.0625 0.158203125
1 0.7666015625 0.568359375 0.01171875 0.015625
1 0.7802734375 0.572265625 0.01171875 0.01171875
1 0.8203125 0.5859375 0.0078125 0.01171875
1 0.80859375 0.6123046875 0.013671875 0.015625
0 0.8720703125 0.7548828125 0.14453125 0.169921875
1 0.791015625 0.767578125 0.013671875 0.01171875
1 0.720703125 0.759765625 0.01171875 0.015625
0 0.6552734375 0.6865234375 0.13671875 0.17578125
1 0.609375 0.5576171875 0.013671875 0.009765625
1 0.609375 0.5322265625 0.009765625 0.013671875
1 0.673828125 0.5068359375 0.013671875 0.01953125
1 0.69140625 0.5302734375 0.0078125 0.01171875
1 0.5400390625 0.4765625 0.166015625 0.193359375
1 0.4599609375 0.4609375 0.009765625 0.015625
1 0.4482421875 0.5166015625 0.01171875 0.009765625
1 0.4697265625 0.5322265625 0.009765625 0.009765625
0 0.4345703125 0.642578125 0.1875 0.21484375
1 0.3857421875 0.73828125 0.017578125 0.017578125
0 0.20703125 0.578125 0.138671875 0.18359375
1 0.2744140625 0.5576171875 0.029296875 0.03125
1 0.1923828125 0.6708984375 0.013671875 0.015625
1 0.2470703125 0.44921875 0.126953125 0.146484375
1 0.1640625 0.4501953125 0.01171875 0.013671875
1 0.0869140625 0.595703125 0.015625 0.015625
1 0.095703125 0.564453125 0.0234375 0.0234375
1 0.048828125 0.57421875 0.015625 0.01953125
1 0.052734375 0.5517578125 0.015625 0.015625
0 0.03515625 0.49609375 0.0703125 0.10546875
1 0.380859375 0.46875 0.009765625 0.013671875