1 0.308367693359375 0.176936396484375 0.317058798828125 0.184461806640625 0.332126193359375 0.184372513671875 0.334612810546875 0.17339409765625 0.32909251953125 0.163029423828125 0.3167423203125 0.1579974140625 0.2968765078125 0.162005388671875 0.29517505859375 0.16878255078125 0.308367693359375 0.176936396484375
0 0.29766167578125 0.171376546875 0.29662483203125 0.16345780078125 0.320431556640625 0.1607564296875 0.335630064453125 0.161928529296875 0.32769248046875 0.12977995703125 0.3196855703125 0.0870745625 0.306202076171875 0.06244235546875 0.26537332421875 0.05356626171875 0.20833333203125 0.078387224609375 0.18979823828125 0.109033654296875 0.1768648125 0.16149337109375 0.1768648125 0.188899287109375 0.217922634765625 0.2130895546875 0.28140823828125 0.218077482421875 0.319271134765625 0.215693720703125 0.32253237109375 0.20193368359375 0.3155351796875 0.18245103515625 0.29766167578125 0.171376546875
1 0.369140625 0.0986328125 0.015625 0.0126953125
1 0.3720703125 0.126953125 0.015625 0.013671875
1 0.384765625 0.169921875 0.0126953125 0.013671875
1 0.509765625 0.0517578125 0.021484375 0.0126953125
0 0.44981403125 0.124194109375 0.416735990234375 0.175672744140625 0.4355604375 0.21053517578125 0.474226587890625 0.1988978046875 0.505618248046875 0.193171802734375 0.527422115234375 0.206362177734375 0.539234302734375 0.19541201953125 0.56384880078125 0.175843470703125 0.599719388671875 0.168928412109375 0.60595100390625 0.160746310546875 0.61011797265625 0.120270958984375 0.585634583984375 0.0974257265625 0.5113691171875 0.07292689453125 0.470703125 0.0850796171875 0.44981403125 0.124194109375
0 0.6034101328125 0.363665544921875 0.6084903671875 0.331592701171875 0.604938271484375 0.29195601953125 0.605039244140625 0.29190515625 0.5556022734375 0.30237720703125 0.524166908203125 0.31560601171875 0.49382565234375 0.3254744921875 0.47275269921875 0.33935773046875 0.455094703125 0.37148595703125 0.455287603515625 0.39941519140625 0.486163857421875 0.421543828125 0.52267945703125 0.432509810546875 0.571384005859375 0.432299578125 0.604689609375 0.406312166015625 0.616084345703125 0.386983236328125 0.6034101328125 0.363665544921875
1 0.59765625 0.2109375 0.0439453125 0.0654296875
1 0.468242126953125 0.347266302734375 0.49328161328125 0.3257355859375 0.524885765625 0.31260285546875 0.56418487109375 0.300011529296875 0.57158745703125 0.300011529296875 0.59917233203125 0.293558755859375 0.6065839609375 0.305197255859375 0.644519193359375 0.308172154296875 0.65477611328125 0.287514015625 0.638935607421875 0.263191505859375 0.61329180078125 0.240287498046875 0.58319769921875 0.23910409375 0.577434775390625 0.209126791015625 0.57843695703125 0.174947103515625 0.577546296875 0.17476851953125 0.536761248046875 0.194980197265625 0.50363196875 0.201597990234375 0.461428794921875 0.2045581953125 0.42212516796875 0.2058388046875 0.384839470703125 0.21379598046875 0.382905935546875 0.247386791015625 0.37502411328125 0.30253431640625 0.35637448046875 0.33214766796875 0.35158510546875 0.3587714296875 0.374386634765625 0.380032009765625 0.4116678125 0.44164473828125 0.432436341796875 0.42554728125 0.454194998046875 0.376688638671875 0.468242126953125 0.347266302734375
1 0.4296875 0.455078125 0.048828125 0.0341796875
1 0.3505859375 0.390625 0.013671875 0.0126953125
1 0.240234375 0.283203125 0.041015625 0.025390625
1 0.283203125 0.263671875 0.013671875 0.0107421875
0 0.35146605078125 0.353587962890625 0.32361291796875 0.32028311328125 0.295820072265625 0.290587248046875 0.230000060546875 0.290202953125 0.19123896875 0.292610451171875 0.16282521875 0.302224619140625 0.160523966796875 0.35124037109375 0.18874330859375 0.39651037109375 0.202168029296875 0.411773681640625 0.235231 0.4102715390625 0.257815513671875 0.3947855625 0.2772518203125 0.3852154765625 0.3254846640625 0.37296097265625 0.352008583984375 0.358428955078125 0.35146605078125 0.353587962890625
1 0.266618138671875 0.3897603359375 0.241031599609375 0.40551531640625 0.208586515625 0.40991776171875 0.196124794921875 0.42610225 0.227388357421875 0.455963134765625 0.2541187421875 0.458841958984375 0.27541624609375 0.45878770703125 0.2974853515625 0.449895787109375 0.31215488671875 0.427096896484375 0.31551257421875 0.40526439453125 0.30911819921875 0.381191677734375 0.301876869140625 0.371982150390625 0.301311728515625 0.37210648046875 0.266618138671875 0.3897603359375
1 0.24473590625 0.49278202734375 0.2761848359375 0.486408375 0.29601146484375 0.4736848046875 0.31373728125 0.47099134765625 0.317794234375 0.453727439453125 0.28647792578125 0.433496544921875 0.28587962890625 0.43373842578125 0.237348392578125 0.4520161953125 0.20354697265625 0.46462899609375 0.20718496875 0.4750626171875 0.24473590625 0.49278202734375
1 0.286450798828125 0.522388599609375 0.30757649609375 0.52801852734375 0.321700484375 0.52356522265625 0.35886411328125 0.497036404296875 0.346697771484375 0.4888147421875 0.3257589453125 0.48870510546875 0.312635634765625 0.497547291015625 0.290222921875 0.511084662109375 0.286450798828125 0.522388599609375
1 0.205078125 0.48046875 0.0283203125 0.0185546875
1 0.2060546875 0.4990234375 0.0283203125 0.015625
0 0.186185861328125 0.57001749609375 0.22469376953125 0.60113864453125 0.2593089921875 0.6031561953125 0.3260030859375 0.57523148046875 0.338603455078125 0.549076787109375 0.339170103515625 0.533371537109375 0.31254069140625 0.528713650390625 0.284681533203125 0.5158273203125 0.29785909765625 0.5069161875 0.31693522265625 0.489997015625 0.31905412109375 0.46914559765625 0.29691418359375 0.46976386328125 0.26444197265625 0.485469111328125 0.22487913671875 0.49258309765625 0.19768307421875 0.5102120859375 0.17351767578125 0.52825249609375 0.186185861328125 0.57001749609375
0 0.583056037109375 0.5709330234375 0.575802650390625 0.553471318359375 0.55304783984375 0.529527451171875 0.524539146484375 0.511684841796875 0.502714181640625 0.51069810546875 0.48038284765625 0.51534469140625 0.46173924609375 0.528518111328125 0.468860013671875 0.550747341796875 0.48517373046875 0.585633455078125 0.5039816015625 0.60428873828125 0.544784734375 0.59393649609375 0.58315098046875 0.571457474609375 0.583056037109375 0.5709330234375
1 0.52878297265625 0.462420427734375 0.51864058984375 0.49054972265625 0.532839927734375 0.51855920703125 0.5657793203125 0.54379724609375 0.58390148828125 0.560979771484375 0.640209056640625 0.550693087890625 0.66149299609375 0.53081258203125 0.6585391953125 0.505357529296875 0.61854082421875 0.44393694921875 0.565141841796875 0.429300943359375 0.52878297265625 0.462420427734375
1 0.3569019453125 0.62367983203125 0.42414309765625 0.64071768359375 0.478046935546875 0.62687174609375 0.482744380859375 0.602900751953125 0.4627519765625 0.56119791796875 0.461229865234375 0.52782751171875 0.489664388671875 0.51150944921875 0.47280243359375 0.481873689453125 0.396056375 0.5108642578125 0.37113444140625 0.543067083984375 0.35355330078125 0.591599076171875 0.3569019453125 0.62367983203125
1 0.5625 0.6357421875 0.146484375 0.0732421875
0 0.60106668359375 0.78417742578125 0.6400749296875 0.767474138671875 0.6658950625 0.751736111328125 0.667069046875 0.75150779296875 0.649227189453125 0.730169224609375 0.60297158203125 0.688381619140625 0.591279958984375 0.681828251953125 0.52709358203125 0.684832537109375 0.4987024375 0.684960259765625 0.465161736328125 0.69319435546875 0.461086697265625 0.722353333984375 0.480441623046875 0.76114117578125 0.51137816015625 0.781340421875 0.53477948828125 0.799289279296875 0.57294379296875 0.8029468671875 0.60106668359375 0.78417742578125
1 0.4267578125 0.77734375 0.109375 0.103515625
1 0.5107421875 0.814453125 0.0390625 0.021484375
1 0.521484375 0.837890625 0.0390625 0.017578125
1 0.5107421875 0.8564453125 0.015625 0.0126953125
1 0.400390625 0.8876953125 0.0966796875 0.1220703125
1 0.271484375 0.8173828125 0.0185546875 0.009765625
1 0.244140625 0.6796875 0.029296875 0.0205078125
0 0.283203125 0.736328125 0.1298828125 0.087890625
0 0.248046875 0.935546875 0.162109375 0.1279296875
1 0.349609375 0.9833984375 0.052734375 0.033203125
1 0.4052734375 0.9931640625 0.021484375 0.013671875
1 0.4794921875 0.908203125 0.037109375 0.029296875
0 0.602144216796875 1 0.62180507421875 0.99051468359375 0.59655008203125 0.948035345703125 0.5599229609375 0.8981583203125 0.533298068359375 0.882055212890625 0.51871443359375 0.891265869140625 0.51158612890625 0.917303013671875 0.478877314453125 0.923810041015625 0.471631462890625 0.931224681640625 0.4792465390625 0.98095251171875 0.547604408203125 1 0.602144216796875 1