0 0.4736328125 0.9306640625 0.169921875 0.138671875
1 0.392578125 0.98828125 0.021484375 0.015625
1 0.44921875 0.8583984375 0.015625 0.01171875
0 0.7587890625 0.85546875 0.21484375 0.18359375
0 0.4267578125 0.7119140625 0.142578125 0.115234375
1 0.4140625 0.6669921875 0.013671875 0.0078125
1 0.6201171875 0.794921875 0.017578125 0.015625
0 0.6962890625 0.6455078125 0.1953125 0.162109375
1 0.5556640625 0.58984375 0.017578125 0.017578125
1 0.5595703125 0.55859375 0.01171875 0.01171875
1 0.7021484375 0.541015625 0.013671875 0.0078125
0 0.6650390625 0.427734375 0.17578125 0.15625
1 0.5478515625 0.3828125 0.041015625 0.02734375
1 0.5439453125 0.4521484375 0.015625 0.015625
0 0.6064453125 0.224609375 0.177734375 0.154296875
0 0.5537109375 0.048828125 0.185546875 0.09765625
0 0.3916015625 0.5048828125 0.177734375 0.13671875
1 0.384765625 0.56640625 0.015625 0.01171875
0 0.302734375 0.3154296875 0.12109375 0.115234375
0 0.2802734375 0.0888671875 0.16796875 0.130859375