0 0.9599609375 0.41796875 0.080078125 0.1640625
1 0.955078125 0.5322265625 0.08984375 0.087890625
1 0.9169921875 0.4228515625 0.025390625 0.029296875
1 0.888671875 0.5703125 0.01953125 0.015625
1 0.8681640625 0.5625 0.013671875 0.015625
1 0.8193359375 0.560546875 0.01953125 0.01953125
1 0.7587890625 0.51953125 0.04296875 0.052734375
1 0.7705078125 0.552734375 0.01953125 0.01953125
1 0.6943359375 0.5556640625 0.009765625 0.013671875
1 0.6748046875 0.55078125 0.009765625 0.013671875
1 0.6591796875 0.5185546875 0.015625 0.015625
1 0.6484375 0.560546875 0.009765625 0.013671875
1 0.63671875 0.548828125 0.015625 0.013671875
1 0.603515625 0.564453125 0.01171875 0.013671875
0 0.955078125 0.73046875 0.07421875 0.166015625
0 0.76171875 0.716796875 0.1796875 0.201171875
0 0.5361328125 0.74609375 0.169921875 0.208984375
1 0.3740234375 0.6904296875 0.029296875 0.01953125
0 0.2802734375 0.7109375 0.18359375 0.23046875
0 0.0703125 0.6962890625 0.140625 0.197265625
0 0.2890625 0.3857421875 0.1796875 0.224609375
1 0.2001953125 0.390625 0.013671875 0.0234375
1 0.1513671875 0.4013671875 0.013671875 0.013671875
1 0.146884828125 0.335084568359375 0.1513197578125 0.302589158203125 0.148454130859375 0.28907258203125 0.105775265625 0.309146548828125 0.074248 0.278200310546875 0.04121145703125 0.26916657421875 0.05796239453125 0.321026470703125 0.077712916015625 0.34240606640625 0.08754391796875 0.377523865234375 0.09770262890625 0.395553302734375 0.089979890625 0.428017830078125 0.106286736328125 0.441924935546875 0.118542103515625 0.39612976953125 0.132577240234375 0.3762034609375 0.146884828125 0.335084568359375
0 0.10655912109375 0.414637271484375 0.0930633671875 0.3882113203125 0.079855142578125 0.352868236328125 0.061694615234375 0.318871306640625 0.045201384765625 0.277495546875 0.0093054921875 0.309347654296875 0.002940623046875 0.4307966015625 0.033516916015625 0.4729035234375 0.0553551875 0.45382940625 0.10655912109375 0.414637271484375
1 0.0166015625 0.52734375 0.015625 0.015625
0 0.5146484375 0.3935546875 0.181640625 0.216796875
1 0.4228515625 0.37890625 0.01171875 0.021484375
1 0.4755859375 0.5234375 0.013671875 0.013671875
1 0.48046875 0.5546875 0.009765625 0.015625
1 0.5654296875 0.5576171875 0.00390625 0.0078125
1 0.4677734375 0.546875 0.005859375 0.009765625
1 0.408203125 0.5556640625 0.005859375 0.01171875
1 0.3974609375 0.544921875 0.005859375 0.005859375
1 0.3876953125 0.546875 0.005859375 0.009765625
1 0.376953125 0.55078125 0.013671875 0.009765625
1 0.353515625 0.541015625 0.0078125 0.013671875
1 0.1962890625 0.51171875 0.009765625 0.009765625
1 0.220703125 0.5458984375 0.005859375 0.005859375
1 0.1748046875 0.5498046875 0.009765625 0.009765625
1 0.16015625 0.53515625 0.009765625 0.01171875
1 0.177734375 0.4921875 0.009765625 0.009765625
1 0.119140625 0.5361328125 0.0078125 0.01171875
1 0.107421875 0.529296875 0.005859375 0.0078125
1 0.0693359375 0.5068359375 0.0078125 0.0078125
0 0.8017578125 0.3994140625 0.193359375 0.216796875
1 0.1669921875 0.37890625 0.009765625 0.01171875