0 0.0771484375 0.41796875 0.154296875 0.18359375
1 0.201171875 0.35546875 0.03515625 0.03515625
1 0.15234375 0.5546875 0.005859375 0.009765625
1 0.0263671875 0.5810546875 0.0234375 0.01953125
1 0.1689453125 0.5615234375 0.0078125 0.005859375
1 0.1572265625 0.5869140625 0.01171875 0.01953125
1 0.0341796875 0.7548828125 0.01953125 0.021484375
0 0.125679859375 0.61472878125 0.091990373046875 0.6082590625 0.04079185546875 0.59633055078125 0.02945167578125 0.621335326171875 0.026250609375 0.644817158203125 0.01217426953125 0.660983015625 0.014024033203125 0.68212591015625 0.018377669921875 0.731888203125 0.0299385390625 0.74217735546875 0.0623118125 0.756816361328125 0.0956627265625 0.78591084375 0.11109416015625 0.774884912109375 0.130401810546875 0.74743276953125 0.14608311328125 0.70684155859375 0.140504521484375 0.68724874609375 0.12283847265625 0.676403001953125 0.11779751953125 0.665147078125 0.13751594921875 0.645710103515625 0.13723687109375 0.6193195625 0.125679859375 0.61472878125
1 0.18297981640625 0.6498789453125 0.146388021484375 0.632398859375 0.133058056640625 0.641728134765625 0.11900518359375 0.662156515625 0.121011375 0.68080776171875 0.14434875390625 0.698079892578125 0.142584119140625 0.718112435546875 0.133487708984375 0.75370715234375 0.155834232421875 0.778924953125 0.182737416015625 0.7794909296875 0.20031122265625 0.742764236328125 0.19905047265625 0.6702678203125 0.18297981640625 0.6498789453125
1 0.2685546875 0.798828125 0.0234375 0.025390625
1 0.284531701171875 0.74193875 0.280105591796875 0.755399580078125 0.280603875 0.755440703125 0.296827369140625 0.765217546875 0.299625365234375 0.795538826171875 0.3037294296875 0.8220878984375 0.31197463671875 0.833086177734375 0.321074515625 0.81632246484375 0.32683795703125 0.782367248046875 0.35188332421875 0.765420234375 0.34788409765625 0.741651591796875 0.32156137109375 0.724701158203125 0.299507837890625 0.7316742578125 0.284531701171875 0.74193875
0 0.287301203125 0.74636040234375 0.31064575390625 0.730087134765625 0.33299259375 0.730564619140625 0.355073326171875 0.71932455859375 0.370038556640625 0.680871552734375 0.3562679296875 0.629827326171875 0.33635512109375 0.618861970703125 0.30231348828125 0.59228621484375 0.283377810546875 0.59413651171875 0.280443197265625 0.631907609375 0.269648751953125 0.647704646484375 0.256092642578125 0.6497544609375 0.23666530078125 0.64549219921875 0.226152099609375 0.6501606953125 0.212033052734375 0.671051732421875 0.227098298828125 0.698286236328125 0.25202541796875 0.741626986328125 0.268584193359375 0.781225015625 0.267123099609375 0.783549427734375 0.279042404296875 0.7688990078125 0.287301203125 0.74636040234375
1 0.3671875 0.3916015625 0.025390625 0.048828125
1 0.396484375 0.412109375 0.01171875 0.013671875
1 0.4140625 0.5419921875 0.0234375 0.025390625
1 0.4667254765625 0.593423333984375 0.446797046875 0.565109072265625 0.411945958984375 0.552468923828125 0.39984833203125 0.53578523828125 0.418147337890625 0.527773048828125 0.446113265625 0.521072357421875 0.441695626953125 0.480369755859375 0.395424998046875 0.46612365234375 0.35372171875 0.467770783203125 0.311016439453125 0.46210194921875 0.2981437890625 0.513177708984375 0.29694292578125 0.550612564453125 0.301021912109375 0.567472849609375 0.327955546875 0.567077046875 0.364005255859375 0.568284501953125 0.400464908203125 0.575059494140625 0.435160740234375 0.596209095703125 0.458083087890625 0.5997631796875 0.4667254765625 0.593423333984375
1 0.218297578125 0.474596373046875 0.23423501171875 0.475099076171875 0.251671599609375 0.46642409375 0.244610087890625 0.444017115234375 0.2282135234375 0.429875865234375 0.213694048828125 0.43333819921875 0.2091011484375 0.45979342578125 0.218297578125 0.474596373046875
1 0.25169714453125 0.442763216796875 0.26975536328125 0.43927417578125 0.25705809375 0.42294702734375 0.253783787109375 0.409500314453125 0.24918488671875 0.388720474609375 0.224086884765625 0.3950931015625 0.235562759765625 0.428830486328125 0.25169714453125 0.442763216796875
0 0.242468873046875 0.323705583984375 0.23208556640625 0.338988609375 0.231011044921875 0.340518263671875 0.2478000859375 0.388454353515625 0.254150681640625 0.41497782421875 0.2768510546875 0.434046916015625 0.294011572265625 0.450526677734375 0.30799406640625 0.45733178515625 0.33667787890625 0.448902697265625 0.353871578125 0.40674201171875 0.3494895703125 0.37337184765625 0.306017951171875 0.344185544921875 0.26827794921875 0.3156823125 0.242468873046875 0.323705583984375
1 0.4501953125 0.44140625 0.01953125 0.021484375
0 0.44371076953125 0.3388195 0.431916470703125 0.379798298828125 0.431426369140625 0.39678753515625 0.461868384765625 0.42125471484375 0.466795578125 0.46430598046875 0.483949505859375 0.474213212890625 0.51737952734375 0.4705456796875 0.538431037109375 0.434560072265625 0.549703142578125 0.395510390625 0.547571787109375 0.364690564453125 0.52062401171875 0.339208173828125 0.487620310546875 0.318738029296875 0.464966701171875 0.31959141796875 0.44371076953125 0.3388195
1 0.544921875 0.5302734375 0.01171875 0.013671875
1 0.5009765625 0.533203125 0.01171875 0.015625
1 0.5771484375 0.4189453125 0.01171875 0.015625
1 0.599609375 0.400390625 0.0078125 0.0078125
1 0.6064453125 0.4306640625 0.013671875 0.015625
1 0.6513671875 0.5439453125 0.01171875 0.013671875
1 0.6787109375 0.509765625 0.017578125 0.013671875
0 0.480892943359375 0.60095504296875 0.472659595703125 0.661458099609375 0.469399943359375 0.7013498359375 0.498331486328125 0.7170206328125 0.531225146484375 0.736998154296875 0.553133751953125 0.736032951171875 0.577151337890625 0.6998165859375 0.58685398828125 0.6765072109375 0.596203330078125 0.617762716796875 0.591076560546875 0.596292328125 0.549225607421875 0.594604560546875 0.527901111328125 0.584985052734375 0.507262201171875 0.582099537109375 0.480892943359375 0.60095504296875
1 0.53339816796875 0.53879040625 0.506139505859375 0.520375775390625 0.502664798828125 0.53980909765625 0.50890155859375 0.573020017578125 0.5326688828125 0.593092541015625 0.558449779296875 0.59082944140625 0.57172344140625 0.553259646484375 0.562128771484375 0.54194525390625 0.53339816796875 0.53879040625
1 0.625 0.6748046875 0.009765625 0.01171875
1 0.6513671875 0.732421875 0.0078125 0.009765625
1 0.6650390625 0.701171875 0.005859375 0.01171875
1 0.7041015625 0.5830078125 0.013671875 0.009765625
0 0.82971065625 0.703772396484375 0.832751693359375 0.632488056640625 0.82438435546875 0.59610210546875 0.8122022109375 0.5890865390625 0.789164693359375 0.57050834765625 0.76290291796875 0.566847048828125 0.71834117578125 0.5817043984375 0.69295662109375 0.590728310546875 0.66513281640625 0.61334480859375 0.653715595703125 0.63890849609375 0.68361048828125 0.69126809375 0.718317248046875 0.73011495703125 0.751732720703125 0.743853435546875 0.812093306640625 0.72436134765625 0.82971065625 0.703772396484375
1 0.7890625 0.5341796875 0.013671875 0.013671875
1 0.8017578125 0.5185546875 0.017578125 0.021484375
1 0.859375 0.6494140625 0.02734375 0.02734375
1 0.7578125 0.4326171875 0.044921875 0.0390625
1 0.7509765625 0.3828125 0.013671875 0.0234375
1 0.744140625 0.35546875 0.013671875 0.01953125
1 0.6171875 0.380859375 0.0078125 0.01171875
0 0.669682177734375 0.437020541015625 0.69689342578125 0.45641053515625 0.7163617734375 0.45556503125 0.73234996875 0.399262283203125 0.738842744140625 0.3418705390625 0.717970291015625 0.308614865234375 0.6756163046875 0.274060197265625 0.6462581796875 0.2939623359375 0.617519408203125 0.383361150390625 0.61813969921875 0.4075176953125 0.650097501953125 0.4143991171875 0.669682177734375 0.437020541015625
1 0.6015625 0.2978515625 0.013671875 0.013671875
1 0.75 0.30859375 0.009765625 0.009765625
1 0.8046875 0.3408203125 0.013671875 0.013671875
1 0.8193359375 0.4921875 0.037109375 0.076171875
1 0.8388671875 0.4130859375 0.0546875 0.0390625
1 0.84765625 0.380859375 0.01953125 0.025390625
0 0.9033203125 0.34765625 0.107421875 0.189453125
1 0.9375 0.5302734375 0.044921875 0.0390625
1 0.9189453125 0.5029296875 0.015625 0.021484375
1 0.942977984375 0.507835587890625 0.961496146484375 0.512780998046875 0.97020998046875 0.49779077734375 0.94038262109375 0.46959826171875 0.918925158203125 0.44689107421875 0.88140908203125 0.441359744140625 0.8545668203125 0.43848142578125 0.83133701171875 0.444161125 0.832841099609375 0.452106357421875 0.856063318359375 0.476777068359375 0.870878638671875 0.500675025390625 0.896134068359375 0.5312205546875 0.908606232421875 0.54789265234375 0.915860248046875 0.536810626953125 0.910908984375 0.5000592421875 0.91888189453125 0.499295140625 0.942977984375 0.507835587890625
0 0.9326171875 0.642578125 0.134765625 0.203125