0 0.09765625 0.6298828125 0.14453125 0.17578125
0 0.345703125 0.6494140625 0.150390625 0.1875
1 0.122614916015625 0.470099765625 0.1155818671875 0.48308121484375 0.114342587890625 0.5009086796875 0.13454975 0.54648403125 0.145653947265625 0.549347232421875 0.16799739453125 0.570263248046875 0.189350884765625 0.57594156640625 0.220935740234375 0.530412609375 0.225222650390625 0.47755209765625 0.205165822265625 0.47355591796875 0.166736197265625 0.470505146484375 0.122614916015625 0.470099765625
1 0.0654296875 0.431640625 0.0625 0.052734375
1 0.109375 0.4560546875 0.009765625 0.013671875
0 0.1123046875 0.3046875 0.177734375 0.216796875
1 0.2568359375 0.2607421875 0.01171875 0.017578125
1 0.2705078125 0.359375 0.01171875 0.017578125
1 0.3095703125 0.4443359375 0.037109375 0.060546875
1 0.26953125 0.478515625 0.015625 0.037109375
0 0.373046875 0.3515625 0.126953125 0.126953125
1 0.416015625 0.2802734375 0.013671875 0.01953125
1 0.490234375 0.291015625 0.041015625 0.044921875
1 0.4892578125 0.3232421875 0.009765625 0.015625
1 0.45703125 0.4970703125 0.08203125 0.1015625
1 0.537109375 0.48828125 0.021484375 0.037109375
0 0.58203125 0.619140625 0.154296875 0.2109375
1 0.630859375 0.470703125 0.044921875 0.0390625
1 0.6787109375 0.5126953125 0.05078125 0.025390625
1 0.728515625 0.5087890625 0.017578125 0.013671875
1 0.7548828125 0.5185546875 0.029296875 0.03125
0 0.5908203125 0.3134765625 0.16796875 0.240234375
0 0.8525390625 0.314453125 0.154296875 0.173828125
1 0.90625 0.513671875 0.013671875 0.01171875
0 0.828125 0.69140625 0.1953125 0.25