1 0.439453125 0.0263671875 0.052734375 0.052734375
1 0.5185546875 0.0380859375 0.115234375 0.076171875
1 0.486328125 0.087890625 0.015625 0.015625
1 0.51500711328125 0.1241522890625 0.504564826171875 0.10885394140625 0.47118236328125 0.098172787109375 0.4232042109375 0.08551025390625 0.3659215859375 0.0763809765625 0.36470992578125 0.10405816015625 0.38947512890625 0.13309958984375 0.41324417578125 0.138766818359375 0.43398558203125 0.1545760546875 0.459781599609375 0.1680840390625 0.49025547265625 0.158345541015625 0.51500711328125 0.1241522890625
1 0.3447265625 0.1025390625 0.0126953125 0.0126953125
0 0.41139805078125 0.141743978515625 0.38863118359375 0.130180076171875 0.35080747265625 0.12396579296875 0.304393626953125 0.141103109375 0.30460159765625 0.19848519921875 0.32854395703125 0.22976571484375 0.3568115234375 0.252587212890625 0.39893180859375 0.25631035546875 0.43508119921875 0.25059452734375 0.455302673828125 0.182764123046875 0.441174166015625 0.161188197265625 0.41139805078125 0.141743978515625
1 0.28515625 0.111328125 0.0126953125 0.0126953125
1 0.373046875 0.2802734375 0.0185546875 0.017578125
0 0.6904296875 0.088515669921875 0.661420658203125 0.08699883203125 0.640316056640625 0.10619778125 0.587553048828125 0.109137640625 0.58398889453125 0.11506483203125 0.584337021484375 0.115692138671875 0.59965609375 0.16188444921875 0.608523521484375 0.2048656328125 0.62578366015625 0.22224821875 0.66940948046875 0.21892293359375 0.700825255859375 0.201011375 0.716582875 0.17099451171875 0.7099458671875 0.11902420703125 0.6904296875 0.088515669921875
1 0.544921875 0.201171875 0.009765625 0.009765625
1 0.5234375 0.1650390625 0.005859375 0.005859375
1 0.517578125 0.126953125 0.021484375 0.0126953125
1 0.5234375 0.201171875 0.0126953125 0.009765625
1 0.521484375 0.236328125 0.015625 0.015625
1 0.513671875 0.251953125 0.015625 0.005859375
1 0.521484375 0.283203125 0.0126953125 0.009765625
1 0.6123046875 0.29296875 0.021484375 0.0126953125
0 0.676602587890625 0.42706637890625 0.74431845703125 0.40543167578125 0.758775498046875 0.38398912109375 0.729053638671875 0.321749087890625 0.696322216796875 0.29849921484375 0.642380703125 0.29018034765625 0.615963783203125 0.2982245546875 0.570722416015625 0.307391130859375 0.552197869140625 0.3237722890625 0.541399919921875 0.34993602734375 0.54205246875 0.349826388671875 0.55472517578125 0.359965005859375 0.581024546875 0.358503552734375 0.591533142578125 0.361953169921875 0.5905776796875 0.377992982421875 0.575915677734375 0.390022560546875 0.59673996875 0.41835417578125 0.6152193046875 0.435619212890625 0.676602587890625 0.42706637890625
1 0.4658203125 0.3115234375 0.0361328125 0.0341796875
0 0.4364658359375 0.415657955078125 0.4282353828125 0.3970329375 0.419266814453125 0.3781688046875 0.404457626953125 0.36215699609375 0.382176193359375 0.3466445234375 0.324062017578125 0.343936873046875 0.29923669921875 0.35583948046875 0.285322359375 0.36779835546875 0.29030430078125 0.3983822421875 0.2989915546875 0.433636951171875 0.323126982421875 0.45128339453125 0.367301365234375 0.47588131640625 0.39739395703125 0.472304607421875 0.42403844140625 0.446342310546875 0.432420267578125 0.432111826171875 0.4364658359375 0.415657955078125
1 0.4580078125 0.416015625 0.041015625 0.052734375
1 0.5234375 0.3828125 0.015625 0.0107421875
1 0.521484375 0.404296875 0.0126953125 0.009765625
1 0.51953125 0.47265625 0.068359375 0.072265625
1 0.521484375 0.537109375 0.021484375 0.021484375
1 0.5234375 0.58203125 0.015625 0.015625
1 0.5537109375 0.6015625 0.0205078125 0.015625
1 0.509765625 0.626953125 0.0107421875 0.0107421875
0 0.65234375 0.6318359375 0.134765625 0.140625
0 0.6650390625 0.8134765625 0.134765625 0.150390625
1 0.66796875 0.9228515625 0.0283203125 0.025390625
1 0.576171875 0.724609375 0.0498046875 0.048828125
1 0.548828125 0.6767578125 0.0126953125 0.015625
1 0.48676751171875 0.753221048828125 0.474952310546875 0.76843211328125 0.4770233203125 0.767489712890625 0.5106591328125 0.785472728515625 0.54482140625 0.79376245703125 0.566625943359375 0.79068708984375 0.55544169140625 0.76152082421875 0.546102056640625 0.7452327265625 0.5226042734375 0.727990169921875 0.5011198984375 0.7314302421875 0.48676751171875 0.753221048828125
1 0.529296875 0.802734375 0.015625 0.017578125
1 0.5205078125 0.83203125 0.0185546875 0.0126953125
1 0.5498046875 0.853515625 0.009765625 0.009765625
1 0.521484375 0.873046875 0.0126953125 0.009765625
1 0.501953125 0.8798828125 0.025390625 0.015625
1 0.525390625 0.8984375 0.015625 0.009765625
1 0.5078125 0.9228515625 0.0126953125 0.005859375
1 0.5283203125 0.966796875 0.0126953125 0.03125
1 0.60546875 0.9794921875 0.0283203125 0.0234375
1 0.4326171875 0.958984375 0.0126953125 0.015625
1 0.392578125 0.77734375 0.0185546875 0.009765625
0 0.477070205078125 0.81284360546875 0.47053299609375 0.7956191328125 0.44144509765625 0.776444548828125 0.41959367578125 0.77723223046875 0.389507779296875 0.787400736328125 0.363467453125 0.780798892578125 0.33534272265625 0.77362537890625 0.321815521484375 0.7769408671875 0.306826828125 0.79844633984375 0.30082545703125 0.828456548828125 0.296205205078125 0.842909072265625 0.310702267578125 0.86609941796875 0.325728470703125 0.88301243359375 0.343329369140625 0.891335318359375 0.38840395703125 0.891679927734375 0.41786962109375 0.884863080078125 0.450495380859375 0.87197084765625 0.47267232421875 0.8376414609375 0.477070205078125 0.81284360546875
1 0.4091796875 0.56640625 0.017578125 0.0126953125
0 0.45057629296875 0.669826931640625 0.45385199609375 0.62377025390625 0.45017119921875 0.590408890625 0.444004388671875 0.56565303125 0.433221208984375 0.563685439453125 0.41090133203125 0.57834653515625 0.390996333984375 0.578009259765625 0.364457947265625 0.575047923828125 0.36042872265625 0.601974826171875 0.3509729453125 0.62403519140625 0.34524980859375 0.64170826171875 0.3457742578125 0.65650318359375 0.36528139453125 0.673016130859375 0.387555458984375 0.67700737890625 0.43335503515625 0.678163880859375 0.45057629296875 0.669826931640625
0 0.349609375 0.025390625 0.125 0.0498046875