1 0.0244140625 0.3779296875 0.013671875 0.0185546875
1 0.041015625 0.396484375 0.009765625 0.015625
1 0.0595703125 0.3857421875 0.0185546875 0.0234375
1 0.076171875 0.3828125 0.0126953125 0.0185546875
1 0.181640625 0.390625 0.025390625 0.0205078125
1 0.2001953125 0.431640625 0.0234375 0.0361328125
1 0.1044921875 0.341796875 0.0107421875 0.009765625
1 0.216796875 0.3994140625 0.0107421875 0.0078125
1 0.2333984375 0.380859375 0.0078125 0.0078125
1 0.248046875 0.3779296875 0.009765625 0.0126953125
1 0.240234375 0.390625 0.013671875 0.017578125
1 0.2509765625 0.41015625 0.017578125 0.0205078125
1 0.2529296875 0.431640625 0.0107421875 0.015625
1 0.2275390625 0.4423828125 0.0078125 0.0107421875
1 0.27734375 0.373046875 0.009765625 0.0107421875
1 0.3720703125 0.4267578125 0.013671875 0.015625
1 0.3759765625 0.3779296875 0.0078125 0.0078125
1 0.38671875 0.396484375 0.005859375 0.0107421875
1 0.392578125 0.4443359375 0.009765625 0.0185546875
1 0.412109375 0.4013671875 0.0126953125 0.0126953125
1 0.318359375 0.365234375 0.015625 0.015625
1 0.458984375 0.423828125 0.0185546875 0.03125
1 0.4453125 0.3818359375 0.009765625 0.013671875
1 0.46484375 0.4619140625 0.017578125 0.025390625
1 0.548828125 0.3984375 0.0078125 0.013671875
1 0.564453125 0.41015625 0.0126953125 0.013671875
1 0.5732421875 0.435546875 0.009765625 0.0107421875
1 0.5908203125 0.4033203125 0.0234375 0.021484375
1 0.619140625 0.404296875 0.009765625 0.009765625
1 0.6298828125 0.4462890625 0.0205078125 0.0234375
1 0.5732421875 0.4541015625 0.0048828125 0.0078125
1 0.595703125 0.470703125 0.0048828125 0.0078125
1 0.63671875 0.3623046875 0.0078125 0.009765625
1 0.6328125 0.3759765625 0.0078125 0.005859375
1 0.6591796875 0.384765625 0.009765625 0.0205078125
0 0.7001953125 0.423828125 0.095703125 0.140625
1 0.7587890625 0.376953125 0.015625 0.021484375
1 0.818359375 0.4189453125 0.029296875 0.021484375
1 0.818359375 0.443359375 0.025390625 0.029296875
0 0.892578125 0.4443359375 0.109375 0.1689453125
1 0.955078125 0.4140625 0.0126953125 0.013671875
1 0.953125 0.45703125 0.009765625 0.0126953125
1 0.9658203125 0.43359375 0.009765625 0.013671875
1 0.841796875 0.7041015625 0.0205078125 0.025390625
0 0.697265625 0.685546875 0.1064453125 0.1376953125
0 0.4892578125 0.6865234375 0.083984375 0.1435546875
0 0.302734375 0.697265625 0.134765625 0.1533203125
0 0.08984375 0.6923828125 0.130859375 0.1298828125
1 0.083984375 0.5869140625 0.072265625 0.09375
1 0.099609375 0.505859375 0.0859375 0.0546875
1 0.212890625 0.560546875 0.037109375 0.0341796875
1 0.271484375 0.5712890625 0.0498046875 0.0576171875
1 0.302734375 0.5546875 0.015625 0.0205078125
1 0.3095703125 0.52734375 0.015625 0.0185546875
1 0.3515625 0.5849609375 0.0673828125 0.078125
1 0.419921875 0.560546875 0.013671875 0.025390625
1 0.48828125 0.564453125 0.005859375 0.009765625
1 0.4970703125 0.5634765625 0.0107421875 0.0126953125
1 0.5166015625 0.56640625 0.0048828125 0.009765625
1 0.521484375 0.5546875 0.0078125 0.0078125
1 0.5185546875 0.5986328125 0.0078125 0.0078125
1 0.5283203125 0.595703125 0.0029296875 0.009765625
1 0.6015625 0.5791015625 0.009765625 0.0078125
1 0.6396484375 0.58203125 0.0078125 0.0107421875
1 0.6611328125 0.5859375 0.0048828125 0.0078125
1 0.7001953125 0.568359375 0.0078125 0.0185546875
1 0.751953125 0.5791015625 0.0126953125 0.0234375
1 0.7734375 0.58203125 0.005859375 0.009765625
1 0.7919921875 0.5810546875 0.0107421875 0.013671875
1 0.8037109375 0.59375 0.0078125 0.0107421875
1 0.828125 0.572265625 0.013671875 0.0126953125
1 0.814453125 0.560546875 0.005859375 0.009765625
1 0.8134765625 0.578125 0.0078125 0.0078125
1 0.8369140625 0.5810546875 0.0078125 0.009765625
1 0.8544921875 0.572265625 0.0078125 0.0078125
1 0.853515625 0.5888671875 0.0107421875 0.0126953125
1 0.880859375 0.5791015625 0.0107421875 0.017578125
1 0.904296875 0.5634765625 0.015625 0.0126953125
1 0.9228515625 0.5693359375 0.0078125 0.005859375
1 0.9228515625 0.5791015625 0.005859375 0.0078125
1 0.9326171875 0.5849609375 0.0078125 0.0078125
1 0.9560546875 0.564453125 0.017578125 0.0126953125
1 0.96875 0.5693359375 0.0078125 0.0107421875
1 0.9638671875 0.5791015625 0.009765625 0.0078125
1 0.9833984375 0.576171875 0.0107421875 0.013671875
1 0.9326171875 0.541015625 0.005859375 0.0078125
1 0.958984375 0.5263671875 0.0078125 0.009765625
1 0.9951171875 0.498046875 0.009765625 0.005859375
1 0.9951171875 0.544921875 0.005859375 0.005859375
1 0.947265625 0.630859375 0.0078125 0.0126953125
1 0.9521484375 0.5966796875 0.005859375 0.015625
1 0.912109375 0.587890625 0.005859375 0.005859375
1 0.86328125 0.568359375 0.0048828125 0.009765625
1 0.7822265625 0.48046875 0.0078125 0.005859375
1 0.8037109375 0.3681640625 0.0048828125 0.0078125
1 0.15625 0.5673828125 0.0078125 0.0078125
0 0.125 0.416015625 0.09375 0.1376953125
0 0.310546875 0.4423828125 0.109375 0.1376953125
0 0.509765625 0.419921875 0.0830078125 0.146484375
0 0.896484375 0.6962890625 0.095703125 0.1640625