0 0.0732421875 0.373046875 0.146484375 0.24609375
1 0.1416015625 0.3388671875 0.013671875 0.015625
0 0.123046875 0.6552734375 0.17578125 0.205078125
1 0.3662109375 0.5849609375 0.015625 0.017578125
0 0.384366607421875 0.63712151171875 0.366502861328125 0.60084937109375 0.350950830078125 0.57999367578125 0.312573080078125 0.544260634765625 0.312112296875 0.5446899140625 0.297657796875 0.550612265625 0.255241041015625 0.58280172265625 0.24624246484375 0.61994884375 0.263826595703125 0.6641421015625 0.306170705078125 0.7027680078125 0.354260013671875 0.702905408203125 0.386834638671875 0.678880345703125 0.391102267578125 0.658613599609375 0.384366607421875 0.63712151171875
0 0.5703125 0.5615234375 0.14453125 0.197265625
1 0.48828125 0.5859375 0.013671875 0.025390625
1 0.328125 0.44921875 0.0234375 0.021484375
1 0.27734375 0.4580078125 0.015625 0.021484375
1 0.2587890625 0.4443359375 0.015625 0.015625
0 0.2509765625 0.3359375 0.19140625 0.22265625
1 0.40234375 0.3037109375 0.015625 0.017578125
0 0.4853515625 0.2734375 0.185546875 0.22265625
1 0.5107421875 0.4111328125 0.0234375 0.02734375
1 0.5888671875 0.3974609375 0.013671875 0.013671875
1 0.623046875 0.3994140625 0.015625 0.015625
1 0.625 0.478515625 0.025390625 0.033203125
1 0.8076171875 0.5107421875 0.01953125 0.0234375
1 0.8154296875 0.546875 0.021484375 0.025390625
0 0.7548828125 0.533203125 0.12109375 0.140625
1 0.771484375 0.451171875 0.017578125 0.02734375
1 0.7783203125 0.40625 0.021484375 0.0234375
1 0.8193359375 0.3984375 0.021484375 0.0234375
1 0.8798828125 0.408203125 0.015625 0.015625
1 0.9248046875 0.466796875 0.015625 0.015625
1 0.9560546875 0.4775390625 0.0234375 0.0234375
1 0.9326171875 0.43359375 0.015625 0.015625
1 0.9521484375 0.388671875 0.021484375 0.017578125
1 0.86328125 0.32421875 0.021484375 0.015625
1 0.91796875 0.259765625 0.015625 0.025390625
1 0.8486328125 0.14453125 0.021484375 0.021484375
1 0.630859375 0.2939453125 0.01171875 0.015625
0 0.720675595703125 0.156697755859375 0.6873875546875 0.15168216796875 0.654257537109375 0.160201453125 0.610624630859375 0.206017681640625 0.610436689453125 0.205814720703125 0.623020244140625 0.27186080078125 0.641812021484375 0.309200533203125 0.669904046875 0.329545021484375 0.72380723046875 0.32299783203125 0.75272671484375 0.304108451171875 0.76721810546875 0.258969208984375 0.765200498046875 0.20197846484375 0.750687623046875 0.174645240234375 0.720675595703125 0.156697755859375
1 0.2548828125 0.5048828125 0.01953125 0.015625
1 0.38671875 0.513671875 0.01171875 0.013671875
1 0.365234375 0.4453125 0.01171875 0.01171875
1 0.4677734375 0.4169921875 0.013671875 0.01953125