1 0.0185546875 0.341796875 0.009765625 0.013671875
1 0.130859375 0.314453125 0.0107421875 0.015625
1 0 0.424008970703125 0.029634021484375 0.442370755859375 0.063457185546875 0.435701884765625 0.06602518359375 0.40259693359375 0.0382848671875 0.37580949609375 0 0.354938271484375 0 0.356018173828125 0 0.424008970703125
0 0.07511393359375 0.443938078125 0.1082705546875 0.436657779296875 0.152519427734375 0.412872369140625 0.14767278515625 0.36301256640625 0.122574095703125 0.313524787109375 0.0394383984375 0.30067446484375 0.041691208984375 0.38119523046875 0.064720517578125 0.41196814453125 0.07511393359375 0.443938078125
1 0.1953125 0.3974609375 0.0205078125 0.033203125
1 0.10546875 0.494140625 0.041015625 0.033203125
1 0.07421875 0.521484375 0.015625 0.0126953125
1 0.166015625 0.494140625 0.0185546875 0.017578125
0 0 0.60945594921875 0.025943494140625 0.666394537109375 0.05820105859375 0.69620811328125 0.07075427734375 0.620380705078125 0.0946891015625 0.59353470703125 0.11342980078125 0.561704283203125 0.10649569140625 0.547507095703125 0.04565687890625 0.53177358984375 0.02197265625 0.53286382421875 0 0.57177131640625 0 0.60945594921875
1 0.163156984375 0.51239734765625 0.15535094140625 0.58377597265625 0.10958297265625 0.58724302734375 0.0823244765625 0.591908826171875 0.071849681640625 0.62355151953125 0.0667782734375 0.64256951171875 0.087709779296875 0.702723697265625 0.106335513671875 0.742800650390625 0.133247818359375 0.764288470703125 0.171586939453125 0.75643635546875 0.20526026171875 0.677264177734375 0.22124566015625 0.62686528515625 0.24045397265625 0.5951812578125 0.25050119921875 0.538991884765625 0.25032810546875 0.51431775 0.2336051171875 0.49731660546875 0.19330512109375 0.50070443359375 0.163156984375 0.51239734765625
1 0.27734375 0.546875 0.0498046875 0.0419921875
0 0.229179583984375 0.720568783203125 0.24754955078125 0.72038966015625 0.30165059765625 0.70980937109375 0.330050998046875 0.66402288671875 0.321342025390625 0.638477251953125 0.27711640234375 0.57054673828125 0.223928623046875 0.61292644921875 0.226039341796875 0.65621383203125 0.229179583984375 0.720568783203125
1 0.359375 0.671875 0.0263671875 0.029296875
0 0.458984375 0.69140625 0.1123046875 0.1455078125
1 0.525390625 0.685546875 0.009765625 0.0126953125
1 0.53125 0.669921875 0.009765625 0.015625
1 0.337890625 0.53515625 0.0205078125 0.0126953125
1 0.2890625 0.5078125 0.013671875 0.021484375
1 0.353515625 0.4423828125 0.0283203125 0.0341796875
1 0.357421875 0.4150390625 0.013671875 0.013671875
1 0.263697708984375 0.413864431640625 0.24118639453125 0.398110255859375 0.240451388671875 0.359280271484375 0.21208069921875 0.37896480859375 0.21236617578125 0.410354318359375 0.22920929296875 0.4472466796875 0.23950712109375 0.46068776171875 0.263697708984375 0.413864431640625
0 0.240079365234375 0.319223986328125 0.240058697265625 0.319034529296875 0.236598099609375 0.3397421328125 0.2405121015625 0.37056671484375 0.25362206640625 0.40278466796875 0.264459841796875 0.443137193359375 0.27615533984375 0.453137056640625 0.306085173828125 0.453913828125 0.339735244140625 0.418828193359375 0.3368649765625 0.383661609375 0.32165979296875 0.32896894140625 0.240079365234375 0.319223986328125
1 0.39453125 0.4111328125 0.013671875 0.015625
1 0.361328125 0.3857421875 0.0107421875 0.0107421875
1 0.3955078125 0.373046875 0.0078125 0.017578125
1 0.4189453125 0.505859375 0.0390625 0.048828125
1 0.439453125 0.556640625 0.044921875 0.0390625
1 0.482421875 0.5078125 0.0673828125 0.09375
1 0.5556640625 0.560546875 0.0673828125 0.1015625
1 0.3876953125 0.541015625 0.0126953125 0.0126953125
1 0.33203125 0.4814453125 0.0078125 0.0126953125
1 0.3232421875 0.5810546875 0.009765625 0.009765625
1 0.609375 0.650390625 0.0263671875 0.0517578125
0 0.63411329296875 0.64374758984375 0.601150431640625 0.68338879296875 0.5978474296875 0.7132247578125 0.6105427421875 0.76148451171875 0.65352569921875 0.78981516015625 0.68460906640625 0.78553171875 0.72738663671875 0.751005841796875 0.729019408203125 0.707373994140625 0.701529689453125 0.653688892578125 0.660861544921875 0.63151041796875 0.63411329296875 0.64374758984375
1 0.7314453125 0.6455078125 0.0078125 0.0107421875
1 0.6103515625 0.5595703125 0.0048828125 0.0107421875
1 0.623046875 0.5625 0.0234375 0.041015625
1 0.59765625 0.458984375 0.029296875 0.017578125
1 0.5703125 0.470703125 0.009765625 0.0107421875
1 0.576171875 0.43359375 0.009765625 0.013671875
1 0.5400390625 0.396484375 0.0107421875 0.009765625
1 0.5654296875 0.4072265625 0.0078125 0.0126953125
1 0.6015625 0.4208984375 0.0107421875 0.013671875
1 0.611328125 0.4140625 0.0048828125 0.017578125
1 0.6259765625 0.439453125 0.0126953125 0.015625
1 0.6318359375 0.4130859375 0.0205078125 0.03125
1 0.75 0.5166015625 0.009765625 0.0126953125
1 0.6806640625 0.572265625 0.015625 0.0107421875
1 0.6982421875 0.5693359375 0.009765625 0.015625
1 0.7177734375 0.583984375 0.0078125 0.0126953125
1 0.6904296875 0.5361328125 0.013671875 0.015625
1 0.7119140625 0.5390625 0.0107421875 0.013671875
1 0.73828125 0.4443359375 0.0107421875 0.013671875
1 0.734375 0.396484375 0.0078125 0.015625
1 0.7373046875 0.3671875 0.0078125 0.013671875
1 0.650390625 0.3759765625 0.009765625 0.0205078125
1 0.775390625 0.439453125 0.009765625 0.015625
1 0.779296875 0.4677734375 0.0107421875 0.025390625
1 0.787109375 0.435546875 0.0107421875 0.0263671875
1 0.8154296875 0.400390625 0.013671875 0.015625
1 0.822265625 0.4228515625 0.0107421875 0.015625
1 0.791015625 0.5068359375 0.0439453125 0.0419921875
1 0.8330078125 0.513671875 0.0234375 0.0341796875
1 0.841796875 0.560546875 0.0185546875 0.0263671875
1 0.802016162109375 0.579289296875 0.82681775 0.57461833203125 0.834011501953125 0.55068480078125 0.821759259765625 0.521164021484375 0.776382689453125 0.557753251953125 0.802016162109375 0.579289296875
1 0.78220201953125 0.621372767578125 0.804996228515625 0.6444296328125 0.81150664453125 0.667173033203125 0.82198144140625 0.657770818359375 0.827051556640625 0.6403959296875 0.848039900390625 0.608593060546875 0.854348802734375 0.57946841796875 0.835216705078125 0.56850749609375 0.81042157421875 0.57563623046875 0.792466259765625 0.566826498046875 0.775238201171875 0.556098697265625 0.77119760546875 0.58964223828125 0.78220201953125 0.621372767578125
0 0.876953125 0.7138671875 0.107421875 0.1484375
1 0.818359375 0.71875 0.013671875 0.017578125
1 0.978515625 0.6484375 0.041015625 0.0732421875
1 0.96853040234375 0.617053158203125 0.99723178125 0.5981936171875 0.999882451171875 0.576640349609375 0.982730603515625 0.589061810546875 0.95850901171875 0.58881723828125 0.935271732421875 0.58587205078125 0.93320105859375 0.60141093359375 0.940821087890625 0.628880416015625 0.95215101953125 0.63472945703125 0.96853040234375 0.617053158203125
1 0.9776630703125 0.59462666796875 1 0.534231357421875 0.94181444140625 0.502006517578125 0.91943746875 0.52339444140625 0.89465655078125 0.53167197265625 0.89533859375 0.5517767578125 0.915396876953125 0.618234677734375 0.920345568359375 0.63201850390625 0.9192269140625 0.63514626171875 0.94320048828125 0.5956996796875 0.9776630703125 0.59462666796875
1 0.888671875 0.58984375 0.015625 0.0126953125
1 0.955078125 0.4912109375 0.013671875 0.025390625
1 0.970703125 0.4560546875 0.0205078125 0.0283203125
1 0.9912109375 0.4990234375 0.017578125 0.0263671875
1 0.9931640625 0.447265625 0.013671875 0.03125
1 0.970703125 0.4345703125 0.017578125 0.0107421875
1 0.9404296875 0.42578125 0.009765625 0.0126953125
1 0.9140625 0.400390625 0.009765625 0.017578125
1 0.900390625 0.408203125 0.013671875 0.0107421875
0 0.89900974609375 0.41657710546875 0.872940951171875 0.382609263671875 0.85258556640625 0.41348551953125 0.84407551953125 0.44375034375 0.83557839453125 0.44969755859375 0.83870442578125 0.46952160546875 0.87290219921875 0.50235270703125 0.89112490625 0.5036771796875 0.91809792578125 0.517881255859375 0.932424716796875 0.481602044921875 0.93809937109375 0.42518187890625 0.921860791015625 0.40435887890625 0.89900974609375 0.41657710546875
1 0.806640625 0.369140625 0.0126953125 0.015625
0 0.7055250703125 0.36585613671875 0.681497240234375 0.35816764453125 0.658309048828125 0.365577119140625 0.65123413671875 0.398554619140625 0.641511140625 0.430321318359375 0.63803116796875 0.463004298828125 0.644765056640625 0.503797744140625 0.6843713828125 0.501968626953125 0.730003720703125 0.483303708984375 0.7315576953125 0.453031994140625 0.72634677734375 0.407614087890625 0.7055250703125 0.36585613671875
0 0.512356873046875 0.35297998046875 0.4761904765625 0.31613756640625 0.44974707421875 0.349456087890625 0.44336066796875 0.371379658203125 0.452017970703125 0.400683421875 0.459462322265625 0.421781994140625 0.48829416796875 0.46611138671875 0.520174541015625 0.456874517578125 0.534255900390625 0.43809592578125 0.52228267578125 0.398657958984375 0.555075025390625 0.3718446875 0.532940900390625 0.366672521484375 0.512356873046875 0.35297998046875
1 0.4423828125 0.419921875 0.0341796875 0.041015625
1 0.4901891640625 0.3232456328125 0.531753783203125 0.367480296875 0.550592654296875 0.320302166015625 0.57275648828125 0.273962810546875 0.559302919921875 0.21626467578125 0.51178462890625 0.19012311328125 0.47078062890625 0.2128871796875 0.404938875 0.24131427734375 0.35584206640625 0.30029038671875 0.353606046875 0.34990044921875 0.36869884765625 0.368772044921875 0.3930366953125 0.36361710546875 0.414456482421875 0.380809427734375 0.44831969140625 0.4019493359375 0.445574724609375 0.35891858203125 0.465843564453125 0.346517787109375 0.4901891640625 0.3232456328125
1 0.701171875 0.2392578125 0.0830078125 0.119140625