1 0.279296875 0.939453125 0.015625 0.009765625
1 0.37890625 0.9638671875 0.0654296875 0.0439453125
0 0.264223787109375 0.9195692265625 0.263428068359375 0.920378005859375 0.2947530859375 0.939546560546875 0.324012453125 0.9508825234375 0.36203676953125 0.949689951171875 0.396929119140625 0.94366279296875 0.42558566796875 0.925609447265625 0.431650001953125 0.8742625546875 0.4150819296875 0.81414267578125 0.38847629296875 0.80524208984375 0.33635679296875 0.812348291015625 0.297239369140625 0.83131490234375 0.27879452734375 0.868480541015625 0.264223787109375 0.9195692265625
1 0.470703125 0.9775390625 0.0283203125 0.017578125
1 0.5458984375 0.876953125 0.0126953125 0.015625
1 0.58885111328125 0.90516392578125 0.583709759765625 0.8814129609375 0.5579520859375 0.88330480078125 0.518594875 0.89353559765625 0.4940776640625 0.90589333203125 0.514190296875 0.932046521484375 0.54038467578125 0.94022171484375 0.563134966796875 0.96304333984375 0.57970973828125 0.95658918359375 0.58885111328125 0.90516392578125
1 0.581790123046875 0.89237015234375 0.595192740234375 0.903413748046875 0.61607831640625 0.891131365234375 0.604043423828125 0.864180451171875 0.58032862890625 0.86411514453125 0.55898491015625 0.883487654296875 0.581790123046875 0.89237015234375
1 0.560546875 0.8359375 0.056640625 0.046875
1 0.5712890625 0.791015625 0.025390625 0.0185546875
0 0.693359375 0.8828125 0.162109375 0.154296875
1 0.716796875 0.974609375 0.017578125 0.015625
1 0.662109375 0.755859375 0.009765625 0.005859375
1 0.6494140625 0.76171875 0.009765625 0.005859375
1 0.5771484375 0.7421875 0.009765625 0.009765625
1 0.541015625 0.755859375 0.009765625 0.013671875
1 0.515625 0.7353515625 0.009765625 0.009765625
1 0.759765625 0.669921875 0.025390625 0.021484375
1 0.7626953125 0.6064453125 0.033203125 0.041015625
1 0.7119140625 0.560546875 0.015625 0.015625
1 0.69921875 0.544921875 0.0126953125 0.0126953125
0 0.700164501953125 0.732726296875 0.776356470703125 0.693750201171875 0.759006076171875 0.67921830859375 0.7490462109375 0.66356819140625 0.76736646875 0.62919158203125 0.75486137890625 0.62404252734375 0.74391021484375 0.603528685546875 0.71491073046875 0.57098062109375 0.678138931640625 0.56908576953125 0.63828339453125 0.600094642578125 0.616371689453125 0.6420345859375 0.62737241796875 0.67105115234375 0.65352526953125 0.7041819375 0.670792609375 0.708494083984375 0.700164501953125 0.732726296875
1 0.57924087890625 0.6210887265625 0.5414108046875 0.64256908203125 0.559796703125 0.64349440625 0.58493414453125 0.66122223046875 0.59403533203125 0.679924607421875 0.597026642578125 0.684144322265625 0.601817021484375 0.68772505078125 0.608947669921875 0.68316173046875 0.608367626953125 0.68261316796875 0.616133240234375 0.650536306640625 0.6025162890625 0.620084033203125 0.57924087890625 0.6210887265625
1 0.5439453125 0.7138671875 0.0107421875 0.005859375
1 0.5720164609375 0.6697530859375 0.5537685390625 0.653063111328125 0.5231427890625 0.64340498828125 0.51058947265625 0.647656853515625 0.490508990234375 0.64851687109375 0.499529802734375 0.62593235546875 0.475557806640625 0.60858330078125 0.44236137890625 0.61948423046875 0.447265625 0.63714273046875 0.46173455859375 0.672918876953125 0.494793005859375 0.717177654296875 0.520668564453125 0.71749312890625 0.53844494921875 0.676587013671875 0.5720164609375 0.6697530859375
1 0.576171875 0.5283203125 0.0341796875 0.0341796875
1 0.51836982421875 0.520683634765625 0.489227001953125 0.533679349609375 0.5055901171875 0.5529232578125 0.538324384765625 0.55340249609375 0.5494349609375 0.5527795859375 0.57190929296875 0.566841283203125 0.584883240234375 0.566841283203125 0.598326044921875 0.562152376953125 0.600022728515625 0.560332009765625 0.5840071484375 0.54488570703125 0.5684826171875 0.53305041015625 0.55408468359375 0.521660197265625 0.51836982421875 0.520683634765625
1 0.537016943359375 0.640158822265625 0.54760105859375 0.62573342578125 0.5859375 0.6025742265625 0.628943759765625 0.59439300390625 0.62976225 0.594679341796875 0.63169662109375 0.58768064453125 0.61483249609375 0.57868461328125 0.583412369140625 0.566199283203125 0.551118826171875 0.551207240234375 0.53766396484375 0.553326138671875 0.50716949609375 0.57583831640625 0.4775966640625 0.56055792578125 0.43855559765625 0.570576734375 0.437406228515625 0.58622283203125 0.47541580859375 0.6197343984375 0.497539169921875 0.649665236328125 0.537016943359375 0.640158822265625
1 0.466796875 0.5498046875 0.037109375 0.0205078125
1 0.4482421875 0.5361328125 0.013671875 0.0126953125
1 0.4140625 0.7060546875 0.03125 0.017578125
1 0.3623046875 0.775390625 0.0341796875 0.013671875
1 0.392578125 0.775390625 0.015625 0.0126953125
1 0.4013671875 0.765625 0.015625 0.0078125
1 0.3779296875 0.740234375 0.0830078125 0.0498046875
1 0.3212890625 0.693359375 0.009765625 0.0078125
1 0.3544921875 0.552734375 0.0185546875 0.017578125
1 0.380859375 0.55078125 0.033203125 0.021484375
1 0.4111328125 0.548828125 0.009765625 0.009765625
1 0.384765625 0.53125 0.0205078125 0.0126953125
1 0.390625 0.517578125 0.0107421875 0.005859375
1 0.400390625 0.505859375 0.015625 0.009765625
1 0.291015625 0.5654296875 0.009765625 0.0078125
1 0.294921875 0.5361328125 0.021484375 0.0185546875
1 0.271484375 0.5341796875 0.025390625 0.025390625
1 0.3349609375 0.6845703125 0.0126953125 0.009765625
0 0.3485296640625 0.57585137890625 0.29479997265625 0.58153694140625 0.29394933203125 0.58218496875 0.282838755859375 0.597099650390625 0.27087351953125 0.64591973828125 0.281095947265625 0.669878673828125 0.299870328125 0.684937025390625 0.339423119140625 0.680145640625 0.36068780078125 0.68543233984375 0.39496259765625 0.68688914453125 0.40777177734375 0.67651266796875 0.424346546875 0.642140078125 0.42530971484375 0.61266135546875 0.390811203125 0.57572277734375 0.3485296640625 0.57585137890625
1 0.4248046875 0.4697265625 0.0126953125 0.009765625
1 0.4365234375 0.51953125 0.0107421875 0.009765625
0 0.254769921875 0.416035353515625 0.257018974609375 0.433040529296875 0.27022832421875 0.46299748828125 0.2945196328125 0.474620060546875 0.34408209765625 0.472262501953125 0.376991486328125 0.467314748046875 0.41144627734375 0.44987390234375 0.410305310546875 0.41469545703125 0.39469675 0.383228443359375 0.377662255859375 0.367939650390625 0.343395982421875 0.36637041015625 0.317172375 0.376839685546875 0.285917990234375 0.390061091796875 0.254769921875 0.416035353515625
1 0.4619140625 0.3427734375 0.025390625 0.021484375
1 0.4375 0.359375 0.009765625 0.009765625
1 0.404296875 0.369140625 0.0107421875 0.009765625
1 0.4037598203125 0.39478114453125 0.41167973046875 0.41424498828125 0.425345029296875 0.41454173828125 0.4373838203125 0.405307140625 0.43485418359375 0.36682087890625 0.436658248046875 0.345364451171875 0.42684549609375 0.32467497265625 0.37366503515625 0.3073467421875 0.342267072265625 0.3020430546875 0.33641975390625 0.314882220703125 0.359684080078125 0.356065537109375 0.38492455078125 0.360553779296875 0.4056186875 0.364607994140625 0.411747685546875 0.37076576171875 0.4037598203125 0.39478114453125
1 0.416015625 0.298828125 0.0126953125 0.009765625
1 0.3916015625 0.302734375 0.0126953125 0.009765625
1 0.423828125 0.2802734375 0.0107421875 0.005859375
1 0.47265625 0.3134765625 0.009765625 0.0078125
1 0.4267578125 0.2646484375 0.0185546875 0.009765625
1 0.373046875 0.2490234375 0.025390625 0.0126953125
1 0.548828125 0.4267578125 0.0126953125 0.0126953125
1 0.5654296875 0.44140625 0.013671875 0.009765625
1 0.5751953125 0.353515625 0.0439453125 0.0341796875
1 0.5126953125 0.408203125 0.0078125 0.005859375
1 0.6630859375 0.42578125 0.009765625 0.0126953125
1 0.6884765625 0.443359375 0.0126953125 0.0029296875
1 0.7595551875 0.285600142578125 0.712296576171875 0.304398970703125 0.718209658203125 0.320910111328125 0.734483505859375 0.31460519921875 0.737200564453125 0.33365556640625 0.7352649765625 0.35039276171875 0.74115284765625 0.3583532265625 0.748192646484375 0.358830822265625 0.74859708203125 0.359427609375 0.76277203515625 0.319783939453125 0.771021849609375 0.296571673828125 0.7595551875 0.285600142578125
1 0.6376953125 0.400390625 0.0107421875 0.005859375
0 0.733289931640625 0.319981224609375 0.7172287109375 0.32031003515625 0.7093636015625 0.296002833984375 0.689881671875 0.293583623046875 0.647880716796875 0.310512349609375 0.621807265625 0.32853683203125 0.595117845703125 0.360058921875 0.60989561328125 0.39657973046875 0.642087103515625 0.397717408203125 0.642084912109375 0.40327263671875 0.64469784765625 0.42803358984375 0.66283933203125 0.41986433203125 0.696972986328125 0.425581498046875 0.72208302734375 0.421605376953125 0.755605095703125 0.4004210390625 0.76069725 0.37285287890625 0.7578541484375 0.362701724609375 0.742862654296875 0.35781398046875 0.73525620703125 0.3440582578125 0.733289931640625 0.319981224609375
1 0.658203125 0.2724609375 0.0439453125 0.0341796875
1 0.537109375 0.2841796875 0.013671875 0.009765625
1 0.544921875 0.3193359375 0.0126953125 0.0078125
1 0.5458984375 0.310546875 0.015625 0.0078125
1 0.471570083984375 0.26722383203125 0.47193287109375 0.269828822265625 0.533717162109375 0.262510357421875 0.580942892578125 0.26415111328125 0.59277891796875 0.25536944921875 0.60073061328125 0.225057376953125 0.58523275390625 0.189040470703125 0.55696176171875 0.18731011328125 0.52128708984375 0.2042519921875 0.505888966796875 0.228849365234375 0.47585446484375 0.24434859765625 0.470585849609375 0.26688844921875 0.471570083984375 0.26722383203125
1 0.5849609375 0.1767578125 0.015625 0.013671875
1 0.544921875 0.140625 0.009765625 0.0078125
1 0.486328125 0.162109375 0.025390625 0.017578125
1 0.50390625 0.123046875 0.03125 0.0341796875
1 0.5341796875 0.0859375 0.0341796875 0.064453125
1 0.5634765625 0.0283203125 0.041015625 0.0439453125
1 0.537109375 0.03515625 0.009765625 0.0126953125
1 0.427734375 0.064453125 0.0263671875 0.0126953125
1 0.42578125 0.052734375 0.0205078125 0.0126953125
1 0.40234375 0.068359375 0.009765625 0.0107421875
1 0.3818359375 0.0185546875 0.009765625 0.0078125
1 0.3525390625 0.041015625 0.0126953125 0.009765625
1 0.349609375 0.0712890625 0.015625 0.005859375
1 0.3046875 0.1015625 0.0126953125 0.0126953125
1 0.412109375 0.12890625 0.025390625 0.015625
1 0.4140625 0.1123046875 0.015625 0.009765625
1 0.4306640625 0.138671875 0.0107421875 0.0078125
1 0.345703125 0.2138671875 0.015625 0.0107421875
0 0.300761931640625 0.16745847265625 0.302571486328125 0.22406774609375 0.332293814453125 0.20810322265625 0.3597940625 0.21095359765625 0.387041236328125 0.2344807265625 0.394168275390625 0.218769642578125 0.42935144921875 0.206967677734375 0.461781525390625 0.1852661953125 0.477401912109375 0.155233009765625 0.433249962890625 0.13964041796875 0.408308251953125 0.13412508203125 0.38987186328125 0.111553564453125 0.33069344921875 0.111167369140625 0.312997267578125 0.12897619140625 0.300761931640625 0.16745847265625
1 0.3974609375 0.228515625 0.0185546875 0.017578125
0 0.6943359375 0.1435546875 0.1435546875 0.1220703125
1 0.740234375 0.021484375 0.0107421875 0.009765625
1 0.50004712890625 0.30603068359375 0.49985203515625 0.3213490703125 0.502591013671875 0.33912037109375 0.49409349609375 0.353895400390625 0.500443892578125 0.373404455078125 0.51489066015625 0.37642949609375 0.542419638671875 0.36779333203125 0.556147412109375 0.349079169921875 0.556397306640625 0.341329966796875 0.53360317578125 0.325018578125 0.515467171875 0.3081317734375 0.50004712890625 0.30603068359375
1 0.68359375 0.7666015625 0.005859375 0.005859375
1 0.66015625 0.7919921875 0.0078125 0.005859375
1 0.6630859375 0.71875 0.005859375 0.005859375
1 0.677734375 0.716796875 0.005859375 0.005859375
1 0.337890625 0.779296875 0.0078125 0.005859375