1 0.9140625 0.658203125 0.009765625 0.01171875
1 0.875 0.6220703125 0.009765625 0.013671875
1 0.9306640625 0.658203125 0.013671875 0.013671875
0 0.99795930078125 0.621274966796875 0.99848830078125 0.590968638671875 0.995164810546875 0.582129603515625 0.955048068359375 0.57281715234375 0.932888828125 0.581645478515625 0.906730072265625 0.6179461796875 0.909057115234375 0.634824013671875 0.9201405234375 0.650600642578125 0.935325349609375 0.65102780859375 0.942910388671875 0.66637225 0.95776115234375 0.669934068359375 0.985814431640625 0.670224109375 0.99348280859375 0.6585155078125 0.99795930078125 0.621274966796875
1 0.9814453125 0.4619140625 0.037109375 0.072265625
0 0.9794921875 0.345703125 0.041015625 0.16796875
1 0.80078125 0.4443359375 0.013671875 0.01953125
1 0.8505859375 0.4814453125 0.0078125 0.0078125
1 0.876953125 0.4755859375 0.005859375 0.005859375
0 0.8056640625 0.3544921875 0.1484375 0.166015625
0 0.709393533203125 0.656324728515625 0.74024265234375 0.664423669921875 0.754241306640625 0.676793169921875 0.775220775390625 0.722601228515625 0.775444662109375 0.723303169921875 0.793290615234375 0.714502720703125 0.818693248046875 0.696247931640625 0.84721816796875 0.65794668359375 0.845895521484375 0.6096051953125 0.815692158203125 0.5609418046875 0.769911296875 0.54298258984375 0.728079341796875 0.55444857421875 0.705058701171875 0.587526908203125 0.69639768359375 0.633882728515625 0.709393533203125 0.656324728515625
1 0.6533203125 0.5283203125 0.017578125 0.029296875
1 0.7119140625 0.470703125 0.005859375 0.009765625
1 0.666015625 0.4814453125 0.005859375 0.009765625
1 0.69140625 0.4736328125 0.009765625 0.0078125
1 0.61930090234375 0.39854029296875 0.602484521484375 0.41709233203125 0.603443134765625 0.438277841796875 0.624612986328125 0.458671953125 0.649556296875 0.482159869140625 0.65816012109375 0.48041423828125 0.694117203125 0.468230744140625 0.69543153125 0.4421531171875 0.696369677734375 0.4017049765625 0.692074685546875 0.37477915625 0.692813755859375 0.374059189453125 0.657742205078125 0.379780228515625 0.61930090234375 0.39854029296875
1 0.72265625 0.37890625 0.005859375 0.013671875
1 0.552734375 0.4775390625 0.005859375 0.005859375
1 0.53515625 0.466796875 0.029296875 0.041015625
1 0.453125 0.4384765625 0.03515625 0.087890625
1 0.5048828125 0.306640625 0.044921875 0.109375
0 0.5292505390625 0.287089111328125 0.530487875 0.324314162109375 0.512944904296875 0.369870505859375 0.5169199375 0.393251 0.56527590234375 0.409616591796875 0.595600130859375 0.4128429140625 0.630618673828125 0.3699764453125 0.64542019140625 0.339746412109375 0.635123119140625 0.308913484375 0.591976091796875 0.2786848359375 0.55712570703125 0.24162737109375 0.54820924609375 0.2359505078125 0.536127322265625 0.257118669921875 0.5292505390625 0.287089111328125
1 0.4228515625 0.322265625 0.0078125 0.013671875
1 0.47265625 0.328125 0.0078125 0.009765625
1 0.412109375 0.47265625 0.009765625 0.015625
1 0.380859375 0.47265625 0.013671875 0.013671875
1 0.405521703125 0.42818844140625 0.41122192578125 0.39907502734375 0.4009475625 0.38910445703125 0.379460662109375 0.3819808515625 0.35865117578125 0.390622388671875 0.346187986328125 0.39684390234375 0.34466594140625 0.410930744140625 0.3470741484375 0.44152280859375 0.3624362265625 0.481821376953125 0.361546244140625 0.4841062734375 0.38360913671875 0.459785544921875 0.405521703125 0.42818844140625
0 0.2996053203125 0.401274759765625 0.337825556640625 0.4355346015625 0.342538421875 0.43005805078125 0.347245330078125 0.4156543359375 0.353848626953125 0.392486623046875 0.3811462578125 0.374930791015625 0.40215204296875 0.33869422265625 0.401999033203125 0.286726224609375 0.373077748046875 0.26437737109375 0.332792087890625 0.240391205078125 0.2902864765625 0.2612641953125 0.2723053125 0.32092898046875 0.2805779609375 0.358477802734375 0.2996053203125 0.401274759765625
1 0.400390625 0.607421875 0.01171875 0.013671875
1 0.2861328125 0.59375 0.01171875 0.015625
0 0.37055701171875 0.717582994140625 0.39183517578125 0.684393857421875 0.391961947265625 0.63740942578125 0.38439082421875 0.58540305078125 0.35260003125 0.56481953125 0.321243134765625 0.5598481875 0.305524767578125 0.579855654296875 0.291305138671875 0.61341987890625 0.28035055078125 0.662740828125 0.2975769921875 0.6885686484375 0.325802203125 0.712570720703125 0.361903896484375 0.733378205078125 0.37055701171875 0.717582994140625
0 0.5419921875 0.62109375 0.1015625 0.150390625
1 0.62890625 0.6396484375 0.005859375 0.0078125
1 0.250035509765625 0.4352227734375 0.234623119140625 0.408398994140625 0.198571982421875 0.42775545703125 0.1975246328125 0.44630942578125 0.22161205078125 0.482333609375 0.2194956640625 0.496850873046875 0.1979268203125 0.50501424609375 0.19099891796875 0.542518810546875 0.202175326171875 0.55124035546875 0.243280021484375 0.53406084765625 0.2560698671875 0.5247836015625 0.266775791015625 0.5042156953125 0.250035509765625 0.4352227734375
1 0.16410124609375 0.466870677734375 0.155729224609375 0.492582607421875 0.1676844765625 0.501587044921875 0.203156353515625 0.504420892578125 0.218977087890625 0.49832826953125 0.2212855546875 0.48215641796875 0.20416852734375 0.4606526875 0.183494771484375 0.45674002734375 0.16410124609375 0.466870677734375
0 0.126953125 0.603515625 0.123046875 0.166015625
1 0 0.643912953125 0.0096322734375 0.65649140625 0.04339382421875 0.660250671875 0.066619232421875 0.655105298828125 0.067324892578125 0.645879720703125 0.066915142578125 0.646960482421875 0.053578419921875 0.621595798828125 0.043909486328125 0.613841099609375 0.026108513671875 0.62023740234375 0.014173783203125 0.635099107421875 0 0.64027109375 0 0.643912953125
1 0.07421875 0.697265625 0.015625 0.01953125
1 0.0107421875 0.4423828125 0.01953125 0.02734375
1 0.0771484375 0.462890625 0.009765625 0.009765625
1 0.099609375 0.2490234375 0.013671875 0.015625
0 0.06472286328125 0.301537556640625 0.071548712890625 0.3306137109375 0.082894529296875 0.380692357421875 0.099150513671875 0.41548791015625 0.14548934375 0.40838928125 0.182469001953125 0.385288220703125 0.213659107421875 0.3612447109375 0.213205158203125 0.34637844921875 0.200062400390625 0.294761166015625 0.183493529296875 0.24277458984375 0.169026103515625 0.234118859375 0.133414556640625 0.246713005859375 0.11378278125 0.257655431640625 0.0811717578125 0.27157073828125 0.06472286328125 0.301537556640625
1 0.3095703125 0.4638671875 0.0078125 0.009765625