1 0.181640625 0.2236328125 0.025390625 0.02734375
0 0.2919921875 0.2294921875 0.154296875 0.189453125
0 0.4296875 0.2578125 0.1875 0.22265625
1 0.1171875 0.3408203125 0.02734375 0.033203125
1 0.140625 0.3466796875 0.03515625 0.04296875
1 0.1796875 0.3642578125 0.025390625 0.03125
1 0.244140625 0.353515625 0.041015625 0.060546875
1 0.28515625 0.390625 0.013671875 0.01953125
1 0.408203125 0.369140625 0.025390625 0.02734375
1 0.3837890625 0.3701171875 0.009765625 0.013671875
1 0.4970703125 0.3896484375 0.015625 0.015625
0 0.66796875 0.296875 0.162109375 0.18359375
0 0.8720703125 0.3662109375 0.158203125 0.18359375
1 0.9794921875 0.5576171875 0.041015625 0.048828125
1 0.9462890625 0.732421875 0.0234375 0.02734375
0 0.810546875 0.6611328125 0.1640625 0.19140625
0 0.583984375 0.6181640625 0.12890625 0.16015625
1 0.5400390625 0.4560546875 0.03125 0.0390625
1 0.591796875 0.4365234375 0.05859375 0.06640625
1 0.6474609375 0.4619140625 0.046875 0.0390625
1 0.673828125 0.4931640625 0.03515625 0.0390625
0 0.375 0.5576171875 0.119140625 0.1328125
1 0.435546875 0.5751953125 0.0234375 0.0234375
1 0.2734375 0.5185546875 0.01953125 0.0234375
0 0.1630859375 0.515625 0.146484375 0.1640625
1 0.1826171875 0.533203125 0.015625 0.015625