1 0.234375 0.9140625 0.015625 0.01171875
1 0.3310546875 0.9482421875 0.0703125 0.05078125
0 0.241489609375 0.843339697265625 0.221658466796875 0.89262545703125 0.22078256640625 0.893346630859375 0.24993232421875 0.915684533203125 0.277846474609375 0.930016833984375 0.315787146484375 0.93280541796875 0.351118361328125 0.930458521484375 0.381505015625 0.915499498046875 0.39290333984375 0.86506778515625 0.38271026953125 0.8035454140625 0.357180744140625 0.7919125390625 0.3046039609375 0.793531841796875 0.263718275390625 0.80830566796875 0.241489609375 0.843339697265625
1 0.4208984375 0.9716796875 0.029296875 0.01953125
1 0.505859375 0.8798828125 0.013671875 0.017578125
1 0.47735733984375 0.893323462890625 0.451682701171875 0.90305075390625 0.46895140234375 0.931163015625 0.494147744140625 0.942031482421875 0.5143878984375 0.967106140625 0.531546513671875 0.962419876953125 0.54601321484375 0.912231865234375 0.543382677734375 0.88807359375 0.517568357421875 0.88726266015625 0.47735733984375 0.893323462890625
1 0.54032821875 0.898770103515625 0.552503044921875 0.91115415625 0.57455806640625 0.9011221953125 0.565406240234375 0.873060931640625 0.54182818359375 0.870517111328125 0.51857641015625 0.887552470703125 0.54032821875 0.898770103515625
1 0.525390625 0.8408203125 0.060546875 0.052734375
1 0.5400390625 0.796875 0.02734375 0.021484375
0 0.65234375 0.9013671875 0.177734375 0.169921875
1 0.666015625 0.9931640625 0.01953125 0.013671875
1 0.634765625 0.771484375 0.009765625 0.0078125
1 0.62109375 0.7763671875 0.009765625 0.0078125
1 0.5517578125 0.7490234375 0.009765625 0.009765625
1 0.513671875 0.7587890625 0.01171875 0.013671875
1 0.4912109375 0.7353515625 0.009765625 0.009765625
1 0.740234375 0.6962890625 0.02734375 0.0234375
1 0.75 0.6337890625 0.037109375 0.044921875
1 0.7041015625 0.58203125 0.017578125 0.017578125
1 0.693359375 0.5654296875 0.013671875 0.013671875
0 0.63134141796875 0.71911116796875 0.648063423828125 0.72520462109375 0.67474145703125 0.75237428515625 0.754590150390625 0.72157593359375 0.738853798828125 0.7053100390625 0.73058437890625 0.68870456640625 0.752397609375 0.656431263671875 0.74049924609375 0.65000327734375 0.73175235546875 0.62845710546875 0.706313931640625 0.5930560703125 0.669941638671875 0.5873278984375 0.627063125 0.614000865234375 0.600887537109375 0.65342066015625 0.6087949453125 0.68342816015625 0.63134141796875 0.71911116796875
1 0.52628142578125 0.646116681640625 0.544469880859375 0.648958787109375 0.5676165546875 0.66921707421875 0.574712953125 0.688768330078125 0.577246796875 0.69327760546875 0.581636646484375 0.69733944921875 0.589205228515625 0.693546484375 0.588685703125 0.692940294921875 0.599761720703125 0.6618508828125 0.589402494140625 0.6301420703125 0.5661495703125 0.62870831640625 0.52628142578125 0.646116681640625
1 0.521484375 0.7177734375 0.01171875 0.0078125
1 0.519775974609375 0.6796382421875 0.55387791796875 0.676350931640625 0.537474537109375 0.657844958984375 0.508026107421875 0.64503848046875 0.495097119140625 0.647954875 0.4750367421875 0.64671119921875 0.48636886328125 0.6251933359375 0.464341658203125 0.605433564453125 0.430187626953125 0.612804806640625 0.43321919140625 0.630879205078125 0.443869236328125 0.66797178125 0.472120283203125 0.71544365234375 0.4978211171875 0.7184621328125 0.519775974609375 0.6796382421875
1 0.5732421875 0.5361328125 0.037109375 0.037109375
1 0.5161071640625 0.522490498046875 0.48576556640625 0.532368765625 0.5000275078125 0.5532176640625 0.532532359375 0.55711594140625 0.543647181640625 0.557657814453125 0.564528548828125 0.5739916875 0.577431423828125 0.575347833984375 0.591290712890625 0.57208976953125 0.593168380859375 0.5704567265625 0.578855115234375 0.55342095703125 0.56465275390625 0.540027740234375 0.551524294921875 0.5271949296875 0.5161071640625 0.522490498046875
1 0.43151491796875 0.56376741796875 0.4287363828125 0.5792076640625 0.463034830078125 0.616508732421875 0.481908373046875 0.648588126953125 0.52216357421875 0.643260341796875 0.534197572265625 0.630020310546875 0.574744798828125 0.610995228515625 0.61837063671875 0.607354203125 0.619154712890625 0.60772452734375 0.62181005078125 0.600966365234375 0.605978650390625 0.5902568359375 0.57603571875 0.574555603515625 0.545486177734375 0.55627009375 0.5318835390625 0.55697096875 0.499202958984375 0.576172283203125 0.471389365234375 0.557884396484375 0.43151491796875 0.56376741796875
1 0.4619140625 0.5458984375 0.0390625 0.0234375
1 0.4443359375 0.5302734375 0.015625 0.013671875
1 0.392578125 0.6962890625 0.033203125 0.021484375
1 0.333984375 0.759765625 0.03515625 0.017578125
1 0.3642578125 0.7626953125 0.017578125 0.013671875
1 0.3740234375 0.75390625 0.015625 0.009765625
1 0.353515625 0.7265625 0.087890625 0.05859375
1 0.3017578125 0.673828125 0.009765625 0.009765625
1 0.349609375 0.537109375 0.01953125 0.01953125
1 0.3759765625 0.5380859375 0.03515625 0.025390625
1 0.40625 0.5390625 0.009765625 0.009765625
1 0.3818359375 0.5185546875 0.021484375 0.015625
1 0.3896484375 0.505859375 0.01171875 0.0078125
1 0.400390625 0.4951171875 0.015625 0.01171875
1 0.28515625 0.54296875 0.009765625 0.009765625
1 0.2919921875 0.5146484375 0.0234375 0.021484375
1 0.26953125 0.509765625 0.02734375 0.02734375
1 0.31640625 0.666015625 0.013671875 0.01171875
0 0.41394255859375 0.604236923828125 0.383494166015625 0.563894623046875 0.341430806640625 0.559602896484375 0.2874011484375 0.559641029296875 0.2864874296875 0.560196591796875 0.2738787109375 0.573868197265625 0.256875931640625 0.62117013671875 0.264537970703125 0.64606635546875 0.2816354765625 0.663004673828125 0.3214724296875 0.6623739296875 0.342068009765625 0.669854431640625 0.376002767578125 0.674885947265625 0.389826416015625 0.66590523828125 0.40990330078125 0.63345348046875 0.41394255859375 0.604236923828125
1 0.4287109375 0.4619140625 0.013671875 0.01171875
1 0.4345703125 0.5126953125 0.01171875 0.01171875
0 0.298582498046875 0.368285685546875 0.264890013671875 0.390861796875 0.265349220703125 0.40800890625 0.275354853515625 0.43918251171875 0.298298201171875 0.453280546875 0.34783558984375 0.456116591796875 0.38108187890625 0.45463591015625 0.41717098828125 0.44089211328125 0.419713419921875 0.405787115234375 0.407479564453125 0.372860943359375 0.3921365 0.355875314453125 0.358221970703125 0.350732869140625 0.331047681640625 0.3584036796875 0.298582498046875 0.368285685546875
1 0.478515625 0.33984375 0.02734375 0.0234375
1 0.4521484375 0.353515625 0.009765625 0.009765625
1 0.4189453125 0.359375 0.01171875 0.01171875
1 0.420288037109375 0.35548415234375 0.425739796875 0.362248841796875 0.4152853984375 0.38529770703125 0.4211273984375 0.40548278125 0.434686818359375 0.407206318359375 0.4476249375 0.399280705078125 0.449132068359375 0.36074085546875 0.453169056640625 0.339590544921875 0.44557269921875 0.317988693359375 0.394494859375 0.295196517578125 0.36382328515625 0.28663990234375 0.35666594140625 0.2987975234375 0.375497994140625 0.342187017578125 0.400131044921875 0.34928901953125 0.420288037109375 0.35548415234375
1 0.4375 0.291015625 0.013671875 0.01171875
1 0.4130859375 0.29296875 0.013671875 0.01171875
1 0.447265625 0.2734375 0.01171875 0.0078125
1 0.4921875 0.3115234375 0.009765625 0.009765625
1 0.4521484375 0.2578125 0.01953125 0.01171875
1 0.400390625 0.2373046875 0.02734375 0.015625
1 0.556640625 0.4326171875 0.013671875 0.013671875
1 0.5712890625 0.4482421875 0.013671875 0.01171875
1 0.58984375 0.3623046875 0.046875 0.0390625
1 0.5224609375 0.41015625 0.0078125 0.005859375
1 0.669921875 0.443359375 0.01171875 0.013671875
1 0.693359375 0.462890625 0.013671875 0.00390625
1 0.73157946875 0.327661529296875 0.7357342734375 0.3447003046875 0.752578013671875 0.34013101171875 0.7532888828125 0.359361029296875 0.749614384765625 0.375804212890625 0.75463790625 0.38433651953125 0.76158921875 0.385547357421875 0.761929056640625 0.386183150390625 0.78017025 0.34823833984375 0.79080121484375 0.326015572265625 0.780544205078125 0.313905552734375 0.73157946875 0.327661529296875
1 0.6474609375 0.4150390625 0.01171875 0.0078125
0 0.703672798828125 0.446578453125 0.72906090234375 0.445248828125 0.76461369921875 0.42768455078125 0.7725596171875 0.4007996875 0.770793173828125 0.39040695703125 0.756394712890625 0.383978951171875 0.750267798828125 0.3695034921875 0.75082903125 0.34535282421875 0.73482142578125 0.344000978515625 0.7295401953125 0.319004806640625 0.7104178671875 0.31456243359375 0.666877462890625 0.327008126953125 0.6390627734375 0.342208451171875 0.60922460546875 0.370768056640625 0.620103955078125 0.408633498046875 0.652000177734375 0.413129869140625 0.651417318359375 0.4186544375 0.651427716796875 0.443552873046875 0.670323740234375 0.43732466796875 0.703672798828125 0.446578453125
1 0.6806640625 0.2900390625 0.046875 0.0390625
1 0.5595703125 0.2890625 0.013671875 0.01171875
1 0.5634765625 0.3251953125 0.013671875 0.009765625
1 0.5654296875 0.31640625 0.015625 0.009765625
1 0.496057560546875 0.26552726953125 0.496146064453125 0.26815591015625 0.5583568828125 0.26733575390625 0.605152400390625 0.273903955078125 0.617841521484375 0.266407599609375 0.628918130859375 0.2370927578125 0.6172699609375 0.1996531875 0.589334712890625 0.1949771875 0.5520845625 0.20809723828125 0.534199666015625 0.230950322265625 0.502709583984375 0.2432251875 0.495113775390625 0.265090841796875 0.496057560546875 0.26552726953125
1 0.6181640625 0.1875 0.017578125 0.015625
1 0.58203125 0.1474609375 0.009765625 0.009765625
1 0.521484375 0.162109375 0.02734375 0.01953125
1 0.54296875 0.1259765625 0.03515625 0.037109375
1 0.5771484375 0.091796875 0.041015625 0.068359375
1 0.6123046875 0.037109375 0.044921875 0.048828125
1 0.5859375 0.0419921875 0.01171875 0.013671875
1 0.4736328125 0.0595703125 0.02734375 0.015625
1 0.47265625 0.0478515625 0.021484375 0.015625
1 0.4482421875 0.060546875 0.01171875 0.01171875
1 0.4326171875 0.0087890625 0.009765625 0.009765625
1 0.4013671875 0.0283203125 0.013671875 0.01171875
1 0.3955078125 0.0576171875 0.015625 0.0078125
1 0.34765625 0.0830078125 0.013671875 0.013671875
1 0.451171875 0.1220703125 0.02734375 0.017578125
1 0.455078125 0.10546875 0.015625 0.01171875
1 0.46875 0.1337890625 0.01171875 0.009765625
1 0.3759765625 0.19921875 0.017578125 0.01171875
0 0.372265005859375 0.09560008203125 0.352804236328125 0.11146158984375 0.33661343359375 0.14845412109375 0.332495794921875 0.20494243359375 0.363724048828125 0.192172193359375 0.390775701171875 0.197881513671875 0.415414357421875 0.22412786328125 0.424144609375 0.20924782421875 0.4603686875 0.201188154296875 0.49488953125 0.182995421875 0.513563669921875 0.15475953515625 0.471283458984375 0.1346372265625 0.447054892578125 0.126544986328125 0.431078865234375 0.102169990234375 0.372265005859375 0.09560008203125
1 0.4267578125 0.2197265625 0.01953125 0.01953125
0 0.73046875 0.166015625 0.15625 0.13671875
1 0.7890625 0.048828125 0.01171875 0.01171875
1 0.518526953125 0.322312271484375 0.5193933203125 0.340272521484375 0.50939794140625 0.35407837890625 0.513674298828125 0.374144357421875 0.52772572265625 0.37866292578125 0.556006619140625 0.3729516328125 0.571615353515625 0.35577493359375 0.572673890625 0.34809430078125 0.5517096328125 0.3294896328125 0.5354381328125 0.310799607421875 0.520322185546875 0.307098193359375 0.518526953125 0.322312271484375
1 0.654296875 0.7841796875 0.005859375 0.005859375
1 0.62890625 0.8076171875 0.0078125 0.005859375
1 0.6396484375 0.734375 0.005859375 0.005859375
1 0.654296875 0.734375 0.005859375 0.005859375
1 0.3095703125 0.7607421875 0.0078125 0.005859375