0 0.7412109375 0.0712890625 0.138671875 0.083984375
0 0.7001953125 0.236328125 0.193359375 0.166015625
0 0.669921875 0.443359375 0.2421875 0.21484375
1 0.53515625 0.498046875 0.048828125 0.037109375
0 0.5986328125 0.67578125 0.201171875 0.193359375
1 0.5400390625 0.7587890625 0.0390625 0.03125
1 0.5732421875 0.7978515625 0.0234375 0.017578125
0 0.578125 0.912109375 0.18359375 0.17578125
1 0.4794921875 0.9560546875 0.025390625 0.01953125
1 0.3984375 0.8955078125 0.158203125 0.12109375
1 0.365234375 0.80078125 0.025390625 0.025390625
1 0.4306640625 0.787109375 0.015625 0.01171875
1 0.4384765625 0.73828125 0.01171875 0.01171875
1 0.4423828125 0.75 0.013671875 0.009765625
0 0.2734375 0.8291015625 0.171875 0.16796875
1 0.232421875 0.8876953125 0.021484375 0.01953125
1 0.158203125 0.8828125 0.017578125 0.015625
1 0.1953125 0.78515625 0.021484375 0.021484375
1 0.265625 0.7509765625 0.025390625 0.0234375
1 0.2802734375 0.7470703125 0.013671875 0.01171875
1 0.2705078125 0.703125 0.017578125 0.013671875
1 0.33203125 0.7470703125 0.015625 0.015625
1 0.3876953125 0.744140625 0.015625 0.015625
1 0.40625 0.7255859375 0.01171875 0.0078125
1 0.4013671875 0.6767578125 0.009765625 0.0078125
1 0.421875 0.671875 0.021484375 0.015625
1 0.3642578125 0.66796875 0.01171875 0.0078125
1 0.4521484375 0.671875 0.017578125 0.015625
1 0.462890625 0.6171875 0.0234375 0.0234375
0 0.3310546875 0.5830078125 0.20703125 0.16015625
1 0.287109375 0.47265625 0.015625 0.017578125
1 0.3154296875 0.4384765625 0.09765625 0.0625
0 0.3427734375 0.365234375 0.181640625 0.15234375
1 0.46484375 0.4697265625 0.025390625 0.01953125
1 0.4658203125 0.4365234375 0.013671875 0.01171875
1 0.4658203125 0.3974609375 0.013671875 0.01171875
1 0.4892578125 0.3466796875 0.01953125 0.01953125
1 0.51171875 0.30078125 0.01171875 0.013671875
1 0.3544921875 0.2373046875 0.01171875 0.009765625
0 0.390625 0.1513671875 0.1875 0.18359375
1 0.4111328125 0.0927734375 0.015625 0.013671875
1 0.5244140625 0.185546875 0.044921875 0.0390625
1 0.5224609375 0.22265625 0.025390625 0.025390625
1 0.544921875 0.15625 0.013671875 0.017578125
1 0.53125 0.142578125 0.01171875 0.01171875
1 0.5478515625 0.123046875 0.025390625 0.037109375
1 0.5810546875 0.119140625 0.017578125 0.017578125
1 0.55859375 0.08984375 0.01171875 0.013671875
1 0.439453125 0.041015625 0.025390625 0.025390625
1 0.4228515625 0.060546875 0.01171875 0.01171875
1 0.39453125 0.0283203125 0.021484375 0.01953125
1 0.482421875 0.041015625 0.015625 0.017578125
1 0.5693359375 0.0341796875 0.015625 0.013671875
1 0.13671875 0.7421875 0.013671875 0.01171875