0 0.037109375 0.4306640625 0.07421875 0.142578125
1 0.07421875 0.55078125 0.056640625 0.09375
1 0.1240234375 0.54296875 0.05859375 0.095703125
0 0.046875 0.712890625 0.0859375 0.15625
1 0.16796875 0.7802734375 0.01171875 0.013671875
0 0.174457943359375 0.724641908203125 0.16357791796875 0.735621796875 0.1630669140625 0.745376958984375 0.1915257265625 0.7821807421875 0.204549076171875 0.793943779296875 0.222262638671875 0.7988396484375 0.274767515625 0.78590621484375 0.291333556640625 0.75874741796875 0.297916486328125 0.698758107421875 0.2749932734375 0.666106029296875 0.244920689453125 0.64682219140625 0.2095066796875 0.651972869140625 0.1830802734375 0.666858732421875 0.197704638671875 0.70875051953125 0.174457943359375 0.724641908203125
1 0.1630859375 0.6865234375 0.005859375 0.0078125
1 0.3271484375 0.794921875 0.005859375 0.009765625
1 0.326171875 0.84765625 0.0078125 0.0078125
1 0.193359375 0.607421875 0.009765625 0.013671875
1 0.2958984375 0.62890625 0.009765625 0.013671875
1 0.283203125 0.6005859375 0.02734375 0.037109375
1 0.210401234375 0.567705001953125 0.202671638671875 0.580377724609375 0.21625769921875 0.608053205078125 0.227919236328125 0.6357757890625 0.2349862578125 0.641554138671875 0.242017677734375 0.643750818359375 0.24276274609375 0.643495591796875 0.266307505859375 0.619269859375 0.271247109375 0.59164848046875 0.28401249609375 0.579960697265625 0.303992603515625 0.54701676953125 0.31245702734375 0.50857718359375 0.29423740234375 0.5117883515625 0.25611864453125 0.53071502734375 0.24022548828125 0.53407550390625 0.210401234375 0.567705001953125
1 0.171875 0.458984375 0.0078125 0.017578125
0 0.1544679296875 0.424222578125 0.1771872109375 0.44899079296875 0.18514710546875 0.4796467734375 0.201684140625 0.489629025390625 0.244414345703125 0.505913349609375 0.25680655078125 0.503345333984375 0.26809199609375 0.4873931171875 0.276269419921875 0.462988244140625 0.284626361328125 0.424608708984375 0.282554220703125 0.39699493359375 0.27236828125 0.3583849609375 0.25956589453125 0.346414484375 0.24132209375 0.33615137109375 0.1997983984375 0.33052271484375 0.199979083984375 0.3279240546875 0.179874671875 0.3284625859375 0.13977695703125 0.368102 0.14034692578125 0.388252564453125 0.1544679296875 0.424222578125
1 0.408203125 0.5908203125 0.05078125 0.060546875
1 0.365234375 0.5693359375 0.0390625 0.060546875
0 0.507866724609375 0.739494869140625 0.489430609375 0.696490951171875 0.462092548828125 0.67810218359375 0.427607490234375 0.66019488671875 0.405382001953125 0.657339849609375 0.39631361328125 0.66869612890625 0.405793126953125 0.690473794921875 0.42731366796875 0.7025057578125 0.42774396875 0.711143068359375 0.41308801171875 0.7147243984375 0.396539953125 0.72552824609375 0.38372094140625 0.740027396484375 0.381158759765625 0.752243546875 0.41242712890625 0.8008472734375 0.442209654296875 0.811421884765625 0.46483516796875 0.81375627734375 0.49203849609375 0.79503651953125 0.51020525 0.765812552734375 0.507866724609375 0.739494869140625
1 0.4150390625 0.7060546875 0.025390625 0.013671875
1 0.3876953125 0.4755859375 0.005859375 0.009765625
0 0.459355232421875 0.498237216796875 0.4713462421875 0.470937931640625 0.483103564453125 0.43360714453125 0.476434521484375 0.4149282109375 0.468402208984375 0.398607748046875 0.447359828125 0.3728333046875 0.422095712890625 0.35625806640625 0.390247759765625 0.341868400390625 0.377899271484375 0.361550564453125 0.3606975078125 0.397651978515625 0.352859638671875 0.4381138125 0.359168828125 0.44691980078125 0.3906666171875 0.4708868515625 0.411716279296875 0.496581955078125 0.44010725 0.505567181640625 0.459355232421875 0.498237216796875
1 0.4892578125 0.4453125 0.01171875 0.017578125
1 0.529296875 0.609375 0.013671875 0.017578125
1 0.4716796875 0.59375 0.005859375 0.009765625
1 0.4931640625 0.603515625 0.005859375 0.01171875
1 0.5185546875 0.5908203125 0.005859375 0.01171875
1 0.512918337890625 0.550815482421875 0.504037720703125 0.528368146484375 0.485336314453125 0.4991569140625 0.470795349609375 0.491694626953125 0.46392037109375 0.51640386328125 0.4620985234375 0.546164232421875 0.469226064453125 0.581398625 0.47975401171875 0.584403447265625 0.503309951171875 0.561275119140625 0.512918337890625 0.550815482421875
1 0.536341447265625 0.553938330078125 0.552956173828125 0.5469147890625 0.5602036953125 0.514852466796875 0.5595312421875 0.4706652578125 0.5593573203125 0.438364806640625 0.5502601953125 0.437354140625 0.537355982421875 0.44449072265625 0.506689146484375 0.464329525390625 0.48414733203125 0.504577494140625 0.49018824609375 0.52357861328125 0.511085203125 0.535573375 0.536341447265625 0.553938330078125
1 0.583073943359375 0.5132267890625 0.57004203125 0.54394025390625 0.568662251953125 0.57780962109375 0.57043537890625 0.6273186875 0.58162390234375 0.64503689453125 0.596112826171875 0.6451073046875 0.622955318359375 0.62198484375 0.6427158203125 0.59495844921875 0.648710814453125 0.57887598046875 0.62539282421875 0.56425412109375 0.604387525390625 0.535367294921875 0.585156322265625 0.512057615234375 0.583073943359375 0.5132267890625
1 0.556640625 0.6025390625 0.0078125 0.009765625
0 0.698445982421875 0.811906369140625 0.71616301171875 0.77544649609375 0.717864005859375 0.730825216796875 0.706121962890625 0.70652616796875 0.683833876953125 0.66151747265625 0.67084369140625 0.6270976953125 0.622163279296875 0.684344177734375 0.58726818359375 0.696840939453125 0.591422955078125 0.71361984765625 0.584744013671875 0.745439806640625 0.581642287109375 0.76319191796875 0.5960350546875 0.793010689453125 0.6288042578125 0.8218057265625 0.6702694609375 0.82999124609375 0.698445982421875 0.811906369140625
1 0.7255859375 0.6279296875 0.0703125 0.060546875
1 0.6826171875 0.6015625 0.005859375 0.009765625
1 0.6572265625 0.587890625 0.005859375 0.013671875
1 0.76953125 0.73828125 0.0078125 0.01171875
0 0.87330010546875 0.782087162109375 0.876173861328125 0.761261412109375 0.86929144140625 0.697089765625 0.857059427734375 0.687864634765625 0.82827747265625 0.6656967421875 0.8075155625 0.653970708984375 0.79504880078125 0.67429637890625 0.77655791015625 0.725444666015625 0.769673447265625 0.747464033203125 0.77134175 0.767918044921875 0.777613212890625 0.78885738671875 0.792128111328125 0.81129160546875 0.818713642578125 0.821977859375 0.858296380859375 0.80187813671875 0.87330010546875 0.782087162109375
1 0.81291986328125 0.601540908203125 0.804335583984375 0.58573701171875 0.794180244140625 0.57771275 0.764036328125 0.5806835234375 0.758288462890625 0.586886591796875 0.763081224609375 0.61761698046875 0.770944484375 0.62782974609375 0.779957009765625 0.627598126953125 0.80395185546875 0.610877708984375 0.81291986328125 0.601540908203125
1 0.831917498046875 0.668598953125 0.845191326171875 0.646223763671875 0.85387968359375 0.61534832421875 0.833591931640625 0.591550099609375 0.8162835546875 0.591146533203125 0.803715615234375 0.605206646484375 0.799432103515625 0.614105078125 0.79133632421875 0.6268281171875 0.79996626171875 0.65470616015625 0.814641955078125 0.66579625 0.831917498046875 0.668598953125
1 0.849609375 0.638671875 0.013671875 0.021484375
1 0.8701171875 0.62109375 0.0390625 0.068359375
1 0.871271697265625 0.5575189453125 0.866627541015625 0.591211439453125 0.872409 0.623222244140625 0.8740896640625 0.63689067578125 0.895057015625 0.6657560390625 0.908002990234375 0.67216550390625 0.9418354609375 0.652672728515625 0.94734601171875 0.625020689453125 0.9166947578125 0.579493095703125 0.871271697265625 0.5575189453125
1 0.9765625 0.6552734375 0.046875 0.021484375
1 0.962890625 0.7255859375 0.015625 0.013671875
1 0.78515625 0.5068359375 0.033203125 0.05078125
1 0.7236328125 0.501953125 0.033203125 0.044921875
0 0.6171875 0.4453125 0.119140625 0.14453125
0 0.90863503125 0.50063683203125 0.91087625390625 0.4632523203125 0.902643341796875 0.418675005859375 0.877086853515625 0.376339287109375 0.876925232421875 0.374733759765625 0.826345705078125 0.393631796875 0.78658541796875 0.431620109375 0.77338753125 0.451621462890625 0.776777357421875 0.4647758125 0.795276697265625 0.48224140234375 0.812366888671875 0.508610935546875 0.8376780625 0.540496015625 0.87127692578125 0.535357791015625 0.90863503125 0.50063683203125
1 0.98828125 0.7666015625 0.0078125 0.01171875