0 0.935546875 0.681640625 0.125 0.1171875
1 0.9150390625 0.58203125 0.0390625 0.037109375
0 0.73046875 0.69140625 0.12890625 0.140625
0 0.501953125 0.6748046875 0.115234375 0.1484375
0 0.2919921875 0.6552734375 0.134765625 0.158203125
0 0.07421875 0.6494140625 0.1484375 0.146484375
0 0.0830078125 0.3251953125 0.13671875 0.125
0 0.28125 0.349609375 0.119140625 0.1328125
1 0.27734375 0.51171875 0.056640625 0.056640625
1 0.35546875 0.5380859375 0.06640625 0.06640625
1 0.4609375 0.5029296875 0.0546875 0.08984375
1 0.5537109375 0.5419921875 0.015625 0.017578125
0 0.5048828125 0.353515625 0.13671875 0.169921875
1 0.767578125 0.5087890625 0.068359375 0.0859375
0 0.712890625 0.365234375 0.12109375 0.1640625
0 0.9365234375 0.41796875 0.126953125 0.15625
1 0.4287109375 0.55859375 0.009765625 0.013671875
1 0.533203125 0.568359375 0.009765625 0.013671875
1 0.0860404296875 0.52853365625 0.085977236328125 0.55110198828125 0.104962427734375 0.569603306640625 0.114705001953125 0.58566430078125 0.12756396875 0.585947322265625 0.150726935546875 0.571163515625 0.16664886328125 0.5485894921875 0.162473734375 0.504673130859375 0.129919322265625 0.469143107421875 0.1223359375 0.48170626171875 0.119363630859375 0.519871869140625 0.0860404296875 0.52853365625
1 0.1123046875 0.509765625 0.013671875 0.01953125