0 0.5859375 0.9404296875 0.125 0.0908203125
1 0.591796875 0.8701171875 0.025390625 0.015625
0 0.587890625 0.755859375 0.119140625 0.109375
1 0.5634765625 0.59765625 0.0341796875 0.03125
0 0.5859375 0.533203125 0.142578125 0.1123046875
1 0.6162109375 0.6044921875 0.0126953125 0.009765625
0 0.626953125 0.32421875 0.1767578125 0.1220703125
1 0.6162109375 0.4111328125 0.0908203125 0.0498046875
1 0.580078125 0.3916015625 0.015625 0.0126953125
0 0.599609375 0.123046875 0.1591796875 0.150390625
1 0.6181640625 0.0146484375 0.0341796875 0.0283203125
1 0.66015625 0.0078125 0.0185546875 0.015625
1 0.455078125 0.017578125 0.0595703125 0.0205078125
1 0.4453125 0.0830078125 0.0498046875 0.0341796875
1 0.3505859375 0.111328125 0.025390625 0.0341796875
1 0.2880859375 0.173828125 0.0283203125 0.021484375
1 0.4306640625 0.1591796875 0.068359375 0.0341796875
1 0.4833984375 0.1796875 0.0185546875 0.009765625
1 0.4453125 0.2392578125 0.025390625 0.015625
1 0.4697265625 0.23046875 0.0126953125 0.0126953125
1 0.48046875 0.212890625 0.013671875 0.009765625
1 0.4541015625 0.25390625 0.0126953125 0.0126953125
1 0.490234375 0.2734375 0.0185546875 0.025390625
1 0.4404296875 0.2900390625 0.013671875 0.0126953125
0 0.39991181640625 0.1643518515625 0.358327822265625 0.125413359375 0.329192845703125 0.079091228515625 0.27674437890625 0.08707553125 0.260421833984375 0.109099857421875 0.2828913828125 0.154875578125 0.33094445703125 0.179668123046875 0.39496872265625 0.175013951171875 0.39991181640625 0.1643518515625
1 0.3642578125 0.28125 0.015625 0.0126953125
1 0.47265625 0.369140625 0.0341796875 0.017578125
1 0.4755859375 0.30078125 0.03125 0.0341796875
1 0.474609375 0.34375 0.0126953125 0.013671875
1 0.4716796875 0.4443359375 0.03125 0.044921875
1 0.4677734375 0.4111328125 0.025390625 0.017578125
1 0.470703125 0.4853515625 0.015625 0.0185546875
1 0.453125 0.50390625 0.0126953125 0.0107421875
1 0.44140625 0.494140625 0.015625 0.009765625
1 0.4462890625 0.4814453125 0.005859375 0.013671875
1 0.462890625 0.521484375 0.0185546875 0.0185546875
1 0.4765625 0.5419921875 0.025390625 0.021484375
1 0.458984375 0.552734375 0.015625 0.0126953125
1 0.458984375 0.576171875 0.068359375 0.0419921875
1 0.4169921875 0.6142578125 0.041015625 0.044921875
1 0.462890625 0.6083984375 0.033203125 0.0263671875
1 0.4658203125 0.642578125 0.025390625 0.0185546875
1 0.4501953125 0.6572265625 0.03125 0.013671875
1 0.470703125 0.671875 0.0341796875 0.0283203125
0 0.337890625 0.541015625 0.1748046875 0.0908203125
0 0.310546875 0.7529296875 0.15625 0.1015625
1 0.28515625 0.6982421875 0.0126953125 0.0107421875
1 0.4609375 0.78515625 0.0546875 0.0361328125
1 0.466796875 0.8095703125 0.025390625 0.0185546875
1 0.466796875 0.8251953125 0.025390625 0.013671875
1 0.4580078125 0.841796875 0.0126953125 0.015625
1 0.4384765625 0.755859375 0.021484375 0.015625
1 0.4716796875 0.7431640625 0.037109375 0.0341796875
1 0.4697265625 0.720703125 0.015625 0.0126953125
1 0.4619140625 0.7109375 0.0185546875 0.009765625
1 0.4638671875 0.90625 0.041015625 0.0390625
1 0.4658203125 0.9482421875 0.0283203125 0.0126953125
1 0.462890625 0.984375 0.0234375 0.03125
1 0.43359375 0.984375 0.03125 0.03125
0 0.318359375 0.9462890625 0.15625 0.107421875
1 0.37890625 0.8984375 0.025390625 0.0126953125
1 0.9375 0.849609375 0.0341796875 0.03125
0 0.37699273828125 0.385724103515625 0.39850639453125 0.35104967578125 0.3961726328125 0.304284474609375 0.356242076171875 0.29026253515625 0.30973393359375 0.27278258203125 0.272603890625 0.2709470078125 0.251870453125 0.32203827734375 0.2535755625 0.359563595703125 0.300559068359375 0.409388951171875 0.35414427734375 0.40711159765625 0.37699273828125 0.385724103515625