0 0.96875 0.361328125 0.0625 0.119140625
0 0.966796875 0.6044921875 0.0654296875 0.130859375
1 0.94921875 0.4873046875 0.099609375 0.0908203125
1 0.955078125 0.443359375 0.021484375 0.025390625
1 0.9072265625 0.494140625 0.0126953125 0.0126953125
1 0.84765625 0.466796875 0.0107421875 0.0185546875
1 0.8955078125 0.50390625 0.0048828125 0.009765625
1 0.95703125 0.51171875 0.0126953125 0.009765625
0 0.796875 0.626953125 0.1376953125 0.1513671875
1 0.810546875 0.5078125 0.0185546875 0.025390625
1 0.775390625 0.5185546875 0.025390625 0.0283203125
1 0.7568359375 0.517578125 0.0126953125 0.013671875
1 0.759765625 0.498046875 0.0078125 0.0126953125
1 0.728515625 0.5126953125 0.005859375 0.0107421875
1 0.87890625 0.5263671875 0.0048828125 0.009765625
0 0.79296875 0.341796875 0.1220703125 0.150390625
1 0.861328125 0.318359375 0.0078125 0.0107421875
1 0.7021484375 0.392578125 0.0673828125 0.1376953125
1 0.673828125 0.5166015625 0.021484375 0.0234375
0 0.5869140625 0.67578125 0.1376953125 0.166015625
1 0.6201171875 0.533203125 0.0419921875 0.0654296875
1 0.55859375 0.529296875 0.0888671875 0.1220703125
0 0.3837890625 0.67578125 0.146484375 0.2314453125
1 0.486328125 0.6357421875 0.0107421875 0.015625
1 0.48828125 0.611328125 0.005859375 0.0078125
1 0.453125 0.5283203125 0.009765625 0.0107421875
1 0.5126953125 0.52734375 0.005859375 0.005859375
1 0.419921875 0.529296875 0.005859375 0.009765625
1 0.4189453125 0.541015625 0.005859375 0.005859375
1 0.404296875 0.525390625 0.0048828125 0.0078125
1 0.3583984375 0.5263671875 0.005859375 0.0107421875
1 0.34375 0.5234375 0.0126953125 0.0126953125
1 0.3271484375 0.505859375 0.005859375 0.0078125
1 0.3408203125 0.544921875 0.0029296875 0.005859375
1 0.333984375 0.55078125 0.0029296875 0.005859375
1 0.3515625 0.537109375 0.0029296875 0.005859375
1 0.314453125 0.54296875 0.0048828125 0.009765625
1 0.302734375 0.556640625 0.0048828125 0.0126953125
1 0.3408203125 0.48828125 0.0078125 0.015625
1 0.318359375 0.484375 0.005859375 0.009765625
0 0.580078125 0.3671875 0.109375 0.1875
0 0.3759765625 0.3544921875 0.134765625 0.1904296875
1 0.2958984375 0.3720703125 0.0126953125 0.0126953125
1 0.2841796875 0.3525390625 0.0107421875 0.021484375
1 0.265625 0.365234375 0.025390625 0.033203125
1 0.259765625 0.423828125 0.0078125 0.0107421875
1 0.2255859375 0.41796875 0.0126953125 0.0126953125
1 0.26171875 0.3017578125 0.009765625 0.009765625
0 0.15625 0.392578125 0.1279296875 0.1591796875
1 0.1044921875 0.3193359375 0.0107421875 0.0126953125
1 0.08984375 0.365234375 0.009765625 0.015625
1 0.009765625 0.3349609375 0.0126953125 0.015625
0 0.15234375 0.6826171875 0.119140625 0.166015625
1 0.103515625 0.5537109375 0.037109375 0.0439453125
1 0.1513671875 0.5439453125 0.0126953125 0.021484375
1 0.21484375 0.5615234375 0.005859375 0.009765625
1 0.005859375 0.560546875 0.009765625 0.0126953125
1 0.02734375 0.544921875 0.005859375 0.0078125
1 0.1416015625 0.578125 0.0048828125 0.005859375
1 0.1396484375 0.564453125 0.005859375 0.005859375
1 0.69140625 0.541015625 0.09375 0.177734375
1 0.9169921875 0.3134765625 0.0078125 0.009765625
1 0.8984375 0.333984375 0.005859375 0.0078125
1 0.2490234375 0.681640625 0.009765625 0.009765625