1 0.9736328125 0.396484375 0.0205078125 0.0283203125
0 0.9716796875 0.5009765625 0.056640625 0.1044921875
0 0.814453125 0.509765625 0.140625 0.158203125
1 0.837890625 0.599609375 0.009765625 0.0185546875
0 0.5634765625 0.462890625 0.140625 0.189453125
0 0.3544921875 0.47265625 0.1298828125 0.171875
0 0.1611328125 0.4677734375 0.1435546875 0.177734375
1 0.755859375 0.6005859375 0.0185546875 0.017578125
1 0.857421875 0.330078125 0.015625 0.0263671875
1 0.763671875 0.3740234375 0.0126953125 0.0185546875
1 0.521484375 0.61328125 0.009765625 0.015625
1 0.4326171875 0.5888671875 0.009765625 0.0126953125
1 0.328125 0.6318359375 0.015625 0.0234375
1 0.9931640625 0.6767578125 0.013671875 0.013671875
1 0.876953125 0.6689453125 0.015625 0.0185546875
1 0.7451171875 0.6630859375 0.013671875 0.0185546875
0 0.9658203125 0.78125 0.068359375 0.13671875
1 0.9033203125 0.78515625 0.009765625 0.013671875
0 0.787109375 0.7822265625 0.1669921875 0.177734375
1 0.80859375 0.6806640625 0.015625 0.021484375
0 0.578125 0.775390625 0.125 0.1904296875
1 0.3994140625 0.84765625 0.0205078125 0.015625
0 0.337890625 0.791015625 0.115234375 0.171875
0 0.1298828125 0.755859375 0.142578125 0.1748046875
1 0.041015625 0.5888671875 0.015625 0.015625
1 0.1591796875 0.11328125 0.015625 0.025390625
1 0.04296875 0.0791015625 0.025390625 0.03125
1 0.537109375 0.115234375 0.025390625 0.037109375
1 0.66796875 0.119140625 0.013671875 0.0126953125
1 0.9677734375 0.173828125 0.021484375 0.017578125
1 0.4150390625 0.2744140625 0.0107421875 0.015625