0 0.2998046875 0.0185546875 0.0810546875 0.037109375
1 0.3154296875 0.056640625 0.013671875 0.009765625
0 0.2685546875 0.185546875 0.1875 0.119140625
0 0.525390625 0.0439453125 0.130859375 0.087890625
1 0.5419921875 0.08984375 0.009765625 0.009765625
1 0.5341796875 0.142578125 0.1142578125 0.068359375
0 0.501953125 0.216796875 0.134765625 0.0830078125
1 0.541015625 0.265625 0.0126953125 0.005859375
1 0.490234375 0.2734375 0.0126953125 0.015625
1 0.478515625 0.291015625 0.015625 0.009765625
1 0.4072265625 0.2216796875 0.0185546875 0.017578125
1 0.3720703125 0.255859375 0.0341796875 0.046875
1 0.3759765625 0.2958984375 0.0185546875 0.009765625
1 0.2763671875 0.25 0.0078125 0.005859375
1 0.28515625 0.3017578125 0.0126953125 0.009765625
1 0.275390625 0.3193359375 0.0126953125 0.009765625
1 0.29296875 0.365234375 0.009765625 0.005859375
0 0.2109375 0.3876953125 0.1279296875 0.0751953125
1 0.2421875 0.4912109375 0.009765625 0.0048828125
0 0.4501953125 0.37890625 0.1220703125 0.0498046875
1 0.4423828125 0.431640625 0.1064453125 0.0654296875
1 0.44921875 0.4736328125 0.015625 0.009765625
1 0.466796875 0.478515625 0.0185546875 0.013671875
1 0.5234375 0.4462890625 0.0107421875 0.005859375
1 0.525390625 0.4052734375 0.009765625 0.005859375
1 0.5205078125 0.41796875 0.0126953125 0.009765625
1 0.5322265625 0.490234375 0.009765625 0.005859375
1 0.537109375 0.509765625 0.0126953125 0.009765625
1 0.537109375 0.517578125 0.013671875 0.005859375
1 0.51953125 0.525390625 0.0126953125 0.0078125
1 0.5595703125 0.57421875 0.009765625 0.009765625
1 0.529296875 0.6015625 0.005859375 0.005859375
1 0.498046875 0.6181640625 0.0107421875 0.005859375
1 0.509765625 0.638671875 0.009765625 0.005859375
1 0.4755859375 0.6416015625 0.009765625 0.005859375
1 0.390625 0.5732421875 0.009765625 0.0078125
1 0.39453125 0.6376953125 0.0126953125 0.009765625
1 0.2841796875 0.509765625 0.0126953125 0.009765625
1 0.275390625 0.5263671875 0.021484375 0.025390625
0 0.226710375 0.56494205078125 0.24149812890625 0.59968730078125 0.27461503125 0.624218751953125 0.30545988671875 0.625635310546875 0.33450487890625 0.610727080078125 0.338618453125 0.59122128515625 0.33839069140625 0.562376623046875 0.32748736328125 0.5362067578125 0.3192643828125 0.513027287109375 0.317708947265625 0.513665779296875 0.309308201171875 0.511541984375 0.287046021484375 0.532151861328125 0.26989594921875 0.53786808984375 0.239374681640625 0.52669498828125 0.22753253515625 0.5329445078125 0.226710375 0.56494205078125
1 0.521484375 0.681640625 0.0126953125 0.009765625
1 0.5986328125 0.7138671875 0.015625 0.0126953125
1 0.7197265625 0.7607421875 0.1748046875 0.107421875
0 0.5029296875 0.5673828125 0.103515625 0.078125
0 0.515625 0.7744140625 0.138671875 0.1064453125
1 0.46484375 0.67578125 0.0126953125 0.005859375
1 0.5439453125 0.8603515625 0.015625 0.009765625
1 0.490234375 0.8466796875 0.021484375 0.015625
0 0.48828125 0.919921875 0.1435546875 0.109375
1 0.4853515625 0.9814453125 0.080078125 0.037109375
1 0.365234375 0.935546875 0.0126953125 0.0126953125
1 0.3046875 0.990234375 0.025390625 0.0185546875
0 0.224609375 0.9384765625 0.1357421875 0.123046875
0 0.2724609375 0.7646484375 0.099609375 0.0888671875
1 0.4921875 0.517578125 0.0126953125 0.005859375
1 0.365234375 0.4326171875 0.009765625 0.005859375
1 0.2919921875 0.447265625 0.009765625 0.0078125
1 0.244140625 0.4365234375 0.0078125 0.005859375
1 0.634765625 0.228515625 0.021484375 0.015625
1 0.3642578125 0.8583984375 0.0078125 0.005859375
1 0.392578125 0.6923828125 0.013671875 0.0126953125
1 0.3623046875 0.669921875 0.0107421875 0.009765625