0 0.779296875 0.9287109375 0.103515625 0.083984375
1 0.7041015625 0.919921875 0.05859375 0.072265625
1 0.6875 0.9599609375 0.033203125 0.041015625
1 0.677734375 0.8876953125 0.01953125 0.01171875
1 0.6396484375 0.970703125 0.056640625 0.037109375
1 0.5517578125 0.9921875 0.02734375 0.013671875
0 0.523441619140625 1 0.551029701171875 0.961617537109375 0.552433138671875 0.935661439453125 0.545283986328125 0.913631138671875 0.534608556640625 0.907944376953125 0.497384861328125 0.920363833984375 0.47253402734375 0.934980822265625 0.45008884765625 0.95132973828125 0.443337775390625 0.981562005859375 0.449898759765625 1 0.523441619140625 1
1 0.5634765625 0.8798828125 0.056640625 0.052734375
1 0.513671875 0.853515625 0.103515625 0.107421875
1 0.6220703125 0.869140625 0.013671875 0.013671875
1 0.599609375 0.86328125 0.0234375 0.017578125
1 0.6396484375 0.8310546875 0.021484375 0.021484375
1 0.7724609375 0.8193359375 0.017578125 0.015625
0 0.744140625 0.759765625 0.173828125 0.140625
1 0.732421875 0.6943359375 0.017578125 0.017578125
1 0.7734375 0.6669921875 0.01171875 0.01171875
1 0.6064453125 0.783203125 0.14453125 0.09375
1 0.6103515625 0.69140625 0.09375 0.083984375
1 0.521484375 0.72265625 0.10546875 0.06640625
0 0.428268353515625 0.775171919921875 0.432153490234375 0.800918927734375 0.453206302734375 0.812952515625 0.48795989453125 0.810383865234375 0.51699462890625 0.803810505859375 0.527284212890625 0.789166296875 0.53461826953125 0.76652131640625 0.553825603515625 0.7476388359375 0.5355556875 0.746249994140625 0.505336669921875 0.746597103515625 0.473976623046875 0.735750041015625 0.446137560546875 0.72737209375 0.434474513671875 0.747394890625 0.428268353515625 0.775171919921875
1 0.533203125 0.69140625 0.01953125 0.015625
1 0.595703125 0.6103515625 0.0234375 0.013671875
1 0.6748046875 0.6474609375 0.044921875 0.033203125
1 0.7431640625 0.60546875 0.013671875 0.01171875
0 0.6902295078125 0.512166248046875 0.6610546484375 0.525166599609375 0.6366530234375 0.548766642578125 0.62573551171875 0.571261458984375 0.6188277421875 0.605325248046875 0.621406896484375 0.61720576171875 0.654567337890625 0.6206702265625 0.70135240234375 0.624072576171875 0.727324087890625 0.617240302734375 0.7504874609375 0.597572646484375 0.760170916015625 0.59480644921875 0.757145734375 0.564375767578125 0.7505326953125 0.545571017578125 0.723292712890625 0.523930861328125 0.70467105078125 0.5142264453125 0.6902295078125 0.512166248046875
1 0.80078125 0.578125 0.01171875 0.01171875
1 0.5439453125 0.548828125 0.083984375 0.078125
0 0.4541015625 0.603515625 0.169921875 0.109375
1 0.4248046875 0.541015625 0.0390625 0.029296875
1 0.4013671875 0.513671875 0.08984375 0.0546875
1 0.5556640625 0.474609375 0.046875 0.033203125
1 0.5712890625 0.4990234375 0.013671875 0.0078125
1 0.5908203125 0.5400390625 0.009765625 0.0078125
1 0.5712890625 0.4443359375 0.009765625 0.0078125
1 0.5595703125 0.4501953125 0.01171875 0.0078125
1 0.5322265625 0.43359375 0.048828125 0.0390625
0 0.423828125 0.421875 0.1484375 0.125
1 0.5302734375 0.2958984375 0.05078125 0.046875
1 0.4267578125 0.3017578125 0.0234375 0.021484375
1 0.494677732421875 0.30414609375 0.507450212890625 0.28860415625 0.521874509765625 0.27028796875 0.527632328125 0.248988552734375 0.531717455078125 0.222327759765625 0.5287058359375 0.20298673046875 0.5171617890625 0.188511908203125 0.4763461328125 0.20370069921875 0.445952244140625 0.212861078125 0.427355267578125 0.2331151015625 0.423477611328125 0.251229236328125 0.43620994140625 0.274167779296875 0.468619345703125 0.3002779375 0.494677732421875 0.30414609375
0 0.3237050546875 0.17482324609375 0.306310390625 0.193193474609375 0.2803711171875 0.219539849609375 0.291179029296875 0.2533272421875 0.324841236328125 0.288507490234375 0.35102258203125 0.287221205078125 0.3935303671875 0.27650990625 0.42030145703125 0.2664862734375 0.433050763671875 0.24697647265625 0.450547259765625 0.2213610078125 0.4505137734375 0.221070779296875 0.4440866953125 0.189581439453125 0.42367505078125 0.1810617890625 0.383793236328125 0.169595291015625 0.3529383828125 0.16939441015625 0.3237050546875 0.17482324609375
1 0.4072265625 0.16796875 0.021484375 0.017578125
1 0.4931640625 0.171875 0.080078125 0.0546875
1 0.4755859375 0.1982421875 0.01171875 0.01171875
1 0.55859375 0.1826171875 0.01171875 0.009765625
1 0.41015625 0.12890625 0.03515625 0.037109375
0 0.357421875 0.064453125 0.158203125 0.1171875
1 0.4658203125 0.0361328125 0.056640625 0.041015625
1 0.63671875 0.2265625 0.033203125 0.0234375
0 0.68883423828125 0.112757630859375 0.664692599609375 0.104760373046875 0.621199013671875 0.1155262109375 0.599171525390625 0.131217423828125 0.593570986328125 0.170355185546875 0.616075306640625 0.19893670703125 0.626863234375 0.213818208984375 0.660239560546875 0.22455356640625 0.69261707421875 0.2289096875 0.716868818359375 0.22145624609375 0.717326927734375 0.221207416015625 0.72368877734375 0.185216984375 0.722336158203125 0.159133232421875 0.72610048828125 0.1347984765625 0.71767559375 0.126959154296875 0.68883423828125 0.112757630859375
1 0.560546875 0.1416015625 0.06640625 0.072265625
1 0.4755859375 0.1181640625 0.103515625 0.072265625
1 0.5263671875 0.0546875 0.080078125 0.06640625
1 0.5966796875 0.08203125 0.154296875 0.103515625
0 0.61328125 0.025390625 0.17578125 0.05078125
1 0.716796875 0.1162109375 0.01953125 0.01171875
0 0.6875 0.3642578125 0.158203125 0.134765625
1 0.705078125 0.458984375 0.01953125 0.01953125
1 0.7568359375 0.2939453125 0.0234375 0.021484375
1 0.6220703125 0.2900390625 0.01171875 0.0078125
1 0.58203125 0.515625 0.009765625 0.005859375