1 0.041015625 0.1962890625 0.0185546875 0.0205078125
1 0.01953125 0.3154296875 0.0185546875 0.0205078125
1 0.0517578125 0.271484375 0.005859375 0.009765625
1 0.0634765625 0.291015625 0.013671875 0.013671875
1 0.0166015625 0.2529296875 0.0126953125 0.013671875
1 0.046875 0.3369140625 0.013671875 0.0126953125
1 0.0771484375 0.341796875 0.017578125 0.021484375
1 0.1025390625 0.435546875 0.048828125 0.052734375
1 0.0673828125 0.4560546875 0.015625 0.0126953125
1 0.083984375 0.478515625 0.0126953125 0.0126953125
1 0.099609375 0.4619140625 0.009765625 0.009765625
1 0.1083984375 0.4765625 0.015625 0.0126953125
1 0.1396484375 0.478515625 0.009765625 0.009765625
1 0.1708984375 0.4443359375 0.017578125 0.021484375
1 0.146484375 0.4072265625 0.0107421875 0.013671875
1 0.1845703125 0.4609375 0.009765625 0.009765625
1 0.2138671875 0.45703125 0.009765625 0.015625
1 0.2255859375 0.447265625 0.0126953125 0.0185546875
1 0.2421875 0.458984375 0.009765625 0.0107421875
1 0.2490234375 0.47265625 0.015625 0.017578125
1 0.2705078125 0.4580078125 0.015625 0.015625
0 0.185546875 0.513671875 0.0908203125 0.056640625
1 0.009765625 0.5068359375 0.0185546875 0.025390625
0 0.155845359375 0.54240963671875 0.135396322265625 0.539867259765625 0.098084626953125 0.532306435546875 0.0627893515625 0.529706791015625 0.04061663671875 0.561650029296875 0.02615582421875 0.607944818359375 0.031022814453125 0.648235556640625 0.052625869140625 0.67833417578125 0.08103208203125 0.70277988671875 0.123771384765625 0.71868369140625 0.160054525390625 0.719235267578125 0.168684216796875 0.706799166015625 0.182265669921875 0.67415816796875 0.197845458984375 0.62270628515625 0.19863439453125 0.581051673828125 0.179586904296875 0.55986569140625 0.155845359375 0.54240963671875
0 0.37109375 0.6015625 0.1298828125 0.181640625
1 0.318359375 0.4033203125 0.0234375 0.025390625
1 0.2646484375 0.337890625 0.0107421875 0.017578125
1 0.314453125 0.3583984375 0.013671875 0.015625
1 0.232421875 0.306640625 0.0126953125 0.015625
1 0.2470703125 0.32421875 0.009765625 0.0126953125
1 0.201171875 0.263671875 0.0283203125 0.03125
0 0.1427001953125 0.2099292890625 0.11458333203125 0.1739969140625 0.071225767578125 0.2061601796875 0.045485884765625 0.245267892578125 0.05354817578125 0.264438958984375 0.07154902734375 0.3001874765625 0.08136890625 0.32558714453125 0.101924189453125 0.353976779296875 0.135470919921875 0.390260294921875 0.163504142578125 0.368243935546875 0.18485853515625 0.33115264453125 0.203536421875 0.289669837890625 0.18717673828125 0.25844847265625 0.17268993359375 0.244276259765625 0.1427001953125 0.2099292890625
1 0.150390625 0.169921875 0.0654296875 0.0751953125
1 0.1943359375 0.1708984375 0.025390625 0.0283203125
1 0.22265625 0.16015625 0.0205078125 0.025390625
1 0.2509765625 0.2119140625 0.005859375 0.0126953125
1 0.4248046875 0.251953125 0.009765625 0.009765625
0 0.34765625 0.263671875 0.1376953125 0.1796875
1 0.4189453125 0.3212890625 0.005859375 0.0107421875
1 0.4541015625 0.4287109375 0.013671875 0.0205078125
1 0.462890625 0.39453125 0.0048828125 0.009765625
1 0.357421875 0.416015625 0.005859375 0.009765625
1 0.482421875 0.478515625 0.03125 0.060546875
1 0.513671875 0.412109375 0.037109375 0.046875
1 0.533203125 0.458984375 0.025390625 0.03125
1 0.583984375 0.3974609375 0.0263671875 0.041015625
1 0.568359375 0.443359375 0.052734375 0.0595703125
1 0.619140625 0.4482421875 0.0263671875 0.025390625
0 0.623046875 0.607421875 0.125 0.1455078125
1 0.5556640625 0.5947265625 0.005859375 0.0126953125
1 0.7373046875 0.3720703125 0.0361328125 0.037109375
1 0.736328125 0.396484375 0.009765625 0.015625
1 0.7470703125 0.3974609375 0.009765625 0.015625
1 0.7607421875 0.419921875 0.021484375 0.029296875
1 0.749497025390625 0.43172501953125 0.73096268359375 0.40999499609375 0.70606033984375 0.38697946875 0.68333039453125 0.37761773046875 0.672743056640625 0.37962962890625 0.6726492421875 0.38182538671875 0.662955955078125 0.39187584375 0.66539623046875 0.420610591796875 0.6802910703125 0.463683328125 0.695297806640625 0.49480523046875 0.72165708203125 0.5189977578125 0.7362761328125 0.5159444921875 0.7484096953125 0.49495442578125 0.7632220234375 0.4791395390625 0.80013133984375 0.465741947265625 0.79797476171875 0.454716435546875 0.779808892578125 0.44199248828125 0.749497025390625 0.43172501953125
1 0.8310546875 0.451171875 0.0048828125 0.0126953125
1 0.869140625 0.416015625 0.009765625 0.0126953125
1 0.830269142578125 0.440791376953125 0.845109728515625 0.455061546875 0.85324548828125 0.4560396171875 0.86051319140625 0.450606734375 0.86370171484375 0.43503598828125 0.86279296875 0.41666365234375 0.857234248046875 0.406357 0.84782126953125 0.39780605078125 0.84102353515625 0.389494857421875 0.827451353515625 0.3946533203125 0.818757234375 0.40831464453125 0.81890191015625 0.424075279296875 0.830269142578125 0.440791376953125
1 0.8857421875 0.400390625 0.009765625 0.0126953125
1 0.90625 0.408203125 0.0078125 0.0126953125
1 0.9267578125 0.3955078125 0.009765625 0.009765625
1 0.90234375 0.4365234375 0.044921875 0.0498046875
1 0.9365234375 0.4365234375 0.005859375 0.009765625
1 0.98046875 0.4296875 0.009765625 0.0126953125
1 0.9638671875 0.3251953125 0.0107421875 0.009765625
1 0.9208984375 0.2734375 0.025390625 0.0283203125
1 0.9453125 0.21484375 0.015625 0.0205078125
1 0.7470703125 0.2001953125 0.017578125 0.025390625
1 0.7333984375 0.1796875 0.0126953125 0.015625
1 0.73828125 0.2490234375 0.009765625 0.0126953125
1 0.7177734375 0.259765625 0.009765625 0.017578125
1 0.6953125 0.25 0.0126953125 0.015625
1 0.708984375 0.302734375 0.0107421875 0.0107421875
1 0.716796875 0.3125 0.009765625 0.009765625
1 0.69921875 0.1630859375 0.025390625 0.029296875
1 0.6689453125 0.208984375 0.0263671875 0.0390625
1 0.6806640625 0.228515625 0.005859375 0.0107421875
1 0.6650390625 0.2626953125 0.0126953125 0.0185546875
1 0.642578125 0.2802734375 0.005859375 0.0126953125
1 0.544921875 0.2431640625 0.005859375 0.0126953125
1 0.5361328125 0.2080078125 0.0078125 0.009765625
1 0.4912109375 0.220703125 0.009765625 0.0126953125
1 0.4990234375 0.2470703125 0.0078125 0.009765625
1 0.505859375 0.306640625 0.021484375 0.03125
1 0.53341448828125 0.360209900390625 0.54385601953125 0.35280580859375 0.546899865234375 0.317715869140625 0.542490640625 0.27667763671875 0.52059710546875 0.26583146484375 0.497088396484375 0.27282112109375 0.496509693359375 0.274811921875 0.513198287109375 0.293027525390625 0.51783469921875 0.31980010546875 0.52429312109375 0.34543637890625 0.53341448828125 0.360209900390625
1 0.537109375 0.306640625 0.013671875 0.021484375
0 0.635435880859375 0.190289533203125 0.62657448046875 0.170915013671875 0.602845369140625 0.1528169609375 0.58655350390625 0.15903350390625 0.56660969921875 0.168458537109375 0.5471473984375 0.1860502265625 0.532096580078125 0.2189187890625 0.53764173828125 0.25124481640625 0.546284994140625 0.2852617421875 0.555331759765625 0.3154914765625 0.57754290625 0.329541619140625 0.60908791015625 0.331117982421875 0.639139810546875 0.30541238671875 0.639819109375 0.2818000703125 0.639226841796875 0.24000078515625 0.635435880859375 0.190289533203125
0 0.8271484375 0.591796875 0.150390625 0.1533203125
1 0.767578125 0.2666015625 0.013671875 0.0185546875
1 0.787109375 0.2802734375 0.017578125 0.017578125
0 0.83719098046875 0.157405900390625 0.81091873828125 0.149402005859375 0.77635475390625 0.20764762890625 0.77739800390625 0.25681483984375 0.7914688671875 0.28127260546875 0.781871654296875 0.31766613671875 0.7905725546875 0.342973873046875 0.811027244140625 0.345293208984375 0.845768681640625 0.323453173828125 0.8808107734375 0.28930061328125 0.89421929296875 0.2541353203125 0.89694326953125 0.21563193359375 0.883620650390625 0.186160240234375 0.864274767578125 0.168550466796875 0.83719098046875 0.157405900390625
1 0.908203125 0.115234375 0.0263671875 0.037109375
1 0.275390625 0.1298828125 0.0234375 0.0283203125
1 0.4716796875 0.173828125 0.0126953125 0.013671875