0 0.556367849609375 0.883864791015625 0.56772340234375 0.89851662109375 0.5869291328125 0.905455412109375 0.607572580078125 0.91178272265625 0.6106574921875 0.91296612890625 0.641827619140625 0.906971119140625 0.656635802734375 0.892650462890625 0.64948338671875 0.83792340234375 0.64959189453125 0.813725224609375 0.632842640625 0.80549451953125 0.581591193359375 0.804371021484375 0.553983712890625 0.800021701171875 0.523021556640625 0.82990519140625 0.53914840234375 0.8586007578125 0.556367849609375 0.883864791015625
0 0.5964370546875 1 0.61646562890625 0.997904458984375 0.629192587890625 0.98959124609375 0.627314814453125 0.98929398046875 0.60828088671875 0.958622685546875 0.59533088671875 0.95391167578125 0.571533203125 0.96325118359375 0.543104384765625 0.96197509765625 0.547687294921875 0.976945666015625 0.559268904296875 0.990635625 0.56804591015625 1 0.5964370546875 1
0 0.421160232421875 0.81581850390625 0.387123498046875 0.818613849609375 0.37303309765625 0.83264224609375 0.390967744140625 0.851979734375 0.41505628515625 0.863946501953125 0.441873001953125 0.869400267578125 0.450582837890625 0.854506396484375 0.4542031796875 0.832496279296875 0.44988184765625 0.81828187109375 0.4591049375 0.809886791015625 0.45838328125 0.792143322265625 0.44344376953125 0.7995980078125 0.421160232421875 0.81581850390625
1 0.4287746640625 1 0.45286837109375 0.987481658203125 0.46240492578125 0.940049912109375 0.4439863046875 0.919526599609375 0.41942756640625 0.88052351953125 0.38726128515625 0.849469865234375 0.32554322265625 0.84612940234375 0.302584533203125 0.82993732421875 0.216151 0.82791961328125 0.204384025390625 0.851580583984375 0.23152281640625 0.88699518359375 0.266840966796875 0.91350058984375 0.2677021328125 0.94298864453125 0.264577822265625 0.969862197265625 0.23641596484375 0.95286794140625 0.20024009375 0.967371703125 0.188712521484375 0.999338625 0.18790819140625 1 0.19644923828125 1 0.298309703125 1 0.3835634375 1 0.4287746640625 1
1 0.47041549609375 0.97208012890625 0.498677248046875 0.97387566015625 0.48309530859375 0.915944578125 0.485942322265625 0.893580521484375 0.46199156640625 0.877750134765625 0.428364748046875 0.886973224609375 0.439280892578125 0.914125794921875 0.454890390625 0.937608505859375 0.45040716015625 0.95646287890625 0.47041549609375 0.97208012890625
1 0.567265693359375 0.9342060390625 0.545414462890625 0.89583333203125 0.54088644921875 0.92941881640625 0.53334435546875 0.94483584375 0.502693728515625 0.95527188671875 0.501255580078125 0.9736818984375 0.537534791015625 0.982823609375 0.56854194140625 0.9645582734375 0.567265693359375 0.9342060390625
1 0.6346863984375 0.96514601953125 0.679031291015625 0.95294286328125 0.690019771484375 0.91854099609375 0.654472552734375 0.90982426953125 0.60276985546875 0.912024119140625 0.5659894453125 0.901280640625 0.5413721484375 0.872101314453125 0.509848296875 0.85844881640625 0.485634025390625 0.887424044921875 0.4844990078125 0.91642640234375 0.495292865234375 0.94816080859375 0.49578373046875 0.947888248046875 0.51760568359375 0.949150287109375 0.533650931640625 0.94115952734375 0.548192583984375 0.90809591015625 0.566440697265625 0.92079122265625 0.603489791015625 0.951257130859375 0.6346863984375 0.96514601953125
1 0.54536623828125 0.795014880859375 0.594196083984375 0.800038494140625 0.60891858203125 0.77604166796875 0.62452463671875 0.74556542578125 0.6019121328125 0.73651026171875 0.563781416015625 0.71589781640625 0.502750564453125 0.69169301953125 0.452479125 0.6884726875 0.409506931640625 0.69324441015625 0.388284349609375 0.71264390234375 0.38389584765625 0.73791568359375 0.353903150390625 0.770493603515625 0.352733685546875 0.813822751953125 0.3631761875 0.82323314453125 0.390738673828125 0.820848576171875 0.41277591796875 0.8171761328125 0.4410755625 0.80441494140625 0.46510554296875 0.78821123828125 0.50683766015625 0.794494306640625 0.54536623828125 0.795014880859375
1 0.3310546875 0.8291015625 0.0185546875 0.015625
0 0.5912405625 0.739181599609375 0.627652392578125 0.74747462890625 0.64311721484375 0.71382714453125 0.647266314453125 0.6802248671875 0.631202119140625 0.65853251953125 0.60619557421875 0.631816560546875 0.57459938671875 0.627539580078125 0.526275904296875 0.64668976171875 0.519403796875 0.67130275390625 0.52458801953125 0.70710487890625 0.55925340234375 0.72460679296875 0.5912405625 0.739181599609375
1 0.51171875 0.494140625 0.029296875 0.0498046875
0 0.566857501953125 0.48121073046875 0.541925017578125 0.493581814453125 0.5383976796875 0.518438947265625 0.54805996484375 0.55293898828125 0.563988095703125 0.544842302734375 0.593543837890625 0.54856137890625 0.626217689453125 0.546038591796875 0.62969335546875 0.51094292578125 0.62909570703125 0.473892970703125 0.597127494140625 0.46993892578125 0.566857501953125 0.48121073046875
1 0.823133681640625 0.53680374609375 0.858984375 0.548110169921875 0.90208333203125 0.531047453125 0.887852044921875 0.49433774609375 0.848685861328125 0.476039857421875 0.778988232421875 0.488702619140625 0.70953896484375 0.477605974609375 0.66332465234375 0.459346064453125 0.648941455078125 0.42470160546875 0.626494984375 0.400300203125 0.539756943359375 0.418189380859375 0.516495466796875 0.4581995078125 0.5373456796875 0.485630064453125 0.581305458984375 0.471752025390625 0.626690296875 0.474535228515625 0.62162905078125 0.51460684375 0.6237196171875 0.543344908203125 0.56508969921875 0.545012296875 0.52799479296875 0.54144784375 0.48675009765625 0.540794994140625 0.485047744140625 0.585760271484375 0.53375771484375 0.623611111328125 0.56351273046875 0.61893626953125 0.59679783984375 0.5926161015625 0.6310136953125 0.64120551171875 0.67189911328125 0.692563658203125 0.62380401171875 0.740729890625 0.64178723046875 0.76439163671875 0.68305844921875 0.77300528125 0.779538001953125 0.7669885703125 0.844977333984375 0.748312716796875 0.903086419921875 0.73101851953125 0.90097415234375 0.710076677734375 0.88294994140625 0.691538267578125 0.84268180859375 0.67872359765625 0.803877314453125 0.662706162109375 0.78027584765625 0.633318865234375 0.776179109375 0.60313042578125 0.792464794921875 0.565635849609375 0.823133681640625 0.53680374609375
1 0.1396484375 0.650390625 0.1904296875 0.119140625
0 0.298734689453125 0.627905951171875 0.26226128515625 0.661882189453125 0.25906937109375 0.693572998046875 0.27051534765625 0.70808128125 0.2963415078125 0.72221544140625 0.32596390234375 0.72702139453125 0.376157408203125 0.743344908203125 0.376161927734375 0.743327953125 0.38396538671875 0.71936600390625 0.4021146796875 0.698424162109375 0.425868658203125 0.65420419140625 0.4052282265625 0.62527013671875 0.33498655859375 0.614923548828125 0.298734689453125 0.627905951171875
0 0.292781876953125 0.5659496171875 0.34604823828125 0.56141041015625 0.395663037109375 0.53426671875 0.419893240234375 0.4925638828125 0.41782407421875 0.4846643515625 0.396974162109375 0.4631630234375 0.37980143359375 0.4430835859375 0.35344780859375 0.443369546875 0.330613125 0.438053837890625 0.28702648828125 0.456904658203125 0.25590609375 0.50705747265625 0.266725138671875 0.540317111328125 0.292781876953125 0.5659496171875
1 0.4580078125 0.59375 0.009765625 0.009765625
1 0.4599609375 0.5283203125 0.009765625 0.009765625
1 0.3544921875 0.44140625 0.013671875 0.0078125
1 0.330078125 0.4306640625 0.015625 0.0126953125
1 0.349609375 0.4208984375 0.015625 0.0126953125
1 0.345703125 0.4072265625 0.009765625 0.009765625
1 0.3408203125 0.388671875 0.0263671875 0.0107421875
1 0.3251953125 0.412109375 0.0185546875 0.0107421875
1 0.3046875 0.40625 0.017578125 0.0126953125
1 0.3828125 0.5908203125 0.005859375 0.0048828125
1 0.451171875 0.583984375 0.009765625 0.005859375
1 0.515625 0.3779296875 0.0361328125 0.025390625
1 0.5224609375 0.328125 0.0126953125 0.009765625
1 0.45703125 0.408203125 0.076171875 0.052734375
1 0.455078125 0.373046875 0.009765625 0.0048828125
1 0.437964837890625 0.381106529296875 0.45027434765625 0.361625513671875 0.432602451171875 0.34964353515625 0.419365943359375 0.338185 0.40629688671875 0.337927798828125 0.39729616796875 0.346234607421875 0.39663173046875 0.36276684765625 0.4122982578125 0.377713677734375 0.4328663515625 0.38583361328125 0.437964837890625 0.381106529296875
1 0.4384765625 0.3173828125 0.021484375 0.0185546875
1 0.48510105859375 0.2929134921875 0.47467367578125 0.2735761484375 0.460610638671875 0.27609290625 0.449997052734375 0.3020471640625 0.44807473828125 0.322746873046875 0.4301684140625 0.325285734375 0.41905516015625 0.33635947265625 0.4186331875 0.336133416015625 0.422365291015625 0.349483787109375 0.458491404296875 0.350694443359375 0.48246876171875 0.375410919921875 0.49418751171875 0.378247169921875 0.513744212890625 0.3439187890625 0.52227607421875 0.33969405078125 0.500530478515625 0.32595385546875 0.48510105859375 0.2929134921875
0 0.388539255859375 0.286723572265625 0.36638374609375 0.262698326171875 0.34303599609375 0.251242806640625 0.32305196484375 0.26323282421875 0.28999753515625 0.27454869140625 0.254458162109375 0.29552469140625 0.265158822265625 0.349886669921875 0.30161313671875 0.3731674375 0.34990542578125 0.378081396484375 0.39889430078125 0.359875337890625 0.40592448046875 0.33838292578125 0.428617166015625 0.3367352265625 0.41508326953125 0.316244494140625 0.388539255859375 0.286723572265625
1 0.318359375 0.25390625 0.021484375 0.009765625
1 0.310546875 0.240234375 0.017578125 0.015625
1 0.345703125 0.23828125 0.0126953125 0.009765625
1 0.400390625 0.2236328125 0.0439453125 0.025390625
1 0.4267578125 0.2431640625 0.013671875 0.005859375
1 0.4462890625 0.236328125 0.0234375 0.0283203125
1 0.462890625 0.220703125 0.0185546875 0.009765625
1 0.458984375 0.2548828125 0.0126953125 0.0126953125
1 0.494140625 0.2099609375 0.013671875 0.0078125
1 0.357421875 0.19921875 0.0205078125 0.0126953125
1 0.3115234375 0.197265625 0.009765625 0.005859375
1 0.41015625 0.111328125 0.0205078125 0.021484375
0 0.326171875 0.1328125 0.1455078125 0.1123046875
1 0.361328125 0.029296875 0.015625 0.009765625
1 0.2744140625 0.03515625 0.015625 0.0126953125
1 0.3388671875 0.0048828125 0.015625 0.009765625
1 0.5087890625 0.044921875 0.021484375 0.0185546875
1 0.498046875 0.138671875 0.0283203125 0.048828125
1 0.451171875 0.14453125 0.0361328125 0.021484375
1 0.38617353515625 0.04898083984375 0.368693201171875 0.05709273828125 0.398369181640625 0.082156837890625 0.42066802734375 0.1111492890625 0.443952814453125 0.1302525390625 0.462115001953125 0.13489523046875 0.47050754296875 0.13271605078125 0.48393829296875 0.118370025390625 0.506183556640625 0.106789921875 0.5065238125 0.081305861328125 0.501797732421875 0.06286872265625 0.4932471171875 0.0485789609375 0.45048332421875 0.04935257421875 0.42191116796875 0.038398396484375 0.38617353515625 0.04898083984375
1 0.44140625 0.025390625 0.0673828125 0.0498046875
1 0.580078125 0.06640625 0.037109375 0.033203125
1 0.556640625 0.052734375 0.0185546875 0.0126953125
0 0.59375 0.1416015625 0.1591796875 0.119140625
0 0.618840556640625 0.26861094921875 0.56697021875 0.26743194140625 0.51393979296875 0.287031009765625 0.5096169296875 0.305054212890625 0.527057078125 0.326010119140625 0.52281191015625 0.347343791015625 0.52229080859375 0.34722222265625 0.5379171484375 0.38277833984375 0.565902564453125 0.39270069921875 0.591479392578125 0.38972780859375 0.60685790625 0.3784631796875 0.642500427734375 0.32964761328125 0.64440934765625 0.31375687109375 0.63564305859375 0.282726900390625 0.618840556640625 0.26861094921875