0 0.638671875 0.1220703125 0.1123046875 0.0966796875
1 0.830078125 0.099609375 0.0283203125 0.03125
1 0.806640625 0.181640625 0.09375 0.091796875
1 0.720703125 0.1357421875 0.015625 0.015625
1 0.5732421875 0.017578125 0.009765625 0.0078125
1 0.515625 0.1689453125 0.0107421875 0.009765625
1 0.5478515625 0.177734375 0.0185546875 0.017578125
1 0.525390625 0.20703125 0.015625 0.009765625
1 0.5625 0.2138671875 0.0185546875 0.015625
1 0.5458984375 0.220703125 0.015625 0.015625
1 0.5185546875 0.2421875 0.0126953125 0.009765625
1 0.54296875 0.3125 0.025390625 0.021484375
1 0.51953125 0.3173828125 0.0126953125 0.005859375
0 0.330078125 0.115234375 0.1875 0.1435546875
0 0.318359375 0.3486328125 0.197265625 0.130859375
1 0.5537109375 0.3623046875 0.0126953125 0.009765625
1 0.529296875 0.423828125 0.0126953125 0.021484375
1 0.51953125 0.4619140625 0.009765625 0.0126953125
1 0.494140625 0.45703125 0.017578125 0.0205078125
1 0.5390625 0.4775390625 0.0126953125 0.0126953125
1 0.521484375 0.474609375 0.009765625 0.005859375
1 0.498046875 0.4912109375 0.009765625 0.009765625
1 0.494140625 0.5234375 0.0126953125 0.0126953125
0 0.6533203125 0.3330078125 0.1435546875 0.1220703125
1 0.6923828125 0.412109375 0.0126953125 0.009765625
1 0.9853515625 0.2587890625 0.0283203125 0.0341796875
1 0.787109375 0.5087890625 0.0126953125 0.0078125
1 0.7666015625 0.416015625 0.009765625 0.0078125
1 0.5244140625 0.439453125 0.017578125 0.009765625
1 0.4033203125 0.5703125 0.052734375 0.1015625
0 0.3125 0.5576171875 0.130859375 0.0966796875
1 0.505859375 0.6669921875 0.046875 0.0283203125
0 0.6474609375 0.576171875 0.1171875 0.095703125
1 0.544921875 0.6845703125 0.0107421875 0.0107421875
1 0.6494140625 0.69140625 0.0126953125 0.009765625
0 0.623046875 0.7958984375 0.138671875 0.1328125
1 0.720703125 0.7470703125 0.009765625 0.009765625
1 0.6953125 0.810546875 0.015625 0.013671875
1 0.7216796875 0.865234375 0.009765625 0.009765625
1 0.6279296875 0.8779296875 0.015625 0.013671875
1 0.544921875 0.875 0.0185546875 0.015625
1 0.5234375 0.861328125 0.009765625 0.009765625
0 0.375 0.96875 0.162109375 0.0625
0 0.318359375 0.80859375 0.177734375 0.150390625
0 0.6474609375 0.97265625 0.078125 0.0546875
1 0.958984375 0.201171875 0.033203125 0.029296875
1 0.958984375 0.916015625 0.046875 0.037109375
1 0.708984375 0.021484375 0.015625 0.0107421875