1 0.705078125 0.337890625 0.109375 0.0986328125
1 0.6875 0.376953125 0.0107421875 0.009765625
1 0.650390625 0.4072265625 0.015625 0.013671875
1 0.556640625 0.4013671875 0.015625 0.0126953125
1 0.5595703125 0.37109375 0.0185546875 0.015625
1 0.5224609375 0.3623046875 0.0126953125 0.015625
0 0.490234375 0.265625 0.1357421875 0.146484375
1 0.4677734375 0.39453125 0.015625 0.015625
1 0.4189453125 0.3916015625 0.009765625 0.0126953125
1 0.400390625 0.35546875 0.013671875 0.0185546875
1 0.3984375 0.4013671875 0.0126953125 0.017578125
1 0.1826171875 0.2744140625 0.0703125 0.0498046875
1 0.3642578125 0.166015625 0.005859375 0.009765625
1 0.1591796875 0.2470703125 0.0078125 0.0126953125
0 0.048828125 0.2626953125 0.0966796875 0.1845703125
0 0.0517578125 0.564453125 0.103515625 0.1767578125
0 0.24609375 0.564453125 0.1513671875 0.2060546875
0 0.470703125 0.57421875 0.0966796875 0.1279296875
0 0.19936191796875 0.238218958984375 0.21596498828125 0.27131156640625 0.24289430078125 0.316924671875 0.265385380859375 0.3287318359375 0.29950930859375 0.30710278515625 0.31221667578125 0.253066326171875 0.311342591796875 0.229423869140625 0.2881778671875 0.168887041015625 0.25867301953125 0.148156185546875 0.21375265234375 0.18770294921875 0.19936191796875 0.238218958984375