0 0.619140625 0.8984375 0.181640625 0.162109375
0 0.666015625 0.634765625 0.197265625 0.1279296875
1 0.791015625 0.712890625 0.021484375 0.015625
1 0.732421875 0.5390625 0.0185546875 0.015625
1 0.6962890625 0.5146484375 0.0205078125 0.013671875
1 0.7470703125 0.4130859375 0.025390625 0.0234375
0 0.630859375 0.38671875 0.166015625 0.1201171875
1 0.701171875 0.2890625 0.015625 0.0126953125
1 0.751953125 0.2548828125 0.015625 0.009765625
0 0.65234375 0.1513671875 0.173828125 0.1435546875
0 0.322265625 0.1435546875 0.228515625 0.185546875
0 0.328125 0.3720703125 0.177734375 0.1767578125
1 0.359375 0.4755859375 0.0185546875 0.0126953125
0 0.353515625 0.634765625 0.2470703125 0.1689453125
0 0.3154296875 0.869140625 0.1904296875 0.1328125