0 0.8798828125 0.240234375 0.17578125 0.1953125
1 0.724609375 0.3798828125 0.07421875 0.07421875
0 0.64453125 0.2607421875 0.205078125 0.263671875
1 0.5322265625 0.35546875 0.013671875 0.01953125
0 0.4267578125 0.345703125 0.162109375 0.1796875
1 0.4521484375 0.439453125 0.05078125 0.05078125
0 0.208984375 0.3876953125 0.15625 0.19921875
1 0.0458984375 0.3623046875 0.091796875 0.173828125
0 0.0302734375 0.4765625 0.060546875 0.13671875
1 0.0830078125 0.625 0.166015625 0.21484375
1 0.1796875 0.7197265625 0.021484375 0.021484375
1 0.1181640625 0.7646484375 0.0234375 0.029296875
1 0.109375 0.740234375 0.025390625 0.01953125
0 0.080078125 0.7783203125 0.08203125 0.130859375
1 0.2880859375 0.6904296875 0.015625 0.017578125
0 0.4970703125 0.6513671875 0.234375 0.265625
1 0.3896484375 0.517578125 0.017578125 0.015625
1 0.609375 0.48828125 0.013671875 0.015625
1 0.6455078125 0.48046875 0.056640625 0.068359375
1 0.647700974609375 0.56717553125 0.641276595703125 0.57403233203125 0.638129765625 0.58368716796875 0.639314671875 0.595164861328125 0.64425916796875 0.61020781640625 0.661053884765625 0.617450654296875 0.67236784375 0.609963478515625 0.68107137890625 0.59485591796875 0.682036546875 0.5954762578125 0.6732923203125 0.58250545703125 0.664746373046875 0.571484546875 0.66069328125 0.5634035625 0.65419393359375 0.563756859375 0.647700974609375 0.56717553125
0 0.6678429921875 0.566338171875 0.669895173828125 0.595905375 0.66191120703125 0.624379837890625 0.663326322265625 0.660294990234375 0.67183278515625 0.691099572265625 0.716799984375 0.73108865625 0.753447861328125 0.73399196484375 0.78639912890625 0.704994390625 0.809352751953125 0.667370353515625 0.82165953515625 0.6333586015625 0.8098022890625 0.599346890625 0.798026072265625 0.5580143671875 0.7875284921875 0.53958511328125 0.769666068359375 0.52029839453125 0.75339938671875 0.514837396484375 0.715057607421875 0.52302996484375 0.689992494140625 0.524318068359375 0.665317642578125 0.524356498046875 0.6678429921875 0.566338171875
1 0.9599609375 0.4794921875 0.01171875 0.013671875
0 0.92578125 0.556640625 0.1484375 0.1796875
1 0.853515625 0.412109375 0.009765625 0.013671875
1 0.859375 0.43359375 0.01171875 0.01171875
0 0.3104515234375 0.694103533203125 0.28772183203125 0.7016773046875 0.275818828125 0.66910971484375 0.26592432421875 0.638104134765625 0.26295865234375 0.637535560546875 0.23028944921875 0.661656505859375 0.21949938671875 0.684574400390625 0.22323044140625 0.7368605546875 0.24011256640625 0.76137600390625 0.300466736328125 0.773901904296875 0.3288237421875 0.752906509765625 0.325260302734375 0.70805345703125 0.3104515234375 0.694103533203125