0 0.7958984375 0.6845703125 0.17578125 0.197265625
1 0.7275390625 0.505859375 0.142578125 0.15234375
1 0.880859375 0.5234375 0.01171875 0.013671875
1 0.8671875 0.5244140625 0.013671875 0.009765625
0 0.865234375 0.3515625 0.171875 0.22265625
0 0.623046875 0.3486328125 0.1484375 0.19140625
1 0.544921875 0.439453125 0.041015625 0.033203125
1 0.4765625 0.4921875 0.0078125 0.017578125
1 0.4267578125 0.494140625 0.021484375 0.033203125
1 0.43359375 0.462890625 0.01953125 0.017578125
0 0.5712890625 0.666015625 0.1640625 0.185546875
0 0.3505859375 0.62109375 0.1796875 0.251953125
1 0.341796875 0.4755859375 0.01953125 0.017578125
1 0.400390625 0.48046875 0.017578125 0.015625
0 0.34765625 0.2900390625 0.154296875 0.201171875
0 0.12109375 0.2607421875 0.1875 0.232421875
1 0.1728515625 0.4453125 0.03125 0.0390625
1 0.1484375 0.4248046875 0.01953125 0.017578125
1 0.0634765625 0.4482421875 0.0234375 0.03125
0 0.111328125 0.5908203125 0.18359375 0.240234375