1 0.8974609375 0.3681640625 0.015625 0.015625
1 0.9814453125 0.5478515625 0.037109375 0.064453125
1 0.9501953125 0.5361328125 0.029296875 0.03515625
1 0.861328125 0.4404296875 0.009765625 0.013671875
0 1 0.420553529296875 0.97957385546875 0.38337591015625 0.950013720703125 0.3834595390625 0.919413458984375 0.38975100390625 0.891833912109375 0.40905849609375 0.869824857421875 0.428657029296875 0.8771028125 0.45109628125 0.87465209375 0.4713741875 0.88146370703125 0.5195265625 0.897097568359375 0.52143691015625 0.937041130859375 0.52318644140625 0.95633436328125 0.5224668203125 0.96987234765625 0.51029443359375 0.98924826953125 0.483111203125 0.999232806640625 0.4450406796875 1 0.425724927734375 1 0.420553529296875
0 0.991594484375 0.749430017578125 0.994075158203125 0.678392830078125 0.992486095703125 0.658010044921875 0.9744251484375 0.622094298828125 0.96524892578125 0.615072486328125 0.94797303125 0.649353728515625 0.9241134375 0.6531035234375 0.91368487109375 0.67326448828125 0.897115427734375 0.7005035 0.8833480234375 0.722639712890625 0.88203819140625 0.746131412109375 0.914628783203125 0.76375933984375 0.98846643359375 0.77076034765625 0.991594484375 0.749430017578125
1 0.93170597265625 0.621115216796875 0.9057096171875 0.626358671875 0.895093154296875 0.646977529296875 0.90034823828125 0.673556361328125 0.90780351171875 0.675890453125 0.911804421875 0.667236953125 0.909926130859375 0.653892873046875 0.928033005859375 0.654370765625 0.945109400390625 0.65248920703125 0.951225193359375 0.64351266796875 0.93170597265625 0.621115216796875
1 0.8720703125 0.6591796875 0.021484375 0.025390625
1 0.829370794921875 0.55658987109375 0.81637842578125 0.55217928125 0.80831883984375 0.563108609375 0.806300671875 0.5888773203125 0.791307314453125 0.598680248046875 0.7981981328125 0.609949494140625 0.815496212890625 0.619078955078125 0.819878248046875 0.640344619140625 0.837696466796875 0.644943033203125 0.86820857421875 0.641331451171875 0.86829468359375 0.6422597421875 0.86924205078125 0.634769916015625 0.864284587890625 0.60951400390625 0.847756080078125 0.58503143359375 0.829370794921875 0.55658987109375
1 0.9033203125 0.5986328125 0.005859375 0.009765625
1 0.951171875 0.576171875 0.009765625 0.013671875
1 0.9140625 0.5791015625 0.005859375 0.009765625
1 0.8051170390625 0.589115865234375 0.806248017578125 0.573854998046875 0.7732269921875 0.574097646484375 0.733176779296875 0.5762313046875 0.732451998046875 0.617480658203125 0.75609512890625 0.6290236640625 0.7921496171875 0.6351878046875 0.815395568359375 0.635999572265625 0.817290013671875 0.6280023671875 0.815781951171875 0.61942068359375 0.799150017578125 0.609947748046875 0.791936494140625 0.59670085546875 0.8051170390625 0.589115865234375
1 0.7998046875 0.5322265625 0.03515625 0.03515625
1 0.720703125 0.623046875 0.009765625 0.005859375
1 0.756555359375 0.5175182890625 0.741100330078125 0.49665129296875 0.73131883203125 0.48115653125 0.71611601953125 0.5122179921875 0.702859724609375 0.54731155078125 0.70817398828125 0.551805068359375 0.72121321875 0.575005263671875 0.71367830078125 0.589616650390625 0.718825400390625 0.600969767578125 0.7316022265625 0.600489453125 0.732568828125 0.586152958984375 0.734969408203125 0.572492642578125 0.75036824609375 0.551285603515625 0.77578403125 0.528778056640625 0.777085115234375 0.525305724609375 0.772530716796875 0.520842361328125 0.756555359375 0.5175182890625
1 0.6953125 0.5830078125 0.044921875 0.04296875
1 0.685710861328125 0.47501706640625 0.695648486328125 0.495523705078125 0.684549673828125 0.509875525390625 0.661195080078125 0.541085408203125 0.66950390625 0.562686041015625 0.683236716796875 0.55244823046875 0.69919897265625 0.53956550390625 0.711992806640625 0.51841467578125 0.72917766796875 0.488554001953125 0.739933095703125 0.490979208984375 0.757154064453125 0.51553059375 0.7713818984375 0.50935743359375 0.769691697265625 0.47847571875 0.794898953125 0.472743873046875 0.81954831640625 0.442906212890625 0.8080189140625 0.41966102734375 0.78456298828125 0.416670466796875 0.77626513671875 0.426183642578125 0.7655415234375 0.4431084765625 0.758086599609375 0.473954333984375 0.7487659921875 0.476197208984375 0.735487697265625 0.468004322265625 0.720338626953125 0.448454505859375 0.7115789609375 0.427716365234375 0.73033215234375 0.416733412109375 0.733105896484375 0.388138025390625 0.71685365234375 0.37528001171875 0.7094238671875 0.425900318359375 0.696294271484375 0.430938033203125 0.679917140625 0.421863654296875 0.657728 0.419362478515625 0.6453802109375 0.431756177734375 0.644142111328125 0.440368630859375 0.654115337890625 0.458560287109375 0.66462680859375 0.470251529296875 0.685710861328125 0.47501706640625
0 0.7493630625 0.475240900390625 0.757734583984375 0.4740337265625 0.760248482421875 0.451272908203125 0.763785552734375 0.435278150390625 0.757887189453125 0.428286357421875 0.742712935546875 0.42881203125 0.722811728515625 0.426447453125 0.712506388671875 0.426394 0.713747337890625 0.439619314453125 0.726933587890625 0.4477534921875 0.732029822265625 0.45991551171875 0.7435264765625 0.472413232421875 0.7493630625 0.475240900390625
1 0.681640625 0.4169921875 0.009765625 0.009765625
1 0.6416015625 0.451171875 0.013671875 0.015625
1 0.6396484375 0.5966796875 0.0546875 0.0859375
1 0.59375 0.5810546875 0.009765625 0.01171875
1 0.5859375 0.5634765625 0.0078125 0.013671875
0 0.7529296875 0.6865234375 0.08203125 0.111328125
1 0.7978515625 0.7158203125 0.009765625 0.005859375
1 0.685546875 0.6943359375 0.005859375 0.005859375
1 0.62109375 0.6533203125 0.01953125 0.013671875
0 0.6043388046875 0.63063308203125 0.592143064453125 0.616338796875 0.5782051953125 0.61260212109375 0.553842408203125 0.629232828125 0.546519232421875 0.642962515625 0.541705423828125 0.67067115625 0.547829521484375 0.7133793125 0.55989266796875 0.747093900390625 0.571939181640625 0.755038689453125 0.59172504296875 0.756068615234375 0.62618428515625 0.74816750390625 0.64296769140625 0.724310171875 0.648194076171875 0.703545314453125 0.641647341796875 0.67371726171875 0.6352221796875 0.656445708984375 0.624308701171875 0.658313271484375 0.611994333984375 0.658634810546875 0.6043388046875 0.63063308203125
1 0.52734375 0.6748046875 0.0390625 0.083984375
1 0.5302734375 0.5927734375 0.01171875 0.017578125
1 0.517578125 0.59375 0.013671875 0.01953125
1 0.5592905390625 0.599630625 0.574808720703125 0.592183966796875 0.57358851953125 0.592433296875 0.572987509765625 0.587931859375 0.559410548828125 0.5755701953125 0.5592905390625 0.599630625
1 0.555157072265625 0.555260845703125 0.56183232421875 0.574154044921875 0.568657888671875 0.579700416015625 0.580221947265625 0.594335759765625 0.587389458984375 0.593717470703125 0.588739408203125 0.581643029296875 0.58086617578125 0.55824323046875 0.570368708984375 0.54690232421875 0.555498205078125 0.555674478515625 0.555157072265625 0.555260845703125
1 0.544611431640625 0.5332515546875 0.539665728515625 0.552482064453125 0.5353628046875 0.5792410390625 0.54516180859375 0.592990796875 0.544853435546875 0.59552546484375 0.5561653671875 0.5858231875 0.558789212890625 0.575718595703125 0.559478265625 0.5675164375 0.55590468359375 0.555305048828125 0.56760228515625 0.53847092578125 0.582660669921875 0.521131677734375 0.576224591796875 0.505882822265625 0.570115498046875 0.49329215625 0.565593927734375 0.482033265625 0.54685810546875 0.477853990234375 0.533777466796875 0.470115568359375 0.54204999609375 0.457752068359375 0.530688787109375 0.448060263671875 0.512687662109375 0.496528400390625 0.500042138671875 0.51641169140625 0.510093794921875 0.52784921875 0.531954330078125 0.52755703515625 0.544611431640625 0.5332515546875
1 0.59072474609375 0.48773994140625 0.60029187890625 0.498206314453125 0.61378772265625 0.48439058984375 0.618266892578125 0.452895537109375 0.600543419921875 0.4452471171875 0.582667548828125 0.46818323828125 0.59072474609375 0.48773994140625
0 0.5981419140625 0.44926973046875 0.58635233984375 0.41694478125 0.585383984375 0.416200416015625 0.55740180078125 0.431440455078125 0.551065490234375 0.443804013671875 0.538168978515625 0.464138166015625 0.54601679296875 0.481089041015625 0.56379366015625 0.48259650390625 0.57452423046875 0.5041550390625 0.58625190234375 0.481718388671875 0.58693015234375 0.4655863984375 0.5981419140625 0.44926973046875
1 0.6025390625 0.4326171875 0.005859375 0.0078125
1 0.5283203125 0.44140625 0.005859375 0.01171875
1 0.5419921875 0.408203125 0.037109375 0.052734375
1 0.4814453125 0.4326171875 0.029296875 0.025390625
1 0.4931640625 0.4501953125 0.005859375 0.009765625
1 0.484375 0.4482421875 0.005859375 0.009765625
1 0.478515625 0.4580078125 0.00390625 0.0078125
1 0.4658203125 0.5673828125 0.005859375 0.005859375
1 0.4541015625 0.5703125 0.009765625 0.009765625
1 0.4384765625 0.607421875 0.005859375 0.005859375
1 0.470703125 0.6728515625 0.0078125 0.005859375
1 0.4130859375 0.5498046875 0.072265625 0.1015625
1 0.345703125 0.46484375 0.017578125 0.021484375
0 0.449804359375 0.4832507734375 0.463142681640625 0.462338517578125 0.464281298828125 0.429732767578125 0.46945021875 0.3910260078125 0.45255737109375 0.376588203125 0.402428865234375 0.352138666015625 0.387314048828125 0.35593687890625 0.35790281640625 0.379712732421875 0.3426439375 0.390849076171875 0.34662168359375 0.40617735546875 0.355595265625 0.439522271484375 0.35881956640625 0.475027279296875 0.369409421875 0.488541666015625 0.3894890234375 0.500773322265625 0.389572935546875 0.50088362109375 0.41788423828125 0.4915312890625 0.449804359375 0.4832507734375
1 0.3076171875 0.4677734375 0.01953125 0.021484375
1 0.298828125 0.4384765625 0.01953125 0.021484375
1 0.35300396875 0.52126693359375 0.3500356328125 0.50353824609375 0.328184201171875 0.48838683203125 0.303975984375 0.47716911328125 0.304114271484375 0.477691474609375 0.3011157265625 0.49199682421875 0.30600444921875 0.523470369140625 0.31688289453125 0.539783955078125 0.327141009765625 0.56766907421875 0.332334373046875 0.56181497265625 0.338519091796875 0.5428328125 0.35300396875 0.52126693359375
1 0.339997427734375 0.54317155078125 0.33363448046875 0.565469822265625 0.30985451171875 0.584661494140625 0.29276109375 0.581460029296875 0.294852080078125 0.596537849609375 0.32004437109375 0.625512677734375 0.330214291015625 0.636206388671875 0.345627501953125 0.6217905 0.368634103515625 0.615391890625 0.403662697265625 0.623029373046875 0.404879443359375 0.61217836328125 0.38394197265625 0.596737970703125 0.374770599609375 0.58709006640625 0.3618624296875 0.55682030859375 0.339997427734375 0.54317155078125
1 0.3916015625 0.6357421875 0.005859375 0.0078125
1 0.3359375 0.7451171875 0.015625 0.02734375
0 0.337863640625 0.706150890625 0.347928255859375 0.738877642578125 0.359274896484375 0.74582566015625 0.3833530703125 0.75356449609375 0.404693017578125 0.7370888046875 0.428868322265625 0.702275212890625 0.436668451171875 0.68110562109375 0.42147783984375 0.658444341796875 0.406119080078125 0.6347686640625 0.39507766015625 0.644005076171875 0.383182724609375 0.644881716796875 0.368505193359375 0.62789259765625 0.3546118984375 0.62979724609375 0.3425536484375 0.66763369921875 0.337863640625 0.706150890625
1 0.306640625 0.6982421875 0.013671875 0.013671875
1 0.2958984375 0.56640625 0.044921875 0.048828125
1 0.2890625 0.5986328125 0.0078125 0.015625
1 0.2568359375 0.6796875 0.009765625 0.009765625
1 0.244140625 0.6923828125 0.009765625 0.009765625
1 0.2353515625 0.712890625 0.015625 0.013671875
1 0.2294921875 0.7001953125 0.005859375 0.005859375
1 0.225108431640625 0.660661265625 0.237702728515625 0.64216712890625 0.2374166796875 0.641108806640625 0.23148984765625 0.627677634765625 0.211006357421875 0.627011796875 0.188716919921875 0.633367890625 0.192579791015625 0.63910877734375 0.203398669921875 0.642541103515625 0.205170943359375 0.655034609375 0.2148436875 0.6630726328125 0.225108431640625 0.660661265625
0 0.184950224609375 0.638760314453125 0.156051935546875 0.644634697265625 0.133596587890625 0.653513541015625 0.1207593125 0.668990513671875 0.140493333984375 0.7005493828125 0.150554859375 0.723570798828125 0.163132048828125 0.73349687890625 0.188557724609375 0.746979240234375 0.2064909765625 0.744915283203125 0.2277568984375 0.730922123046875 0.22930303515625 0.714136431640625 0.219202775390625 0.667817498046875 0.21175326953125 0.663038302734375 0.202787966796875 0.654096080078125 0.196923599609375 0.639342498046875 0.184950224609375 0.638760314453125
1 0.0784709921875 0.77332789453125 0.082941798828125 0.77759411328125 0.118975533203125 0.762951306640625 0.140254380859375 0.752293001953125 0.148431001953125 0.73179402734375 0.1489372109375 0.7181013359375 0.12747570703125 0.689788796875 0.118218369140625 0.654801755859375 0.111433427734375 0.649802083984375 0.102650435546875 0.68634387109375 0.0904738828125 0.70103685546875 0.079676109375 0.712778958984375 0.077010109375 0.730127521484375 0.079174544921875 0.753180791015625 0.0784709921875 0.77332789453125
1 0.1357421875 0.7685546875 0.0078125 0.009765625
1 0.0771484375 0.7392578125 0.0078125 0.009765625
1 0.076171875 0.705078125 0.013671875 0.01953125
1 0.01953125 0.7548828125 0.005859375 0.009765625
1 0.215027291015625 0.510597798828125 0.213798525390625 0.52990261328125 0.22519493359375 0.558381205078125 0.2369582265625 0.57459178515625 0.26235878125 0.587653451171875 0.26907158203125 0.57720427734375 0.2736504609375 0.556145375 0.296478580078125 0.538823529296875 0.297411208984375 0.533876798828125 0.277445958984375 0.515805490234375 0.253253658203125 0.48856052734375 0.234239509765625 0.497352048828125 0.215027291015625 0.510597798828125
1 0.2607421875 0.46484375 0.005859375 0.01953125
1 0.283203125 0.4541015625 0.013671875 0.021484375
1 0.2685546875 0.447265625 0.005859375 0.005859375
1 0.25 0.4453125 0.005859375 0.005859375
1 0.225789861328125 0.597179458984375 0.228808 0.556455345703125 0.22367680859375 0.53265065625 0.215956861328125 0.521467583984375 0.18736639453125 0.5496977421875 0.171723287109375 0.55512540234375 0.164205376953125 0.56839469921875 0.17375851171875 0.585195216796875 0.193181392578125 0.612216931640625 0.214276603515625 0.61927978125 0.225789861328125 0.597179458984375
1 0.186064125 0.53978297265625 0.161283935546875 0.54022894921875 0.14787101953125 0.543197501953125 0.125945728515625 0.555008234375 0.125459294921875 0.566502408203125 0.13294036328125 0.56690600390625 0.150846251953125 0.564304259765625 0.165123484375 0.559436908203125 0.184019267578125 0.541157998046875 0.186064125 0.53978297265625
1 0.1591796875 0.576171875 0.025390625 0.01953125
1 0.1337890625 0.5908203125 0.03515625 0.064453125
1 0.068359375 0.58203125 0.09375 0.091796875
1 0.01171875 0.5625 0.0234375 0.05078125
0 0 0.7116010703125 0.008311666015625 0.712734576171875 0.041688580078125 0.7104619765625 0.055055181640625 0.701720544921875 0.068572873046875 0.6887041953125 0.076349859375 0.655164912109375 0.082124970703125 0.62902433984375 0.081820359375 0.626528583984375 0.06733287890625 0.625265072265625 0.044441630859375 0.621494408203125 0.0225519765625 0.620884419921875 0 0.618863798828125 0 0.7116010703125
0 0.0007736953125 0.474117234375 0.0298939921875 0.489867505859375 0.047383470703125 0.476079048828125 0.0656247109375 0.4489502890625 0.06993818359375 0.422252001953125 0.076864005859375 0.39059749609375 0.064569462890625 0.381619841796875 0.021378833984375 0.37514980078125 0.003677732421875 0.385955966796875 0.00352836328125 0.39023335546875 0.001640119140625 0.44430557421875 0.0007736953125 0.474117234375
1 0.037109375 0.50390625 0.04296875 0.03125
1 0.1015625 0.4501953125 0.013671875 0.013671875
1 0.1162109375 0.4365234375 0.021484375 0.017578125
1 0.1611328125 0.427734375 0.0078125 0.013671875
1 0.1513671875 0.4345703125 0.0078125 0.01953125
0 0.225490248046875 0.496965689453125 0.236095505859375 0.481590525390625 0.250329146484375 0.451906669921875 0.249370779296875 0.419240958984375 0.241517548828125 0.3953979140625 0.207248490234375 0.3814004453125 0.178883501953125 0.380242232421875 0.159023775390625 0.3978577578125 0.16645177734375 0.42605300390625 0.161360515625 0.461862365234375 0.16202677734375 0.49592329296875 0.179419529296875 0.506849931640625 0.205340546875 0.5071579609375 0.225490248046875 0.496965689453125
1 0.1708984375 0.419921875 0.009765625 0.009765625
1 0.9951171875 0.1171875 0.009765625 0.015625