1 0.107421875 0.296875 0.21484375 0.375
1 0.2001953125 0.3505859375 0.12109375 0.111328125
1 0.0595703125 0.529296875 0.013671875 0.02734375
1 0.2861328125 0.357421875 0.021484375 0.029296875
1 0.291015625 0.3095703125 0.01953125 0.029296875
1 0.2626953125 0.291015625 0.015625 0.013671875
1 0.2607421875 0.32421875 0.017578125 0.021484375
1 0.376953125 0.365234375 0.013671875 0.025390625
1 0.228515625 0.482421875 0.015625 0.021484375
1 0.283203125 0.4873046875 0.015625 0.01953125
1 0.240234375 0.5595703125 0.021484375 0.01953125
1 0.2646484375 0.568359375 0.025390625 0.033203125
1 0.2470703125 0.6484375 0.115234375 0.14453125
1 0.2958984375 0.7919921875 0.060546875 0.05078125
1 0.2548828125 0.912109375 0.05078125 0.05078125
1 0.3779296875 0.6220703125 0.025390625 0.029296875
1 0.367020955078125 0.545287822265625 0.307513296875 0.52263316015625 0.29903667578125 0.524759939453125 0.30018383984375 0.548780576171875 0.30367627734375 0.588205990234375 0.307371318359375 0.624377267578125 0.3246041953125 0.639320751953125 0.353966296875 0.62734145703125 0.37703894921875 0.6061571015625 0.398115197265625 0.625344494140625 0.422516275390625 0.60830817578125 0.41172628515625 0.569675455078125 0.367020955078125 0.545287822265625
0 0.385941755859375 0.63936966015625 0.3645853984375 0.65640171875 0.357697140625 0.683258201171875 0.357713603515625 0.715432599609375 0.364129150390625 0.733894904296875 0.391388759765625 0.74399310546875 0.414918607421875 0.743700908203125 0.42685222265625 0.723070546875 0.43419268359375 0.682573771484375 0.434504798828125 0.645740193359375 0.403248052734375 0.621076259765625 0.385941755859375 0.63936966015625
1 0.5068359375 0.4873046875 0.07421875 0.0625
1 0.5205078125 0.5224609375 0.013671875 0.025390625
1 0.5283203125 0.3857421875 0.048828125 0.07421875
1 0.4990234375 0.40625 0.01171875 0.02734375
1 0.5126953125 0.431640625 0.021484375 0.02734375
0 0.464105115234375 0.47752852734375 0.49040907421875 0.437394392578125 0.48835809765625 0.39244589453125 0.47113043359375 0.35684153515625 0.427546388671875 0.33070160546875 0.400418064453125 0.357392146484375 0.39690333203125 0.39516744921875 0.409709828125 0.419237349609375 0.43073855078125 0.452394828125 0.464105115234375 0.47752852734375
1 0.4384765625 0.32421875 0.015625 0.017578125
1 0.470703125 0.2890625 0.03125 0.0390625
1 0.4921875 0.30859375 0.013671875 0.021484375
1 0.5 0.326171875 0.01171875 0.013671875
1 0.32421875 0.322265625 0.013671875 0.013671875
1 0.353515625 0.3916015625 0.009765625 0.015625
1 0.548828125 0.310546875 0.037109375 0.04296875
1 0.5673828125 0.392578125 0.01171875 0.013671875
1 0.5517578125 0.4921875 0.0078125 0.021484375
1 0.5537109375 0.5234375 0.013671875 0.013671875
1 0.4775390625 0.583984375 0.009765625 0.013671875
1 0.607421875 0.36328125 0.017578125 0.029296875
1 0.6240234375 0.330078125 0.02734375 0.03515625
1 0.6552734375 0.3388671875 0.029296875 0.03125
1 0.689453125 0.3505859375 0.01953125 0.021484375
1 0.6904296875 0.375 0.025390625 0.029296875
1 0.609375 0.2685546875 0.033203125 0.048828125
1 0.638671875 0.2890625 0.03125 0.056640625
1 0.6748046875 0.2568359375 0.052734375 0.1328125
1 0.70703125 0.2861328125 0.021484375 0.052734375
0 0.680786634765625 0.38175575390625 0.67844744921875 0.355294830078125 0.63836078125 0.345768076171875 0.624929900390625 0.3693741328125 0.600878845703125 0.394696345703125 0.5710503203125 0.420377763671875 0.571278578125 0.43763478125 0.62191383984375 0.464724658203125 0.670011326171875 0.488788412109375 0.68574423046875 0.450086634765625 0.680786634765625 0.38175575390625
1 0.7177734375 0.376953125 0.01171875 0.013671875
1 0.751953125 0.35546875 0.013671875 0.0234375
1 0.7431640625 0.3857421875 0.013671875 0.025390625
1 0.7548828125 0.431640625 0.01171875 0.01953125
1 0.7421875 0.4560546875 0.015625 0.021484375
1 0.716796875 0.4345703125 0.01171875 0.01953125
1 0.8037109375 0.279296875 0.02734375 0.037109375
1 0.796875 0.3291015625 0.009765625 0.015625
1 0.78515625 0.3603515625 0.01171875 0.015625
1 0.8115234375 0.408203125 0.01953125 0.017578125
1 0.9228515625 0.2919921875 0.017578125 0.021484375
1 0.87890625 0.35546875 0.02734375 0.03125
1 0.9033203125 0.3740234375 0.02734375 0.015625
1 0.7744140625 0.572265625 0.068359375 0.087890625
1 0.6572265625 0.681640625 0.013671875 0.013671875
1 0.7314453125 0.703125 0.015625 0.021484375
1 0.96875 0.4619140625 0.013671875 0.0234375
1 0.994140625 0.3662109375 0.01171875 0.021484375
1 0.9462890625 0.369140625 0.01171875 0.029296875
1 0.8330078125 0.537109375 0.013671875 0.009765625
0 0.9179296875 0.38106963671875 0.869719626953125 0.370334328125 0.850488193359375 0.413053783203125 0.8405418828125 0.463269337890625 0.8528153125 0.506361126953125 0.891018291015625 0.49922650390625 0.9299975625 0.466320818359375 0.944752634765625 0.4193474140625 0.9179296875 0.38106963671875
1 0.4404296875 0.677734375 0.009765625 0.01171875
0 0.643256083984375 0.834405810546875 0.68010446875 0.80340415625 0.693456798828125 0.733575388671875 0.6891726875 0.671328013671875 0.67611550390625 0.674246859375 0.65092280859375 0.690547294921875 0.6506111953125 0.68923655078125 0.64967550390625 0.685522947265625 0.6364947734375 0.666394125 0.6136497265625 0.6646297578125 0.575644935546875 0.711031029296875 0.57169949609375 0.740974025390625 0.580596724609375 0.787193044921875 0.608755328125 0.832931091796875 0.643256083984375 0.834405810546875
0 0.8740234375 0.7666015625 0.134765625 0.150390625
1 0.806640625 0.7744140625 0.015625 0.015625
1 0.92578125 0.53515625 0.01171875 0.013671875