1 0.337890625 0.8662109375 0.0234375 0.025390625
0 0.387606642578125 0.773512724609375 0.37247182421875 0.74471751171875 0.33212495703125 0.72644115625 0.28680793359375 0.71355412109375 0.26207966015625 0.72530789453125 0.244444947265625 0.75890221484375 0.229104267578125 0.796929259765625 0.246603326171875 0.8273909609375 0.254282306640625 0.832025380859375 0.274893705078125 0.83303869921875 0.3112026640625 0.840826806640625 0.3590641953125 0.847979349609375 0.39342694921875 0.856738654296875 0.3884327578125 0.836672951171875 0.404341775390625 0.82113471875 0.416321935546875 0.807855953125 0.387606642578125 0.773512724609375
1 0.353515625 0.9501953125 0.044921875 0.0546875
1 0.3896484375 0.943359375 0.041015625 0.0546875
0 0.59439518359375 1 0.5944435234375 0.991522716796875 0.56943059375 0.9663366484375 0.530037173828125 0.943417490234375 0.50334091015625 0.928962642578125 0.4729745390625 0.92860840234375 0.425293533203125 0.938231248046875 0.426233162109375 0.968201318359375 0.455645642578125 1 0.59439518359375 1
1 0.4547049453125 0.841619525390625 0.398764541015625 0.844322515625 0.3910352734375 0.858749015625 0.354982267578125 0.8445093671875 0.350267947265625 0.850851775390625 0.35680234765625 0.88733693359375 0.377558259765625 0.90334071484375 0.402770546875 0.88642770703125 0.436176154296875 0.879618509765625 0.45624491796875 0.863450638671875 0.4547049453125 0.841619525390625
0 0.610373990234375 0.743600400390625 0.565202837890625 0.753793109375 0.51883004296875 0.777441150390625 0.487754126953125 0.82193704296875 0.5040485859375 0.833608056640625 0.52735255859375 0.852470400390625 0.544152845703125 0.87283441015625 0.56639827734375 0.901730392578125 0.5850452421875 0.9037809140625 0.607939052734375 0.897127916015625 0.6415462265625 0.878781388671875 0.675745052734375 0.85192496875 0.682660875 0.8382834765625 0.685851265625 0.80278384765625 0.610373990234375 0.743600400390625
1 0.52734375 0.865234375 0.021484375 0.017578125
1 0.568359375 0.7119140625 0.060546875 0.048828125
1 0.484375 0.6923828125 0.1328125 0.107421875
1 0.4130859375 0.6826171875 0.025390625 0.025390625
1 0.40625 0.732421875 0.064453125 0.060546875
1 0.287109375 0.654296875 0.021484375 0.017578125
1 0.2919921875 0.6806640625 0.01171875 0.0078125
0 0.2613509609375 0.599711611328125 0.282810078125 0.6247345078125 0.342939025390625 0.659168564453125 0.402676099609375 0.657213826171875 0.446107029296875 0.6442614609375 0.454781767578125 0.620831509765625 0.4556342890625 0.5804555625 0.413560359375 0.53416418359375 0.386593767578125 0.523577240234375 0.33540315234375 0.519048041015625 0.297452849609375 0.51474606640625 0.2745264765625 0.537783177734375 0.2613509609375 0.599711611328125
1 0.426074904296875 0.533279873046875 0.4699510546875 0.536553833984375 0.4732339375 0.515199638671875 0.421231787109375 0.50440671875 0.39907379296875 0.482322138671875 0.345313892578125 0.46615585546875 0.291053419921875 0.457529025390625 0.293156958984375 0.487529689453125 0.313136251953125 0.51680055078125 0.33783343359375 0.52111174609375 0.37530593359375 0.52141387109375 0.426074904296875 0.533279873046875
1 0.3427734375 0.4482421875 0.03515625 0.01953125
1 0.392578125 0.4384765625 0.02734375 0.0234375
1 0.419584923828125 0.427679654296875 0.40500598828125 0.48158193359375 0.432506208984375 0.503534056640625 0.4727705625 0.5145236328125 0.474059314453125 0.52931745703125 0.469232958984375 0.561938310546875 0.4894976171875 0.595596380859375 0.50828993359375 0.60456061328125 0.543864318359375 0.57124025 0.557617146484375 0.52881011328125 0.571736431640625 0.503228349609375 0.5659326171875 0.44063227734375 0.541417482421875 0.4259584140625 0.502835171875 0.44643933203125 0.44768964453125 0.4242828828125 0.419584923828125 0.427679654296875
0 0.30938298046875 0.36261944921875 0.30299083984375 0.411686791015625 0.372350314453125 0.449608458984375 0.3882433515625 0.426801365234375 0.407356962890625 0.437182326171875 0.449991318359375 0.41816966015625 0.48092415234375 0.396609580078125 0.48965648828125 0.367488064453125 0.4693554296875 0.3339047890625 0.427882349609375 0.293141646484375 0.390543287109375 0.289335544921875 0.362157328125 0.303955568359375 0.327733884765625 0.333642228515625 0.30938298046875 0.36261944921875
1 0.500677244140625 0.35389953125 0.5093868359375 0.374014265625 0.53820026953125 0.360442048828125 0.557398212890625 0.329142564453125 0.566647052734375 0.299010240234375 0.541544861328125 0.291695841796875 0.49725507421875 0.301820740234375 0.480825521484375 0.321746271484375 0.500677244140625 0.35389953125
1 0.6005859375 0.3291015625 0.044921875 0.037109375
1 0.526759140625 0.43142570703125 0.54919239453125 0.4260717109375 0.580354958984375 0.411905671875 0.5698346953125 0.38134013671875 0.525291404296875 0.3730672421875 0.490898265625 0.35424908984375 0.491123177734375 0.3550200703125 0.48107532421875 0.36698469921875 0.46890087109375 0.389258505859375 0.489234046875 0.414518548828125 0.526759140625 0.43142570703125
1 0.5751953125 0.3681640625 0.06640625 0.046875
1 0.6103515625 0.4736328125 0.0234375 0.0234375
0 0.657621578125 0.349269169921875 0.618630884765625 0.368013435546875 0.580996712890625 0.39986801171875 0.592614447265625 0.430120423828125 0.63918763671875 0.471501501953125 0.69525921484375 0.474921888671875 0.74177194140625 0.456379638671875 0.78873357421875 0.4171278671875 0.774484955078125 0.379901525390625 0.68837296875 0.339357939453125 0.657621578125 0.349269169921875
1 0.6416015625 0.2470703125 0.03125 0.025390625
0 0.812877234375 0.208910326171875 0.786617060546875 0.17181105078125 0.688379328125 0.158236912109375 0.657261802734375 0.180865240234375 0.6444239453125 0.232113013671875 0.671085529296875 0.25299336328125 0.667822873046875 0.296742310546875 0.676058783203125 0.3020334609375 0.7491650234375 0.288882283203125 0.7785941015625 0.27781729296875 0.807366228515625 0.251282615234375 0.812877234375 0.208910326171875
1 0.720703125 0.1083984375 0.015625 0.01171875
1 0.7392578125 0.1064453125 0.015625 0.015625
1 0.5947265625 0.05859375 0.150390625 0.1171875
1 0.51953125 0.2158203125 0.03515625 0.025390625
1 0.5498046875 0.236328125 0.015625 0.015625
1 0.585454736328125 0.135638236328125 0.59463514453125 0.1125580234375 0.5504848359375 0.101491537109375 0.522708849609375 0.112454810546875 0.524493142578125 0.13403930859375 0.531056859375 0.155292451171875 0.540602337890625 0.16255026953125 0.571210990234375 0.15200836328125 0.585454736328125 0.135638236328125
0 0.51393001953125 0.086566296875 0.477665171875 0.046151171875 0.440192087890625 0.040305390625 0.394449173828125 0.0562798046875 0.378891158203125 0.110791330078125 0.3499307265625 0.1486962421875 0.35225978515625 0.153849939453125 0.409112119140625 0.19032666015625 0.43668735546875 0.21464056640625 0.46805884765625 0.215270705078125 0.5088407578125 0.2110634609375 0.53704449609375 0.19266771875 0.5425463359375 0.180874310546875 0.528963900390625 0.149611853515625 0.52351432421875 0.118386859375 0.51393001953125 0.086566296875
1 0.323890921875 0.254431912109375 0.359870794921875 0.2781987109375 0.405537873046875 0.294886005859375 0.446440158203125 0.288971435546875 0.464693720703125 0.26674223828125 0.4607431953125 0.23607605078125 0.434148048828125 0.213241951171875 0.41219094921875 0.188464994140625 0.368462521484375 0.19057168359375 0.3379919140625 0.198117982421875 0.323890921875 0.254431912109375
1 0.07944408984375 0.215709103515625 0.091061685546875 0.220138015625 0.126526826171875 0.2564703671875 0.192312794921875 0.30090039453125 0.274449408203125 0.33736154296875 0.308398341796875 0.324393451171875 0.313726701171875 0.286818875 0.300397830078125 0.225513744140625 0.274487591796875 0.1923504921875 0.17873705859375 0.18876346875 0.1205502734375 0.19369144140625 0.079105974609375 0.2146090234375 0.07944408984375 0.215709103515625
0 0.553701087890625 0.587958982421875 0.531788568359375 0.610048048828125 0.540150669921875 0.642634240234375 0.572156259765625 0.67395438671875 0.610853658203125 0.699045748046875 0.673441373046875 0.707934236328125 0.749976859375 0.65849628125 0.7373423046875 0.583570720703125 0.655325111328125 0.55644110546875 0.6217589375 0.56019222265625 0.603607125 0.5697608828125 0.55536926171875 0.587761177734375 0.553701087890625 0.587958982421875
1 0.50390625 0.880859375 0.015625 0.015625
1 0.2802734375 0.8388671875 0.013671875 0.015625