1 0.0537109375 0.4248046875 0.072265625 0.1064453125
1 0.048828125 0.357421875 0.013671875 0.017578125
1 0.1015625 0.4658203125 0.021484375 0.025390625
1 0.1298828125 0.4619140625 0.0185546875 0.015625
1 0.263671875 0.447265625 0.0185546875 0.0283203125
0 0.1494140625 0.615234375 0.146484375 0.1640625
1 0.056640625 0.576171875 0.0126953125 0.013671875
1 0.2265625 0.5908203125 0.0126953125 0.015625
1 0.2470703125 0.6103515625 0.0126953125 0.0126953125
1 0.318359375 0.6171875 0.005859375 0.009765625
0 0.329703517578125 0.7065093828125 0.3302021328125 0.75939876953125 0.36539326171875 0.77267623046875 0.4383564296875 0.732204861328125 0.46044146875 0.69470623828125 0.455088458984375 0.626758501953125 0.41200991015625 0.57096354296875 0.349206349609375 0.5498236328125 0.323798931640625 0.629247271484375 0.34108899609375 0.663194443359375 0.329703517578125 0.7065093828125
1 0.46484375 0.638671875 0.009765625 0.015625
1 0.4501953125 0.572265625 0.0126953125 0.013671875
1 0.396484375 0.4912109375 0.009765625 0.03125
1 0.4267578125 0.4501953125 0.009765625 0.009765625
1 0.470703125 0.466796875 0.0078125 0.0126953125
0 0.33352063671875 0.307257220703125 0.324222625 0.35864817578125 0.3363017734375 0.397324873046875 0.38194315234375 0.42969611328125 0.416773880859375 0.415293966796875 0.443122984375 0.363165853515625 0.432843244140625 0.3244857109375 0.402143529296875 0.279799794921875 0.40243933984375 0.27905058203125 0.3714696484375 0.28646177734375 0.33352063671875 0.307257220703125
1 0.310561083984375 0.2283313359375 0.286808396484375 0.245416873046875 0.29959671484375 0.297572544921875 0.311665529296875 0.31862461328125 0.3118915859375 0.3181526953125 0.354853876953125 0.30092937109375 0.38841481640625 0.278838734375 0.400938326171875 0.223906662109375 0.38459123828125 0.20839705859375 0.310561083984375 0.2283313359375
1 0.275390625 0.318359375 0.0126953125 0.013671875
0 0.169921875 0.3212890625 0.171875 0.1435546875
1 0.4990234375 0.32421875 0.0341796875 0.037109375
0 0.607421875 0.310546875 0.1435546875 0.181640625
1 0.697265625 0.3271484375 0.005859375 0.009765625
1 0.634765625 0.455078125 0.005859375 0.0107421875
1 0.603515625 0.478515625 0.0078125 0.009765625
1 0.7138671875 0.455078125 0.005859375 0.0126953125
1 0.759765625 0.365234375 0.0078125 0.009765625
0 0.853515625 0.341796875 0.1533203125 0.146484375
1 0.939453125 0.466796875 0.021484375 0.0185546875
1 0.89453125 0.5 0.0732421875 0.064453125
1 0.7624808828125 0.418022142578125 0.76823304296875 0.445407228515625 0.81422190234375 0.494216408203125 0.79431216796875 0.54606550390625 0.82779948046875 0.54891251953125 0.864805513671875 0.51326884765625 0.865884125 0.478131544921875 0.91217137890625 0.47944223828125 0.92299236328125 0.45645082421875 0.90768642578125 0.445691412109375 0.83039589453125 0.431427056640625 0.765873015625 0.406966490234375 0.7624808828125 0.418022142578125
1 0.7646484375 0.47265625 0.005859375 0.0126953125
0 0.8828125 0.6494140625 0.1748046875 0.1875
1 0.9921875 0.556640625 0.015625 0.0341796875
1 0.677734375 0.720703125 0.0498046875 0.056640625
0 0.64969824609375 0.75787794921875 0.65730406640625 0.70354008203125 0.678462921875 0.68808731640625 0.698541873046875 0.67918630078125 0.679376189453125 0.63881310546875 0.669327669921875 0.6108286484375 0.65121346875 0.602609677734375 0.588351779296875 0.57452532421875 0.5659554296875 0.573128513671875 0.54203223046875 0.6523850859375 0.53655521484375 0.7195164375 0.557670150390625 0.74623842578125 0.6332710703125 0.757697103515625 0.64969824609375 0.75787794921875
1 0.6748046875 0.625 0.009765625 0.015625
1 0.5283203125 0.509765625 0.009765625 0.0107421875
1 0.486328125 0.6318359375 0.005859375 0.015625
1 0.564453125 0.4580078125 0.0078125 0.0185546875
1 0.439453125 0.458984375 0.0078125 0.009765625