0 0.583984375 0.1845703125 0.181640625 0.140625
1 0.517578125 0.33203125 0.044921875 0.03125
0 0.564453125 0.3984375 0.181640625 0.103515625
0 0.5869140625 0.6005859375 0.16796875 0.134765625
0 0.5791015625 0.81640625 0.14453125 0.126953125
0 0.5625 0.9697265625 0.12890625 0.060546875
0 0.310546875 0.9814453125 0.12109375 0.037109375
0 0.294921875 0.791015625 0.125 0.09765625
0 0.2900390625 0.5849609375 0.150390625 0.119140625
0 0.2900390625 0.3671875 0.142578125 0.08203125
1 0.326171875 0.4423828125 0.15625 0.08203125
1 0.4140625 0.3037109375 0.013671875 0.015625
0 0.291015625 0.181640625 0.13671875 0.08203125
1 0.283203125 0.263671875 0.037109375 0.0234375
0 0.302734375 0.0185546875 0.1015625 0.037109375
1 0.4267578125 0.029296875 0.02734375 0.01953125
1 0.2958984375 0.05078125 0.015625 0.01953125
1 0.330078125 0.04296875 0.01171875 0.0078125
1 0.9609375 0.3583984375 0.0703125 0.046875
1 0.935546875 0.7177734375 0.01953125 0.021484375
1 0.912109375 0.876953125 0.05078125 0.052734375
1 0.794921875 0.84765625 0.02734375 0.015625