1 0.998046875 0.494140625 0.00390625 0.015625
1 0.9814453125 0.486328125 0.0234375 0.0234375
1 0.9873046875 0.513671875 0.0234375 0.029296875
1 0.9912109375 0.5400390625 0.017578125 0.021484375
1 0.9775390625 0.52734375 0.017578125 0.021484375
1 0.9638671875 0.5244140625 0.01171875 0.015625
1 0.9541015625 0.4970703125 0.015625 0.015625
1 0.947265625 0.515625 0.0234375 0.025390625
1 0.8828125 0.6240234375 0.01953125 0.025390625
0 0.83638721484375 0.579559490234375 0.842053423828125 0.590336076171875 0.859656537109375 0.5971213046875 0.885462869140625 0.609948939453125 0.905258751953125 0.621361392578125 0.9196424296875 0.616609634765625 0.929185359375 0.612192546875 0.94376634375 0.60246491796875 0.967738228515625 0.600302658203125 0.97042142578125 0.581263927734375 0.9594439453125 0.544531591796875 0.94183964453125 0.52205833203125 0.925966275390625 0.49932869921875 0.906213974609375 0.47494940234375 0.900121869140625 0.472732013671875 0.866389009765625 0.497192466796875 0.8445345859375 0.526431087890625 0.8382671328125 0.541623177734375 0.835659298828125 0.550614564453125 0.834158755859375 0.5661700625 0.83638721484375 0.579559490234375
1 0.8427734375 0.599609375 0.015625 0.017578125
1 0.833984375 0.544921875 0.0078125 0.013671875
1 0.8212890625 0.5859375 0.01171875 0.01171875
1 0.8046875 0.5966796875 0.015625 0.015625
1 0.8017578125 0.5439453125 0.01953125 0.013671875
1 0.79296875 0.5615234375 0.0078125 0.01171875
1 0.775390625 0.5576171875 0.0078125 0.01171875
1 0.8154296875 0.55859375 0.017578125 0.017578125
1 0.7412109375 0.54296875 0.021484375 0.021484375
1 0.83203125 0.4345703125 0.033203125 0.03125
1 0.9609375 0.4052734375 0.03515625 0.03515625
1 0.9638671875 0.3681640625 0.0234375 0.025390625
1 0.904296875 0.306640625 0.017578125 0.017578125
1 0.8349609375 0.3779296875 0.009765625 0.01171875
0 0.860707556640625 0.1763074140625 0.8352906953125 0.188469583984375 0.8076037265625 0.21194201171875 0.79455141015625 0.2305255546875 0.794177611328125 0.270899462890625 0.80275441796875 0.305777580078125 0.819906556640625 0.334413509765625 0.833535716796875 0.343690544921875 0.8425523984375 0.34144243359375 0.851765294921875 0.324391462890625 0.8644713125 0.307794107421875 0.875932544921875 0.29998124609375 0.886464638671875 0.297034724609375 0.90645807421875 0.296153916015625 0.922593447265625 0.3073197421875 0.9281006796875 0.29021108984375 0.933712548828125 0.260694421875 0.9245623671875 0.21928184765625 0.915043095703125 0.191851666015625 0.8889026171875 0.17751564453125 0.860707556640625 0.1763074140625
1 0.9482421875 0.373046875 0.015625 0.01171875
1 0.87109375 0.3974609375 0.0234375 0.015625
1 0.826171875 0.3876953125 0.005859375 0.0078125
1 0.828125 0.3486328125 0.015625 0.01953125
1 0.8203125 0.3994140625 0.015625 0.02734375
1 0.794921875 0.416015625 0.01171875 0.01171875
1 0.8759765625 0.4375 0.01171875 0.015625
1 0.9091796875 0.4443359375 0.015625 0.01953125
1 0.7177734375 0.4609375 0.025390625 0.0234375
1 0.7216796875 0.474609375 0.009765625 0.01171875
1 0.6953125 0.4814453125 0.017578125 0.021484375
1 0.788101716796875 0.359538876953125 0.7706070625 0.345862810546875 0.737624375 0.3400555390625 0.7224555 0.343085830078125 0.707242076171875 0.368924130859375 0.69439952734375 0.403972478515625 0.682117630859375 0.421755087890625 0.670077162109375 0.44940541015625 0.671314166015625 0.46540410546875 0.684975607421875 0.47264650390625 0.702883185546875 0.46592270703125 0.721710740234375 0.455405919921875 0.73672338671875 0.456664076171875 0.7662050078125 0.476887962890625 0.7669862265625 0.4770423359375 0.781796748046875 0.459463015625 0.79031958984375 0.439588326171875 0.791940115234375 0.4104716328125 0.791370275390625 0.381248728515625 0.788101716796875 0.359538876953125
0 0.702117076171875 0.378090833984375 0.716776041015625 0.36388428125 0.72874309375 0.34181512109375 0.730567193359375 0.324630744140625 0.72418301171875 0.3006174453125 0.70997047265625 0.2576340625 0.69492764453125 0.2296613359375 0.6785678671875 0.225167990234375 0.64500940234375 0.2309555390625 0.602916259765625 0.242509185546875 0.567020087890625 0.262927763671875 0.552163779296875 0.274309521484375 0.555825462890625 0.297663396484375 0.562012109375 0.32099657421875 0.57123227734375 0.35485568359375 0.57675126171875 0.36539686328125 0.59138725390625 0.376876884765625 0.61972524609375 0.391579515625 0.6483236875 0.404572083984375 0.6727457734375 0.418758765625 0.673291705078125 0.418287162109375 0.690923474609375 0.395024318359375 0.702117076171875 0.378090833984375
1 0.5615234375 0.3388671875 0.01171875 0.015625
1 0.5810546875 0.3935546875 0.015625 0.015625
1 0.564453125 0.3935546875 0.015625 0.015625
1 0.64453125 0.4296875 0.0078125 0.01171875
1 0.900390625 0.3798828125 0.005859375 0.0078125
1 0.84765625 0.4033203125 0.009765625 0.01171875
1 0.791015625 0.6474609375 0.01171875 0.01171875
1 0.7236328125 0.6123046875 0.013671875 0.015625
1 0.6376953125 0.4482421875 0.009765625 0.013671875
1 0.6357421875 0.4580078125 0.013671875 0.015625
1 0.6298828125 0.4814453125 0.015625 0.015625
1 0.6083984375 0.458984375 0.015625 0.01171875
1 0.5927734375 0.4658203125 0.0078125 0.01171875
1 0.6103515625 0.5009765625 0.0234375 0.025390625
1 0.5908203125 0.4873046875 0.013671875 0.013671875
1 0.583984375 0.47265625 0.0078125 0.01171875
1 0.576171875 0.455078125 0.0078125 0.0078125
1 0.5576171875 0.4619140625 0.0078125 0.01171875
1 0.583984375 0.4931640625 0.01171875 0.015625
1 0.5732421875 0.4951171875 0.017578125 0.015625
1 0.5712890625 0.5107421875 0.0234375 0.0234375
1 0.5576171875 0.4755859375 0.0078125 0.01171875
1 0.4794921875 0.3701171875 0.015625 0.017578125
1 0.4609375 0.3271484375 0.009765625 0.013671875
1 0.529296875 0.28515625 0.0078125 0.01171875
1 0.4912109375 0.412109375 0.01171875 0.015625
1 0.4794921875 0.3935546875 0.0078125 0.01171875
1 0.46875 0.4296875 0.01171875 0.015625
1 0.4599609375 0.419921875 0.013671875 0.015625
1 0.4912109375 0.4677734375 0.015625 0.01171875
1 0.5390625 0.4736328125 0.0078125 0.0078125
1 0.5107421875 0.4697265625 0.0078125 0.0078125
1 0.478515625 0.4541015625 0.0078125 0.009765625
1 0.533203125 0.4814453125 0.0078125 0.009765625
1 0.4306640625 0.4296875 0.013671875 0.017578125
1 0.4150390625 0.435546875 0.013671875 0.015625
1 0.439453125 0.4931640625 0.005859375 0.0078125
1 0.431640625 0.4833984375 0.0078125 0.01171875
1 0.4453125 0.5302734375 0.021484375 0.048828125
1 0.4638671875 0.53515625 0.0078125 0.01171875
1 0.44140625 0.5966796875 0.03515625 0.046875
1 0.3369140625 0.5283203125 0.017578125 0.021484375
1 0.322265625 0.4130859375 0.015625 0.0234375
1 0.306640625 0.4091796875 0.013671875 0.015625
1 0.3466796875 0.435546875 0.01171875 0.015625
1 0.3427734375 0.4453125 0.01171875 0.01171875
1 0.3671875 0.4453125 0.009765625 0.01171875
1 0.306640625 0.533203125 0.015625 0.021484375
1 0.2900390625 0.5234375 0.0078125 0.01171875
1 0.3203125 0.5712890625 0.1015625 0.11328125
1 0.36328125 0.64453125 0.015625 0.017578125
1 0.3935546875 0.6611328125 0.017578125 0.021484375
1 0.4013671875 0.6494140625 0.009765625 0.015625
1 0.4169921875 0.623046875 0.01171875 0.015625
1 0.408203125 0.625 0.0078125 0.01171875
1 0.4404296875 0.6357421875 0.015625 0.0234375
1 0.453125 0.666015625 0.013671875 0.017578125
1 0.4755859375 0.697265625 0.017578125 0.021484375
1 0.5595703125 0.6806640625 0.0234375 0.025390625
1 0.580078125 0.685546875 0.015625 0.015625
1 0.55078125 0.658203125 0.015625 0.021484375
1 0.5546875 0.62109375 0.01953125 0.03125
1 0.5703125 0.63671875 0.009765625 0.01171875
1 0.56640625 0.6572265625 0.0078125 0.01171875
1 0.6171875 0.6533203125 0.013671875 0.017578125
1 0.603515625 0.6318359375 0.013671875 0.015625
1 0.6396484375 0.6298828125 0.013671875 0.017578125
1 0.669921875 0.658203125 0.01171875 0.015625
1 0.625 0.6240234375 0.015625 0.021484375
1 0.625 0.595703125 0.01171875 0.015625
1 0.6142578125 0.580078125 0.009765625 0.01171875
1 0.6220703125 0.576171875 0.0078125 0.01171875
1 0.63671875 0.572265625 0.0078125 0.013671875
1 0.59455553515625 0.645401603515625 0.600849330078125 0.647272982421875 0.59991845703125 0.642403201171875 0.600614234375 0.6292451640625 0.61330109375 0.61658523046875 0.62083615234375 0.60414865234375 0.60985288671875 0.577948296875 0.591693166015625 0.565858275390625 0.565741693359375 0.54996295703125 0.54844156640625 0.544949845703125 0.539218193359375 0.554988041015625 0.54360079296875 0.5915455859375 0.555450810546875 0.61442720703125 0.571817263671875 0.630096791015625 0.59455553515625 0.645401603515625
1 0.533203125 0.5888671875 0.0078125 0.01171875
0 0.494065115234375 0.5899188671875 0.462573666015625 0.5888106015625 0.4565984296875 0.60939080078125 0.453079544921875 0.645963890625 0.45983112890625 0.671607748046875 0.46793169140625 0.6827664453125 0.480203736328125 0.68657048046875 0.50017799609375 0.70306021484375 0.526945521484375 0.71905151953125 0.536314048828125 0.723152048828125 0.53617402734375 0.723083828125 0.550898765625 0.686262775390625 0.549671037109375 0.660224517578125 0.548652966796875 0.636955794921875 0.544779228515625 0.607219669921875 0.536805080078125 0.596833375 0.52441771484375 0.591819279296875 0.494065115234375 0.5899188671875
1 0.53125 0.7265625 0.01171875 0.015625
1 0.40234375 0.501953125 0.0078125 0.01171875
1 0.3388671875 0.6552734375 0.01171875 0.013671875
1 0.3388671875 0.6357421875 0.009765625 0.013671875
1 0.3994140625 0.7001953125 0.013671875 0.017578125
1 0.408203125 0.7275390625 0.0390625 0.052734375
1 0.37109375 0.7109375 0.01171875 0.015625
1 0.3203125 0.7099609375 0.01171875 0.017578125
1 0.31640625 0.7275390625 0.017578125 0.0234375
1 0.35546875 0.7529296875 0.0078125 0.01171875
1 0.3046875 0.7392578125 0.013671875 0.017578125
1 0.23828125 0.755859375 0.015625 0.015625
1 0.2236328125 0.716796875 0.0078125 0.0078125
1 0.1943359375 0.6826171875 0.01953125 0.021484375
1 0.1962890625 0.7060546875 0.0078125 0.013671875
1 0.2109375 0.75 0.01953125 0.025390625
1 0.208984375 0.767578125 0.017578125 0.021484375
1 0.19140625 0.7646484375 0.01953125 0.0234375
1 0.19140625 0.611328125 0.013671875 0.017578125
1 0.1650390625 0.580078125 0.033203125 0.02734375
1 0.2451171875 0.541015625 0.0078125 0.01171875
1 0.2314453125 0.5654296875 0.01171875 0.01171875
1 0.1904296875 0.576171875 0.015625 0.01171875
0 0.207489111328125 0.675493017578125 0.222941375 0.7130728828125 0.240764154296875 0.741475748046875 0.26148920703125 0.755370240234375 0.271944642578125 0.758971146484375 0.290587998046875 0.7442619765625 0.3029599296875 0.7265227734375 0.315036189453125 0.70285084375 0.320294615234375 0.69262329296875 0.32074047265625 0.684405787109375 0.310091888671875 0.669964650390625 0.279444599609375 0.64577941796875 0.257325400390625 0.642884833984375 0.2294051796875 0.63894406640625 0.21405180078125 0.64381334375 0.207489111328125 0.675493017578125
0 0.193359375 0.439453125 0.140625 0.16796875
1 0.1484375 0.49609375 0.017578125 0.021484375
1 0.05078125 0.5751953125 0.0546875 0.0390625
1 0.111703408203125 0.56337890625 0.104982779296875 0.558136076171875 0.095377521484375 0.560318462890625 0.077101689453125 0.566757587890625 0.06017073046875 0.579999802734375 0.05549276953125 0.586937755859375 0.0411573359375 0.59539268359375 0.038797580078125 0.634712296875 0.038600033203125 0.63544494921875 0.04314728125 0.6479269609375 0.051381376953125 0.646303892578125 0.064567900390625 0.642061849609375 0.080993134765625 0.63460301953125 0.101864279296875 0.617242232421875 0.113201876953125 0.596401083984375 0.1146757578125 0.58092554296875 0.111703408203125 0.56337890625
1 0.021484375 0.609375 0.015625 0.01953125
1 0.0791015625 0.630859375 0.01171875 0.015625
1 0.1357421875 0.78515625 0.013671875 0.017578125
1 0.1513671875 0.8251953125 0.013671875 0.015625
1 0.1318359375 0.5859375 0.01953125 0.015625
1 0.0849609375 0.4873046875 0.01953125 0.021484375
1 0.07421875 0.521484375 0.01171875 0.01171875
1 0.0703125 0.5107421875 0.013671875 0.015625
1 0.1005859375 0.455078125 0.013671875 0.01171875
1 0.083984375 0.4365234375 0.015625 0.015625
1 0.119140625 0.548828125 0.01171875 0.01171875
1 0.2197265625 0.5703125 0.0078125 0.01171875
1 0.197265625 0.5556640625 0.0078125 0.013671875
1 0.162109375 0.5537109375 0.0078125 0.01171875
1 0.138671875 0.6103515625 0.013671875 0.01171875
1 0.4814453125 0.4990234375 0.0078125 0.01171875
1 0.369140625 0.5849609375 0.01171875 0.017578125
0 0.057887705078125 0.709627392578125 0.0511139921875 0.74798505078125 0.055293333984375 0.7831617265625 0.064544423828125 0.820265826171875 0.07170951171875 0.848878837890625 0.094210966796875 0.866956958984375 0.118787724609375 0.861646603515625 0.150677447265625 0.821179671875 0.165366642578125 0.798787998046875 0.159480166015625 0.793073775390625 0.148401142578125 0.77916669921875 0.135864361328125 0.764645619140625 0.129411986328125 0.732101052734375 0.118120796875 0.71563616015625 0.08717590625 0.7021248359375 0.057887705078125 0.709627392578125
0 0.412109375 0.3623046875 0.12109375 0.134765625
1 0.322265625 0.466796875 0.009765625 0.01171875
1 0.2978515625 0.474609375 0.009765625 0.01171875
1 0.3740234375 0.46484375 0.0078125 0.01171875
1 0.328125 0.4482421875 0.0078125 0.01171875
1 0.267578125 0.4462890625 0.009765625 0.009765625
1 0.7890625 0.3056640625 0.013671875 0.017578125
1 0.798828125 0.3466796875 0.013671875 0.015625
1 0.26953125 0.0732421875 0.083984375 0.076171875
1 0.1669921875 0.091796875 0.08984375 0.064453125
1 0.328125 0.0478515625 0.025390625 0.01953125
0 0 0.56139227734375 0.005348833984375 0.582845279296875 0.01216121875 0.594997990234375 0.036925216796875 0.545486892578125 0.052575078125 0.51176239453125 0.04797263671875 0.44750252734375 0.031811685546875 0.42650401171875 0 0.436187677734375 0 0.56139227734375
0 0.651649916015625 0.5423351328125 0.654660421875 0.584684744140625 0.674252345703125 0.60234495703125 0.725375748046875 0.60055767578125 0.72526225 0.600364091796875 0.737406625 0.57360894140625 0.7284243203125 0.53782316015625 0.699861283203125 0.499041693359375 0.66802531640625 0.48871748046875 0.6549834609375 0.494658396484375 0.651649916015625 0.5423351328125