1 0.970470556640625 0.49994666015625 0.9521045546875 0.538631529296875 0.951640048828125 0.563195095703125 0.9714800859375 0.55887796484375 0.9963319609375 0.569915775390625 0.996414380859375 0.568737130859375 0.997854080078125 0.548148482421875 0.991595703125 0.518424017578125 0.986970388671875 0.501333091796875 0.970470556640625 0.49994666015625
1 0.953125 0.5126953125 0.021484375 0.01953125
0 0.993506529296875 0.569100314453125 0.97176284765625 0.55779944140625 0.9538945234375 0.565516095703125 0.93813998828125 0.590803703125 0.93539290234375 0.625389916015625 0.910396505859375 0.647982732421875 0.92728462890625 0.662433837890625 0.94825346875 0.691167126953125 0.987478892578125 0.696520560546875 0.98902340234375 0.67443305078125 0.9948506328125 0.5910997578125 0.993506529296875 0.569100314453125
1 0.859566677734375 0.64329079296875 0.85165246875 0.68664950390625 0.854788451171875 0.733075703125 0.865533416015625 0.7553503046875 0.898785984375 0.75333978125 0.929770447265625 0.728171443359375 0.9502090234375 0.73279430859375 0.980477490234375 0.738572875 0.984832455078125 0.734366392578125 0.986760146484375 0.706799099609375 0.983422998046875 0.696871447265625 0.973075478515625 0.693785109375 0.941171025390625 0.68106973046875 0.916565564453125 0.6407124609375 0.9339655703125 0.61595536328125 0.9470281875 0.576665484375 0.946617578125 0.540797939453125 0.9272797265625 0.537107109375 0.92003487109375 0.5378876328125 0.89217399609375 0.589940130859375 0.861366349609375 0.6213782421875 0.859566677734375 0.64329079296875
1 0.71484375 0.650390625 0.017578125 0.0234375
0 0.728028689453125 0.70529908203125 0.757113482421875 0.725088392578125 0.779440046875 0.734567306640625 0.824204423828125 0.7334463671875 0.836126369140625 0.728681298828125 0.8583747734375 0.68506196875 0.869972212890625 0.66184794921875 0.862149220703125 0.62440910546875 0.8301361953125 0.623859521484375 0.8144653125 0.589765029296875 0.795797859375 0.558890333984375 0.747867392578125 0.583397912109375 0.7253703984375 0.61632963671875 0.719699650390625 0.65359537109375 0.728028689453125 0.70529908203125
1 0.85546875 0.55078125 0.03125 0.041015625
1 0.9150390625 0.46875 0.056640625 0.060546875
0 0.9716796875 0.3779296875 0.056640625 0.119140625
1 0.890625 0.283203125 0.060546875 0.095703125
1 0.91796875 0.3408203125 0.017578125 0.025390625
1 0.9208984375 0.3740234375 0.03125 0.041015625
1 0.890625 0.3564453125 0.02734375 0.017578125
1 0.884765625 0.3369140625 0.013671875 0.017578125
1 0.884765625 0.3759765625 0.025390625 0.033203125
1 0.8984375 0.4189453125 0.013671875 0.021484375
1 0.931640625 0.4072265625 0.013671875 0.01953125
1 0.7626953125 0.3505859375 0.01953125 0.029296875
1 0.7099609375 0.33203125 0.0078125 0.009765625
1 0.693359375 0.34765625 0.013671875 0.015625
1 0.7421875 0.3994140625 0.02734375 0.02734375
1 0.736328125 0.34375 0.005859375 0.009765625
0 0.83347885546875 0.449753046875 0.86065724609375 0.45297542578125 0.86764351171875 0.407834138671875 0.87593926171875 0.38538178125 0.86814487890625 0.3454598046875 0.842889341796875 0.297563900390625 0.796866029296875 0.3223272109375 0.765929859375 0.374998580078125 0.7685449296875 0.399189822265625 0.804878908203125 0.43093730859375 0.83347885546875 0.449753046875
1 0.8828324375 0.472348041015625 0.859937244140625 0.464568203125 0.834488728515625 0.44981308984375 0.8099256171875 0.425150638671875 0.773325783203125 0.435039669921875 0.786834994140625 0.4600093203125 0.790255564453125 0.51304367578125 0.8170212421875 0.532846060546875 0.8339788359375 0.560481552734375 0.846039376953125 0.515284177734375 0.87276514453125 0.4975635078125 0.8828324375 0.472348041015625
1 0.7852665546875 0.45839345703125 0.746071935546875 0.463164005859375 0.74773094140625 0.488777962890625 0.77248937109375 0.5270611328125 0.781366013671875 0.5257753203125 0.793623333984375 0.504985314453125 0.80071126171875 0.471077302734375 0.7852665546875 0.45839345703125
1 0.762578771484375 0.502074212890625 0.738731423828125 0.49287419140625 0.71088989453125 0.48857059765625 0.69561332421875 0.513893138671875 0.694821513671875 0.542926701171875 0.70446656640625 0.575016591796875 0.704834697265625 0.57401353125 0.71524505859375 0.574029947265625 0.753489396484375 0.5631621484375 0.76716232421875 0.53530125 0.762578771484375 0.502074212890625
1 0.7062534609375 0.486853501953125 0.7422888046875 0.470259697265625 0.750187232421875 0.4411134921875 0.703621052734375 0.427959787109375 0.69293348046875 0.43633115234375 0.7062534609375 0.486853501953125
1 0.68872780859375 0.541989962890625 0.71816169921875 0.507512908203125 0.727028517578125 0.488803259765625 0.68938094140625 0.443288873046875 0.662376673828125 0.464295525390625 0.651992486328125 0.4930057890625 0.6628171484375 0.522339521484375 0.68872780859375 0.541989962890625
1 0.6591796875 0.470703125 0.01953125 0.029296875
1 0.594064380859375 0.523342091796875 0.614930587890625 0.564123755859375 0.6318225078125 0.605904068359375 0.64238074609375 0.60040309375 0.6709262109375 0.56594398046875 0.67749412109375 0.52699609765625 0.66344490625 0.497985275390625 0.644740576171875 0.4898201796875 0.60445063671875 0.5040649140625 0.594064380859375 0.523342091796875
1 0.6259765625 0.47265625 0.01953125 0.01953125
1 0.6142578125 0.439453125 0.017578125 0.02734375
1 0.642885119140625 0.48600578515625 0.6411256328125 0.480235673828125 0.640984798828125 0.4831732421875 0.617020880859375 0.479529052734375 0.59724844140625 0.443683865234375 0.587260828125 0.41422435546875 0.573217015625 0.416635396484375 0.5419751015625 0.458885583984375 0.542541765625 0.48842203515625 0.56713740234375 0.5040964609375 0.5595730234375 0.537332119140625 0.587068150390625 0.518557888671875 0.617117189453125 0.508662486328125 0.63563902734375 0.49889162890625 0.642885119140625 0.48600578515625
1 0.56427225 0.522077634765625 0.551139138671875 0.50090051171875 0.540211255859375 0.46554084765625 0.518941927734375 0.45045404296875 0.50360884765625 0.47395976953125 0.49349629296875 0.526476837890625 0.527056734375 0.546296611328125 0.5733476484375 0.551911462890625 0.61051078515625 0.554723173828125 0.608358814453125 0.543790677734375 0.595765328125 0.532007181640625 0.56427225 0.522077634765625
1 0.5029296875 0.458984375 0.01953125 0.029296875
1 0.5234375 0.37890625 0.009765625 0.013671875
1 0.5537109375 0.3759765625 0.01171875 0.015625
1 0.5185546875 0.3603515625 0.01171875 0.017578125
1 0.509765625 0.3720703125 0.01171875 0.015625
1 0.494140625 0.3095703125 0.072265625 0.0703125
1 0.51869730078125 0.388961169921875 0.512275583984375 0.370354763671875 0.494482794921875 0.3496887421875 0.47865219921875 0.3363660703125 0.459117990234375 0.347457509765625 0.452199845703125 0.359396404296875 0.444203962890625 0.38650462109375 0.4338384140625 0.415580271484375 0.436943095703125 0.43020965234375 0.45264883984375 0.425225740234375 0.484328275390625 0.410842693359375 0.515648904296875 0.404021392578125 0.51869730078125 0.388961169921875
0 0.624262845703125 0.421916515625 0.650072427734375 0.372090900390625 0.6605181484375 0.326896927734375 0.644582873046875 0.2866670390625 0.62777014453125 0.283225296875 0.602769205078125 0.304716482421875 0.584654525390625 0.289771712890625 0.56955209765625 0.2864843125 0.541984400390625 0.315110923828125 0.52533380078125 0.35632383203125 0.5580848984375 0.363445298828125 0.564407744140625 0.404983576171875 0.595684072265625 0.4145776953125 0.624262845703125 0.421916515625
1 0.5986328125 0.296875 0.013671875 0.013671875
0 0.395318044921875 0.275136109375 0.362412154296875 0.30856516796875 0.3527568359375 0.3489695234375 0.363228830078125 0.3856312734375 0.377725380859375 0.415196087890625 0.433196763671875 0.409152607421875 0.44516005078125 0.379815533203125 0.457899083984375 0.345866087890625 0.458411931640625 0.312298982421875 0.420363275390625 0.270170779296875 0.395318044921875 0.275136109375
1 0.37890625 0.2861328125 0.01171875 0.015625
1 0.353515625 0.3408203125 0.013671875 0.013671875
1 0.35546875 0.3212890625 0.013671875 0.015625
1 0.3525390625 0.3037109375 0.021484375 0.02734375
1 0.32421875 0.349609375 0.01953125 0.01953125
1 0.3662109375 0.4140625 0.009765625 0.017578125
0 0.54583034375 0.62636931640625 0.54616166796875 0.657067671875 0.535513234375 0.66928655859375 0.535086515625 0.677462955078125 0.5528641875 0.6825146171875 0.560182712890625 0.699994796875 0.577377244140625 0.7147468125 0.604597876953125 0.7173164921875 0.621384671875 0.708830791015625 0.641986302734375 0.6843217421875 0.647733169921875 0.63515987109375 0.64528249609375 0.61122637109375 0.616760359375 0.5847355703125 0.59262038671875 0.573141740234375 0.54700783984375 0.581207072265625 0.545671044921875 0.602398142578125 0.54583034375 0.62636931640625
1 0.54296875 0.65234375 0.009765625 0.013671875
1 0.525390625 0.662109375 0.0078125 0.015625
1 0.466796875 0.50390625 0.052734375 0.060546875
0 0.341509669921875 0.572890701171875 0.329659923828125 0.614943896484375 0.343756009765625 0.651142986328125 0.36614115234375 0.705282908203125 0.380942669921875 0.68816359765625 0.3914776640625 0.666532541015625 0.40905426171875 0.668302455078125 0.412781923828125 0.66026623828125 0.42199423046875 0.62378294921875 0.419934666015625 0.59812889453125 0.417355302734375 0.571498826171875 0.404436490234375 0.549412126953125 0.383843072265625 0.54528603515625 0.359837423828125 0.5519767890625 0.341509669921875 0.572890701171875
1 0.50199046875 0.68290620703125 0.5249636171875 0.648042330078125 0.543460765625 0.62149772265625 0.54748275 0.586130486328125 0.53905928515625 0.57262328515625 0.522055615234375 0.55841487890625 0.49453962890625 0.545696671875 0.45717741796875 0.53113273828125 0.442673744140625 0.528631994140625 0.43248076171875 0.52876372265625 0.4251813984375 0.54092069921875 0.424242818359375 0.55641700390625 0.427279759765625 0.5729224921875 0.428059435546875 0.59379021484375 0.426054041015625 0.615274443359375 0.419887578125 0.644544015625 0.41175291796875 0.677185361328125 0.386718849609375 0.724362529296875 0.38047676171875 0.76040088671875 0.396585236328125 0.7801197421875 0.441609 0.7725510546875 0.47815050390625 0.724057515625 0.50199046875 0.68290620703125
1 0.305648138671875 0.44058640625 0.291713955078125 0.4354182734375 0.28926207421875 0.459933509765625 0.31412553515625 0.472976859375 0.339474435546875 0.484587240234375 0.352680591796875 0.503666548828125 0.386046966796875 0.488427046875 0.41128069140625 0.492157009765625 0.43152469921875 0.48786359375 0.42876321875 0.463740671875 0.41106348828125 0.428214154296875 0.37966269921875 0.431256068359375 0.358333283203125 0.420722904296875 0.35015659765625 0.39096702734375 0.338932654296875 0.377032857421875 0.320967982421875 0.3862731328125 0.321765181640625 0.429574779296875 0.305648138671875 0.44058640625
1 0.30859375 0.42578125 0.037109375 0.03125
1 0.2919921875 0.4931640625 0.0625 0.0546875
1 0.2666015625 0.4716796875 0.0078125 0.013671875
1 0.236328125 0.466796875 0.03125 0.03515625
1 0.2177734375 0.51171875 0.037109375 0.0390625
1 0.283203125 0.3828125 0.013671875 0.015625
1 0.259765625 0.390625 0.017578125 0.017578125
1 0.2705078125 0.369140625 0.005859375 0.015625
1 0.27734375 0.3564453125 0.009765625 0.01171875
1 0.3193359375 0.3154296875 0.0234375 0.033203125
1 0.29296875 0.3203125 0.044921875 0.078125
1 0.265625 0.333984375 0.009765625 0.013671875
1 0.255859375 0.3369140625 0.0078125 0.009765625
1 0.2451171875 0.3046875 0.02734375 0.033203125
1 0.2919921875 0.271484375 0.015625 0.013671875
1 0.287109375 0.3662109375 0.009765625 0.013671875
0 0.14662876171875 0.421020248046875 0.170236916015625 0.427224404296875 0.186615287109375 0.427123345703125 0.212395126953125 0.416675611328125 0.225393958984375 0.400301931640625 0.247848626953125 0.364410767578125 0.25075894140625 0.3303420625 0.235703935546875 0.313737951171875 0.23229 0.28799221484375 0.21714475390625 0.266326919921875 0.171773896484375 0.272053939453125 0.139514447265625 0.28666231640625 0.119787662109375 0.317261826171875 0.117182720703125 0.358662263671875 0.12705141015625 0.408488548828125 0.14662876171875 0.421020248046875
1 0.115642044921875 0.375769193359375 0.119854171875 0.3310880625 0.125618455078125 0.300586322265625 0.141640509765625 0.28471108203125 0.146270205078125 0.282279265625 0.141443865234375 0.2578065 0.117813033203125 0.256868640625 0.079168630859375 0.259798328125 0.069164796875 0.263171697265625 0.057638904296875 0.29837376171875 0.06313887109375 0.31847930859375 0.089580759765625 0.33134297265625 0.09848526171875 0.343885220703125 0.10022765625 0.373783373046875 0.110990240234375 0.38844970703125 0.115642044921875 0.375769193359375
1 0.09765625 0.3564453125 0.009765625 0.009765625
1 0.091796875 0.341796875 0.017578125 0.013671875
0 0.0361328125 0.314453125 0.056640625 0.130859375
1 0.07970223046875 0.44738409375 0.09014849609375 0.436290154296875 0.09586041796875 0.4307448828125 0.081366474609375 0.42311441015625 0.054932529296875 0.427280150390625 0.05464852734375 0.4561649140625 0.064867958984375 0.454261447265625 0.07970223046875 0.44738409375
1 0.12988628515625 0.494122583984375 0.1544609453125 0.50564105859375 0.16907627734375 0.504649271484375 0.174792087890625 0.4581999921875 0.16369034765625 0.43080326953125 0.13984179296875 0.421296484375 0.123170900390625 0.410090490234375 0.110695337890625 0.409858662109375 0.096716390625 0.417774771484375 0.0917989921875 0.4375265234375 0.07009953515625 0.447986146484375 0.04855816015625 0.4632820625 0.059813869140625 0.4759841953125 0.088593673828125 0.46703186328125 0.115816703125 0.4639123359375 0.12988628515625 0.494122583984375
1 0.146987310546875 0.49943662890625 0.123485671875 0.487269552734375 0.086370701171875 0.484644005859375 0.036850671875 0.485639365234375 0.00182388671875 0.485104138671875 0.00678882421875 0.50172933984375 0.02239581640625 0.529640513671875 0.0457188671875 0.5524955390625 0.03090249609375 0.584896263671875 0.046016396484375 0.61256750390625 0.064335212890625 0.636113484375 0.09250650390625 0.650348955078125 0.11253761328125 0.6316978671875 0.146909787109375 0.60912314453125 0.148083771484375 0.607776095703125 0.142649890625 0.5975492421875 0.125557390625 0.583606556640625 0.110150423828125 0.54807116015625 0.131673275390625 0.521422388671875 0.146987310546875 0.49943662890625
1 0.14453125 0.634765625 0.009765625 0.013671875
1 0.263671875 0.6376953125 0.005859375 0.01171875
1 0.291015625 0.5966796875 0.009765625 0.009765625
0 0.176691349609375 0.661157662109375 0.2087604453125 0.679830751953125 0.22300289453125 0.659202220703125 0.236612009765625 0.61838394140625 0.253594904296875 0.6076609765625 0.249687732421875 0.586246732421875 0.2304863671875 0.5387348984375 0.208208453125 0.528689845703125 0.18837890234375 0.528384904296875 0.171600462890625 0.5450472109375 0.1529270703125 0.559383447265625 0.140058103515625 0.5918856015625 0.151667154296875 0.623256248046875 0.176691349609375 0.661157662109375