0 0.755859375 0.025390625 0.1533203125 0.0498046875
1 0.578005943359375 0 0.590442044921875 0.043288619140625 0.60593291796875 0.065986916015625 0.655742126953125 0.06893694921875 0.70261411328125 0.06572808203125 0.70914713671875 0.05462985546875 0.707561728515625 0.057002314453125 0.674176251953125 0.03828599609375 0.655274943359375 0.003397623046875 0.62894392578125 0 0.59451858984375 0 0.578005943359375 0
1 0.60083912109375 0.05832361328125 0.591962650390625 0.038418240234375 0.56893355859375 0.02523238671875 0.53479908203125 0.042885109375 0.5224157265625 0.084691931640625 0.53450520703125 0.09552680078125 0.5799259140625 0.09570425390625 0.602094486328125 0.109164767578125 0.61416136328125 0.1004536953125 0.636188271484375 0.0706018515625 0.629985291015625 0.065212673828125 0.60083912109375 0.05832361328125
1 0.5966796875 0.125 0.072265625 0.046875
0 0.451171875 0.044921875 0.166015625 0.0888671875
0 0.447265625 0.220703125 0.158203125 0.0966796875
1 0.4443359375 0.287109375 0.0185546875 0.015625
1 0.57421875 0.228515625 0.03125 0.0283203125
1 0.705078125 0.181640625 0.037109375 0.029296875
1 0.708984375 0.111328125 0.0126953125 0.0107421875
1 0.720703125 0.126953125 0.009765625 0.009765625
0 0.8478250390625 0.24885728515625 0.87552595703125 0.228679515625 0.904706791015625 0.194733796875 0.89127302734375 0.1665423359375 0.869571638671875 0.139666521484375 0.849154248046875 0.09794333984375 0.796832802734375 0.09615862890625 0.76872950390625 0.115045619140625 0.747745466796875 0.1592949765625 0.7262867109375 0.1873044609375 0.710752134765625 0.204491509765625 0.711116837890625 0.21747165234375 0.72287025 0.23118873828125 0.76732795703125 0.24584848046875 0.808468666015625 0.2492291484375 0.8478250390625 0.24885728515625
1 0.7783203125 0.2734375 0.0126953125 0.005859375
1 0.6533203125 0.3603515625 0.171875 0.083984375
1 0.728515625 0.34765625 0.009765625 0.009765625
1 0.595703125 0.2607421875 0.005859375 0.005859375
1 0.626953125 0.27734375 0.0126953125 0.005859375
0 0.439453125 0.4287109375 0.2001953125 0.134765625
1 0.6611328125 0.5234375 0.0185546875 0.015625
0 0.83765401953125 0.37686835546875 0.80652759765625 0.341211388671875 0.774540654296875 0.344272189453125 0.7239538125 0.37899893359375 0.67927005078125 0.40140787890625 0.66711275 0.423232466796875 0.68149293359375 0.44974772265625 0.71514063671875 0.476967140625 0.76218442578125 0.50158239453125 0.7994851953125 0.493714509765625 0.8352970078125 0.47462519921875 0.86766975390625 0.435185185546875 0.83765401953125 0.37686835546875
1 0.8525390625 0.3681640625 0.0107421875 0.009765625
1 0.62890625 0.611328125 0.021484375 0.0185546875
1 0.6787109375 0.6005859375 0.0185546875 0.0078125
1 0.886562017578125 0.52095992578125 0.83699694921875 0.49536471875 0.773479697265625 0.49536471875 0.72845986328125 0.511337845703125 0.6880802109375 0.53701330078125 0.665958357421875 0.56265484765625 0.68175214453125 0.5905241796875 0.71886302734375 0.61300772265625 0.76161175 0.620536521484375 0.76848687109375 0.60091484765625 0.800829474609375 0.594392 0.80897503125 0.57165640234375 0.85234917578125 0.543726037109375 0.887959044921875 0.52071917578125 0.886562017578125 0.52095992578125
1 0.876953125 0.5712890625 0.021484375 0.0126953125
0 0.773897146484375 0.731327763671875 0.841793861328125 0.734042697265625 0.898607794921875 0.722109193359375 0.925000603515625 0.69807716796875 0.93672839453125 0.66782407421875 0.931886271484375 0.6468505859375 0.902706947265625 0.610654478515625 0.897784951171875 0.57356883984375 0.871737255859375 0.57698567578125 0.835375373046875 0.56463283984375 0.812138310546875 0.5647492578125 0.798445337890625 0.590185095703125 0.77266438671875 0.603585701171875 0.73806725 0.61222217578125 0.716264888671875 0.62385728515625 0.710651162109375 0.65029794140625 0.72367953125 0.6984411171875 0.773897146484375 0.731327763671875
0 0.4853515625 0.6416015625 0.1767578125 0.1376953125
1 0.6291338125 0.74061980078125 0.646832501953125 0.723293728515625 0.63021134765625 0.71506867578125 0.640605408203125 0.703111435546875 0.66355161328125 0.689461037109375 0.61940737109375 0.68246573046875 0.579971125 0.698764376953125 0.570803794921875 0.71127093359375 0.5849458671875 0.735340259765625 0.6291338125 0.74061980078125
1 0.628696771484375 0.69688698046875 0.6208646796875 0.705544931640625 0.633868935546875 0.7231829609375 0.621676974609375 0.735281486328125 0.60983916796875 0.747062400390625 0.60590428515625 0.759449146484375 0.617107626953125 0.772527623046875 0.63918125390625 0.781166359375 0.65617916796875 0.7794958046875 0.67453643359375 0.75460928515625 0.68942901171875 0.72395833203125 0.65561402734375 0.70381673046875 0.628696771484375 0.69688698046875
1 0.681640625 0.7724609375 0.015625 0.0126953125
1 0.591796875 0.755859375 0.025390625 0.0205078125
1 0.66015625 0.833984375 0.015625 0.0126953125