1 0.5048828125 0.017578125 0.033203125 0.03515625
1 0.45703125 0.013671875 0.0654296875 0.025390625
1 0.46956763671875 0.12511837109375 0.44299878125 0.14174459375 0.44608848828125 0.1523363515625 0.481944005859375 0.16521004296875 0.517195611328125 0.1684307265625 0.51896569921875 0.1552997421875 0.515855166015625 0.131228462890625 0.52132435546875 0.111321548828125 0.503107244140625 0.098853935546875 0.4911769609375 0.109150587890625 0.46956763671875 0.12511837109375
1 0.468806994140625 0.0493575078125 0.44587366796875 0.046524818359375 0.423408345703125 0.060031466796875 0.40121703125 0.07848915625 0.371912484375 0.09430075390625 0.375293736328125 0.112413193359375 0.42285266015625 0.126313591796875 0.45721648046875 0.132088298828125 0.488077388671875 0.10974573046875 0.5048115703125 0.10100023828125 0.516752814453125 0.095446654296875 0.493829353515625 0.06568369140625 0.468806994140625 0.0493575078125
1 0.240234375 0.255859375 0.015625 0.013671875
0 0.31129075 0.0983434609375 0.292927759765625 0.100672744140625 0.259329185546875 0.11366644921875 0.234991078125 0.13376916796875 0.22822868359375 0.14351851953125 0.24915244140625 0.20055338671875 0.27144458984375 0.233226634765625 0.306864873046875 0.2436559609375 0.33677300390625 0.25414225390625 0.36214675 0.235598416015625 0.387421634765625 0.22697301953125 0.410373263671875 0.212168150390625 0.41698736328125 0.190489365234375 0.4062463828125 0.153041810546875 0.374557533203125 0.124034287109375 0.351473283203125 0.1065185546875 0.31129075 0.0983434609375
1 0.4208948203125 0.29493453515625 0.436644 0.26705276953125 0.43148148046875 0.23472222265625 0.3941442421875 0.22960250390625 0.359815056640625 0.239864546875 0.33599898828125 0.255650498046875 0.294215373046875 0.24106626171875 0.282331453125 0.25597240234375 0.299872203125 0.2937328203125 0.316683544921875 0.300177228515625 0.338994984375 0.301601380859375 0.343478732421875 0.33155201171875 0.364799142578125 0.34675835546875 0.37900149609375 0.335910373046875 0.39480372265625 0.319981552734375 0.4208948203125 0.29493453515625
1 0.451171875 0.17578125 0.009765625 0.009765625
1 0.447265625 0.189453125 0.005859375 0.005859375
1 0.4482421875 0.201171875 0.009765625 0.005859375
1 0.443359375 0.212890625 0.009765625 0.005859375
1 0.44140625 0.2587890625 0.009765625 0.0048828125
1 0.451171875 0.267578125 0.015625 0.0126953125
1 0.443359375 0.302734375 0.015625 0.005859375
1 0.4404296875 0.3154296875 0.013671875 0.0126953125
1 0.5830078125 0.1220703125 0.009765625 0.0078125
0 0.662286603515625 0.227688259765625 0.678703703125 0.18287037109375 0.673835359375 0.165862810546875 0.6568021796875 0.14138635546875 0.63759765625 0.13226363671875 0.59386453515625 0.129758029296875 0.556174044921875 0.13282063671875 0.535554109375 0.16208134375 0.513815345703125 0.20194769921875 0.517920525390625 0.219057435546875 0.548748552734375 0.254048212890625 0.57718460546875 0.25728714453125 0.623485724609375 0.259186017578125 0.645458380859375 0.248040544921875 0.662286603515625 0.227688259765625
1 0.58203125 0.306640625 0.0205078125 0.015625
1 0.5205078125 0.3447265625 0.0419921875 0.0625
1 0.486328125 0.337890625 0.0126953125 0.015625
1 0.4755859375 0.3583984375 0.0126953125 0.009765625
0 0.673641251953125 0.42100875390625 0.707110822265625 0.38488588671875 0.6884500390625 0.359385849609375 0.673678626953125 0.34386031640625 0.65594376953125 0.33563548828125 0.594426359375 0.337632017578125 0.570789931640625 0.346327943359375 0.54766589453125 0.366681134765625 0.5309907890625 0.3841417109375 0.5189187890625 0.397579390625 0.51845582421875 0.40964898046875 0.55210865234375 0.428595197265625 0.5800069921875 0.452337419921875 0.614435041015625 0.45642541796875 0.64442033203125 0.44863100390625 0.673641251953125 0.42100875390625
1 0.51827859765625 0.515534578125 0.545928578125 0.50077311328125 0.572691212890625 0.494666884765625 0.605491658203125 0.490049912109375 0.63956042578125 0.46707356640625 0.667784287109375 0.4393102578125 0.6333345390625 0.442723705078125 0.601182724609375 0.45741283203125 0.574110244140625 0.445260958984375 0.561639177734375 0.422974537109375 0.539854599609375 0.41448296484375 0.5026258671875 0.40333658984375 0.50097535546875 0.42041015625 0.51306544140625 0.460470919921875 0.495868296875 0.478080693359375 0.4771749609375 0.49806586328125 0.47463710546875 0.53161801953125 0.495710359375 0.5313440390625 0.51827859765625 0.515534578125
1 0.447265625 0.494140625 0.0654296875 0.0595703125
1 0.390625 0.5185546875 0.025390625 0.025390625
1 0.466796875 0.4501953125 0.005859375 0.009765625
1 0.6259765625 0.54296875 0.0107421875 0.009765625
1 0.59375 0.4931640625 0.0126953125 0.005859375
1 0.621920814453125 0.489919705078125 0.621913580078125 0.489814814453125 0.5935812109375 0.50290708203125 0.5596643515625 0.500538013671875 0.53383969921875 0.502797669921875 0.515340470703125 0.51878255078125 0.506652681640625 0.55039876171875 0.51282913671875 0.578343822265625 0.536933353515625 0.588503689453125 0.564441068359375 0.576349103515625 0.59459755859375 0.578082501953125 0.6262659140625 0.57130533984375 0.62831790234375 0.554983181640625 0.62081404296875 0.5447961875 0.63227719921875 0.520114474609375 0.621920814453125 0.489919705078125
0 0.558901185546875 0.583496998046875 0.543858505859375 0.61260941015625 0.539932966796875 0.64069643359375 0.57033661328125 0.67367983203125 0.60302493359375 0.67626410546875 0.644515576171875 0.66529586328125 0.67218846484375 0.65490270703125 0.67873505078125 0.63626030859375 0.67962113671875 0.603095697265625 0.6413315 0.55893012109375 0.627372685546875 0.566255244140625 0.58800154296875 0.575438548828125 0.558901185546875 0.583496998046875
1 0.6376953125 0.673828125 0.013671875 0.009765625
1 0.6640625 0.68359375 0.005859375 0.005859375
1 0.5791015625 0.6982421875 0.0078125 0.005859375
1 0.556640625 0.703125 0.009765625 0.009765625
1 0.587890625 0.728515625 0.0078125 0.005859375
1 0.58984375 0.7412109375 0.009765625 0.005859375
1 0.484375 0.6650390625 0.0263671875 0.015625
1 0.482421875 0.6279296875 0.0205078125 0.0126953125
1 0.443359375 0.623046875 0.0185546875 0.0361328125
1 0.4638671875 0.634765625 0.0078125 0.009765625
1 0.41796875 0.662109375 0.0126953125 0.0029296875
1 0.466796875 0.69921875 0.009765625 0.009765625
1 0.2890625 0.5400390625 0.033203125 0.0341796875
1 0.388671875 0.65625 0.009765625 0.009765625
0 0.41230495703125 0.628307451171875 0.42128022265625 0.611055853515625 0.42977457421875 0.56656901171875 0.37891026953125 0.5347031328125 0.33747401171875 0.52405940625 0.29833649609375 0.549955392578125 0.260522494140625 0.5632625625 0.241347576171875 0.59721920703125 0.23312516015625 0.628133640625 0.2448881171875 0.663297927734375 0.28045562109375 0.688819162109375 0.31298225390625 0.696611568359375 0.33324358203125 0.6849299921875 0.35910440234375 0.665609728515625 0.38742739453125 0.646014177734375 0.41230495703125 0.628307451171875
1 0.2998046875 0.7314453125 0.0205078125 0.0078125
1 0.35546875 0.767578125 0.046875 0.037109375
0 0.40569273046875 0.821759259765625 0.3905017578125 0.80133383203125 0.353980462890625 0.779692724609375 0.336906025390625 0.7593125078125 0.311870392578125 0.74972169921875 0.2876251171875 0.75771805859375 0.25883058984375 0.785317001953125 0.23813389453125 0.8327285078125 0.24673943359375 0.866160703125 0.27735714453125 0.888693978515625 0.31763867578125 0.88292904296875 0.36380503125 0.863268189453125 0.391756955078125 0.85397778515625 0.40569273046875 0.821759259765625
1 0.4677734375 0.7998046875 0.0126953125 0.009765625
1 0.474609375 0.755859375 0.0185546875 0.013671875
1 0.517578125 0.7451171875 0.0673828125 0.060546875
1 0.455078125 0.8349609375 0.076171875 0.037109375
1 0.58379415234375 0.90502829296875 0.557539490234375 0.87211451953125 0.55579400390625 0.851774490234375 0.532578875 0.81430041015625 0.52312939453125 0.81218553125 0.496084373046875 0.836269048828125 0.46636284765625 0.85758463671875 0.42921596484375 0.849860548828125 0.402437521484375 0.83719437109375 0.3905821328125 0.8494355625 0.401945890625 0.88246889453125 0.4109238359375 0.896074458984375 0.45528844140625 0.90320075390625 0.49104348828125 0.91757691796875 0.54071957421875 0.920950681640625 0.58335878515625 0.9165641875 0.58379415234375 0.90502829296875
1 0.56640625 0.7724609375 0.0341796875 0.041015625
0 0.714677640625 0.81044238671875 0.699621966796875 0.792732646484375 0.66058491796875 0.758827240234375 0.595946931640625 0.75435434375 0.58313507421875 0.756976595703125 0.56983024609375 0.795234333984375 0.544521337890625 0.803175435546875 0.531507201171875 0.815278982421875 0.5408950625 0.84359728515625 0.59552094140625 0.8696238828125 0.63729343359375 0.8718713828125 0.670412166015625 0.86248955078125 0.69410016796875 0.84402327734375 0.714677640625 0.81044238671875
0 0.609375 0.9697265625 0.11328125 0.060546875
1 0.505859375 0.974609375 0.0966796875 0.0498046875
1 0.3955078125 0.9599609375 0.0185546875 0.009765625
1 0.3447265625 0.927734375 0.0107421875 0.0107421875
1 0.4443359375 0.791015625 0.009765625 0.009765625
1 0.349609375 0.447265625 0.03125 0.025390625
0 0.36464361328125 0.43490616796875 0.3889009453125 0.413521255859375 0.418955646484375 0.37502066796875 0.415237130859375 0.32775943359375 0.389200630859375 0.32653744140625 0.358469052734375 0.3445237578125 0.344907408203125 0.332330935546875 0.33745315234375 0.298226169921875 0.321066880859375 0.2961955390625 0.27892140625 0.305612392578125 0.2575386484375 0.321427279296875 0.23272844921875 0.380787037109375 0.23449383984375 0.402483259765625 0.283976451171875 0.440092541015625 0.3062014296875 0.445657396484375 0.341951884765625 0.441349412109375 0.36464361328125 0.43490616796875
0 0.626953125 0.025390625 0.140625 0.05078125