0 0.1171875 0.18359375 0.173828125 0.244140625
0 0.353515625 0.2021484375 0.185546875 0.208984375
0 0.5712890625 0.25 0.189453125 0.25
0 0.8193359375 0.310546875 0.16796875 0.203125
0 0.9736328125 0.3232421875 0.052734375 0.158203125
0 0.9443359375 0.6484375 0.095703125 0.154296875
1 0.4541015625 0.5458984375 0.015625 0.0234375
0 0.5244140625 0.6220703125 0.201171875 0.287109375
1 0.611328125 0.447265625 0.013671875 0.0234375
0 0.294921875 0.5498046875 0.189453125 0.1953125
1 0.3203125 0.4052734375 0.015625 0.017578125
1 0.2578125 0.3916015625 0.01171875 0.017578125
1 0.1708984375 0.5517578125 0.0859375 0.13671875
0 0.0712890625 0.525390625 0.142578125 0.1953125
0 0.6917213359375 0.649313931640625 0.708259853515625 0.702901060546875 0.765741171875 0.7219040859375 0.815949689453125 0.712289669921875 0.832434701171875 0.68131989453125 0.826811869140625 0.653880953125 0.819215587890625 0.626308283203125 0.81812083984375 0.593089564453125 0.8047377578125 0.563013162109375 0.742449908203125 0.563901099609375 0.704413330078125 0.592756111328125 0.6917213359375 0.649313931640625
1 0.902652509765625 0.623499669921875 0.881136869140625 0.59851239453125 0.839810486328125 0.58684473046875 0.820669693359375 0.595167224609375 0.82038496875 0.650060533203125 0.835280580078125 0.694253771484375 0.867050724609375 0.698602908203125 0.902652509765625 0.623499669921875