0 0.025390625 0.4130859375 0.05078125 0.146484375
1 0.0068359375 0.5009765625 0.0078125 0.009765625
1 0.00390625 0.5361328125 0.005859375 0.009765625
1 0.0146484375 0.5302734375 0.009765625 0.0078125
1 0.0361328125 0.490234375 0.01171875 0.01171875
1 0.048828125 0.521484375 0.03125 0.037109375
1 0.1044921875 0.525390625 0.078125 0.11328125
1 0.1533203125 0.568359375 0.03125 0.0390625
1 0.13671875 0.490234375 0.01953125 0.015625
0 0.146484375 0.3759765625 0.16015625 0.189453125
1 0.1767578125 0.490234375 0.015625 0.01953125
1 0.1748046875 0.513671875 0.01171875 0.01953125
1 0.1826171875 0.4814453125 0.0078125 0.0078125
1 0.2099609375 0.48828125 0.013671875 0.0234375
1 0.2041015625 0.521484375 0.015625 0.021484375
1 0.21484375 0.44921875 0.01171875 0.013671875
1 0.251953125 0.4658203125 0.03515625 0.0234375
1 0.27734375 0.478515625 0.015625 0.01953125
0 0.20703125 0.6318359375 0.125 0.140625
0 0.048828125 0.6806640625 0.0703125 0.12890625
1 0.0380859375 0.5869140625 0.048828125 0.0703125
1 0.3232421875 0.4677734375 0.009765625 0.013671875
1 0.3564453125 0.4833984375 0.02734375 0.03515625
1 0.3805021015625 0.485271625 0.3904559140625 0.485588478515625 0.391185751953125 0.46810965625 0.386345525390625 0.43523756640625 0.367486861328125 0.40814468359375 0.36787524609375 0.40900408984375 0.34391683203125 0.4268078515625 0.338226025390625 0.43758162109375 0.362095818359375 0.461683630859375 0.3805021015625 0.485271625
1 0.326686478515625 0.307968521484375 0.33172400390625 0.296820806640625 0.33351553515625 0.283020267578125 0.3290976796875 0.267702201171875 0.29995057421875 0.265918318359375 0.279492544921875 0.27155240234375 0.280903544921875 0.29235548828125 0.30228122265625 0.305109447265625 0.318563046875 0.308591921875 0.326686478515625 0.307968521484375
0 0.377851416015625 0.28381309765625 0.350873697265625 0.255572962890625 0.334847267578125 0.26735712890625 0.32597290625 0.2934634453125 0.2981296484375 0.3122107265625 0.273028275390625 0.342861908203125 0.277810755859375 0.37511246875 0.3203943515625 0.406363001953125 0.353996013671875 0.416105333984375 0.377755763671875 0.40075944140625 0.386596833984375 0.37898360546875 0.387992646484375 0.327662947265625 0.377851416015625 0.28381309765625
1 0.416015625 0.4560546875 0.0546875 0.076171875
1 0.44140625 0.4462890625 0.041015625 0.0859375
1 0.4912109375 0.3984375 0.064453125 0.0546875
1 0.490234375 0.4599609375 0.08203125 0.09375
1 0.548828125 0.4013671875 0.072265625 0.080078125
1 0.5791015625 0.4619140625 0.041015625 0.05078125
1 0.595703125 0.42578125 0.015625 0.0234375
1 0.5751953125 0.400390625 0.015625 0.021484375
0 0.5341796875 0.2900390625 0.111328125 0.171875
1 0.5986328125 0.3232421875 0.015625 0.017578125
1 0.693359375 0.4013671875 0.04296875 0.064453125
1 0.671875 0.34765625 0.02734375 0.041015625
1 0.703125 0.3330078125 0.07421875 0.0859375
1 0.73046875 0.37109375 0.01953125 0.025390625
1 0.7470703125 0.3564453125 0.0390625 0.0234375
1 0.771484375 0.380859375 0.009765625 0.017578125
1 0.744140625 0.193359375 0.013671875 0.013671875
0 0.713092919921875 0.193173951171875 0.67382291796875 0.235335396484375 0.679756732421875 0.287693703125 0.713719626953125 0.304976759765625 0.74771530078125 0.32089969140625 0.7913134453125 0.313894056640625 0.819483537109375 0.27856590625 0.808394951171875 0.213770365234375 0.776631130859375 0.1985030234375 0.747292734375 0.19973734375 0.729280923828125 0.182313595703125 0.713092919921875 0.193173951171875
1 0.8193359375 0.1884765625 0.0078125 0.009765625
0 0.916015625 0.22265625 0.107421875 0.1171875
1 0.91796875 0.2919921875 0.072265625 0.056640625
1 0.9111328125 0.353515625 0.052734375 0.05859375
1 0.92578125 0.3310546875 0.021484375 0.03125
1 0.802734375 0.3994140625 0.05859375 0.07421875
1 0.880646322265625 0.4368701171875 0.886762435546875 0.390311083984375 0.87490221875 0.340245005859375 0.8526303046875 0.330162158203125 0.80777026171875 0.335783509765625 0.79967694921875 0.340084466796875 0.801855056640625 0.354074119140625 0.8244477421875 0.394588779296875 0.857559119140625 0.4447027890625 0.880646322265625 0.4368701171875
1 0.814453125 0.32421875 0.015625 0.015625
0 0.94140625 0.4833984375 0.1171875 0.181640625
0 0.7734375 0.5283203125 0.130859375 0.15234375
0 0.5634765625 0.56640625 0.125 0.1640625
1 0.3388671875 0.5703125 0.015625 0.01953125
0 0.356035537109375 0.551966037109375 0.336807888671875 0.5922849609375 0.3326623671875 0.60648274609375 0.344381892578125 0.634614130859375 0.3668734453125 0.666250259765625 0.391964169921875 0.694329482421875 0.436388564453125 0.68797420703125 0.457076283203125 0.6332006171875 0.45075334375 0.590787224609375 0.427675494140625 0.54647719921875 0.406395248046875 0.52994545703125 0.37226134375 0.547856732421875 0.356035537109375 0.551966037109375
1 0.2216796875 0.48828125 0.009765625 0.009765625