0 0.0400390625 0.556640625 0.080078125 0.1171875
1 0.1015625 0.5419921875 0.025390625 0.029296875
0 0.087890625 0.275390625 0.14453125 0.20703125
0 0.2529296875 0.2861328125 0.15234375 0.14453125
1 0.20703125 0.404296875 0.0703125 0.09765625
1 0.19921875 0.505859375 0.017578125 0.021484375
0 0.203125 0.640625 0.197265625 0.236328125
0 0.419921875 0.6279296875 0.173828125 0.23828125
0 0.46875 0.3330078125 0.18359375 0.20703125
1 0.630859375 0.4873046875 0.013671875 0.017578125
1 0.568359375 0.5986328125 0.013671875 0.01953125
1 0.716796875 0.6640625 0.01171875 0.015625
1 0.619140625 0.5537109375 0.0234375 0.029296875
0 0.718217619140625 0.648370611328125 0.72902708203125 0.626970970703125 0.707759845703125 0.574799015625 0.66835278515625 0.54732567578125 0.63175745703125 0.561700970703125 0.610602681640625 0.574113693359375 0.576590853515625 0.61485705859375 0.5695568828125 0.658617541015625 0.585722037109375 0.7305175 0.626395189453125 0.768248091796875 0.6519621015625 0.765701345703125 0.70071233984375 0.74097592578125 0.717727521484375 0.72519158203125 0.71188913671875 0.676362029296875 0.718217619140625 0.648370611328125
1 0.712890625 0.4755859375 0.056640625 0.08203125
0 0.7197265625 0.3505859375 0.158203125 0.19921875
1 0.7958984375 0.4990234375 0.025390625 0.021484375
1 0.8232421875 0.546875 0.056640625 0.0859375
1 0.84765625 0.595703125 0.013671875 0.01171875
0 0.931640625 0.365234375 0.13671875 0.18359375
1 0.9912109375 0.48828125 0.017578125 0.015625
1 0.9912109375 0.537109375 0.017578125 0.03125
1 0.96484375 0.5654296875 0.03125 0.029296875
1 0.9541015625 0.6416015625 0.01953125 0.0234375
0 0.96718944921875 0.74650851953125 0.97858952734375 0.67453125390625 0.95314584765625 0.65578019921875 0.9511659609375 0.6203771875 0.947683775390625 0.60950955078125 0.91134932421875 0.589247181640625 0.862637744140625 0.60130826171875 0.8299791953125 0.6518451015625 0.809888138671875 0.71472974609375 0.811269689453125 0.752299263671875 0.838751873046875 0.78043354296875 0.889950923828125 0.7958742734375 0.932670185546875 0.792131974609375 0.96718944921875 0.74650851953125