0 0.056640625 0.326171875 0.11328125 0.23046875
0 0.263671875 0.306640625 0.1376953125 0.193359375
1 0.130859375 0.4013671875 0.015625 0.0205078125
1 0.23046875 0.4501953125 0.044921875 0.0439453125
0 0.529296875 0.3369140625 0.1748046875 0.1953125
0 0.755859375 0.341796875 0.1875 0.212890625
0 0.9638671875 0.3564453125 0.072265625 0.150390625
0 0.9619140625 0.666015625 0.076171875 0.1904296875
0 0.7587890625 0.666015625 0.162109375 0.1845703125
0 0.544921875 0.6416015625 0.123046875 0.189453125
1 0.5673828125 0.486328125 0.021484375 0.025390625
0 0.318359375 0.650390625 0.166015625 0.224609375
0 0.0576171875 0.66796875 0.115234375 0.177734375
1 0.9453125 0.07421875 0.109375 0.1484375