0 0.9169921875 0.7705078125 0.091796875 0.1484375
1 0.8974609375 0.890625 0.03125 0.03125
1 0.9541015625 0.69140625 0.0078125 0.01171875
1 0.9716796875 0.6611328125 0.005859375 0.009765625
1 0.958984375 0.662109375 0.01171875 0.0078125
1 0.923828125 0.6904296875 0.01171875 0.01171875
1 0.923828125 0.6572265625 0.033203125 0.0390625
1 0.8740234375 0.6318359375 0.0859375 0.1171875
1 0.8466796875 0.572265625 0.033203125 0.041015625
1 0.8310546875 0.6513671875 0.01953125 0.017578125
0 0.77734375 0.751953125 0.171875 0.197265625
1 0.79296875 0.6357421875 0.017578125 0.021484375
1 0.8046875 0.6142578125 0.013671875 0.017578125
1 0.78515625 0.6416015625 0.0078125 0.009765625
1 0.7626953125 0.6240234375 0.015625 0.0234375
1 0.78125 0.5966796875 0.017578125 0.021484375
1 0.7421875 0.658203125 0.01171875 0.015625
1 0.71484375 0.6279296875 0.037109375 0.025390625
1 0.697265625 0.6064453125 0.015625 0.017578125
0 0.8203125 0.4931640625 0.1328125 0.146484375
0 0.97265625 0.5107421875 0.0546875 0.130859375
1 0.958984375 0.6005859375 0.0546875 0.072265625
1 0.650390625 0.5986328125 0.01171875 0.015625
1 0.625 0.5712890625 0.029296875 0.03515625
1 0.5877034921875 0.571872330078125 0.579314796875 0.6040224765625 0.586088255859375 0.6363302734375 0.586066541015625 0.635387431640625 0.61507686328125 0.628360279296875 0.62452492578125 0.620666546875 0.6119700703125 0.589153859375 0.604243560546875 0.56024908984375 0.59520483203125 0.55606816015625 0.5877034921875 0.571872330078125
1 0.568469021484375 0.76478155859375 0.566550435546875 0.780608107421875 0.59268346875 0.79363886328125 0.613716595703125 0.796446248046875 0.62054617578125 0.7767455859375 0.6058512890625 0.75665258203125 0.592224501953125 0.747085130859375 0.58450326171875 0.744484896484375 0.575510435546875 0.75277810546875 0.568469021484375 0.76478155859375
0 0.561123080078125 0.778679205078125 0.5794925234375 0.758115703125 0.6124475234375 0.751737966796875 0.647529828125 0.733331294921875 0.65572883203125 0.70177583203125 0.62874098046875 0.656370830078125 0.60161712109375 0.63427375 0.573750037109375 0.639116044921875 0.55710329296875 0.65570632421875 0.535765861328125 0.7024018515625 0.527967412109375 0.74672834765625 0.541766234375 0.7832645625 0.561123080078125 0.778679205078125
1 0.560546875 0.5732421875 0.060546875 0.078125
1 0.533203125 0.572265625 0.046875 0.087890625
1 0.46875 0.5966796875 0.06640625 0.05859375
1 0.4931640625 0.5400390625 0.087890625 0.09765625
1 0.4169921875 0.572265625 0.078125 0.083984375
1 0.412109375 0.50390625 0.044921875 0.0546875
1 0.3828125 0.53125 0.017578125 0.0234375
1 0.3916015625 0.5625 0.017578125 0.0234375
0 0.38671875 0.6796875 0.123046875 0.17578125
1 0.33984375 0.6240234375 0.015625 0.017578125
1 0.2841796875 0.515625 0.046875 0.06640625
1 0.2822265625 0.5732421875 0.03125 0.04296875
1 0.248046875 0.57421875 0.078125 0.087890625
1 0.2373046875 0.5283203125 0.021484375 0.02734375
1 0.2158203125 0.5361328125 0.037109375 0.025390625
1 0.203125 0.50390625 0.009765625 0.015625
1 0.1552734375 0.6865234375 0.015625 0.015625
0 0.251578376953125 0.62519242578125 0.22706839453125 0.596012927734375 0.201996798828125 0.568072625 0.159127173828125 0.557486193359375 0.11939266015625 0.57899899609375 0.104282123046875 0.64297626171875 0.127555447265625 0.669441037109375 0.15504387109375 0.679768263671875 0.164815830078125 0.70284468359375 0.1839604453125 0.699172830078125 0.2365824609375 0.67570702734375 0.251578376953125 0.62519242578125
1 0.083984375 0.662109375 0.0078125 0.01171875
0 0.0322265625 0.5927734375 0.064453125 0.123046875
1 0.03515625 0.5263671875 0.0703125 0.060546875
1 0.064453125 0.4736328125 0.056640625 0.0625
1 0.0419921875 0.4892578125 0.0234375 0.03125
1 0.1826171875 0.474609375 0.060546875 0.07421875
1 0.0924794375 0.50056928125 0.109041162109375 0.518552919921875 0.152531484375 0.530906654296875 0.161661935546875 0.530109912109375 0.165123171875 0.51638131640625 0.160156833984375 0.470259708984375 0.14925875390625 0.411191873046875 0.124946404296875 0.40938099609375 0.101124427734375 0.449849056640625 0.0924794375 0.50056928125
1 0.142578125 0.5390625 0.015625 0.015625
0 0.0791015625 0.337890625 0.142578125 0.1875
0 0.2587890625 0.3671875 0.140625 0.158203125
0 0.466796875 0.4140625 0.13671875 0.171875
1 0.67578125 0.498046875 0.015625 0.01953125
0 0.6956412265625 0.46736613671875 0.695845154296875 0.43689187890625 0.687502791015625 0.398982517578125 0.675378083984375 0.363331728515625 0.632002009765625 0.351823796875 0.5915571171875 0.394159818359375 0.580805181640625 0.43567212109375 0.584735146484375 0.48547694921875 0.597864251953125 0.5090093515625 0.63628316796875 0.505859115234375 0.652824736328125 0.50841640625 0.68627773828125 0.478815482421875 0.6956412265625 0.46736613671875
1 0.751953125 0.6201171875 0.0078125 0.009765625