1 0.546875 0.01953125 0.037109375 0.037109375
1 0.4990234375 0.013671875 0.068359375 0.02734375
1 0.476594521484375 0.148960619140625 0.51119158203125 0.1649103359375 0.54602834375 0.17119114453125 0.54893613671875 0.158264400390625 0.547935388671875 0.134013619140625 0.55511876953125 0.114659126953125 0.538057603515625 0.100651232421875 0.525275306640625 0.10986891015625 0.50235652734375 0.123892552734375 0.474439705078125 0.138139880859375 0.476594521484375 0.148960619140625
1 0.5082017734375 0.048353689453125 0.4856026015625 0.0435330078125 0.462045583984375 0.05503027734375 0.438330021484375 0.07148362890625 0.407758916015625 0.084681 0.409548697265625 0.1030192109375 0.455715146484375 0.121011748046875 0.48944490234375 0.129759484375 0.522135658203125 0.110191642578125 0.539568380859375 0.102937908203125 0.551948212890625 0.098446205078125 0.53170599609375 0.066798587890625 0.5082017734375 0.048353689453125
1 0.2626953125 0.234375 0.017578125 0.015625
0 0.444278880859375 0.184432119140625 0.43684254296875 0.14619092578125 0.407802451171875 0.11453191796875 0.386332640625 0.0950709140625 0.34701551953125 0.083424791015625 0.328519396484375 0.08414476953125 0.293916197265625 0.094160720703125 0.26791863671875 0.11206573828125 0.260332263671875 0.121188607421875 0.276205484375 0.17983006640625 0.295565142578125 0.21432187109375 0.329941666015625 0.227798591796875 0.358822046875 0.240851646484375 0.385715439453125 0.224589841796875 0.4116458984375 0.218200119140625 0.43580051953125 0.205451953125 0.444278880859375 0.184432119140625
1 0.37866951171875 0.335557955078125 0.39376328515625 0.325989068359375 0.41089366796875 0.3114981171875 0.43906847265625 0.288820400390625 0.45718777734375 0.262417365234375 0.4548626953125 0.22975990234375 0.41811375 0.22140551171875 0.38302080078125 0.228636517578125 0.3579195234375 0.24228669140625 0.3175660078125 0.224116271484375 0.304428154296875 0.2379299375 0.318611119140625 0.277075443359375 0.334796822265625 0.284960533203125 0.356899236328125 0.2883238359375 0.358755552734375 0.318551279296875 0.37866951171875 0.335557955078125
1 0.4794921875 0.1728515625 0.009765625 0.009765625
1 0.474609375 0.1865234375 0.005859375 0.005859375
1 0.474609375 0.1982421875 0.009765625 0.005859375
1 0.46875 0.208984375 0.009765625 0.005859375
1 0.462890625 0.2548828125 0.009765625 0.005859375
1 0.4716796875 0.2646484375 0.017578125 0.013671875
1 0.4609375 0.298828125 0.015625 0.0078125
1 0.45703125 0.310546875 0.015625 0.013671875
1 0.615234375 0.130859375 0.009765625 0.0078125
0 0.644004146484375 0.270864876953125 0.66686458203125 0.261676859375 0.6854025859375 0.242868697265625 0.705663349609375 0.19965219921875 0.702295837890625 0.182285052734375 0.68746073828125 0.15641719921875 0.669124390625 0.14565541015625 0.62577606640625 0.139347744140625 0.587962076171875 0.139113755859375 0.5648703671875 0.166465970703125 0.539739744140625 0.20428596484375 0.54233808984375 0.2216883828125 0.56999916015625 0.259232849609375 0.59804471484375 0.264937822265625 0.644004146484375 0.270864876953125
1 0.5986328125 0.314453125 0.021484375 0.017578125
1 0.5341796875 0.3466796875 0.046875 0.06640625
1 0.5009765625 0.3369140625 0.013671875 0.017578125
1 0.48828125 0.3564453125 0.013671875 0.01171875
0 0.583856609375 0.459491859375 0.61779735546875 0.466564904296875 0.648347873046875 0.4614135390625 0.67986503515625 0.436443171875 0.71635555859375 0.403374828125 0.699988259765625 0.376345431640625 0.686626197265625 0.359591564453125 0.66967566796875 0.34985233984375 0.60821833984375 0.34647967578125 0.58391395703125 0.3530824609375 0.559104015625 0.371342810546875 0.54097057421875 0.387283611328125 0.527773341796875 0.399618013671875 0.526260205078125 0.41160132421875 0.558133701171875 0.433408482421875 0.583856609375 0.459491859375
1 0.50790835546875 0.42079802734375 0.51646091015625 0.461760068359375 0.497794412109375 0.477804001953125 0.477430388671875 0.496083890625 0.471977927734375 0.529287181640625 0.492994869140625 0.5308508984375 0.516855115234375 0.517068548828125 0.545686423828125 0.504773111328125 0.572879412109375 0.501022634765625 0.6059574375 0.499281978515625 0.641899083984375 0.479362353515625 0.67243527734375 0.454164564453125 0.637819119140625 0.454562529296875 0.60450941015625 0.466393544921875 0.5785990546875 0.451928390625 0.568117833984375 0.428639849609375 0.5471562421875 0.418281939453125 0.511040646484375 0.403933283203125 0.50790835546875 0.42079802734375
1 0.4482421875 0.4892578125 0.0703125 0.064453125
1 0.3896484375 0.5087890625 0.02734375 0.02734375
1 0.4716796875 0.447265625 0.005859375 0.009765625
1 0.6220703125 0.5537109375 0.01171875 0.009765625
1 0.59375 0.5009765625 0.013671875 0.0078125
1 0.623037513671875 0.565957595703125 0.616450064453125 0.555155361328125 0.630020751953125 0.531566650390625 0.622335423828125 0.500584162109375 0.622337359375 0.500479041015625 0.592971736328125 0.51105216015625 0.559390419921875 0.505736056640625 0.533467095703125 0.50573634765625 0.513645087890625 0.520048087890625 0.50223482421875 0.550786798828125 0.505952203125 0.579163833984375 0.52907920703125 0.591385859375 0.557541587890625 0.58167498046875 0.587432248046875 0.586030095703125 0.619570763671875 0.58203880078125 0.623037513671875 0.565957595703125
0 0.551399806640625 0.58831284375 0.5338770546875 0.61600341796875 0.5275185078125 0.643641427734375 0.554931765625 0.67914916796875 0.587270462890625 0.68457258203125 0.62955916796875 0.677262224609375 0.658032576171875 0.66932046875 0.666179041015625 0.651319583984375 0.6699522421875 0.618358400390625 0.635657591796875 0.5710237265625 0.62111346875 0.577104384765625 0.581091767578125 0.582821322265625 0.551399806640625 0.58831284375
1 0.6220703125 0.685546875 0.013671875 0.01171875
1 0.6474609375 0.697265625 0.005859375 0.005859375
1 0.5615234375 0.7041015625 0.0078125 0.005859375
1 0.5390625 0.70703125 0.009765625 0.009765625
1 0.5673828125 0.7353515625 0.0078125 0.005859375
1 0.568359375 0.748046875 0.009765625 0.005859375
1 0.4697265625 0.6630859375 0.02734375 0.017578125
1 0.4716796875 0.6259765625 0.021484375 0.013671875
1 0.4326171875 0.6171875 0.021484375 0.037109375
1 0.4521484375 0.630859375 0.0078125 0.009765625
1 0.404296875 0.654296875 0.013671875 0.00390625
1 0.44921875 0.6953125 0.009765625 0.009765625
1 0.2861328125 0.521484375 0.03515625 0.037109375
1 0.375 0.6455078125 0.009765625 0.009765625
0 0.3177604296875 0.669692498046875 0.345206712890625 0.652699673828125 0.37512979296875 0.635647201171875 0.401455931640625 0.620176076171875 0.411900619140625 0.60377237109375 0.424239931640625 0.560195146484375 0.376346474609375 0.524017412109375 0.335995556640625 0.509802779296875 0.294749986328125 0.5321891640625 0.25592008203125 0.542149990234375 0.233858615234375 0.57430621484375 0.2229731171875 0.60438637890625 0.23162654296875 0.640442064453125 0.26483437890625 0.668966095703125 0.2965580859375 0.67956373046875 0.3177604296875 0.669692498046875
1 0.2802734375 0.712890625 0.021484375 0.009765625
1 0.3330078125 0.75390625 0.05078125 0.041015625
0 0.36131765625 0.8431967890625 0.378008431640625 0.81231544921875 0.36465545703125 0.790643765625 0.330159283203125 0.76590196875 0.314926072265625 0.74411116796875 0.2908216015625 0.732374857421875 0.265971658203125 0.738227673828125 0.234881296875 0.763211986328125 0.210131173828125 0.808639240234375 0.215790158203125 0.84269423828125 0.244327455078125 0.86781027734375 0.284958150390625 0.865578044921875 0.332662384765625 0.850015669921875 0.36131765625 0.8431967890625
1 0.44140625 0.7958984375 0.013671875 0.01171875
1 0.4521484375 0.7529296875 0.01953125 0.015625
1 0.49609375 0.74609375 0.072265625 0.06640625
1 0.42578125 0.830078125 0.080078125 0.04296875
1 0.4203173203125 0.897769583984375 0.45468334375 0.91520730078125 0.50387635546875 0.92289778125 0.546735619140625 0.922244232421875 0.548174748046875 0.9107901796875 0.5248886171875 0.875713408203125 0.5249225234375 0.855298650390625 0.50506181640625 0.815943837890625 0.495832619140625 0.8130134296875 0.466791494140625 0.834648173828125 0.43532529296875 0.853292248046875 0.398992962890625 0.84235998828125 0.373420349609375 0.827408115234375 0.360543185546875 0.838569458984375 0.36898465625 0.872467505859375 0.376742634765625 0.88680377734375 0.4203173203125 0.897769583984375
1 0.5419921875 0.77734375 0.037109375 0.04296875
0 0.663377953125 0.859631109375 0.686803890625 0.82797144921875 0.673349013671875 0.809016912109375 0.637415564453125 0.77183822265625 0.5734133828125 0.761748775390625 0.560421734375 0.763244421875 0.54383315234375 0.800196984375 0.51792844140625 0.80590205078125 0.50390893359375 0.81682528515625 0.51079296875 0.845854033203125 0.562942611328125 0.87654255078125 0.604360263671875 0.8824222109375 0.638170650390625 0.875962568359375 0.663377953125 0.859631109375
0 0.568359375 0.970703125 0.1171875 0.05859375
1 0.46484375 0.9716796875 0.1015625 0.056640625
1 0.35546875 0.94921875 0.01953125 0.01171875
1 0.3076171875 0.912109375 0.01171875 0.01171875
1 0.4189453125 0.78515625 0.009765625 0.009765625
1 0.3544921875 0.4345703125 0.033203125 0.02734375
0 0.244003314453125 0.379713953125 0.290019765625 0.421492814453125 0.311675162109375 0.42897352734375 0.347665041015625 0.427797794921875 0.370831986328125 0.423356783203125 0.396860830078125 0.404167412109375 0.4301567109375 0.368432771484375 0.43057143359375 0.321027291015625 0.404740513671875 0.317540716796875 0.372558267578125 0.33278015625 0.360110904296875 0.3194517578125 0.355657439453125 0.28482708984375 0.33951050390625 0.28137602734375 0.296704673828125 0.287083826171875 0.27402492578125 0.30097490234375 0.244135591796875 0.357946427734375 0.244003314453125 0.379713953125
0 0.66796875 0.0380859375 0.14453125 0.0625