0 0.7822265625 0.9091796875 0.16015625 0.11328125
1 0.70703125 0.9384765625 0.009765625 0.0078125
1 0.6904296875 0.9208984375 0.017578125 0.015625
1 0.7890625 0.7939453125 0.03125 0.02734375
1 0.744140625 0.681640625 0.03515625 0.033203125
1 0.6796875 0.6982421875 0.02734375 0.017578125
1 0.63671875 0.7119140625 0.025390625 0.025390625
0 0.7548828125 0.7373046875 0.15625 0.119140625
1 0.67578125 0.8056640625 0.08203125 0.072265625
1 0.66015625 0.8740234375 0.10546875 0.08984375
0 0.5517578125 0.931640625 0.181640625 0.13671875
0 0.5224609375 0.77734375 0.15234375 0.12890625
1 0.5009765625 0.7216796875 0.017578125 0.015625
1 0.513671875 0.6318359375 0.02734375 0.02734375
1 0.5009765625 0.6806640625 0.046875 0.0390625
0 0.4697265625 0.5732421875 0.154296875 0.1328125
1 0.5771484375 0.611328125 0.025390625 0.025390625
1 0.6240234375 0.6142578125 0.017578125 0.009765625
1 0.6201171875 0.59375 0.029296875 0.029296875
1 0.5947265625 0.4443359375 0.029296875 0.0234375
1 0.5966796875 0.505859375 0.125 0.173828125
0 0.724609375 0.5439453125 0.1640625 0.15234375
1 0.6669921875 0.4345703125 0.041015625 0.041015625
1 0.4716796875 0.4482421875 0.0234375 0.013671875
1 0.482421875 0.4921875 0.015625 0.01953125
1 0.4677734375 0.4326171875 0.05859375 0.0390625
1 0.443359375 0.4248046875 0.01953125 0.009765625
0 0.4453125 0.373046875 0.150390625 0.123046875
1 0.40625 0.2587890625 0.01171875 0.01171875
0 0.3876953125 0.1953125 0.171875 0.150390625
1 0.5859375 0.369140625 0.025390625 0.029296875
1 0.552734375 0.353515625 0.0234375 0.060546875
1 0.529296875 0.3212890625 0.01171875 0.013671875
1 0.5673828125 0.31640625 0.013671875 0.009765625
1 0.56640625 0.2919921875 0.017578125 0.01171875
1 0.560546875 0.267578125 0.07421875 0.05078125
1 0.5556640625 0.244140625 0.0078125 0.0078125
1 0.5439453125 0.2099609375 0.017578125 0.015625
1 0.525390625 0.2236328125 0.013671875 0.01953125
1 0.5029296875 0.0966796875 0.125 0.083984375
1 0.498046875 0.1533203125 0.107421875 0.111328125
1 0.3798828125 0.099609375 0.013671875 0.01171875
0 0.359375 0.0546875 0.1328125 0.09375
1 0.5146484375 0.0302734375 0.015625 0.015625
1 0.5205078125 0.0634765625 0.021484375 0.025390625
1 0.4599609375 0.03515625 0.015625 0.015625
1 0.5751953125 0.0302734375 0.080078125 0.060546875
0 0.646484375 0.1396484375 0.177734375 0.15234375
0 0.673828125 0.3388671875 0.1796875 0.169921875
1 0.6181640625 0.8291015625 0.013671875 0.013671875
0 0.5904933203125 0 0.598231677734375 0.006010150390625 0.6109391640625 0.020240490234375 0.650577466796875 0.01808748046875 0.6667651015625 0 0.5904933203125 0