1 0.96484375 0.6591796875 0.02734375 0.0234375
1 0.947265625 0.6494140625 0.005859375 0.0078125
1 0.939453125 0.6396484375 0.013671875 0.01171875
1 0.966796875 0.53125 0.06640625 0.07421875
1 0.8935546875 0.4736328125 0.033203125 0.052734375
1 0.888671875 0.5146484375 0.02734375 0.021484375
0 0.848985158203125 0.6601895859375 0.888914505859375 0.68932335546875 0.901686712890625 0.68359083203125 0.939713939453125 0.64040530859375 0.95663253125 0.623409697265625 0.944609806640625 0.57545809765625 0.93152033203125 0.524305880859375 0.913016828125 0.519448134765625 0.880634154296875 0.5224710546875 0.85328009375 0.525389318359375 0.840467705078125 0.5443810234375 0.82298567578125 0.596749494140625 0.823157873046875 0.6316118515625 0.848985158203125 0.6601895859375
0 0.904296875 0.3251953125 0.140625 0.166015625
1 0.8291015625 0.3896484375 0.01953125 0.033203125
1 0.826171875 0.326171875 0.009765625 0.009765625
1 0.9462890625 0.451171875 0.017578125 0.013671875
1 0.734375 0.6083984375 0.01171875 0.009765625
1 0.73046875 0.6669921875 0.0078125 0.01171875
1 0.6171875 0.578125 0.05078125 0.05078125
0 0.61585562890625 0.509757578125 0.604821369140625 0.540327708984375 0.61207753125 0.554988099609375 0.6282774765625 0.58137372265625 0.633747814453125 0.60015771484375 0.63572043359375 0.643688724609375 0.65947524609375 0.6593447734375 0.681629453125 0.659313626953125 0.712071806640625 0.637738119140625 0.7339739140625 0.582781919921875 0.732561357421875 0.55319344140625 0.705964091796875 0.515285484375 0.684237900390625 0.501341720703125 0.651166845703125 0.484329302734375 0.640042818359375 0.49041286328125 0.61585562890625 0.509757578125
1 0.583984375 0.4853515625 0.009765625 0.015625
1 0.6455078125 0.4189453125 0.0625 0.107421875
0 0.6666548046875 0.3915729140625 0.671317783203125 0.425140291015625 0.683228322265625 0.414952421875 0.721772341796875 0.3791891796875 0.743385029296875 0.362089208984375 0.745802189453125 0.3067507578125 0.737560419921875 0.27491007421875 0.716718494140625 0.246294171875 0.676877349609375 0.253149068359375 0.652994765625 0.26352286328125 0.63602562890625 0.300962810546875 0.63860858203125 0.338724875 0.65179118359375 0.367955724609375 0.6666548046875 0.3915729140625
1 0.603515625 0.45703125 0.01171875 0.013671875
1 0.58203125 0.4541015625 0.01171875 0.015625
1 0.53515625 0.4853515625 0.015625 0.0234375
1 0.52734375 0.578125 0.0078125 0.013671875
1 0.475072873046875 0.468646921875 0.46425009375 0.477540384765625 0.4724954296875 0.490269521484375 0.49440600390625 0.49517353515625 0.515053455078125 0.502046451171875 0.5288121796875 0.512091521484375 0.5342613671875 0.505906453125 0.532419517578125 0.48570487109375 0.519332537109375 0.46519940234375 0.4950567265625 0.46394911328125 0.475072873046875 0.468646921875
1 0.485576328125 0.48319093359375 0.478639064453125 0.498415015625 0.4914066328125 0.505377482421875 0.50247756640625 0.5320438203125 0.51141020703125 0.518647935546875 0.512848107421875 0.48772562890625 0.50546346875 0.479541974609375 0.485576328125 0.48319093359375
1 0.4482421875 0.50390625 0.013671875 0.0234375
1 0.4365234375 0.5 0.01953125 0.0390625
1 0.40625 0.525390625 0.0625 0.08203125
0 0.393174677734375 0.590852904296875 0.40522536328125 0.61632760546875 0.43315111328125 0.63536315625 0.4744609140625 0.64704298046875 0.508686341796875 0.623490197265625 0.531353625 0.5966751640625 0.52730452734375 0.5810378046875 0.518679806640625 0.545010302734375 0.49643619140625 0.513561935546875 0.476027466796875 0.50000848828125 0.454843064453125 0.515778359375 0.431189802734375 0.537659578125 0.41461611328125 0.5527348203125 0.39761165625 0.563698271484375 0.393174677734375 0.590852904296875
1 0.5517578125 0.619140625 0.009765625 0.009765625
1 0.4873046875 0.654296875 0.0078125 0.01171875
1 0.357421875 0.5 0.013671875 0.013671875
1 0.3974609375 0.4375 0.015625 0.017578125
1 0.3955078125 0.4189453125 0.013671875 0.0234375
1 0.41796875 0.4248046875 0.01171875 0.013671875
1 0.4794921875 0.3994140625 0.109375 0.107421875
0 0.4951171875 0.2734375 0.154296875 0.171875
1 0.3798828125 0.333984375 0.025390625 0.02734375
1 0.30859375 0.345703125 0.05859375 0.095703125
0 0.2939453125 0.2373046875 0.12890625 0.154296875
1 0.353515625 0.4326171875 0.013671875 0.029296875
1 0.3251953125 0.4306640625 0.0078125 0.005859375
1 0.33984375 0.427734375 0.005859375 0.01171875
1 0.3212890625 0.462890625 0.013671875 0.009765625
1 0.28515625 0.4658203125 0.009765625 0.01171875
1 0.3154296875 0.505859375 0.017578125 0.02734375
1 0.302734375 0.50390625 0.021484375 0.03125
1 0.30078125 0.546875 0.0390625 0.048828125
0 0.2488889609375 0.63275186328125 0.26987344921875 0.60999573046875 0.286163169921875 0.565438453125 0.29449280078125 0.5299986875 0.29139819921875 0.5055451875 0.26631352734375 0.484802013671875 0.24715721484375 0.4770605625 0.209919001953125 0.492644947265625 0.18615403515625 0.50144801953125 0.159187484375 0.54326134375 0.156336556640625 0.57679076171875 0.181699953125 0.603619412109375 0.2232555625 0.6278632109375 0.2488889609375 0.63275186328125
1 0.178974755859375 0.478410708984375 0.200589744140625 0.491267630859375 0.213901880859375 0.48638440234375 0.26256169921875 0.465502740234375 0.2958744765625 0.446137849609375 0.2936404296875 0.41492289453125 0.268747451171875 0.372776380859375 0.227519876953125 0.33399331640625 0.19056709375 0.33532736328125 0.16693076953125 0.36413592578125 0.149166798828125 0.398229892578125 0.14899419140625 0.434600046875 0.162112244140625 0.46076775 0.178974755859375 0.478410708984375
1 0.1650390625 0.3369140625 0.03125 0.041015625
1 0.10546875 0.3759765625 0.015625 0.017578125
0 0.0703125 0.2451171875 0.11328125 0.162109375
1 0.033203125 0.41796875 0.04296875 0.025390625
1 0.0166015625 0.396484375 0.013671875 0.01953125
1 0.1318359375 0.4189453125 0.013671875 0.01953125
0 0.060546875 0.5419921875 0.12109375 0.150390625
1 0.2548828125 0.6884765625 0.025390625 0.029296875