0 0.0283203125 0.3330078125 0.056640625 0.103515625
1 0.04296875 0.4033203125 0.0703125 0.056640625
1 0.013671875 0.427734375 0.02734375 0.03125
1 0.0810546875 0.4208984375 0.013671875 0.021484375
1 0.0126953125 0.474609375 0.025390625 0.0546875
1 0.0107421875 0.5693359375 0.013671875 0.02734375
0 0.013223025390625 0.652012580078125 0.019174599609375 0.6688110546875 0.04645027734375 0.6714795078125 0.074151283203125 0.657615123046875 0.084584587890625 0.6318815 0.092755427734375 0.604232673828125 0.09580074609375 0.565110142578125 0.087700287109375 0.5561275703125 0.06459484375 0.554520390625 0.039749275390625 0.56216148828125 0.00774657421875 0.599907615234375 0.008922998046875 0.611100541015625 0.013223025390625 0.652012580078125
1 0.1162109375 0.5302734375 0.052734375 0.0546875
1 0.154296875 0.5712890625 0.10546875 0.1015625
1 0.1123046875 0.470703125 0.013671875 0.013671875
1 0.123046875 0.4912109375 0.015625 0.021484375
1 0.14453125 0.4453125 0.01953125 0.01953125
1 0.1240234375 0.3125 0.013671875 0.017578125
0 0.189453125 0.3251953125 0.134765625 0.169921875
1 0.255859375 0.3212890625 0.017578125 0.017578125
1 0.2724609375 0.2744140625 0.01171875 0.01171875
1 0.2001953125 0.46484375 0.08984375 0.142578125
1 0.287109375 0.4384765625 0.080078125 0.091796875
1 0.2783203125 0.533203125 0.064453125 0.103515625
0 0.259436826171875 0.55447908984375 0.252462982421875 0.525073734375 0.24669550390625 0.50768250390625 0.23302058984375 0.5308873828125 0.212822529296875 0.543481904296875 0.20110258984375 0.55700859765625 0.201748626953125 0.5867711171875 0.207663931640625 0.621113791015625 0.22443320703125 0.638630056640625 0.250355318359375 0.636171021484375 0.275805845703125 0.623429341796875 0.292412333984375 0.607268783203125 0.2775483671875 0.58228346875 0.259436826171875 0.55447908984375
1 0.3056640625 0.5146484375 0.015625 0.021484375
1 0.3701171875 0.4345703125 0.013671875 0.0234375
1 0.3154296875 0.3662109375 0.033203125 0.044921875
1 0.3388671875 0.2900390625 0.009765625 0.013671875
0 0.419622576171875 0.379203873046875 0.436618310546875 0.34981771484375 0.442174458984375 0.318364404296875 0.436681732421875 0.3048502421875 0.422760591796875 0.28912943359375 0.39517329296875 0.26793382421875 0.375327283203125 0.266066501953125 0.34506866796875 0.27049302734375 0.344727275390625 0.280558046875 0.331247560546875 0.307791404296875 0.330901353515625 0.334644498046875 0.345520970703125 0.379216744140625 0.356904763671875 0.410554046875 0.369056330078125 0.41018243359375 0.40043713671875 0.395239078125 0.419622576171875 0.379203873046875
1 0.3515625 0.2265625 0.01171875 0.01171875
1 0.44140625 0.46875 0.07421875 0.08203125
0 0.4111328125 0.5693359375 0.1015625 0.16796875
1 0.478515625 0.5830078125 0.02734375 0.041015625
1 0.5107421875 0.5986328125 0.052734375 0.087890625
1 0.51171875 0.439453125 0.03125 0.046875
1 0.484375 0.4306640625 0.009765625 0.013671875
1 0.439453125 0.421875 0.009765625 0.01171875
1 0.5361328125 0.41796875 0.005859375 0.01171875
1 0.5341796875 0.4306640625 0.005859375 0.01171875
1 0.556640625 0.453125 0.037109375 0.046875
0 0.59375 0.5546875 0.119140625 0.146484375
1 0.69140625 0.4208984375 0.04296875 0.048828125
1 0.7099609375 0.5234375 0.0234375 0.0234375
1 0.776531626953125 0.50592157421875 0.79168500390625 0.48297711328125 0.793220333984375 0.451269958984375 0.798083751953125 0.40799219921875 0.781246134765625 0.400292837890625 0.761751041015625 0.4020496953125 0.736870470703125 0.4124633046875 0.7175966796875 0.423202884765625 0.703314115234375 0.44162980859375 0.69132378125 0.457782826171875 0.701381130859375 0.482131373046875 0.73455625 0.507261462890625 0.759893650390625 0.514066251953125 0.776531626953125 0.50592157421875
0 0.8252623203125 0.645255515625 0.844550818359375 0.613712984375 0.858167220703125 0.59239085546875 0.856362615234375 0.562712529296875 0.848703236328125 0.53282279296875 0.827929060546875 0.49689963671875 0.814724455078125 0.479155392578125 0.782615630859375 0.480537189453125 0.782325923828125 0.48057491015625 0.7617041328125 0.503748626953125 0.745858193359375 0.52083907421875 0.742608818359375 0.5492398828125 0.74249925390625 0.593076302734375 0.74758501953125 0.618791130859375 0.789863888671875 0.6429425546875 0.8252623203125 0.645255515625
1 0.8447265625 0.509765625 0.01953125 0.021484375
1 0.8203125 0.4267578125 0.05078125 0.080078125
1 0.798828125 0.451171875 0.01171875 0.01171875
1 0.79296875 0.3662109375 0.009765625 0.01171875
1 0.8818359375 0.4970703125 0.037109375 0.03515625
0 0.94921875 0.53125 0.1015625 0.15625
1 0.9580078125 0.421875 0.0390625 0.05859375
1 0.732421875 0.30078125 0.021484375 0.033203125
0 0.843732580078125 0.28938848828125 0.84365657421875 0.24458235546875 0.830056478515625 0.223092537109375 0.8092994453125 0.198543552734375 0.799654818359375 0.19226541796875 0.776953583984375 0.201805041015625 0.751317400390625 0.20680283203125 0.717935111328125 0.221682580078125 0.717804498046875 0.222187279296875 0.716439484375 0.24752179296875 0.7284990390625 0.277883716796875 0.746989974609375 0.30767150390625 0.764039267578125 0.31453882421875 0.797216083984375 0.329460173828125 0.83383639453125 0.314557712890625 0.843732580078125 0.28938848828125
1 0.8330078125 0.35546875 0.072265625 0.064453125
1 0.876953125 0.4306640625 0.0703125 0.1015625
1 0.92578125 0.3671875 0.064453125 0.076171875
1 0.8818359375 0.3046875 0.09765625 0.150390625
0 0.9482421875 0.271484375 0.078125 0.17578125
1 0.8193359375 0.1962890625 0.01171875 0.01953125
0 0.5869140625 0.2861328125 0.12890625 0.15625
1 0.490234375 0.291015625 0.01953125 0.01953125
1 0.6376953125 0.201171875 0.021484375 0.0234375
1 0.673828125 0.330078125 0.009765625 0.01171875
1 0.46484375 0.423828125 0.005859375 0.009765625