0 0.0771484375 0.4482421875 0.154296875 0.193359375
1 0.19140625 0.376953125 0.037109375 0.037109375
1 0.15625 0.5791015625 0.0078125 0.009765625
1 0.033203125 0.61328125 0.0234375 0.021484375
1 0.173828125 0.583984375 0.0078125 0.005859375
1 0.1640625 0.6103515625 0.01171875 0.01953125
1 0.052734375 0.7861328125 0.021484375 0.0234375
0 0.134594759765625 0.640560560546875 0.10053603515625 0.636456662109375 0.048630142578125 0.62812863671875 0.03906183203125 0.65386355078125 0.03750657421875 0.677511478515625 0.024592197265625 0.694619873046875 0.02791230859375 0.71558223046875 0.03572658203125 0.764919611328125 0.0479770234375 0.77437725390625 0.081292603515625 0.786722353515625 0.1165918046875 0.813419521484375 0.131216517578125 0.8013440078125 0.148562171875 0.77261190234375 0.1613737734375 0.731025697265625 0.154442046875 0.711869755859375 0.136062470703125 0.70228275 0.130248623046875 0.691405884765625 0.1485631640625 0.670640771484375 0.146443857421875 0.644333982421875 0.134594759765625 0.640560560546875
1 0.194207087890625 0.671628056640625 0.156485080078125 0.65674306640625 0.14383836328125 0.66697946875 0.131244736328125 0.688338365234375 0.134547083984375 0.706804234375 0.15903245703125 0.72240635546875 0.158669521484375 0.7425131953125 0.15207823046875 0.77865573828125 0.176129423828125 0.802253296875 0.2030065546875 0.80094122265625 0.217975626953125 0.763078107421875 0.211660853515625 0.690846234375 0.194207087890625 0.671628056640625
1 0.2900390625 0.814453125 0.025390625 0.02734375
1 0.301933365234375 0.756379708984375 0.298457017578125 0.770116498046875 0.298956955078125 0.77012276171875 0.315822927734375 0.778744095703125 0.32072921484375 0.8087963359375 0.32667525 0.834994451171875 0.33566757421875 0.84539078125 0.34357591015625 0.828033130859375 0.34695671484375 0.79375858984375 0.370758908203125 0.77510578125 0.365111408203125 0.751674009765625 0.3376703984375 0.736601046875 0.316157005859375 0.7450955390625 0.301933365234375 0.756379708984375
0 0.305004560546875 0.760597400390625 0.327157078125 0.742735337890625 0.3494827890625 0.741652822265625 0.370725669921875 0.728899869140625 0.382972099609375 0.689496611328125 0.365674349609375 0.63953731640625 0.34504514453125 0.62998771875 0.309232603515625 0.60585132421875 0.290472123046875 0.609018 0.2901794375 0.646901798828125 0.280513232421875 0.6634133359375 0.267133130859375 0.66640378515625 0.247455794921875 0.663507087890625 0.237293859375 0.66889757421875 0.224666490234375 0.6907226171875 0.241594822265625 0.716839880859375 0.26948451953125 0.7583362265625 0.28876517578125 0.79668271484375 0.287469783203125 0.79910338671875 0.298338091796875 0.78365720703125 0.305004560546875 0.760597400390625
1 0.359375 0.4013671875 0.02734375 0.048828125
1 0.390625 0.419921875 0.01171875 0.015625
1 0.41796875 0.5478515625 0.0234375 0.025390625
1 0.4733234140625 0.595516873046875 0.45146842578125 0.56866171875 0.4158205 0.558483451171875 0.402588548828125 0.542684294921875 0.420284076171875 0.533415146484375 0.44771446484375 0.524779974609375 0.44046831640625 0.484484681640625 0.393316642578125 0.47350095703125 0.35182984765625 0.478053150390625 0.308833158203125 0.47537709375 0.299554732421875 0.52722638671875 0.3009681171875 0.5646538203125 0.30621328125 0.581188498046875 0.333053697265625 0.578914865234375 0.369099818359375 0.577604677734375 0.405943255859375 0.581819869140625 0.442029892578125 0.600497693359375 0.465144322265625 0.602444138671875 0.4733234140625 0.595516873046875
1 0.217211724609375 0.49430882421875 0.233145400390625 0.4936985625 0.249934376953125 0.483828396484375 0.241327037109375 0.4619685859375 0.223983970703125 0.44900555078125 0.2097413828125 0.45347227734375 0.20700509375 0.4801834453125 0.217211724609375 0.49430882421875
1 0.248309361328125 0.460223375 0.26608020703125 0.455483154296875 0.252274943359375 0.44008149609375 0.248070619140625 0.426895943359375 0.242033392578125 0.4064875234375 0.217441060546875 0.414595375 0.231242380859375 0.447450060546875 0.248309361328125 0.460223375
0 0.230798529296875 0.3420994921875 0.22150660546875 0.358069591796875 0.22054140625 0.35967047265625 0.24063340234375 0.406318650390625 0.2488187109375 0.432334515625 0.27279398046875 0.449773658203125 0.291062265625 0.465016216796875 0.3054853984375 0.47082937890625 0.333511357421875 0.460419943359375 0.347722189453125 0.4171625859375 0.341023072265625 0.384179384765625 0.295621416015625 0.35809660546875 0.255985060546875 0.3322954140625 0.230798529296875 0.3420994921875
1 0.4462890625 0.4453125 0.021484375 0.0234375
0 0.43260450390625 0.343138666015625 0.42369747265625 0.38484037109375 0.424393673828125 0.40182241015625 0.456468279296875 0.4241064609375 0.464386572265625 0.466709154296875 0.48218980859375 0.475395654296875 0.5152825625 0.469405095703125 0.5337725625 0.432038666015625 0.5422932421875 0.392297806640625 0.5380171953125 0.36170173046875 0.509357501953125 0.338161197265625 0.475006271484375 0.32004313671875 0.452467375 0.32247468359375 0.43260450390625 0.343138666015625
1 0.546875 0.52734375 0.01171875 0.015625
1 0.5029296875 0.533203125 0.01171875 0.017578125
1 0.5712890625 0.4130859375 0.01171875 0.017578125
1 0.5927734375 0.3935546875 0.009765625 0.009765625
1 0.6015625 0.423828125 0.015625 0.015625
1 0.654296875 0.533203125 0.013671875 0.015625
1 0.6787109375 0.4970703125 0.017578125 0.015625
0 0.487981755859375 0.6020419609375 0.483988943359375 0.662971966796875 0.483519939453125 0.70299391015625 0.51347414453125 0.71660837109375 0.54768123828125 0.73424268359375 0.5694691484375 0.7317515625 0.590901900390625 0.6939480390625 0.5989549375 0.670018619140625 0.6041836953125 0.610765048828125 0.59757171484375 0.5897045859375 0.5557049765625 0.590940302734375 0.53376140234375 0.58283175 0.512971486328125 0.5813929609375 0.487981755859375 0.6020419609375
1 0.536022693359375 0.53636617578125 0.507545892578125 0.51989787109375 0.50543525 0.53952623828125 0.513973494140625 0.572221203125 0.539083109375 0.59058690625 0.56464333984375 0.58653093359375 0.57526393359375 0.548126734375 0.564903380859375 0.537509193359375 0.536022693359375 0.53636617578125
1 0.63671875 0.6650390625 0.01171875 0.01171875
1 0.66796875 0.7216796875 0.009765625 0.01171875
1 0.6787109375 0.689453125 0.0078125 0.01171875
1 0.7099609375 0.568359375 0.013671875 0.009765625
0 0.84312194140625 0.680276564453125 0.841183025390625 0.60895373828125 0.830297916015625 0.573240095703125 0.817656064453125 0.567091404296875 0.793378716796875 0.550165484375 0.766925513671875 0.54834503125 0.72350871875 0.56627466015625 0.698815474609375 0.577047328125 0.672637095703125 0.601549625 0.663030919921875 0.627847462890625 0.69650541015625 0.677994154296875 0.7338374453125 0.7143253671875 0.7681298671875 0.72569943359375 0.826983720703125 0.70204428515625 0.84312194140625 0.680276564453125
1 0.791015625 0.5146484375 0.013671875 0.013671875
1 0.8017578125 0.498046875 0.01953125 0.0234375
1 0.8681640625 0.6240234375 0.029296875 0.029296875
1 0.751953125 0.4140625 0.046875 0.04296875
1 0.7421875 0.3662109375 0.015625 0.0234375
1 0.7333984375 0.3388671875 0.015625 0.01953125
1 0.6083984375 0.373046875 0.009765625 0.01171875
0 0.664875615234375 0.425337525390625 0.69337315625 0.442782125 0.7127351015625 0.440580638671875 0.7247568671875 0.383299759765625 0.727230380859375 0.32559490625 0.704088974609375 0.29387623046875 0.659427748046875 0.262360201171875 0.63152944140625 0.28426177734375 0.609096822265625 0.375447537109375 0.611400677734375 0.39950196875 0.64376065625 0.40413736328125 0.664875615234375 0.425337525390625
1 0.587890625 0.291015625 0.013671875 0.013671875
1 0.736328125 0.2919921875 0.01171875 0.01171875
1 0.79296875 0.3203125 0.013671875 0.013671875
1 0.8173828125 0.4697265625 0.04296875 0.078125
1 0.83203125 0.3896484375 0.056640625 0.041015625
1 0.837890625 0.3564453125 0.021484375 0.025390625
0 0.8916015625 0.3203125 0.119140625 0.193359375
1 0.9384765625 0.5 0.046875 0.04296875
1 0.91796875 0.4736328125 0.017578125 0.021484375
1 0.942445494140625 0.47691591796875 0.961263521484375 0.480557521484375 0.96891046484375 0.46499596875 0.93718915234375 0.43895278125 0.914199986328125 0.417797703125 0.876389451171875 0.414896837890625 0.849411794921875 0.413897951171875 0.82663476953125 0.421184244140625 0.828689423828125 0.429005203125 0.853576017578125 0.45199591796875 0.87002228515625 0.4748021953125 0.89734694140625 0.5035115859375 0.9109517109375 0.519273056640625 0.917415013671875 0.507712013671875 0.909912162109375 0.47139553515625 0.9178123515625 0.4700771328125 0.942445494140625 0.47691591796875
0 0.93359375 0.6123046875 0.1328125 0.212890625