0 0.8896484375 0.6376953125 0.138671875 0.19921875
1 0.8232421875 0.5849609375 0.017578125 0.015625
1 0.7705078125 0.5166015625 0.01953125 0.01953125
1 0.8642578125 0.486328125 0.013671875 0.03125
1 0.9287109375 0.50390625 0.03125 0.033203125
0 0.90625 0.361328125 0.16796875 0.197265625
0 0.7119140625 0.3310546875 0.146484375 0.185546875
0 0.6826171875 0.640625 0.125 0.146484375
1 0.5634765625 0.373046875 0.02734375 0.04296875
1 0.6201171875 0.33984375 0.01171875 0.015625
0 0.470703125 0.3232421875 0.12890625 0.16796875
1 0.328125 0.283203125 0.01171875 0.021484375
0 0.310531423828125 0.25915174609375 0.274720296875 0.24398353515625 0.247797869140625 0.252902166015625 0.232183689453125 0.2727421640625 0.23022076171875 0.316769666015625 0.240688240234375 0.356482994140625 0.2622532734375 0.3589775 0.3067091953125 0.335543748046875 0.343968228515625 0.31238668359375 0.32972201171875 0.292786369140625 0.310531423828125 0.25915174609375
0 0.0771484375 0.2880859375 0.130859375 0.16015625
0 0.048828125 0.5712890625 0.09765625 0.162109375
1 0.1240234375 0.46484375 0.0234375 0.01953125
0 0.208984375 0.5673828125 0.15234375 0.18359375
1 0.255859375 0.443359375 0.01953125 0.01953125
0 0.4609375 0.6201171875 0.10546875 0.1328125