0 0.7880859375 0.0751953125 0.109375 0.09765625
1 0.84765625 0.052734375 0.013671875 0.015625
1 0.8486328125 0.07421875 0.0234375 0.017578125
1 0.78515625 0.15234375 0.015625 0.01171875
1 0.7685546875 0.15234375 0.013671875 0.01171875
1 0.6708984375 0.0546875 0.01953125 0.015625
1 0.78125 0.1904296875 0.015625 0.013671875
0 0.79639498046875 0.298894732421875 0.81705719140625 0.28110425390625 0.82708334375 0.266184833984375 0.836696865234375 0.246513912109375 0.836944712890625 0.230160650390625 0.821096498046875 0.21658926953125 0.803728189453125 0.21029337109375 0.786406291015625 0.20796244140625 0.776268388671875 0.207646900390625 0.76507196875 0.214033087890625 0.741710435546875 0.224267783203125 0.72886050390625 0.2347819140625 0.7290404140625 0.247107263671875 0.736520962890625 0.2706480859375 0.748608869140625 0.295068921875 0.75875085546875 0.301949740234375 0.773157734375 0.305317513671875 0.79639498046875 0.298894732421875
1 0.74232630859375 0.120877595703125 0.679042431640625 0.115010421875 0.6146186875 0.129091177734375 0.591898552734375 0.134982556640625 0.58741206640625 0.151805654296875 0.584158791015625 0.1854143984375 0.61117899609375 0.224237962890625 0.636715513671875 0.227946482421875 0.67053263671875 0.2241555625 0.7018956875 0.1993258828125 0.7279718125 0.165300818359375 0.751755859375 0.1268236953125 0.74232630859375 0.120877595703125
1 0.56780321875 0.161304046875 0.60838378515625 0.159817595703125 0.65000707421875 0.13787843359375 0.669559455078125 0.11475251953125 0.6730596328125 0.103251634765625 0.669124591796875 0.085163103515625 0.63913651953125 0.076011296875 0.591962666015625 0.087914634765625 0.564337158203125 0.11714701171875 0.550002212890625 0.13715378515625 0.56780321875 0.161304046875
1 0.62904151953125 0.053811861328125 0.603572466796875 0.017646185546875 0.582766814453125 0.00640757421875 0.544874349609375 0.00175496484375 0.511345400390625 0.005763369140625 0.4815777109375 0.022062623046875 0.443231517578125 0.056741537109375 0.418113970703125 0.0973173828125 0.43122502734375 0.112240185546875 0.49402606640625 0.131835880859375 0.5275547734375 0.138205931640625 0.563393876953125 0.1483589765625 0.59933871875 0.140514234375 0.60957423046875 0.11519061328125 0.628679857421875 0.08342403125 0.62904151953125 0.053811861328125
0 0.50390625 0.1962890625 0.146484375 0.140625
1 0.580078125 0.244140625 0.03515625 0.03515625
1 0.611328125 0.2587890625 0.033203125 0.029296875
1 0.626953125 0.2841796875 0.015625 0.01953125
1 0.5078125 0.30078125 0.017578125 0.017578125
1 0.7734375 0.3310546875 0.013671875 0.009765625
1 0.7568359375 0.3447265625 0.009765625 0.0078125
1 0.484375 0.3564453125 0.017578125 0.01171875
1 0.7919921875 0.52734375 0.013671875 0.009765625
1 0.7568359375 0.544921875 0.013671875 0.009765625
1 0.427734375 0.4814453125 0.029296875 0.01953125
1 0.45703125 0.505859375 0.013671875 0.01171875
0 0.467237537109375 0.355212916015625 0.41862134765625 0.352837552734375 0.39162240234375 0.377367673828125 0.38840265625 0.4153010234375 0.391920751953125 0.451928759765625 0.399844666015625 0.4596113203125 0.442823951171875 0.4831634765625 0.478747810546875 0.50846850390625 0.47990632421875 0.508208765625 0.502140919921875 0.489810111328125 0.526765900390625 0.472965578125 0.540672001953125 0.4493137890625 0.543404755859375 0.427057294921875 0.531120275390625 0.396026365234375 0.524234052734375 0.382056533203125 0.49592992578125 0.36421565234375 0.467237537109375 0.355212916015625
1 0.5615234375 0.482421875 0.01171875 0.01171875
1 0.5927734375 0.5 0.013671875 0.01171875
0 0.7724609375 0.4521484375 0.177734375 0.150390625
1 0.6572265625 0.494140625 0.083984375 0.091796875
1 0.71875 0.53515625 0.013671875 0.005859375
1 0.71875 0.5625 0.013671875 0.01171875
1 0.73046875 0.576171875 0.017578125 0.01171875
1 0.7177734375 0.572265625 0.005859375 0.005859375
1 0.7158203125 0.5830078125 0.009765625 0.0078125
1 0.7080078125 0.591796875 0.009765625 0.0078125
1 0.75 0.623046875 0.01171875 0.0078125
1 0.595703125 0.6220703125 0.01171875 0.009765625
1 0.505859375 0.578125 0.01953125 0.015625
1 0.4697265625 0.5888671875 0.01171875 0.01171875
1 0.412109375 0.5869140625 0.021484375 0.01953125
1 0.4228515625 0.7021484375 0.013671875 0.01171875
1 0.4365234375 0.71484375 0.01171875 0.01171875
1 0.4169921875 0.7236328125 0.013671875 0.009765625
0 0.49193539453125 0.586633955078125 0.4617380390625 0.59050401171875 0.4285728515625 0.592912798828125 0.39493676953125 0.603806359375 0.386019435546875 0.620992787109375 0.38175011328125 0.646533634765625 0.385151845703125 0.6639499453125 0.40649442578125 0.68386975 0.4301300703125 0.6993201640625 0.451355427734375 0.71069756640625 0.464847951171875 0.714735630859375 0.48369308984375 0.71464262109375 0.515159208984375 0.704119423828125 0.52758298828125 0.693227736328125 0.528273662109375 0.69282605859375 0.524737244140625 0.66331952734375 0.534516884765625 0.6297614453125 0.5347036640625 0.59600940625 0.52385510546875 0.58890791015625 0.49193539453125 0.586633955078125
0 0.7392578125 0.6845703125 0.111328125 0.064453125
1 0.74609375 0.728515625 0.07421875 0.044921875
1 0.6630859375 0.728515625 0.013671875 0.009765625
1 0.6650390625 0.8251953125 0.0234375 0.017578125
1 0.5947265625 0.8046875 0.01953125 0.017578125
1 0.5400390625 0.8603515625 0.01171875 0.01171875
1 0.546875 0.896484375 0.029296875 0.013671875
0 0.388671875 0.865234375 0.111328125 0.107421875
1 0.5537109375 0.9755859375 0.107421875 0.048828125
0 0.716796875 0.9140625 0.140625 0.126953125
1 0.625 0.90625 0.01171875 0.01171875
1 0.630859375 0.8544921875 0.01171875 0.01171875