0 0.396484375 0.099609375 0.1875 0.1220703125
1 0.443359375 0.1708984375 0.013671875 0.015625
1 0.5068359375 0.2294921875 0.0185546875 0.0185546875
1 0.544921875 0.138671875 0.03125 0.0107421875
1 0.533203125 0.072265625 0.03125 0.0283203125
0 0.673828125 0.107421875 0.185546875 0.1533203125
0 0.6865234375 0.3037109375 0.173828125 0.130859375
0 0.3759765625 0.3056640625 0.1376953125 0.1142578125
1 0.6318359375 0.4482421875 0.041015625 0.0234375
1 0.669921875 0.39453125 0.015625 0.0107421875
0 0.673828125 0.544921875 0.1591796875 0.115234375
1 0.701171875 0.6904296875 0.021484375 0.0107421875
0 0.64698404296875 0.70688858203125 0.619764875 0.74913294921875 0.62037037109375 0.77083333203125 0.65902027734375 0.78472222265625 0.703051322265625 0.786604013671875 0.7241766875 0.772778419921875 0.73540782421875 0.74673575 0.723418478515625 0.709738900390625 0.691584416015625 0.68768988671875 0.673300326171875 0.6717896015625 0.64698404296875 0.70688858203125
0 0.673828125 0.939453125 0.150390625 0.1201171875
0 0.388671875 0.9501953125 0.1533203125 0.099609375
1 0.501953125 0.8779296875 0.017578125 0.021484375
0 0.4072265625 0.7841796875 0.171875 0.138671875
1 0.53515625 0.748046875 0.0185546875 0.017578125
0 0.376953125 0.5283203125 0.125 0.095703125