0 0.556640625 0.8876953125 0.177734375 0.1640625
1 0.3974609375 0.849609375 0.033203125 0.029296875
1 0.3447265625 0.9033203125 0.1328125 0.087890625
0 0.310475265625 0.8072516484375 0.3023020546875 0.79060553515625 0.27053110546875 0.780472271484375 0.22036994140625 0.785964787109375 0.177103494140625 0.79602665625 0.162514771484375 0.826456875 0.154615146484375 0.89699023828125 0.1965171796875 0.926638669921875 0.21923380859375 0.93936458203125 0.267752451171875 0.9446452890625 0.29790530859375 0.9424146640625 0.29608802734375 0.922900955078125 0.288635431640625 0.899781384765625 0.286537916015625 0.875417361328125 0.3237460234375 0.864035896484375 0.34963024609375 0.8501274765625 0.3495899296875 0.84868112890625 0.312530056640625 0.82965357421875 0.310475265625 0.8072516484375
1 0.41015625 0.8076171875 0.017578125 0.0234375
1 0.3994140625 0.7900390625 0.01171875 0.013671875
1 0.4453125 0.751953125 0.013671875 0.01171875
1 0.421875 0.7275390625 0.01171875 0.01171875
1 0.41796875 0.7490234375 0.017578125 0.017578125
1 0.4501953125 0.69140625 0.015625 0.015625
1 0.4560546875 0.677734375 0.015625 0.01953125
1 0.466796875 0.6630859375 0.02734375 0.01953125
1 0.40625 0.7041015625 0.013671875 0.009765625
1 0.4209212265625 0.677511552734375 0.45125417578125 0.660625349609375 0.476285236328125 0.642225828125 0.48871682421875 0.629149771484375 0.4817534921875 0.61848656640625 0.461172193359375 0.6136202890625 0.419285349609375 0.61108476171875 0.374100912109375 0.615057224609375 0.35406504296875 0.632265904296875 0.355467912109375 0.636772447265625 0.369761720703125 0.64259940234375 0.3739392734375 0.650141982421875 0.3807918359375 0.665460306640625 0.375610857421875 0.69666562109375 0.38822591796875 0.7005920625 0.40310662890625 0.69532308203125 0.4209212265625 0.677511552734375
0 0.21296337109375 0.59796655859375 0.198738025390625 0.650723119140625 0.217991423828125 0.668796166015625 0.2728613984375 0.688332408203125 0.324293099609375 0.688418025390625 0.374610916015625 0.67017330078125 0.36912223046875 0.640151041015625 0.35258353125 0.627406919921875 0.3517251484375 0.59937407421875 0.3218438125 0.548435228515625 0.283957427734375 0.542452650390625 0.23456096875 0.5645153125 0.21296337109375 0.59796655859375
1 0.4013671875 0.576171875 0.072265625 0.05078125
1 0.4638671875 0.6064453125 0.015625 0.017578125
1 0.4521484375 0.572265625 0.04296875 0.037109375
1 0.47365333203125 0.568334255859375 0.46970328125 0.60072529296875 0.4804363671875 0.6114368828125 0.501717796875 0.595478478515625 0.5174749921875 0.56346385546875 0.542301908203125 0.563293109375 0.58077577734375 0.56688987890625 0.580604453125 0.541998970703125 0.557163873046875 0.506301248046875 0.537418580078125 0.4883882265625 0.512460548828125 0.493659263671875 0.48528218359375 0.508346037109375 0.4612435703125 0.496157146484375 0.425124810546875 0.472842392578125 0.407476775390625 0.4779149375 0.40427081640625 0.507370474609375 0.4118968125 0.535338736328125 0.424137279296875 0.554251435546875 0.442974478515625 0.55780478125 0.47027592578125 0.5598034140625 0.47365333203125 0.568334255859375
0 0.587890625 0.671875 0.1640625 0.1328125
1 0.4599609375 0.466796875 0.017578125 0.015625
1 0.4560546875 0.4482421875 0.01953125 0.013671875
1 0.486328125 0.4765625 0.01171875 0.013671875
1 0.5068359375 0.43359375 0.033203125 0.037109375
0 0.65234375 0.4375 0.162109375 0.13671875
1 0.4814453125 0.2451171875 0.02734375 0.0234375
1 0.5068359375 0.326171875 0.017578125 0.015625
1 0.4750446796875 0.285129052734375 0.44729348046875 0.2765424140625 0.385547947265625 0.2766719453125 0.370726740234375 0.292668798828125 0.364484841796875 0.3045924765625 0.380608224609375 0.335157423828125 0.39754093359375 0.34678657421875 0.4169224375 0.37091116796875 0.44208248046875 0.382884619140625 0.48427044921875 0.365530513671875 0.510801787109375 0.345990724609375 0.513743185546875 0.335079703125 0.49375389453125 0.3287748359375 0.4830577109375 0.307378767578125 0.4750446796875 0.285129052734375
0 0.371556115234375 0.329475419921875 0.328752478515625 0.313427990234375 0.300025681640625 0.30458554296875 0.260322208984375 0.32451248828125 0.230600814453125 0.34634874609375 0.2281791875 0.3783424609375 0.240000271484375 0.402480220703125 0.269718173828125 0.4256281171875 0.284071443359375 0.450940021484375 0.34249352734375 0.454687947265625 0.358881626953125 0.44623357421875 0.386656263671875 0.411849228515625 0.382077466796875 0.393104193359375 0.3813733046875 0.367746322265625 0.404605474609375 0.350288654296875 0.371556115234375 0.329475419921875
1 0.2705078125 0.279296875 0.0390625 0.033203125
0 0.365234375 0.17578125 0.158203125 0.13671875
1 0.4912109375 0.1875 0.0234375 0.01953125
1 0.501953125 0.162109375 0.013671875 0.01171875
1 0.53515625 0.1455078125 0.021484375 0.01953125
1 0.64453125 0.15234375 0.017578125 0.017578125
0 0.729129728515625 0.25772821875 0.756833958984375 0.232925224609375 0.7715805859375 0.212994619140625 0.746137732421875 0.172822390625 0.707031837890625 0.148596439453125 0.665611435546875 0.138355896484375 0.649660234375 0.145599568359375 0.6452009609375 0.158096955078125 0.62733339453125 0.172147255859375 0.5954540546875 0.204434015625 0.586914564453125 0.21592731640625 0.603848396484375 0.234545115234375 0.638148677734375 0.266888525390625 0.66333202734375 0.286358384765625 0.69200342578125 0.2838768671875 0.729129728515625 0.25772821875
1 0.6259765625 0.3017578125 0.01171875 0.01171875
1 0.6328125 0.0693359375 0.013671875 0.01171875
1 0.5634765625 0.03125 0.02734375 0.017578125