0 0.03515625 0.4228515625 0.0703125 0.119140625
0 0.1865234375 0.4130859375 0.130859375 0.126953125
1 0.4287109375 0.388671875 0.041015625 0.080078125
1 0.392578125 0.56640625 0.07421875 0.06640625
1 0.423828125 0.5009765625 0.01953125 0.021484375
1 0.4912109375 0.353515625 0.013671875 0.017578125
1 0.5048828125 0.353515625 0.009765625 0.015625
1 0.4853515625 0.4013671875 0.013671875 0.01953125
1 0.50390625 0.4052734375 0.005859375 0.01953125
1 0.5302734375 0.4208984375 0.03515625 0.044921875
0 0.559567685546875 0.4412274765625 0.5943707578125 0.45621463671875 0.61937129296875 0.436087271484375 0.63718547265625 0.374775794921875 0.629467919921875 0.330545076171875 0.588884859375 0.286776056640625 0.55212432421875 0.289321181640625 0.504317412109375 0.319460439453125 0.512622099609375 0.376751958984375 0.538211607421875 0.406206091796875 0.559567685546875 0.4412274765625
1 0.703125 0.4052734375 0.03125 0.041015625
1 0.7158203125 0.3515625 0.01953125 0.015625
1 0.6845703125 0.4130859375 0.009765625 0.01953125
1 0.5400390625 0.5146484375 0.025390625 0.01953125
1 0.4619140625 0.5107421875 0.009765625 0.013671875
1 0.3984375 0.49609375 0.013671875 0.01953125
1 0.412109375 0.5185546875 0.0078125 0.013671875
0 0.9365234375 0.3974609375 0.125 0.15625
1 0.8720703125 0.4052734375 0.013671875 0.015625
0 0.962890625 0.634765625 0.07421875 0.14453125
1 0.8798828125 0.6494140625 0.04296875 0.091796875
1 0.8408203125 0.666015625 0.048828125 0.099609375
1 0.728515625 0.6162109375 0.009765625 0.013671875
1 0.70703125 0.626953125 0.02734375 0.037109375
1 0.6455078125 0.6484375 0.009765625 0.015625
1 0.6591796875 0.63671875 0.015625 0.03125
1 0.53125 0.689453125 0.015625 0.015625
0 0.5112127734375 0.64728940234375 0.54368845703125 0.69103456640625 0.569406251953125 0.72761628125 0.611484126953125 0.739930466796875 0.636301810546875 0.71384266796875 0.6523866484375 0.665072583984375 0.631472783203125 0.634143255859375 0.6002425703125 0.598985880859375 0.5683200859375 0.586563337890625 0.553553830078125 0.587268958984375 0.521899916015625 0.623909841796875 0.5112127734375 0.64728940234375
1 0.4990234375 0.638671875 0.013671875 0.01953125
1 0.4755859375 0.6201171875 0.021484375 0.025390625
1 0.462890625 0.646484375 0.01171875 0.013671875
1 0.4365234375 0.6240234375 0.0078125 0.009765625
1 0.263671875 0.650390625 0.013671875 0.01953125
1 0.1337890625 0.6708984375 0.015625 0.01953125
0 0.141477833984375 0.625344453125 0.14091044140625 0.665373677734375 0.133115884765625 0.681050984375 0.115611859375 0.699364521484375 0.120733705078125 0.728707376953125 0.1455988046875 0.744860220703125 0.186578353515625 0.743915814453125 0.214471501953125 0.731779029296875 0.22901001171875 0.700706314453125 0.231240033203125 0.64771826953125 0.210445431640625 0.62258511328125 0.171055447265625 0.6027582890625 0.141477833984375 0.625344453125
1 0.1015625 0.58203125 0.052734375 0.044921875
1 0.06640625 0.607421875 0.0234375 0.02734375
1 0.09375 0.6513671875 0.009765625 0.013671875
1 0.2255859375 0.55859375 0.013671875 0.017578125
1 0.2138671875 0.5732421875 0.009765625 0.01171875
1 0.2060546875 0.5771484375 0.0078125 0.009765625
1 0.1162109375 0.4443359375 0.013671875 0.01171875
1 0.5732421875 0.548828125 0.009765625 0.021484375
1 0.83984375 0.39453125 0.005859375 0.013671875
1 0.9111328125 0.625 0.021484375 0.01953125
1 0.388317099609375 0.481682673828125 0.38511661328125 0.456414888671875 0.371113826171875 0.446189806640625 0.3276051328125 0.421978302734375 0.286719212890625 0.4556077421875 0.259805087890625 0.47702708203125 0.23001818359375 0.483274642578125 0.237966640625 0.507704408203125 0.265218607421875 0.551427923828125 0.30869228515625 0.59487582421875 0.348737046875 0.595889099609375 0.362469765625 0.58630280859375 0.361877533203125 0.552373939453125 0.368752759765625 0.523349005859375 0.388317099609375 0.481682673828125
1 0.2626953125 0.46484375 0.015625 0.015625
1 0.4541015625 0.5263671875 0.0078125 0.005859375
1 0.67713030859375 0.460171978515625 0.648824666015625 0.44904098046875 0.627916529296875 0.452622447265625 0.591810900390625 0.467145689453125 0.57917823046875 0.484445578125 0.580824623046875 0.501007869140625 0.593849755859375 0.517547388671875 0.612115736328125 0.5363789296875 0.63955373046875 0.552722140625 0.64757593359375 0.5493404765625 0.66531174609375 0.536805927734375 0.683570869140625 0.50343377734375 0.688771763671875 0.47783394921875 0.67713030859375 0.460171978515625
1 0.5859375 0.5087890625 0.009765625 0.013671875
1 0.7724609375 0.4931640625 0.009765625 0.017578125
0 0.831184576171875 0.392070830078125 0.81905944140625 0.37427963671875 0.811162251953125 0.344833984375 0.794504876953125 0.31520240625 0.764150201171875 0.321848150390625 0.7368332109375 0.342634533203125 0.719006396484375 0.359575115234375 0.7133362109375 0.40077433984375 0.72312503515625 0.424659513671875 0.749974638671875 0.458543353515625 0.774856529296875 0.4718167578125 0.80752994140625 0.4576556875 0.833293078125 0.43686025 0.836914607421875 0.4152298046875 0.831184576171875 0.392070830078125
0 0.391631748046875 0.32594849609375 0.36534048828125 0.307628029296875 0.33228140234375 0.291941494140625 0.319248791015625 0.3080442890625 0.30258160546875 0.36499652734375 0.3034081328125 0.40333308984375 0.33296921484375 0.42893869921875 0.359320080078125 0.44072621875 0.371409345703125 0.43770685546875 0.38748169921875 0.421802546875 0.412686416015625 0.4185464140625 0.425874802734375 0.4056497109375 0.40975183203125 0.3889665078125 0.405970216796875 0.369406650390625 0.4053774375 0.345860169921875 0.391631748046875 0.32594849609375
0 0.433454171875 0.62528377734375 0.40247092578125 0.59932526953125 0.353988255859375 0.596939951171875 0.3330893515625 0.61201720703125 0.2928648828125 0.6352273984375 0.28219080859375 0.682096896484375 0.296092705078125 0.724428599609375 0.32438664453125 0.767033619140625 0.3669353515625 0.785597556640625 0.402569396484375 0.778014986328125 0.425913759765625 0.75181509765625 0.448067376953125 0.69729176953125 0.4450986640625 0.651754685546875 0.433454171875 0.62528377734375
0 0.770600328125 0.584476919921875 0.74753040625 0.593370060546875 0.72785840625 0.6403318046875 0.7174137421875 0.679036935546875 0.732151654296875 0.715251109375 0.774897109375 0.732004392578125 0.801429134765625 0.725026853515625 0.810327771484375 0.68543982421875 0.820430013671875 0.65483621875 0.825144791015625 0.62016809375 0.820352560546875 0.59897662109375 0.795006330078125 0.59545944140625 0.770600328125 0.584476919921875