0 0.158203125 0.30859375 0.166015625 0.1796875
1 0.13671875 0.4697265625 0.03125 0.033203125
1 0.068359375 0.5009765625 0.08984375 0.1328125
0 0 0.65816617578125 0.005602822265625 0.6801759609375 0.074282361328125 0.698077921875 0.107919548828125 0.695363390625 0.132818421875 0.65857653515625 0.155922279296875 0.613715396484375 0.157847751953125 0.58042322265625 0.14523628515625 0.566827439453125 0.12505865625 0.556880994140625 0.120575974609375 0.515463755859375 0.119240140625 0.51490779296875 0.0969794375 0.53408846484375 0.07301973046875 0.56474647265625 0.051025638671875 0.55405698828125 0.0321124296875 0.538814078125 0.0145460703125 0.530124412109375 0.001657783203125 0.55747514453125 0 0.563754728515625 0 0.65816617578125
1 0.1806640625 0.4736328125 0.0234375 0.017578125
1 0.193359375 0.490234375 0.013671875 0.01171875
1 0.2451171875 0.4599609375 0.01171875 0.013671875
1 0.259765625 0.4912109375 0.01171875 0.01171875
1 0.23828125 0.4873046875 0.01953125 0.01953125
1 0.3037109375 0.4775390625 0.015625 0.015625
1 0.318359375 0.4775390625 0.01953125 0.017578125
1 0.3359375 0.47265625 0.01953125 0.029296875
1 0.2763671875 0.5146484375 0.009765625 0.013671875
1 0.3800116796875 0.495531009765625 0.382844296875 0.474572794921875 0.375384771484375 0.46425061328125 0.358722140625 0.4711704609375 0.332574376953125 0.487945169921875 0.305939390625 0.510211943359375 0.28292671484375 0.52046022265625 0.272674927734375 0.532464330078125 0.2718197421875 0.54564861328125 0.302809111328125 0.55199473828125 0.314654259765625 0.563881751953125 0.320198763671875 0.570484853515625 0.320516251953125 0.585917466796875 0.324220728515625 0.588842158203125 0.34746662890625 0.5763041015625 0.367367896484375 0.535544400390625 0.3800116796875 0.495531009765625
0 0.296194107421875 0.556076138671875 0.2611288984375 0.596513541015625 0.24277735546875 0.64455985546875 0.2413523671875 0.70278655078125 0.2513252109375 0.72723794921875 0.305675611328125 0.732863705078125 0.34464492578125 0.724688462890625 0.382944302734375 0.686479447265625 0.390936349609375 0.64896549609375 0.35408935546875 0.602814015625 0.3282260546875 0.59196657421875 0.322255333984375 0.571959283203125 0.296194107421875 0.556076138671875
1 0.3935546875 0.564453125 0.052734375 0.072265625
1 0.3876953125 0.4951171875 0.017578125 0.015625
1 0.416015625 0.5185546875 0.0390625 0.044921875
1 0.42216515234375 0.5513819765625 0.435435087890625 0.569587140625 0.458812796875 0.58672955078125 0.48746082421875 0.59429244921875 0.498520943359375 0.57963442578125 0.48969855078125 0.537559400390625 0.486933908203125 0.5107493125 0.510385048828125 0.490639392578125 0.52425014453125 0.469228033203125 0.514602978515625 0.44437476171875 0.489676634765625 0.409698173828125 0.4665003671875 0.400618125 0.45607044140625 0.437825544921875 0.44701386328125 0.46094227734375 0.411478763671875 0.46417987109375 0.388953728515625 0.47832881640625 0.39510746484375 0.49218770703125 0.426762673828125 0.50010792578125 0.433516548828125 0.506318185546875 0.42559846875 0.532522529296875 0.42216515234375 0.5513819765625
0 0.37109375 0.3564453125 0.134765625 0.1640625
1 0.5166015625 0.548828125 0.015625 0.017578125
1 0.5322265625 0.55859375 0.013671875 0.01953125
1 0.5166015625 0.521484375 0.013671875 0.013671875
1 0.564453125 0.517578125 0.037109375 0.033203125
0 0.61328125 0.3798828125 0.138671875 0.1640625
1 0.7314453125 0.6083984375 0.025390625 0.02734375
1 0.6650390625 0.5556640625 0.015625 0.01953125
1 0.673755837890625 0.584846263671875 0.65761405859375 0.5671928515625 0.658891478515625 0.546271779296875 0.64765105859375 0.545107650390625 0.61990111328125 0.56287435546875 0.58858084375 0.596041060546875 0.59074247265625 0.62382088671875 0.606319009765625 0.650560560546875 0.611107615234375 0.670536119140625 0.633864349609375 0.696542091796875 0.647232958984375 0.69498784375 0.667478751953125 0.686883814453125 0.689727302734375 0.629285810546875 0.691656123046875 0.600300658203125 0.673755837890625 0.584846263671875
0 0.610770724609375 0.75672238671875 0.612810353515625 0.726734763671875 0.613168240234375 0.6810232421875 0.6055812421875 0.6427102109375 0.5809574375 0.658143041015625 0.55753617578125 0.64839819921875 0.541677072265625 0.63740590625 0.49962298046875 0.651013515625 0.485857173828125 0.66328334765625 0.4684195625 0.71916819921875 0.486906509765625 0.741639103515625 0.49786698828125 0.77767862109375 0.51616523046875 0.79736475390625 0.546901771484375 0.806569490234375 0.5779388671875 0.78664759375 0.610770724609375 0.75672238671875
1 0.6240234375 0.7939453125 0.03515625 0.0390625
0 0.75390625 0.7421875 0.138671875 0.16015625
1 0.7890625 0.6201171875 0.01953125 0.0234375
1 0.81640625 0.619140625 0.013671875 0.013671875
1 0.84375 0.5947265625 0.021484375 0.0234375
1 0.8759765625 0.4892578125 0.021484375 0.021484375
0 0.8652683828125 0.3493112109375 0.841376841796875 0.3559358828125 0.808292943359375 0.372911412109375 0.77057619921875 0.398200962890625 0.75798459375 0.424078724609375 0.767136369140625 0.454566779296875 0.785039421875 0.49817969140625 0.796352091796875 0.52066080859375 0.810142291015625 0.516807337890625 0.85170911328125 0.498615951171875 0.871229361328125 0.486970318359375 0.88449473828125 0.487285890625 0.8969736875 0.474990060546875 0.902257060546875 0.43265090234375 0.893654486328125 0.387460599609375 0.8652683828125 0.3493112109375
1 0.7294921875 0.453125 0.01171875 0.01171875
1 0.94921875 0.5302734375 0.01171875 0.013671875
1 0.9599609375 0.6083984375 0.017578125 0.029296875