1 0.8955078125 0.154296875 0.015625 0.0185546875
1 0.8389123984375 0.13928916015625 0.8082555703125 0.191061439453125 0.80737847265625 0.227391974609375 0.8957591875 0.243446181640625 0.90790111328125 0.21389130078125 0.8898961953125 0.158675732421875 0.885682509765625 0.12866030078125 0.8389123984375 0.13928916015625
1 0.748046875 0.2138671875 0.0654296875 0.052734375
1 0.6865234375 0.1826171875 0.0576171875 0.0673828125
1 0.705078125 0.07421875 0.021484375 0.021484375
1 0.6015625 0.2080078125 0.0439453125 0.048828125
1 0.5302734375 0.1748046875 0.115234375 0.15625
1 0.59765625 0.1552734375 0.0126953125 0.0185546875
1 0.4296875 0.185546875 0.083984375 0.119140625
1 0.318359375 0.212890625 0.052734375 0.0283203125
1 0.275390625 0.16015625 0.0185546875 0.025390625
1 0.3017578125 0.091796875 0.0283203125 0.0439453125
1 0.2216796875 0.169921875 0.009765625 0.013671875
1 0.1962890625 0.197265625 0.041015625 0.0751953125
1 0.1533203125 0.197265625 0.041015625 0.064453125
1 0.1123046875 0.1953125 0.033203125 0.0439453125
1 0.0263671875 0.1708984375 0.052734375 0.103515625
0 0.1650390625 0.44140625 0.140625 0.181640625
1 0.0517578125 0.599609375 0.103515625 0.15625
1 0.0595703125 0.7568359375 0.119140625 0.2001953125
1 0.123046875 0.7861328125 0.0126953125 0.015625
1 0.1435546875 0.826171875 0.015625 0.0234375
0 0.1206540703125 0.62236719921875 0.10908338671875 0.64049388671875 0.11323716796875 0.68359375 0.12425740625 0.731992369140625 0.14152244140625 0.75281515234375 0.185908564453125 0.771318599609375 0.203839337890625 0.761153609375 0.203994185546875 0.76174135546875 0.214944345703125 0.741229021484375 0.2209190078125 0.709627880859375 0.20825421484375 0.6646562734375 0.188918501953125 0.63743459375 0.161157677734375 0.61495255859375 0.1206540703125 0.62236719921875
1 0.3310546875 0.7021484375 0.015625 0.021484375
0 0.41053828515625 0.74477207421875 0.3869142890625 0.695050275390625 0.348555953125 0.70885476953125 0.318177400390625 0.721738462890625 0.30307458984375 0.73520387109375 0.30249588671875 0.81071415625 0.3190635390625 0.865505642578125 0.38221458203125 0.84876241796875 0.405227095703125 0.82204258203125 0.41053828515625 0.74477207421875
1 0.416015625 0.7978515625 0.015625 0.025390625
1 0.478515625 0.814453125 0.015625 0.0205078125
0 0.6418739609375 0.71591676171875 0.61230581640625 0.68648726953125 0.553530091796875 0.671296296875 0.528470638671875 0.706469123046875 0.525100142578125 0.734836154296875 0.538751673828125 0.76634988671875 0.5621303984375 0.78500855859375 0.58172268359375 0.78858175390625 0.61984705078125 0.76790364453125 0.6431014453125 0.74518801953125 0.6418739609375 0.71591676171875
1 0.6220703125 0.814453125 0.0185546875 0.021484375
1 0.4775390625 0.6123046875 0.140625 0.1611328125
0 0.57421875 0.439453125 0.140625 0.138671875
1 0.6328125 0.6103515625 0.0107421875 0.013671875
1 0.744140625 0.6337890625 0.1376953125 0.134765625
0 0.779296875 0.736328125 0.078125 0.1123046875
1 0.8515625 0.7548828125 0.041015625 0.056640625
1 0.892578125 0.791015625 0.0341796875 0.033203125
0 0.9658203125 0.732421875 0.068359375 0.103515625
1 0.9541015625 0.6396484375 0.091796875 0.091796875
0 0.94921875 0.4638671875 0.1015625 0.2060546875
1 0.69921875 0.857421875 0.015625 0.021484375
1 0.693359375 0.5224609375 0.009765625 0.013671875
0 0.7841796875 0.439453125 0.1376953125 0.1826171875
0 0.361328125 0.455078125 0.130859375 0.212890625
1 0.1865234375 0.8828125 0.0126953125 0.017578125