0 0.2744140625 0.2255859375 0.1875 0.16796875
1 0.3125 0.3310546875 0.015625 0.01171875
0 0.3017578125 0.4560546875 0.158203125 0.15625
0 0.3681640625 0.6767578125 0.189453125 0.16015625
1 0.33203125 0.75390625 0.025390625 0.017578125
0 0.3994140625 0.900390625 0.216796875 0.19921875
1 0.6240234375 0.9072265625 0.130859375 0.12890625
1 0.701171875 0.9453125 0.12109375 0.068359375
0 0.7509765625 0.8662109375 0.169921875 0.16015625
1 0.7744140625 0.9375 0.01953125 0.013671875
1 0.595703125 0.796875 0.015625 0.015625
0 0.693359375 0.62890625 0.130859375 0.1171875
1 0.7490234375 0.5478515625 0.017578125 0.013671875
1 0.697265625 0.537109375 0.015625 0.017578125
0 0.630859375 0.3876953125 0.12890625 0.150390625
1 0.671875 0.3232421875 0.01171875 0.01171875
1 0.478515625 0.318359375 0.103515625 0.068359375
1 0.5244140625 0.3408203125 0.119140625 0.103515625
1 0.4765625 0.36328125 0.03515625 0.01953125
1 0.5029296875 0.373046875 0.013671875 0.01171875
1 0.478515625 0.2353515625 0.103515625 0.07421875
0 0.5859375 0.1669921875 0.134765625 0.138671875
1 0.5927734375 0.23046875 0.017578125 0.017578125
1 0.58984375 0.251953125 0.013671875 0.01171875
1 0.68359375 0.265625 0.017578125 0.013671875
1 0.6640625 0.2685546875 0.01171875 0.01171875
1 0.4423828125 0.107421875 0.177734375 0.134765625
1 0.5166015625 0.486328125 0.03125 0.0234375
1 0.51953125 0.5029296875 0.021484375 0.01953125
1 0.451171875 0.4765625 0.04296875 0.041015625
1 0.4384765625 0.5126953125 0.01953125 0.015625
1 0.5302734375 0.6357421875 0.03515625 0.0390625
1 0.5615234375 0.6220703125 0.01171875 0.01953125
1 0.587890625 0.90234375 0.015625 0.015625
1 0.3994140625 0.9609375 0.017578125 0.013671875