1 0.0771484375 0.59765625 0.078125 0.109375
1 0.1484375 0.568359375 0.029296875 0.025390625
1 0.1240234375 0.5029296875 0.056640625 0.052734375
1 0.14453125 0.5380859375 0.017578125 0.0234375
1 0.162109375 0.423828125 0.056640625 0.080078125
1 0.11328125 0.416015625 0.099609375 0.14453125
1 0.10546875 0.326171875 0.0234375 0.02734375
1 0.203125 0.4921875 0.044921875 0.052734375
0 0.2412109375 0.4052734375 0.125 0.181640625
1 0.274785392578125 0.562050240234375 0.29961469921875 0.5262774453125 0.275527619140625 0.501710986328125 0.221967029296875 0.49407447265625 0.20947477734375 0.5380770390625 0.206393947265625 0.582981630859375 0.209281748046875 0.606449763671875 0.2156602734375 0.624760791015625 0.22450946484375 0.6372122890625 0.224283623046875 0.63675915625 0.248497779296875 0.60013880078125 0.274785392578125 0.562050240234375
0 0.1171875 0.7080078125 0.154296875 0.154296875
1 0.2548828125 0.6533203125 0.013671875 0.013671875
1 0.3818359375 0.666015625 0.029296875 0.033203125
1 0.357421875 0.6455078125 0.01171875 0.013671875
0 0.34011446875 0.6046113984375 0.30875216015625 0.58224956640625 0.280873197265625 0.581807451171875 0.249415275390625 0.601708966796875 0.2471267890625 0.60154644921875 0.25509344921875 0.647552615234375 0.261422548828125 0.683909384765625 0.27926862890625 0.711070111328125 0.300111876953125 0.723888779296875 0.344701359375 0.696088181640625 0.353513283203125 0.67602613671875 0.352927203125 0.648745228515625 0.3592685859375 0.628699978515625 0.34011446875 0.6046113984375
1 0.392578125 0.7734375 0.177734375 0.2109375
1 0.36328125 0.5947265625 0.025390625 0.02734375
1 0.3916015625 0.5947265625 0.025390625 0.025390625
0 0.4775390625 0.625 0.134765625 0.15234375
1 0.572265625 0.5146484375 0.021484375 0.021484375
1 0.61328125 0.5185546875 0.08203125 0.12890625
0 0.697265625 0.55859375 0.1171875 0.140625
1 0.5478515625 0.4384765625 0.03125 0.05078125
1 0.4794921875 0.365234375 0.01171875 0.015625
1 0.48828125 0.365234375 0.009765625 0.01171875
1 0.4609375 0.3203125 0.015625 0.0234375
1 0.3095703125 0.3505859375 0.015625 0.017578125
1 0.296875 0.4189453125 0.009765625 0.013671875
1 0.3330078125 0.4150390625 0.0078125 0.009765625
1 0.291015625 0.37890625 0.009765625 0.01171875
1 0.3642578125 0.404296875 0.009765625 0.01171875
0 0.449019529296875 0.31141775390625 0.423114771484375 0.285616015625 0.40130166796875 0.280552396484375 0.3718809375 0.285953583984375 0.34769213671875 0.321014443359375 0.346829890625 0.348690970703125 0.3691604140625 0.400208466796875 0.384579615234375 0.418457796875 0.42823748046875 0.440685017578125 0.454138537109375 0.443572451171875 0.473724173828125 0.3992647421875 0.476362310546875 0.3654297421875 0.46911366796875 0.33742017578125 0.449019529296875 0.31141775390625
1 0.56640625 0.3701171875 0.013671875 0.017578125
1 0.5947265625 0.232421875 0.01171875 0.015625
1 0.5654296875 0.2060546875 0.017578125 0.0234375
0 0.58442076953125 0.24056994921875 0.551841212890625 0.2534104609375 0.547006580078125 0.310642068359375 0.5595515703125 0.34403392578125 0.60018313671875 0.37581012109375 0.639792931640625 0.3736283828125 0.676786328125 0.36167130078125 0.681949859375 0.338181052734375 0.6665083515625 0.26993603515625 0.65031636328125 0.2499120234375 0.621475162109375 0.23028613671875 0.58442076953125 0.24056994921875
1 0.71875 0.34765625 0.056640625 0.060546875
1 0.7734375 0.373046875 0.03515625 0.056640625
1 0.71875 0.3046875 0.0078125 0.009765625
1 0.7314453125 0.3076171875 0.005859375 0.0078125
1 0.75 0.3056640625 0.0078125 0.009765625
1 0.744140625 0.2802734375 0.0234375 0.02734375
1 0.791015625 0.462890625 0.0234375 0.03125
1 0.8134765625 0.431640625 0.025390625 0.0390625
0 0.8115234375 0.2353515625 0.1328125 0.166015625
1 0.83203125 0.56640625 0.025390625 0.029296875
0 0.8916015625 0.5107421875 0.14453125 0.142578125
1 0.9853515625 0.46484375 0.029296875 0.03515625
1 0.951171875 0.369140625 0.009765625 0.009765625
1 0.79722204296875 0.390523205078125 0.799282859375 0.396197244140625 0.79965869921875 0.39630510546875 0.815396580078125 0.41565401171875 0.823782744140625 0.451290810546875 0.828153005859375 0.4686777734375 0.845266376953125 0.465124701171875 0.8693263984375 0.446175818359375 0.878150517578125 0.42019071484375 0.879362263671875 0.39625407421875 0.84462198046875 0.3759466328125 0.825071607421875 0.36964235546875 0.8018299765625 0.3855528125 0.79722204296875 0.390523205078125
1 0.916275021484375 0.381311525390625 0.9110945625 0.354005376953125 0.903253552734375 0.3086526640625 0.885807302734375 0.296576103515625 0.856187228515625 0.30534319921875 0.8183384765625 0.31919373828125 0.818583474609375 0.3191547421875 0.81332335546875 0.326355884765625 0.814817005859375 0.343675884765625 0.82800403125 0.36828028515625 0.841963951171875 0.37958869140625 0.863383177734375 0.389949861328125 0.892739337890625 0.402392482421875 0.914837857421875 0.404638921875 0.916275021484375 0.381311525390625
1 0.9169921875 0.2744140625 0.017578125 0.0234375
1 0.9384765625 0.2275390625 0.015625 0.017578125
1 0.904296875 0.1259765625 0.025390625 0.029296875
1 0.5625 0.8017578125 0.01171875 0.013671875
1 0.556640625 0.94140625 0.056640625 0.064453125
1 0.8134765625 0.8896484375 0.02734375 0.037109375
0 0 0.4556762734375 0.010918859375 0.472973322265625 0.015862876953125 0.495082669921875 0.071059072265625 0.51516221875 0.089795421875 0.494630568359375 0.095357728515625 0.435431822265625 0.06127641796875 0.421900759765625 0.0460733984375 0.388631611328125 0 0.39622284765625 0 0.4556762734375
1 0 0.406278927734375 0.042121908203125 0.38566466015625 0.088953251953125 0.34890759375 0.086220021484375 0.308361537109375 0.014034482421875 0.222852599609375 0 0.214957099609375 0 0.406278927734375