0 0.087890625 0.6884765625 0.154296875 0.220703125
1 0.1796875 0.67578125 0.033203125 0.044921875
1 0.177734375 0.62109375 0.025390625 0.025390625
1 0.0458984375 0.5224609375 0.021484375 0.0234375
0 0.0263671875 0.3818359375 0.052734375 0.166015625
0 0.2099609375 0.2919921875 0.208984375 0.25
1 0.1884765625 0.470703125 0.0390625 0.04296875
1 0.2138671875 0.48046875 0.0234375 0.033203125
1 0.248046875 0.466796875 0.021484375 0.02734375
1 0.3154296875 0.4453125 0.029296875 0.021484375
0 0.2841796875 0.6162109375 0.17578125 0.193359375
1 0.35546875 0.5888671875 0.015625 0.01953125
1 0.369140625 0.5947265625 0.013671875 0.017578125
1 0.3876953125 0.6044921875 0.01953125 0.01953125
1 0.4130859375 0.5859375 0.0234375 0.0234375
1 0.375 0.4267578125 0.025390625 0.0234375
1 0.4267578125 0.4111328125 0.017578125 0.015625
1 0.4638671875 0.40234375 0.021484375 0.017578125
1 0.4775390625 0.423828125 0.0234375 0.0234375
1 0.484375 0.3564453125 0.025390625 0.025390625
0 0.4953335859375 0.183001837890625 0.45262271484375 0.166410794921875 0.38696834765625 0.18060226953125 0.3506405859375 0.227031896484375 0.353110669921875 0.2757999609375 0.375716248046875 0.342715755859375 0.4097806953125 0.383565634765625 0.429108505859375 0.384312783203125 0.4643403828125 0.33809651171875 0.50469162890625 0.314884400390625 0.526857822265625 0.298492609375 0.517073955078125 0.23818187890625 0.4953335859375 0.183001837890625
1 0.654296875 0.3896484375 0.04296875 0.05859375
1 0.5537109375 0.384765625 0.013671875 0.015625
1 0.5380859375 0.3798828125 0.015625 0.015625
1 0.5751953125 0.521484375 0.017578125 0.021484375
1 0.5986328125 0.52734375 0.013671875 0.017578125
0 0.5136596171875 0.5113166171875 0.473182591796875 0.5610155703125 0.460609421875 0.594038861328125 0.486566810546875 0.64317779296875 0.54216112890625 0.67905728125 0.561177732421875 0.663216466796875 0.576571859375 0.650589958984375 0.5887081171875 0.62280374609375 0.58809868359375 0.57983240625 0.57607129296875 0.54051553515625 0.566656783203125 0.507145091796875 0.556525931640625 0.4901879453125 0.5136596171875 0.5113166171875
0 0.765625 0.517578125 0.18359375 0.220703125
1 0.7783203125 0.39453125 0.025390625 0.03125
1 0.713194505859375 0.24447012890625 0.7021946875 0.2798311796875 0.682390611328125 0.263407830078125 0.651768640625 0.243706828125 0.63110835546875 0.244903185546875 0.625337216796875 0.2598112421875 0.650789708984375 0.3133592734375 0.667337470703125 0.35508678515625 0.685575205078125 0.38648455859375 0.718449287109375 0.365010685546875 0.75450558203125 0.336324783203125 0.77055594921875 0.3052231484375 0.762306416015625 0.267992599609375 0.734078486328125 0.236332544921875 0.713194505859375 0.24447012890625
0 0.63399462109375 0.118473859375 0.636082501953125 0.157309908203125 0.63590894140625 0.176781205078125 0.650182755859375 0.2341051015625 0.701985162109375 0.28748067578125 0.715786939453125 0.255001310546875 0.737436134765625 0.2291353515625 0.75414559375 0.1961813046875 0.757337171875 0.155010056640625 0.72829623046875 0.100418359375 0.676762306640625 0.06506192578125 0.641415126953125 0.09932044140625 0.63399462109375 0.118473859375
0 0.8623046875 0.12109375 0.15625 0.212890625
0 0.92578125 0.4580078125 0.1484375 0.240234375
1 0.8662109375 0.4931640625 0.01171875 0.01171875
1 0.5986328125 0.2041015625 0.015625 0.017578125
1 0.662109375 0.5126953125 0.017578125 0.0234375