0 0.9697265625 0.662109375 0.060546875 0.1376953125
1 0.98046875 0.783203125 0.025390625 0.0263671875
1 0.9873046875 0.576171875 0.005859375 0.009765625
1 0.99609375 0.5419921875 0.0029296875 0.009765625
1 0.984375 0.5458984375 0.009765625 0.005859375
1 0.95703125 0.58203125 0.009765625 0.009765625
1 0.94921875 0.5498046875 0.025390625 0.033203125
1 0.89453125 0.537109375 0.0625 0.1044921875
1 0.853515625 0.486328125 0.025390625 0.0361328125
1 0.857421875 0.56640625 0.017578125 0.013671875
0 0.830078125 0.677734375 0.134765625 0.169921875
1 0.8173828125 0.560546875 0.0126953125 0.0185546875
1 0.8232421875 0.537109375 0.009765625 0.015625
1 0.810546875 0.568359375 0.005859375 0.0078125
1 0.78515625 0.556640625 0.009765625 0.021484375
1 0.7958984375 0.525390625 0.0126953125 0.0185546875
1 0.7734375 0.5947265625 0.009765625 0.0126953125
1 0.7392578125 0.572265625 0.033203125 0.017578125
1 0.716796875 0.5556640625 0.0126953125 0.015625
0 0.8095703125 0.416015625 0.1064453125 0.125
0 0.9736328125 0.392578125 0.052734375 0.1220703125
1 0.9697265625 0.486328125 0.0390625 0.0654296875
1 0.669921875 0.5595703125 0.009765625 0.0126953125
1 0.638671875 0.5390625 0.021484375 0.03125
1 0.6302123515625 0.55941759765625 0.61572265625 0.533240634765625 0.60594095703125 0.5313705625 0.602485814453125 0.54852001953125 0.602124123046875 0.581744578125 0.616512345703125 0.611454046875 0.616263181640625 0.61054446484375 0.64271175 0.596707818359375 0.6500178828125 0.5869569296875 0.6302123515625 0.55941759765625
1 0.64926034375 0.71743451953125 0.64113940234375 0.7167794609375 0.63442001171875 0.72700188671875 0.63049165625 0.740352259765625 0.63245884765625 0.75617283984375 0.66096804296875 0.762494373046875 0.682055564453125 0.760129994140625 0.683916255859375 0.73936230078125 0.664796931640625 0.723421158203125 0.64926034375 0.71743451953125
0 0.626726064453125 0.75561423046875 0.639575095703125 0.73121758203125 0.67000827734375 0.717056755859375 0.69959551171875 0.690709662109375 0.69991701171875 0.658108013671875 0.6627463515625 0.620580685546875 0.63108241796875 0.60570183984375 0.6052145625 0.617141955078125 0.593075849609375 0.63726664453125 0.58366890234375 0.687737107421875 0.586825650390625 0.73263353125 0.609053498046875 0.764746228515625 0.626726064453125 0.75561423046875
1 0.576171875 0.556640625 0.0439453125 0.0703125
1 0.5498046875 0.5625 0.0283203125 0.0830078125
1 0.4931640625 0.6015625 0.056640625 0.046875
1 0.5029296875 0.541015625 0.0703125 0.083984375
1 0.4365234375 0.58984375 0.0625 0.0703125
1 0.416015625 0.525390625 0.0341796875 0.046875
1 0.3935546875 0.55859375 0.0126953125 0.021484375
1 0.41015625 0.5869140625 0.0126953125 0.0205078125
0 0.43359375 0.7021484375 0.087890625 0.1591796875
1 0.375 0.6591796875 0.0126953125 0.015625
1 0.2939453125 0.5673828125 0.0341796875 0.0595703125
1 0.306640625 0.6240234375 0.021484375 0.0390625
1 0.2734375 0.6328125 0.0625 0.0751953125
1 0.251953125 0.5908203125 0.015625 0.0234375
1 0.2333984375 0.603515625 0.0341796875 0.0185546875
1 0.212890625 0.5751953125 0.005859375 0.015625
1 0.2109375 0.7646484375 0.0126953125 0.0126953125
0 0.28691446484375 0.734214248046875 0.289244349609375 0.681572306640625 0.258403259765625 0.659189064453125 0.227317025390625 0.638144076171875 0.18315972265625 0.63824320703125 0.149809912109375 0.66872963671875 0.15062572265625 0.73446207421875 0.179610138671875 0.75451040625 0.208780421875 0.757880818359375 0.223844802734375 0.77790771875 0.241532439453125 0.76971343359375 0.28691446484375 0.734214248046875
1 0.1357421875 0.7578125 0.005859375 0.009765625
0 0.0458984375 0.708984375 0.091796875 0.103515625
1 0.0546875 0.6396484375 0.0654296875 0.046875
1 0.0712890625 0.580078125 0.044921875 0.052734375
1 0.052734375 0.6005859375 0.017578125 0.0283203125
1 0.185546875 0.5517578125 0.046875 0.0654296875
1 0.13819263671875 0.498681841796875 0.114164376953125 0.5028064453125 0.100840125 0.54783548828125 0.10472226171875 0.599140517578125 0.12514266796875 0.612583322265625 0.17032978125 0.6140488359375 0.17899626953125 0.611066904296875 0.179033443359375 0.5969087578125 0.16305680078125 0.553358625 0.13819263671875 0.498681841796875
1 0.162109375 0.6240234375 0.0126953125 0.0126953125
0 0.052734375 0.4443359375 0.10546875 0.166015625
0 0.234375 0.4296875 0.111328125 0.1357421875
0 0.447265625 0.4248046875 0.103515625 0.150390625
1 0.669921875 0.4560546875 0.0126953125 0.017578125
0 0.681935 0.42100560546875 0.67476048046875 0.391387228515625 0.65749481640625 0.356622138671875 0.63710555859375 0.3249635625 0.59223391796875 0.324291087890625 0.563232421875 0.375154052734375 0.562842599609375 0.418034390625 0.57870470703125 0.46540905859375 0.59713682421875 0.48506623046875 0.633652423828125 0.47271519140625 0.65032130078125 0.47119475390625 0.675619494140625 0.43438008984375 0.681935 0.42100560546875
1 0.7734375 0.5556640625 0.005859375 0.0078125