1 0.03125 0.265625 0.03515625 0.0625
1 0.166015625 0.3779296875 0.01953125 0.02734375
0 0.11366905859375 0.254593947265625 0.0870792734375 0.23111854296875 0.04308297265625 0.2535161328125 0.04688171875 0.280092482421875 0.045903361328125 0.32471858203125 0.07356911328125 0.349471087890625 0.10018693359375 0.36504167578125 0.128205142578125 0.347666357421875 0.173238302734375 0.3473843671875 0.17162437109375 0.327515310546875 0.15621438671875 0.2845605546875 0.137367669921875 0.2578571796875 0.11366905859375 0.254593947265625
1 0.046875 0.466796875 0.01953125 0.021484375
1 0.017578125 0.43359375 0.029296875 0.04296875
1 0.072728564453125 0.373420017578125 0.08444282421875 0.401258904296875 0.127712478515625 0.425360849609375 0.153883486328125 0.4209063046875 0.143555564453125 0.388307224609375 0.123034126953125 0.345412671875 0.0896155078125 0.361377693359375 0.072728564453125 0.373420017578125
1 0.109375 0.4423828125 0.07421875 0.068359375
1 0.1298828125 0.4794921875 0.015625 0.013671875
1 0.1494140625 0.470703125 0.013671875 0.025390625
1 0.18359375 0.49609375 0.013671875 0.01953125
1 0.181640625 0.474609375 0.01171875 0.01953125
1 0.2529296875 0.482421875 0.068359375 0.05859375
1 0.2890625 0.5146484375 0.01171875 0.021484375
1 0.2158203125 0.3935546875 0.015625 0.015625
1 0.197265625 0.380859375 0.013671875 0.015625
1 0.185546875 0.298828125 0.005859375 0.005859375
0 0.2861328125 0.3525390625 0.119140625 0.146484375
1 0.36328125 0.3525390625 0.009765625 0.013671875
1 0.3623046875 0.388671875 0.009765625 0.015625
1 0.3740234375 0.3720703125 0.013671875 0.013671875
1 0.3779296875 0.349609375 0.015625 0.015625
1 0.4453125 0.3486328125 0.017578125 0.033203125
1 0.458984375 0.3291015625 0.017578125 0.0390625
1 0.216796875 0.6806640625 0.013671875 0.013671875
1 0.2265625 0.6669921875 0.015625 0.015625
1 0.1953125 0.6103515625 0.013671875 0.01171875
1 0.1533203125 0.6396484375 0.013671875 0.015625
1 0.1640625 0.64453125 0.009765625 0.013671875
1 0.0078125 0.55078125 0.015625 0.04296875
1 0.0224609375 0.5859375 0.013671875 0.01953125
1 0.0908203125 0.5498046875 0.03125 0.044921875
1 0.01953125 0.6796875 0.0078125 0.01171875
0 0 0.707249609375 0.002547771484375 0.7148970390625 0.01383492578125 0.672246439453125 0.031292171875 0.671387208984375 0.056158330078125 0.6818869921875 0.10154125 0.6931434375 0.114166384765625 0.664828265625 0.119581896484375 0.59733812109375 0.100023794921875 0.569650099609375 0.0724396875 0.5606087578125 0.0454321015625 0.5452542421875 0.031440228515625 0.547603044921875 0 0.5757497109375 0 0.707249609375
1 0.154296875 0.6103515625 0.013671875 0.01171875
0 0.305449888671875 0.714657203125 0.320377224609375 0.680886763671875 0.322510216796875 0.622928755859375 0.311948591796875 0.613982771484375 0.290863494140625 0.609726212890625 0.26642153515625 0.60430794140625 0.243045779296875 0.59900290234375 0.22159328125 0.585106427734375 0.229326220703125 0.621541896484375 0.229130009765625 0.65598953125 0.232685177734375 0.6722167265625 0.226750671875 0.699296869140625 0.23873093359375 0.7090974140625 0.2613209375 0.726157720703125 0.28558263671875 0.731716875 0.305449888671875 0.714657203125
1 0.2236328125 0.615234375 0.009765625 0.013671875
1 0.2509765625 0.59375 0.009765625 0.01171875
1 0.3369140625 0.6474609375 0.009765625 0.009765625
1 0.3583984375 0.6328125 0.01953125 0.029296875
1 0.3408203125 0.6630859375 0.005859375 0.01171875
1 0.3603515625 0.68359375 0.013671875 0.01171875
1 0.35546875 0.69921875 0.009765625 0.013671875
1 0.3662109375 0.7060546875 0.0078125 0.013671875
1 0.37890625 0.697265625 0.01171875 0.013671875
1 0.427734375 0.7021484375 0.01953125 0.025390625
1 0.437095447265625 0.577347 0.4162940859375 0.584108330078125 0.40011164453125 0.587606802734375 0.3648775625 0.602969501953125 0.373263708984375 0.633135833984375 0.389856173828125 0.661533787109375 0.403541697265625 0.673041646484375 0.4162493671875 0.67242678515625 0.428797294921875 0.664529955078125 0.44515958203125 0.63454359765625 0.459330994140625 0.6090945234375 0.467431166015625 0.574519158203125 0.4594685859375 0.56703358984375 0.437095447265625 0.577347
1 0.494140625 0.724609375 0.01171875 0.013671875
0 0.43633711328125 0.655247169921875 0.428222919921875 0.68854530078125 0.431843720703125 0.694228626953125 0.442712091796875 0.704154462890625 0.46937705859375 0.716047830078125 0.484134365234375 0.717232041015625 0.51443683984375 0.701528115234375 0.538881681640625 0.6803059296875 0.5402854921875 0.658765736328125 0.5302562578125 0.647287546875 0.5162145859375 0.635856302734375 0.511091693359375 0.62344735546875 0.505410716796875 0.6054604765625 0.498509806640625 0.58436080859375 0.497763484375 0.5847932578125 0.493015900390625 0.5842703203125 0.47242734765625 0.602324970703125 0.45134726171875 0.624414529296875 0.43633711328125 0.655247169921875
1 0.5205078125 0.6259765625 0.01171875 0.015625
1 0.544921875 0.666015625 0.005859375 0.01171875
1 0.5595703125 0.685546875 0.005859375 0.005859375
1 0.5791015625 0.6875 0.005859375 0.0078125
1 0.5703125 0.6953125 0.005859375 0.005859375
1 0.609375 0.6962890625 0.005859375 0.005859375
1 0.6142578125 0.6787109375 0.009765625 0.017578125
1 0.638671875 0.6943359375 0.0078125 0.013671875
1 0.5205078125 0.5732421875 0.05859375 0.046875
1 0.466796875 0.5498046875 0.013671875 0.013671875
1 0.4111328125 0.484375 0.01171875 0.017578125
1 0.4267578125 0.5087890625 0.01953125 0.01953125
1 0.44904158203125 0.555933775390625 0.465471517578125 0.5418337265625 0.478466369140625 0.555752193359375 0.490932603515625 0.55611301953125 0.49072424609375 0.543089767578125 0.469823240234375 0.51945523828125 0.446954427734375 0.50958503515625 0.439826328125 0.526451640625 0.427328390625 0.542028626953125 0.42826464453125 0.55363380859375 0.438646728515625 0.56335380078125 0.44904158203125 0.555933775390625
1 0.4921875 0.49609375 0.02734375 0.02734375
1 0.5400390625 0.4931640625 0.017578125 0.017578125
1 0.5576171875 0.5029296875 0.021484375 0.041015625
1 0.59375 0.5126953125 0.048828125 0.064453125
1 0.6181640625 0.5166015625 0.0078125 0.013671875
1 0.705382810546875 0.606599244140625 0.704527654296875 0.58509050390625 0.68970788671875 0.567007779296875 0.69025962109375 0.54291437890625 0.679549068359375 0.524764115234375 0.663598453125 0.516372009765625 0.65467346875 0.5458195 0.647580666015625 0.5687215703125 0.641957560546875 0.580351505859375 0.627426720703125 0.5802440390625 0.613712697265625 0.570576716796875 0.604468685546875 0.567313193359375 0.590716990234375 0.573197619140625 0.590546880859375 0.600742373046875 0.599606640625 0.612261875 0.58532237109375 0.646750130859375 0.601811798828125 0.660941529296875 0.632059115234375 0.661087748046875 0.64449198046875 0.674393390625 0.640287736328125 0.690114142578125 0.646030001953125 0.7093398125 0.652217 0.722252654296875 0.663129783203125 0.7169003515625 0.661158142578125 0.691914142578125 0.653010619140625 0.686038759765625 0.66027830859375 0.66052960546875 0.6656158671875 0.645806623046875 0.68126353125 0.64120841796875 0.69322010546875 0.621860171875 0.705382810546875 0.606599244140625
1 0.68009616015625 0.5128748203125 0.679965677734375 0.52502837109375 0.687370033203125 0.537465998046875 0.694598306640625 0.5501945546875 0.7055508203125 0.544203384765625 0.69872363671875 0.52414813671875 0.68009616015625 0.5128748203125
1 0.753062486328125 0.564734759765625 0.771487046875 0.579428443359375 0.784164958984375 0.577763771484375 0.77829512890625 0.5503811796875 0.75774115234375 0.51770658984375 0.7551768046875 0.504731740234375 0.772623279296875 0.47940587890625 0.764057859375 0.467180419921875 0.74044847265625 0.4685608203125 0.72690196875 0.454647724609375 0.7171932890625 0.416372203125 0.7015851015625 0.427818107421875 0.7028711875 0.463456673828125 0.7012208671875 0.498452626953125 0.704321314453125 0.526987482421875 0.699326626953125 0.54987585546875 0.689426921875 0.552088578125 0.690373490234375 0.564194390625 0.693093095703125 0.568349794921875 0.714981962890625 0.554253515625 0.733396134765625 0.551961576171875 0.753062486328125 0.564734759765625
0 0.7331903984375 0.595040642578125 0.70757480859375 0.603227875 0.691339173828125 0.620028947265625 0.672009455078125 0.648977396484375 0.659513408203125 0.654663962890625 0.654481365234375 0.679571341796875 0.651146267578125 0.685950142578125 0.667439841796875 0.704002982421875 0.6791136328125 0.723886240234375 0.691301951171875 0.725346115234375 0.71100143359375 0.7069359375 0.736504787109375 0.70275773046875 0.766207607421875 0.682821076171875 0.77903153125 0.633357517578125 0.7747673671875 0.610599587890625 0.7331903984375 0.595040642578125
1 0.71875 0.720703125 0.01953125 0.021484375
1 0.6689453125 0.7421875 0.013671875 0.013671875
1 0.7978515625 0.6513671875 0.017578125 0.01953125
1 0.837890625 0.6484375 0.01171875 0.015625
1 0.8466796875 0.578125 0.072265625 0.07421875
1 0.8115234375 0.5263671875 0.01171875 0.01171875
1 0.845703125 0.5166015625 0.01171875 0.021484375
1 0.859375 0.525390625 0.009765625 0.013671875
1 0.869140625 0.5078125 0.013671875 0.013671875
1 0.951171875 0.7724609375 0.015625 0.015625
0 0.972941630859375 0.6934999765625 0.982259396484375 0.656915287109375 0.983041556640625 0.636443955078125 0.971982783203125 0.61561376953125 0.959847966796875 0.60219382421875 0.93589784375 0.595295818359375 0.909986791015625 0.586437939453125 0.881532376953125 0.5736852890625 0.880654607421875 0.57558509765625 0.88432867578125 0.6225018671875 0.86594239453125 0.6480575625 0.864944615234375 0.673167939453125 0.899538302734375 0.703817119140625 0.9269106640625 0.711126927734375 0.958199548828125 0.713111599609375 0.972941630859375 0.6934999765625
1 0.8564453125 0.6796875 0.015625 0.013671875
1 0.913497982421875 0.5094872734375 0.9033666953125 0.52475730859375 0.8965807734375 0.55031773046875 0.895359572265625 0.57489938671875 0.92794715234375 0.577956015625 0.95737898828125 0.5610932734375 0.97640159765625 0.53155201953125 0.980648560546875 0.521112439453125 0.94191921484375 0.50829062890625 0.913497982421875 0.5094872734375
1 0.986328125 0.5595703125 0.02734375 0.08203125
1 0.9677734375 0.5751953125 0.01171875 0.013671875
1 0.909014662109375 0.480353607421875 0.9073791328125 0.503742763671875 0.915394587890625 0.514700314453125 0.927532357421875 0.508905193359375 0.938290552734375 0.495758845703125 0.957319728515625 0.47205108203125 0.958364212890625 0.452589126953125 0.94673019140625 0.442389349609375 0.92956001953125 0.450589224609375 0.912235224609375 0.471665009765625 0.909014662109375 0.480353607421875
1 1 0.408758544921875 0.996287140625 0.40978528515625 0.976341474609375 0.414629 0.95455404296875 0.412132021484375 0.947969267578125 0.41790562890625 0.96375041796875 0.454116109375 0.978088181640625 0.4780783671875 0.99825455859375 0.486399400390625 1 0.482060138671875 1 0.408758544921875
1 0.974609375 0.4072265625 0.01953125 0.025390625
0 0.94981719140625 0.4135861875 0.97042423046875 0.3991783359375 0.973699146484375 0.39036059375 0.962205544921875 0.3740046953125 0.959973119140625 0.329650939453125 0.923792892578125 0.3232458359375 0.885990642578125 0.33489880859375 0.84873500390625 0.351167212890625 0.84321585546875 0.396910455078125 0.858333146484375 0.436604658203125 0.87347305078125 0.45816959375 0.899977962890625 0.471308908203125 0.915741748046875 0.471884939453125 0.9334727421875 0.4420424140625 0.94981719140625 0.4135861875
1 0.8154296875 0.390625 0.01171875 0.009765625
1 0.744140625 0.3486328125 0.015625 0.017578125
1 0.7578125 0.3388671875 0.01171875 0.01171875
0 0.6962890625 0.34765625 0.08984375 0.1328125
1 0.6376953125 0.359375 0.013671875 0.021484375
1 0.6552734375 0.3173828125 0.005859375 0.013671875
1 0.59765625 0.3837890625 0.013671875 0.013671875
1 0.6220703125 0.4033203125 0.0078125 0.009765625
1 0.5888671875 0.44140625 0.037109375 0.0390625
1 0.57421875 0.3740234375 0.01171875 0.015625
1 0.5654296875 0.361328125 0.013671875 0.013671875
1 0.53515625 0.4443359375 0.03125 0.03515625
0 0.5749383515625 0.383493013671875 0.56126968359375 0.3646406015625 0.5441095546875 0.339253400390625 0.5236349375 0.326836923828125 0.512346861328125 0.29951569921875 0.49563897265625 0.288751271484375 0.483181646484375 0.27441783203125 0.47894941796875 0.2929297578125 0.468156724609375 0.321690919921875 0.454486419921875 0.35402524609375 0.44181094140625 0.366325671875 0.429827544921875 0.390726419921875 0.429481880859375 0.40299347265625 0.4432009921875 0.424015181640625 0.4712742265625 0.447501796875 0.5019397890625 0.458986021484375 0.51755885546875 0.4396411796875 0.53621286328125 0.42515433203125 0.548330421875 0.40718292578125 0.5749383515625 0.383493013671875
1 0.522844580078125 0.32570844140625 0.57964319140625 0.328538080078125 0.58926841015625 0.309148765625 0.59112954296875 0.28910534765625 0.610404765625 0.231850525390625 0.593080033203125 0.17586636328125 0.571064296875 0.16190995703125 0.5522003828125 0.159228794921875 0.522135529296875 0.170899396484375 0.50896803515625 0.19265999609375 0.48746562890625 0.205894994140625 0.459727080078125 0.232324248046875 0.44539780859375 0.262299279296875 0.438818908203125 0.29208749609375 0.44240699609375 0.30442175 0.458593548828125 0.308992025390625 0.473666677734375 0.302717232421875 0.485160724609375 0.27878140625 0.510689345703125 0.29581636328125 0.522844580078125 0.32570844140625
1 0.3525390625 0.4912109375 0.005859375 0.009765625
1 0.3837890625 0.4892578125 0.0078125 0.0078125
1 0.3896484375 0.37109375 0.0078125 0.01171875
1 0.369140625 0.025390625 0.01953125 0.02734375