1 0.0537109375 0.5107421875 0.021484375 0.021484375
1 0.06640625 0.51171875 0.01171875 0.013671875
1 0.0634765625 0.4677734375 0.015625 0.015625
1 0.0751953125 0.4873046875 0.01171875 0.013671875
1 0.078125 0.5048828125 0.01171875 0.015625
1 0.14453125 0.419921875 0.01171875 0.021484375
1 0.1845703125 0.4443359375 0.013671875 0.015625
1 0.1494140625 0.5830078125 0.064453125 0.064453125
1 0.05859375 0.62109375 0.01171875 0.013671875
1 0.068359375 0.6318359375 0.009765625 0.01171875
1 0.08203125 0.6162109375 0.02734375 0.03125
1 0.1044921875 0.6171875 0.013671875 0.01171875
1 0.1083984375 0.60546875 0.01953125 0.01171875
1 0.1171875 0.6162109375 0.01171875 0.013671875
1 0.111328125 0.626953125 0.009765625 0.009765625
1 0.0390625 0.61328125 0.013671875 0.01171875
1 0.154296875 0.61328125 0.025390625 0.015625
1 0.171875 0.615234375 0.01171875 0.01171875
1 0.1728515625 0.6015625 0.009765625 0.009765625
1 0.1328125 0.615234375 0.01171875 0.01171875
0 0.171875 0.724609375 0.1171875 0.14453125
1 0.302734375 0.509765625 0.052734375 0.064453125
1 0.228515625 0.46484375 0.01171875 0.01171875
1 0.232421875 0.435546875 0.0078125 0.005859375
1 0.181640625 0.4208984375 0.0078125 0.0078125
1 0.2421875 0.4814453125 0.017578125 0.013671875
1 0.2548828125 0.458984375 0.013671875 0.015625
1 0.26171875 0.4736328125 0.009765625 0.009765625
1 0.2763671875 0.439453125 0.015625 0.013671875
1 0.2939453125 0.4423828125 0.009765625 0.01171875
0 0.3369140625 0.427734375 0.099609375 0.142578125
1 0.3955078125 0.4853515625 0.017578125 0.01953125
1 0.39453125 0.4091796875 0.009765625 0.01171875
1 0.4013671875 0.4169921875 0.009765625 0.009765625
1 0.41015625 0.44140625 0.01953125 0.01171875
1 0.4013671875 0.453125 0.015625 0.017578125
1 0.4072265625 0.4296875 0.009765625 0.009765625
1 0.42578125 0.4072265625 0.005859375 0.005859375
1 0.4326171875 0.4150390625 0.005859375 0.0078125
1 0.4326171875 0.44140625 0.0234375 0.03125
1 0.416015625 0.4609375 0.009765625 0.013671875
1 0.4462890625 0.455078125 0.009765625 0.013671875
1 0.4404296875 0.4765625 0.01171875 0.013671875
1 0.45703125 0.4169921875 0.013671875 0.013671875
1 0.4658203125 0.4501953125 0.025390625 0.03515625
1 0.4765625 0.4736328125 0.005859375 0.005859375
1 0.4833984375 0.46875 0.005859375 0.0078125
1 0.486328125 0.482421875 0.005859375 0.0078125
1 0.50390625 0.4580078125 0.01953125 0.01953125
1 0.50390625 0.4443359375 0.013671875 0.013671875
1 0.5087890625 0.53125 0.02734375 0.025390625
1 0.4833984375 0.548828125 0.01953125 0.01953125
1 0.46484375 0.576171875 0.013671875 0.017578125
1 0.4697265625 0.603515625 0.017578125 0.017578125
1 0.4716796875 0.587890625 0.01171875 0.015625
1 0.3662109375 0.5595703125 0.0234375 0.01953125
1 0.33984375 0.5908203125 0.015625 0.01953125
1 0.353515625 0.587890625 0.005859375 0.0078125
1 0.361328125 0.5869140625 0.009765625 0.009765625
1 0.2216796875 0.6279296875 0.03125 0.05078125
1 0.23828125 0.59375 0.05078125 0.05078125
0 0.357421875 0.724609375 0.115234375 0.16796875
1 0.365234375 0.6630859375 0.017578125 0.03515625
1 0.5078125 0.689453125 0.02734375 0.0390625
1 0.50390625 0.6435546875 0.015625 0.025390625
1 0.587890625 0.6455078125 0.01953125 0.01953125
1 0.5048828125 0.56640625 0.021484375 0.01953125
1 0.6318359375 0.607421875 0.044921875 0.064453125
1 0.6630859375 0.5595703125 0.021484375 0.025390625
1 0.603515625 0.5380859375 0.025390625 0.015625
1 0.6162109375 0.5615234375 0.009765625 0.015625
1 0.646484375 0.5654296875 0.01171875 0.01171875
1 0.73046875 0.5205078125 0.0234375 0.02734375
1 0.681640625 0.498046875 0.0234375 0.05078125
1 0.67578125 0.62890625 0.01953125 0.01953125
1 0.66015625 0.669921875 0.009765625 0.01171875
1 0.654296875 0.6806640625 0.005859375 0.0078125
1 0.6943359375 0.681640625 0.0078125 0.015625
1 0.7431640625 0.517578125 0.009765625 0.01171875
1 0.76953125 0.50390625 0.013671875 0.015625
1 0.7568359375 0.482421875 0.009765625 0.013671875
1 0.80859375 0.3857421875 0.01171875 0.01171875
1 0.80859375 0.4033203125 0.01171875 0.013671875
1 0.796875 0.4091796875 0.01171875 0.01171875
1 0.80078125 0.4296875 0.013671875 0.01171875
1 0.7900390625 0.44140625 0.017578125 0.01171875
1 0.78125 0.4296875 0.01171875 0.01171875
1 0.783203125 0.373046875 0.01171875 0.015625
1 0.69140625 0.3564453125 0.03125 0.02734375
1 0.65625 0.384765625 0.013671875 0.01953125
1 0.66015625 0.365234375 0.013671875 0.01953125
1 0.6826171875 0.396484375 0.017578125 0.025390625
1 0.6669921875 0.4248046875 0.013671875 0.015625
1 0.6826171875 0.427734375 0.009765625 0.009765625
1 0.693359375 0.4111328125 0.01171875 0.01171875
1 0.603515625 0.3828125 0.037109375 0.02734375
1 0.587890625 0.3115234375 0.01171875 0.01171875
1 0.59375 0.296875 0.005859375 0.01171875
1 0.6396484375 0.34765625 0.009765625 0.009765625
1 0.67578125 0.3544921875 0.013671875 0.009765625
1 0.8603515625 0.40234375 0.01953125 0.02734375
1 0.875 0.3798828125 0.015625 0.025390625
1 0.841796875 0.359375 0.013671875 0.017578125
1 0.8427734375 0.4140625 0.0234375 0.0234375
1 0.84375 0.515625 0.013671875 0.01953125
0 0.9462890625 0.6455078125 0.107421875 0.154296875
1 0.9658203125 0.5126953125 0.05859375 0.087890625
0 0.927734375 0.37109375 0.109375 0.1171875
1 0.96484375 0.4462890625 0.0703125 0.068359375
1 0.9189453125 0.2802734375 0.029296875 0.029296875
1 0.826171875 0.4052734375 0.009765625 0.013671875
1 0.38671875 0.58203125 0.005859375 0.0078125
1 0.443359375 0.5986328125 0.005859375 0.0078125
1 0.44921875 0.5927734375 0.005859375 0.0078125
1 0.4560546875 0.5966796875 0.005859375 0.0078125
1 0.4443359375 0.548828125 0.0078125 0.009765625
1 0.373046875 0.611328125 0.005859375 0.005859375
1 0.3779296875 0.6083984375 0.005859375 0.005859375
1 0.2958984375 0.63671875 0.005859375 0.005859375
1 0.33203125 0.626953125 0.005859375 0.005859375
1 0.31640625 0.5947265625 0.0078125 0.005859375
1 0.0537109375 0.6884765625 0.009765625 0.01171875
1 0.6611328125 0.5048828125 0.0078125 0.01171875
1 0.6572265625 0.509765625 0.00390625 0.0078125
1 0.6455078125 0.5009765625 0.005859375 0.0078125
1 0.6376953125 0.560546875 0.005859375 0.005859375
1 0.7705078125 0.5478515625 0.0078125 0.0078125
1 0.7509765625 0.560546875 0.009765625 0.009765625
1 0.8232421875 0.6015625 0.013671875 0.01171875
1 0.80078125 0.54296875 0.0078125 0.013671875
1 0.8017578125 0.4501953125 0.0078125 0.01171875
1 0.8095703125 0.4609375 0.0078125 0.009765625
1 0.818359375 0.4853515625 0.005859375 0.0078125
1 0.7822265625 0.501953125 0.005859375 0.01171875
1 0.7880859375 0.5087890625 0.005859375 0.005859375
1 0.7763671875 0.3955078125 0.0078125 0.013671875
1 0.826171875 0.359375 0.0078125 0.009765625
1 0.8544921875 0.3427734375 0.01171875 0.01171875
1 0.9404296875 0.0263671875 0.029296875 0.041015625
0 0.548828125 0.419921875 0.095703125 0.1484375
0 0.7412109375 0.3896484375 0.078125 0.134765625
1 0.275390625 0.5673828125 0.103515625 0.12890625
1 0.6376953125 0.4599609375 0.107421875 0.154296875
1 0.8857421875 0.4853515625 0.095703125 0.140625
1 0.8349609375 0.5361328125 0.060546875 0.083984375
0 0.7880859375 0.6767578125 0.08984375 0.17578125
1 0.705078125 0.6025390625 0.08984375 0.1171875
1 0.4404296875 0.66015625 0.103515625 0.119140625
1 0.544921875 0.57421875 0.107421875 0.091796875
0 0.1328125 0.4873046875 0.1171875 0.134765625
0 0.5537109375 0.6953125 0.087890625 0.154296875