0 0.0615234375 0.40625 0.09375 0.126953125
1 0.1318359375 0.4013671875 0.015625 0.025390625
0 0.24609375 0.4072265625 0.111328125 0.12109375
1 0.4033203125 0.4345703125 0.03125 0.03515625
0 0.46875 0.4130859375 0.115234375 0.14453125
1 0.3974609375 0.3818359375 0.009765625 0.013671875
0 0.677734375 0.3759765625 0.125 0.1796875
1 0.5908203125 0.3857421875 0.05078125 0.091796875
1 0.609375 0.421875 0.013671875 0.015625
0 0.87890625 0.4072265625 0.15234375 0.162109375
1 0.986328125 0.390625 0.02734375 0.03515625
1 0.9931640625 0.34765625 0.013671875 0.01953125
1 0.9814453125 0.5537109375 0.021484375 0.060546875
1 0.916015625 0.5615234375 0.03515625 0.05078125
1 0.8857421875 0.65625 0.03515625 0.025390625
1 0.822265625 0.7177734375 0.021484375 0.029296875
1 0.83984375 0.5751953125 0.03515625 0.068359375
1 0.8203125 0.5224609375 0.009765625 0.01953125
1 0.759765625 0.5595703125 0.015625 0.025390625
1 0.7685546875 0.53515625 0.013671875 0.013671875
1 0.787109375 0.5244140625 0.009765625 0.013671875
1 0.7451171875 0.5498046875 0.013671875 0.013671875
1 0.7265625 0.513671875 0.025390625 0.01953125
1 0.708984375 0.5634765625 0.013671875 0.013671875
0 0.82310350390625 0.610687068359375 0.817332662109375 0.674620357421875 0.8412827890625 0.723098802734375 0.886659390625 0.746363826171875 0.90896523046875 0.73042814453125 0.917863669921875 0.678127009765625 0.872057068359375 0.6481880390625 0.833850248046875 0.605930806640625 0.82310350390625 0.610687068359375
1 0.716796875 0.6396484375 0.013671875 0.015625
1 0.6298828125 0.529296875 0.017578125 0.03515625
1 0.69921875 0.5283203125 0.03515625 0.03125
1 0.65625 0.5283203125 0.013671875 0.013671875
1 0.5546875 0.529296875 0.044921875 0.03125
1 0.587890625 0.5341796875 0.017578125 0.025390625
1 0.513671875 0.529296875 0.01953125 0.015625
1 0.4951171875 0.546875 0.01171875 0.013671875
1 0.5048828125 0.55859375 0.009765625 0.015625
1 0.517578125 0.5537109375 0.013671875 0.005859375
1 0.4775390625 0.537109375 0.01953125 0.01953125
1 0.4580078125 0.5224609375 0.021484375 0.025390625
1 0.4462890625 0.5400390625 0.013671875 0.015625
1 0.4228515625 0.5400390625 0.04296875 0.068359375
1 0.384765625 0.5810546875 0.044921875 0.041015625
1 0.390625 0.53515625 0.02734375 0.033203125
1 0.3564453125 0.53125 0.01953125 0.025390625
1 0.341796875 0.546875 0.013671875 0.03125
1 0.328125 0.5263671875 0.029296875 0.03515625
0 0.4560546875 0.6611328125 0.09375 0.17578125
0 0.244140625 0.6845703125 0.103515625 0.158203125
1 0.2978515625 0.7109375 0.01171875 0.013671875
1 0.2138671875 0.5341796875 0.037109375 0.0546875
1 0.189453125 0.52734375 0.01953125 0.025390625
1 0.173828125 0.52734375 0.013671875 0.025390625
1 0.1572265625 0.5361328125 0.015625 0.013671875
1 0.2431640625 0.556640625 0.015625 0.021484375
1 0.2568359375 0.5244140625 0.03515625 0.037109375
1 0.2783203125 0.5263671875 0.013671875 0.015625
1 0.2880859375 0.5341796875 0.009765625 0.01953125
1 0.0927734375 0.529296875 0.0390625 0.041015625
1 0.05078125 0.5263671875 0.013671875 0.029296875
1 0.0146484375 0.52734375 0.029296875 0.0234375
1 0.0146484375 0.556640625 0.029296875 0.03125
0 0.0517578125 0.6728515625 0.103515625 0.158203125
1 0.099609375 0.6142578125 0.013671875 0.025390625
1 0.158203125 0.056640625 0.03125 0.03515625
0 0.63611431640625 0.748837859375 0.67360416015625 0.751197615234375 0.72504949609375 0.731359001953125 0.7238622109375 0.694202578125 0.707196599609375 0.647396453125 0.6938736796875 0.607227259765625 0.647156330078125 0.604077689453125 0.61211171875 0.624982916015625 0.590328720703125 0.647454634765625 0.5871165234375 0.7009919375 0.63611431640625 0.748837859375