1 0.4775390625 0.984375 0.033203125 0.02734375
0 0.376953125 0.955078125 0.115234375 0.08203125
0 0.4091796875 0.80078125 0.189453125 0.177734375
1 0.31640625 0.80078125 0.01953125 0.013671875
0 0.51953125 0.5712890625 0.21875 0.185546875
0 0.564453125 0.3662109375 0.19921875 0.169921875
0 0.619140625 0.1806640625 0.208984375 0.185546875
1 0.3369140625 0.720703125 0.021484375 0.0234375
1 0.5712890625 0.8896484375 0.029296875 0.021484375
1 0.5537109375 0.787109375 0.021484375 0.017578125
1 0.384765625 0.4912109375 0.017578125 0.013671875
1 0.431640625 0.412109375 0.015625 0.013671875
1 0.4169921875 0.2998046875 0.02734375 0.021484375
1 0.2001953125 0.9296875 0.017578125 0.017578125
1 0.2392578125 0.8203125 0.021484375 0.01953125
1 0.279296875 0.6943359375 0.021484375 0.017578125
0 0.10546875 0.876953125 0.150390625 0.1015625
1 0.1201171875 0.8154296875 0.015625 0.013671875
0 0.1533203125 0.7041015625 0.21484375 0.20703125
1 0.24609375 0.7509765625 0.025390625 0.0234375
0 0.2138671875 0.50390625 0.216796875 0.169921875
1 0.1904296875 0.3125 0.01953125 0.0234375
0 0.2607421875 0.2685546875 0.1953125 0.15625
0 0.3486328125 0.083984375 0.205078125 0.16796875
1 0.533203125 0.033203125 0.01953125 0.01953125
1 0.9619140625 0.2705078125 0.029296875 0.021484375
1 0.8623046875 0.6357421875 0.04296875 0.033203125
1 0.82421875 0.7607421875 0.015625 0.015625
1 0.740234375 0.4765625 0.017578125 0.013671875