0 0.1767578125 0.6474609375 0.146484375 0.169921875
1 0.2880859375 0.6376953125 0.009765625 0.013671875
0 0.40625 0.6796875 0.138671875 0.140625
0 0.63671875 0.673828125 0.13671875 0.171875
1 0.7021484375 0.7275390625 0.013671875 0.0234375
0 0.8662109375 0.7021484375 0.181640625 0.193359375
1 0.9248046875 0.4853515625 0.11328125 0.1171875
1 0.978515625 0.419921875 0.04296875 0.1171875
0 0.91796875 0.3525390625 0.140625 0.15234375
1 0.994140625 0.34765625 0.009765625 0.01953125
1 0.8115234375 0.484375 0.013671875 0.013671875
0 0.673828125 0.3466796875 0.1015625 0.119140625
1 0.6103515625 0.2724609375 0.01171875 0.015625
1 0.5869140625 0.318359375 0.015625 0.013671875
0 0.4248046875 0.3447265625 0.13671875 0.109375
1 0.3740234375 0.2880859375 0.009765625 0.01171875
1 0.318359375 0.4736328125 0.0546875 0.09765625
1 0.3525390625 0.435546875 0.08984375 0.109375
1 0.3623046875 0.4873046875 0.013671875 0.03515625
1 0.3779296875 0.4638671875 0.009765625 0.013671875
1 0.23828125 0.4521484375 0.060546875 0.095703125
0 0.201171875 0.3310546875 0.123046875 0.12109375
1 0.263671875 0.3408203125 0.013671875 0.015625
1 0.2841796875 0.3486328125 0.009765625 0.013671875
1 0.3212890625 0.26171875 0.01171875 0.015625
1 0.318359375 0.28125 0.009765625 0.01171875
1 0.1064453125 0.4541015625 0.11328125 0.1640625
1 0.4912109375 0.48046875 0.01953125 0.029296875
1 0.5078125 0.4814453125 0.015625 0.01953125
1 0.46484375 0.541015625 0.03515625 0.0390625
1 0.4970703125 0.5625 0.013671875 0.017578125
1 0.638671875 0.505859375 0.03515625 0.029296875
1 0.6337890625 0.4716796875 0.01953125 0.0078125
1 0.912109375 0.51953125 0.013671875 0.013671875
1 0.9189453125 0.716796875 0.01171875 0.015625