1 0.0263671875 0.3671875 0.013671875 0.017578125
1 0.0244140625 0.4697265625 0.048828125 0.072265625
0 0.162165830078125 0.398962244140625 0.136083732421875 0.364182517578125 0.096081490234375 0.35316809765625 0.04315121875 0.3486132421875 0.04220546875 0.347986466796875 0.029366189453125 0.38239348828125 0.023821451171875 0.41327828125 0.032247494140625 0.4503764296875 0.04482169140625 0.483477673828125 0.0680112734375 0.50816298046875 0.119571908203125 0.5043184453125 0.17542587890625 0.476583361328125 0.17908633984375 0.448768234375 0.162165830078125 0.398962244140625
1 0.025390625 0.5625 0.0234375 0.03125
1 0.138671875 0.6171875 0.017578125 0.015625
1 0.141567244140625 0.654948798828125 0.1347953671875 0.63002534765625 0.117242830078125 0.5933433671875 0.100434037109375 0.571634572265625 0.078599025390625 0.596367943359375 0.075572158203125 0.623640958984375 0.057510791015625 0.650327833984375 0.06700898046875 0.665366568359375 0.11923366796875 0.66452758984375 0.141567244140625 0.654948798828125
1 0.1579021015625 0.6483292109375 0.1348129453125 0.6310740859375 0.130445083984375 0.655155162109375 0.12216173046875 0.67041875390625 0.138203607421875 0.688577013671875 0.162362990234375 0.671620759765625 0.1579021015625 0.6483292109375
1 0.181640625 0.623046875 0.056640625 0.064453125
1 0.2275390625 0.6259765625 0.025390625 0.02734375
0 0.1611328125 0.7626953125 0.18359375 0.19140625
1 0.0751953125 0.8037109375 0.01953125 0.01953125
1 0.279296875 0.7080078125 0.0078125 0.009765625
1 0.271484375 0.6962890625 0.0078125 0.0078125
1 0.27734375 0.6220703125 0.01171875 0.01171875
1 0.2568359375 0.5888671875 0.015625 0.01171875
1 0.271484375 0.560546875 0.01171875 0.01171875
1 0.3828125 0.787109375 0.025390625 0.029296875
1 0.4453125 0.7783203125 0.046875 0.041015625
1 0.4814453125 0.7197265625 0.017578125 0.017578125
1 0.494140625 0.7041015625 0.015625 0.015625
0 0.38277975390625 0.64133508984375 0.356395341796875 0.657670326171875 0.328863462890625 0.689664328125 0.327925306640625 0.70743721484375 0.309742728515625 0.7408931875 0.3625408359375 0.8082483046875 0.373495125 0.78844387109375 0.3869572734375 0.7756808125 0.424197958984375 0.787105109375 0.426866326171875 0.773847287109375 0.44491369140625 0.7591831015625 0.471330392578125 0.724505955078125 0.466174041015625 0.688048203125 0.42813009375 0.654841697265625 0.38277975390625 0.64133508984375
1 0.401683279296875 0.623545890625 0.39625588671875 0.600889818359375 0.3679518671875 0.567853435546875 0.37055173828125 0.586078091796875 0.35794607421875 0.61413631640625 0.34132390234375 0.62663887109375 0.337752484375 0.6303803828125 0.33515158984375 0.635765984375 0.340991662109375 0.641894900390625 0.34141946875 0.64122084375 0.374388736328125 0.6427232265625 0.401683279296875 0.623545890625
1 0.298828125 0.583984375 0.0078125 0.01171875
1 0.28581896875 0.536328123046875 0.290446580078125 0.561788470703125 0.333993029296875 0.571432998046875 0.34710714453125 0.603083732421875 0.360008609375 0.581986478515625 0.3636456171875 0.550080552734375 0.3570765859375 0.538569169921875 0.35240083203125 0.51902172265625 0.376291658203125 0.52356746875 0.388747890625 0.496725548828125 0.371713064453125 0.466219029296875 0.355314775390625 0.4744025703125 0.322956740234375 0.495432080078125 0.28581896875 0.536328123046875
1 0.486328125 0.580078125 0.041015625 0.041015625
1 0.48062391796875 0.57353071484375 0.48905760546875 0.55722395703125 0.483201509765625 0.52197894140625 0.464883849609375 0.495851255859375 0.449115736328125 0.51558564453125 0.454891294921875 0.54780993359375 0.457622759765625 0.558597521484375 0.44810771875 0.58334203515625 0.450583265625 0.59607761328125 0.45775103125 0.608378751953125 0.4598616953125 0.609696919921875 0.4719682890625 0.591028296875 0.48062391796875 0.57353071484375
1 0.42692305078125 0.521508404296875 0.436279935546875 0.4895632734375 0.418995814453125 0.4531511796875 0.403417869140625 0.45500834375 0.37777457421875 0.498713890625 0.352614986328125 0.52614185546875 0.369479455078125 0.56308040234375 0.385659361328125 0.5707175625 0.415707998046875 0.603930671875 0.431944890625 0.644585734375 0.43181998828125 0.645443822265625 0.4390591953125 0.64600723828125 0.4446721171875 0.627736431640625 0.450932814453125 0.594511267578125 0.459487513671875 0.559950431640625 0.454840236328125 0.547147078125 0.42692305078125 0.521508404296875
1 0.4443359375 0.4765625 0.02734375 0.041015625
1 0.455078125 0.4560546875 0.015625 0.015625
1 0.28125 0.455078125 0.0234375 0.03515625
1 0.203125 0.4169921875 0.01953125 0.037109375
1 0.208984375 0.447265625 0.015625 0.017578125
1 0.220703125 0.4541015625 0.009765625 0.017578125
1 0.2412109375 0.42578125 0.064453125 0.091796875
1 0.2763671875 0.361328125 0.009765625 0.01171875
1 0.4208984375 0.3671875 0.021484375 0.0234375
1 0.427734375 0.392578125 0.02734375 0.037109375
1 0.435546875 0.421875 0.01171875 0.01171875
1 0.447265625 0.392578125 0.015625 0.0234375
1 0.4619140625 0.3955078125 0.009765625 0.01171875
1 0.4755859375 0.4033203125 0.01171875 0.017578125
1 0.3955078125 0.3076171875 0.009765625 0.01171875
1 0.42578125 0.3056640625 0.021484375 0.025390625
1 0.4228515625 0.2822265625 0.029296875 0.029296875
1 0.287109375 0.373046875 0.009765625 0.013671875
0 0.309132392578125 0.443146474609375 0.346036076171875 0.452858119140625 0.37515697265625 0.44817878515625 0.4048342578125 0.407265896484375 0.396640322265625 0.3657857265625 0.380807111328125 0.314128056640625 0.3800086796875 0.3134166953125 0.363248025390625 0.30535610546875 0.31304182421875 0.302926017578125 0.29147361328125 0.3175322109375 0.28027424609375 0.338834921875 0.29252462890625 0.37674677734375 0.2913925546875 0.398629517578125 0.296502455078125 0.432552560546875 0.309132392578125 0.443146474609375
1 0.515625 0.419921875 0.013671875 0.015625
1 0.46875 0.44140625 0.01171875 0.01171875
0 0.601292982421875 0.32077551171875 0.586012357421875 0.297031337890625 0.567070248046875 0.268873947265625 0.535629875 0.243254279296875 0.519366271484375 0.248706751953125 0.49248016796875 0.26738946484375 0.48570613671875 0.293452166015625 0.49747734375 0.34165418359375 0.5086136015625 0.373014859375 0.53230829296875 0.403508748046875 0.566622705078125 0.395676380859375 0.594533326171875 0.374350404296875 0.60629088671875 0.354711642578125 0.601292982421875 0.32077551171875
1 0.6474609375 0.4326171875 0.025390625 0.029296875
1 0.6259765625 0.412109375 0.01171875 0.01171875
1 0.6103515625 0.380859375 0.01171875 0.01171875
1 0.61451644140625 0.334798087890625 0.61492676953125 0.360431216796875 0.614895669921875 0.381518724609375 0.610020505859375 0.38871007421875 0.584922197265625 0.3854513203125 0.5673271484375 0.396939595703125 0.5696433125 0.410410447265625 0.58100535546875 0.420466005859375 0.618301837890625 0.410639322265625 0.63970828125 0.40831616015625 0.658145275390625 0.394735958984375 0.665007826171875 0.339226189453125 0.664223056640625 0.30739310546875 0.6505040625 0.304103046875 0.61451644140625 0.334798087890625
1 0.681640625 0.37890625 0.013671875 0.015625
1 0.6728515625 0.35546875 0.01171875 0.013671875
1 0.701171875 0.3837890625 0.0078125 0.01171875
1 0.677734375 0.4375 0.009765625 0.01171875
1 0.716796875 0.3828125 0.013671875 0.01953125
1 0.7216796875 0.3271484375 0.017578125 0.02734375
1 0.5810546875 0.5341796875 0.015625 0.015625
1 0.5703125 0.552734375 0.01171875 0.015625
1 0.658203125 0.5458984375 0.041015625 0.048828125
1 0.5927734375 0.4951171875 0.009765625 0.009765625
1 0.603515625 0.6455078125 0.013671875 0.01171875
1 0.591796875 0.673828125 0.0078125 0.013671875
1 0.751404181640625 0.7272264609375 0.759986193359375 0.713877005859375 0.732515384765625 0.671073654296875 0.717435869140625 0.6800285703125 0.726730138671875 0.694800388671875 0.70854821875 0.7011025078125 0.691749205078125 0.70239608984375 0.685058455078125 0.709694712890625 0.685932892578125 0.716696298828125 0.685424240234375 0.717207177734375 0.727044251953125 0.723557328125 0.751404181640625 0.7272264609375
1 0.6240234375 0.6162109375 0.0078125 0.01171875
0 0.5982538359375 0.628307501953125 0.60973455859375 0.644556908203125 0.61063544140625 0.679154318359375 0.619329732421875 0.703044337890625 0.646521166015625 0.731908349609375 0.674554451171875 0.731646693359375 0.683976611328125 0.72691889453125 0.685914041015625 0.7112702109375 0.697965654296875 0.70117880078125 0.721225140625 0.694654537109375 0.71783774609375 0.678951146484375 0.74019762109375 0.6665925078125 0.73885505859375 0.64700691015625 0.71422319921875 0.609007783203125 0.691554828125 0.586852607421875 0.655519306640625 0.56666824609375 0.62248921875 0.58814300390625 0.627514869140625 0.619960125 0.6220612890625 0.6210179609375 0.5982538359375 0.628307501953125
1 0.75390625 0.6123046875 0.041015625 0.048828125
1 0.71875 0.4951171875 0.013671875 0.015625
1 0.685546875 0.509765625 0.009765625 0.013671875
1 0.6943359375 0.5087890625 0.009765625 0.017578125
1 0.746347181640625 0.4275175 0.723216150390625 0.426646490234375 0.72307473046875 0.427676634765625 0.72058682421875 0.4285298125 0.739559826171875 0.4877825234375 0.746960310546875 0.534453654296875 0.75783905078125 0.54439659765625 0.789111458984375 0.5464183828125 0.82150950390625 0.524332912109375 0.817813708984375 0.496251169921875 0.794376052734375 0.46446460546875 0.767292501953125 0.4540427890625 0.746347181640625 0.4275175
1 0.833984375 0.521484375 0.015625 0.017578125
1 0.861328125 0.4755859375 0.009765625 0.01171875
1 0.8291015625 0.421875 0.021484375 0.029296875
1 0.87109375 0.431640625 0.041015625 0.037109375
1 0.9130859375 0.4541015625 0.0703125 0.044921875
1 0.974609375 0.47265625 0.05078125 0.046875
1 0.9638671875 0.447265625 0.013671875 0.013671875
1 0.9140625 0.345703125 0.017578125 0.02734375
1 0.9248046875 0.341796875 0.015625 0.0234375
1 0.9052734375 0.3212890625 0.01171875 0.01171875
1 0.9501953125 0.2919921875 0.009765625 0.01171875
1 0.9228515625 0.267578125 0.013671875 0.013671875
1 0.892578125 0.2705078125 0.0078125 0.015625
1 0.853515625 0.232421875 0.015625 0.015625
1 0.84765625 0.3427734375 0.01953125 0.02734375
1 0.8642578125 0.341796875 0.013671875 0.01953125
1 0.841796875 0.36328125 0.009765625 0.01171875
1 0.7509765625 0.2939453125 0.013671875 0.017578125
0 0.841657154296875 0.340180662109375 0.860296140625 0.31777615234375 0.849383466796875 0.25961132421875 0.828525251953125 0.245638353515625 0.78841538671875 0.24097058203125 0.73319146484375 0.253548447265625 0.754533962890625 0.27967851953125 0.756983251953125 0.30721738671875 0.739087388671875 0.338453140625 0.75586971875 0.342451419921875 0.77416811328125 0.374736259765625 0.801658830078125 0.402429666015625 0.83412073046875 0.412032458984375 0.84100225390625 0.3657165 0.841657154296875 0.340180662109375
1 0.7470703125 0.34765625 0.021484375 0.021484375
0 0.88671875 0.623046875 0.1484375 0.166015625
1 0.691294341796875 0.4785728125 0.690414546875 0.463035171875 0.675340375 0.465766548828125 0.658418205078125 0.47184612890625 0.642293232421875 0.466323943359375 0.624354326171875 0.47628016796875 0.6241414375 0.491038712890625 0.63787170703125 0.516414048828125 0.658861419921875 0.5263187734375 0.666515931640625 0.525085458984375 0.67817830859375 0.49959776171875 0.691294341796875 0.4785728125
1 0.2734375 0.7314453125 0.0078125 0.0078125
1 0.244140625 0.712890625 0.0078125 0.0078125
1 0.31640625 0.7021484375 0.0078125 0.0078125
1 0.3212890625 0.7158203125 0.0078125 0.005859375
1 0.1953125 0.39453125 0.0078125 0.0078125