0 0.1591796875 0.2978515625 0.162109375 0.203125
0 0.40625 0.35546875 0.16796875 0.21875
1 0.314453125 0.4501953125 0.03125 0.021484375
0 0.6689453125 0.3115234375 0.142578125 0.2109375
0 0.8974609375 0.28515625 0.201171875 0.212890625
0 0.8857421875 0.6416015625 0.212890625 0.232421875
1 0.9892578125 0.583984375 0.021484375 0.046875
1 0.927734375 0.486328125 0.015625 0.017578125
1 0.7412109375 0.5166015625 0.03125 0.03125
0 0.6484375 0.64453125 0.19140625 0.203125
0 0.3994140625 0.642578125 0.146484375 0.1796875
0 0.16015625 0.6318359375 0.15625 0.171875
1 0.166015625 0.498046875 0.021484375 0.0234375
1 0.044921875 0.5400390625 0.01171875 0.013671875
1 0.0615234375 0.4462890625 0.013671875 0.013671875