1 0.4248046875 0.1064453125 0.013671875 0.017578125
0 0.5419921875 0.1650390625 0.205078125 0.173828125
1 0.4091796875 0.1640625 0.013671875 0.01171875
1 0.5048828125 0.2685546875 0.017578125 0.015625
1 0.5673828125 0.296875 0.013671875 0.009765625
0 0.662848001953125 0.3236455546875 0.650371287109375 0.306202626953125 0.61366878515625 0.304850509765625 0.577622232421875 0.318088900390625 0.5483956171875 0.34967817578125 0.53675295703125 0.38035588671875 0.556694720703125 0.436684033203125 0.582309162109375 0.43454025390625 0.63237390234375 0.42301283203125 0.654918939453125 0.403810423828125 0.667660083984375 0.37326371484375 0.66370569921875 0.32335886328125 0.662848001953125 0.3236455546875
1 0.5361328125 0.4658203125 0.017578125 0.015625
1 0.59765625 0.4375 0.013671875 0.01171875
1 0.6572265625 0.5087890625 0.013671875 0.01171875
1 0.681640625 0.568359375 0.01953125 0.013671875
1 0.515625 0.5625 0.052734375 0.064453125
1 0.52734375 0.591796875 0.017578125 0.013671875
1 0.416015625 0.3984375 0.037109375 0.03125
1 0.4384765625 0.4521484375 0.02734375 0.041015625
1 0.4755859375 0.498046875 0.103515625 0.08203125
0 0.641876828125 0.5321810625 0.598908482421875 0.55708740625 0.5834744375 0.57729190625 0.59766142578125 0.627832873046875 0.61752124609375 0.6466347421875 0.673633837890625 0.655223349609375 0.703358384765625 0.6358131796875 0.728179943359375 0.5979230234375 0.708321947265625 0.58382162109375 0.67947394140625 0.57510355859375 0.66844058984375 0.565300037109375 0.65713191796875 0.5455798515625 0.64304210546875 0.53224405859375 0.641876828125 0.5321810625
1 0.5634765625 0.6875 0.029296875 0.029296875
1 0.5888671875 0.6787109375 0.015625 0.015625
1 0.5859375 0.8095703125 0.021484375 0.01953125
1 0.5361328125 0.822265625 0.01171875 0.013671875
1 0.568741744140625 0.7883621171875 0.557672021484375 0.787917203125 0.529217986328125 0.802165095703125 0.528431162109375 0.802032255859375 0.529073046875 0.8056105390625 0.547801828125 0.814731451171875 0.56981380859375 0.817189146484375 0.5738347734375 0.811345478515625 0.571959779296875 0.79396985546875 0.568741744140625 0.7883621171875
0 0.71484375 0.7900390625 0.154296875 0.146484375
1 0.7236328125 0.7080078125 0.015625 0.015625
1 0.7421875 0.7177734375 0.017578125 0.013671875
1 0.72265625 0.865234375 0.013671875 0.01171875
0 0.431640625 0.904296875 0.171875 0.150390625
1 0.37109375 0.6298828125 0.029296875 0.0234375
1 0.3916015625 0.607421875 0.021484375 0.015625
1 0.373046875 0.5888671875 0.068359375 0.05078125
0 0.3642578125 0.701171875 0.173828125 0.1328125
1 0.34375 0.546875 0.017578125 0.01171875
0 0.269393958984375 0.415634619140625 0.233157802734375 0.44390117578125 0.216642359375 0.480868603515625 0.238135267578125 0.5152348671875 0.290984734375 0.52369966796875 0.331133830078125 0.519282923828125 0.37402839453125 0.47897437890625 0.382261173828125 0.451433271484375 0.356899009765625 0.43921934765625 0.3192620546875 0.42345630859375 0.2882765625 0.417093185546875 0.269393958984375 0.415634619140625
1 0.2646484375 0.3720703125 0.015625 0.009765625
0 0.234375 0.2548828125 0.21875 0.173828125
1 0.16796875 0.16796875 0.015625 0.015625
1 0.2646484375 0.07421875 0.015625 0.015625