0 0.087890625 0.3447265625 0.16015625 0.181640625
1 0.009765625 0.4599609375 0.01953125 0.025390625
1 0.041015625 0.44921875 0.0234375 0.025390625
1 0.046875 0.4697265625 0.015625 0.017578125
1 0.107421875 0.474609375 0.0234375 0.025390625
1 0.146484375 0.47265625 0.05859375 0.076171875
1 0.193359375 0.4990234375 0.0234375 0.025390625
0 0.06640625 0.6357421875 0.1328125 0.220703125
0 0.27734375 0.6328125 0.177734375 0.203125
1 0.2333984375 0.720703125 0.015625 0.01953125
1 0.4072265625 0.7998046875 0.154296875 0.185546875
1 0.4453125 0.5703125 0.017578125 0.025390625
1 0.466796875 0.5712890625 0.01953125 0.01953125
1 0.3212890625 0.4716796875 0.15625 0.162109375
0 0.33203125 0.349609375 0.16015625 0.130859375
1 0.52734375 0.767578125 0.0234375 0.02734375
1 0.5712890625 0.7490234375 0.009765625 0.017578125
1 0.5869140625 0.74609375 0.009765625 0.013671875
1 0.619140625 0.7333984375 0.01171875 0.017578125
0 0.554346375 0.754916099609375 0.56919017578125 0.720847833984375 0.573434677734375 0.673380708984375 0.55704233984375 0.642958578125 0.520666486328125 0.64496061328125 0.481503458984375 0.65450258203125 0.462949013671875 0.6729742421875 0.458284474609375 0.698758673828125 0.462200478515625 0.719136177734375 0.48325721875 0.7705862109375 0.5013256953125 0.792671646484375 0.517906109375 0.777885865234375 0.533929353515625 0.758566890625 0.554346375 0.754916099609375
0 0.759765625 0.7646484375 0.14453125 0.166015625
0 0.7763671875 0.4208984375 0.169921875 0.169921875
1 0.66796875 0.576171875 0.015625 0.015625
1 0.6611328125 0.6103515625 0.015625 0.01953125
1 0.7392578125 0.63671875 0.013671875 0.01953125
1 0.7578125 0.6064453125 0.009765625 0.009765625
1 0.763671875 0.623046875 0.013671875 0.013671875
1 0.806640625 0.6533203125 0.013671875 0.02734375
1 0.8369140625 0.61328125 0.01953125 0.025390625
1 0.8779296875 0.609375 0.017578125 0.01953125
1 0.90234375 0.791015625 0.033203125 0.033203125
0 0.537109375 0.390625 0.130859375 0.177734375
1 0.14453125 0.517578125 0.01171875 0.013671875
1 0.9287109375 0.6611328125 0.015625 0.015625