1 0.041015625 0.3994140625 0.0126953125 0.03125
1 0.19950697265625 0.352248203125 0.198011611328125 0.377899546875 0.20768455078125 0.37810751953125 0.218279802734375 0.354535892578125 0.227801287109375 0.32346673828125 0.208622685546875 0.297839505859375 0.208237259765625 0.296202859375 0.199158845703125 0.332429109375 0.19950697265625 0.352248203125
0 0.15234375 0.2919921875 0.091796875 0.138671875
0 0.138671875 0.6533203125 0.185546875 0.2001953125
0 0.392578125 0.6591796875 0.1044921875 0.1357421875
1 0.326171875 0.490234375 0.064453125 0.1142578125
1 0.380859375 0.5107421875 0.015625 0.0185546875
1 0.4580078125 0.498046875 0.009765625 0.0107421875
1 0.421875 0.5244140625 0.046875 0.076171875
0 0.4091796875 0.353515625 0.126953125 0.150390625
1 0.328125 0.263671875 0.005859375 0.009765625
1 0.5966796875 0.275390625 0.0107421875 0.015625
0 0.607421875 0.37109375 0.1142578125 0.162109375
1 0.6005859375 0.515625 0.0283203125 0.029296875
1 0.658203125 0.505859375 0.005859375 0.0078125
1 0.6767578125 0.5380859375 0.009765625 0.0078125
1 0.5546875 0.673828125 0.005859375 0.009765625
0 0.6337890625 0.6787109375 0.146484375 0.173828125
1 0.7802734375 0.61328125 0.0546875 0.0888671875
1 0.845703125 0.552734375 0.0751953125 0.0810546875
0 0.90482132421875 0.613635404296875 0.884542958984375 0.594654224609375 0.86516090625 0.589139962890625 0.850167732421875 0.580058533203125 0.81664926171875 0.6090856484375 0.80027375390625 0.63476110546875 0.80645412890625 0.70786012109375 0.813105830078125 0.73588053515625 0.82587008984375 0.747270748046875 0.862502486328125 0.732815212890625 0.88594676953125 0.7172233671875 0.900813349609375 0.71065568359375 0.913337990234375 0.705905490234375 0.92590897265625 0.6729585625 0.930479826171875 0.638261958984375 0.90482132421875 0.613635404296875
1 0.7958984375 0.7265625 0.0078125 0.0078125
0 0.8623046875 0.365234375 0.1220703125 0.1591796875
1 0.6259765625 0.556640625 0.005859375 0.0126953125