0 0.9660460234375 0.70115902734375 0.958842103515625 0.6708038046875 0.938996251953125 0.6449383984375 0.896729025390625 0.619689181640625 0.851104732421875 0.64296575 0.833294865234375 0.689432857421875 0.8415876640625 0.724875576171875 0.86356228515625 0.777219646484375 0.907632861328125 0.804045642578125 0.938252775390625 0.788879576171875 0.95882432421875 0.753538662109375 0.9660460234375 0.70115902734375
1 0.7939453125 0.6552734375 0.015625 0.01953125
1 0.9365234375 0.521484375 0.044921875 0.091796875
1 0.958984375 0.5400390625 0.01171875 0.01953125
1 0.8837890625 0.533203125 0.017578125 0.015625
1 0.9013671875 0.52734375 0.013671875 0.017578125
1 0.8173828125 0.486328125 0.087890625 0.064453125
1 0.8544921875 0.4111328125 0.017578125 0.01953125
1 0.8125 0.353515625 0.02734375 0.0234375
0 0.84583851953125 0.366729587890625 0.861995466796875 0.396839390625 0.87075314453125 0.42890083203125 0.89114576953125 0.451343720703125 0.890980572265625 0.451857234375 0.89108994140625 0.458323421875 0.951667583984375 0.45326212890625 0.975454529296875 0.4190890234375 0.98010574609375 0.389541046875 0.969000078125 0.346916060546875 0.953754779296875 0.306878857421875 0.937879294921875 0.300707978515625 0.876405865234375 0.309666533203125 0.8579256015625 0.32535763671875 0.84583851953125 0.366729587890625
0 0.6953125 0.3466796875 0.15625 0.171875
1 0.7607421875 0.5400390625 0.01171875 0.013671875
1 0.685546875 0.5009765625 0.005859375 0.005859375
1 0.67578125 0.5048828125 0.013671875 0.013671875
1 0.6376953125 0.4951171875 0.01171875 0.015625
1 0.6240234375 0.5009765625 0.005859375 0.005859375
1 0.6142578125 0.4970703125 0.01171875 0.013671875
1 0.5810546875 0.4873046875 0.0078125 0.013671875
1 0.5693359375 0.486328125 0.01171875 0.013671875
1 0.5625 0.34375 0.0078125 0.005859375
1 0.556640625 0.3701171875 0.029296875 0.03125
1 0.4189453125 0.279296875 0.017578125 0.017578125
1 0.443359375 0.265625 0.0078125 0.009765625
0 0.52862024609375 0.344144298828125 0.517598388671875 0.31175315625 0.506625326171875 0.28425110546875 0.489316197265625 0.262032603515625 0.48038933984375 0.244951212890625 0.471362564453125 0.238621607421875 0.470542669921875 0.239109611328125 0.44767014453125 0.271117724609375 0.419778150390625 0.297251212890625 0.401368365234375 0.31072315625 0.403447916015625 0.332356564453125 0.41555252734375 0.374444162109375 0.44321565234375 0.397146447265625 0.458015333984375 0.40783269921875 0.493448986328125 0.383579849609375 0.521080759765625 0.356815453125 0.52862024609375 0.344144298828125
1 0.375 0.263671875 0.0078125 0.009765625
1 0.326171875 0.2978515625 0.015625 0.017578125
1 0.3017578125 0.25390625 0.01171875 0.017578125
1 0.3017578125 0.2802734375 0.01171875 0.01953125
0 0.2216796875 0.3046875 0.158203125 0.154296875
1 0.2763671875 0.451171875 0.013671875 0.017578125
1 0.271484375 0.439453125 0.013671875 0.0234375
1 0.2548828125 0.43359375 0.01171875 0.013671875
1 0.31640625 0.4501953125 0.013671875 0.01953125
1 0.29497611328125 0.388532513671875 0.2797596484375 0.3825841875 0.259228818359375 0.384208408203125 0.25299973828125 0.411158529296875 0.274485 0.4291918984375 0.283456455078125 0.453816974609375 0.292600041015625 0.477460177734375 0.30463321875 0.482133068359375 0.310030326171875 0.462876861328125 0.3096903515625 0.43916578515625 0.310837380859375 0.4152913203125 0.29497611328125 0.388532513671875
1 0.385953318359375 0.542073033203125 0.3549585546875 0.539554982421875 0.34908678515625 0.556312876953125 0.35184114453125 0.59375808203125 0.354896560546875 0.645295619140625 0.370851107421875 0.6548424140625 0.376838787109375 0.647121521484375 0.39322921484375 0.614777751953125 0.408335681640625 0.5764898203125 0.409640791015625 0.558771146484375 0.385953318359375 0.542073033203125
1 0.421875 0.591796875 0.0078125 0.013671875
0 0.43831023828125 0.557728861328125 0.425589228515625 0.588942888671875 0.414595400390625 0.60582298828125 0.388425509765625 0.623010685546875 0.391455365234375 0.639604900390625 0.41381009375 0.673105541015625 0.428810091796875 0.710836958984375 0.45698215234375 0.714623880859375 0.473123810546875 0.7082724140625 0.4920792109375 0.683558197265625 0.49974872265625 0.66545840234375 0.50451969921875 0.600356544921875 0.4835739921875 0.566027630859375 0.43831023828125 0.557728861328125
1 0.6923828125 0.634765625 0.01171875 0.013671875
0 0.67712198046875 0.73927069140625 0.699899671875 0.7134431328125 0.70665368359375 0.696496171875 0.702401806640625 0.646897748046875 0.703014078125 0.645527771484375 0.685094962890625 0.64099345703125 0.677441951171875 0.611193474609375 0.6696788203125 0.5831190390625 0.655750958984375 0.57838023046875 0.6216923984375 0.595254447265625 0.59739802734375 0.62543626953125 0.59481409375 0.6438826640625 0.604716365234375 0.69240363671875 0.613308658203125 0.72990878125 0.64416123828125 0.74165153515625 0.67712198046875 0.73927069140625
1 0.3134765625 0.591796875 0.009765625 0.013671875
0 0.2177734375 0.6142578125 0.138671875 0.1640625
0 0.0380859375 0.5888671875 0.076171875 0.134765625
1 0.017578125 0.4951171875 0.03515625 0.064453125
1 0.134765625 0.408203125 0.083984375 0.078125
1 0.1396484375 0.427734375 0.013671875 0.01953125
1 0.03938039453125 0.372960220703125 0.01433269921875 0.4076674765625 0.014368142578125 0.43217487109375 0.043820412109375 0.458289228515625 0.072404505859375 0.4702313828125 0.108603423828125 0.47572203515625 0.115953072265625 0.468475806640625 0.1161143359375 0.44880085546875 0.088274693359375 0.434302154296875 0.073338107421875 0.403315796875 0.064450212890625 0.37284652734375 0.03938039453125 0.372960220703125
1 0.099609375 0.353515625 0.0234375 0.029296875
1 0.1181640625 0.3076171875 0.013671875 0.013671875
1 0.0888671875 0.2421875 0.02734375 0.044921875
0 0.081341814453125 0.305387681640625 0.125492375 0.292679171875 0.1226585703125 0.274583259765625 0.115327111328125 0.268834634765625 0.075252599609375 0.26393830859375 0.0696198671875 0.22171952734375 0.0521959140625 0.20024284375 0.024102703125 0.2026743671875 0.011015 0.352267513671875 0.045135404296875 0.351649177734375 0.081341814453125 0.305387681640625