1 0.48046875 0.0517578125 0.025390625 0.017578125
1 0.438785205078125 0 0.416461708984375 0.038207103515625 0.407098765625 0.051388888671875 0.424714265625 0.055377423828125 0.471496431640625 0.045842375 0.49390552734375 0.04450321875 0.536898388671875 0.02755081640625 0.55931230859375 0.010678892578125 0.55866005859375 0 0.498031201171875 0 0.438785205078125 0
1 0.564453125 0.0205078125 0.015625 0.015625
1 0.572265625 0.0380859375 0.015625 0.013671875
1 0.5732421875 0.0537109375 0.0185546875 0.017578125
1 0.546875 0.0556640625 0.015625 0.015625
1 0.544921875 0.033203125 0.0126953125 0.009765625
1 0.5751953125 0.126953125 0.017578125 0.0205078125
1 0.588175154296875 0.10969780859375 0.58875265234375 0.086736833984375 0.5862569921875 0.065447771484375 0.56510778515625 0.0621265546875 0.5483434609375 0.062915943359375 0.525637779296875 0.043014865234375 0.494305796875 0.07611491015625 0.50533974609375 0.095685041015625 0.52154948046875 0.106562861328125 0.531663533203125 0.117413556640625 0.54027054296875 0.14282769140625 0.549492427734375 0.149476455078125 0.560047744140625 0.137060546875 0.572333140625 0.114328341796875 0.588175154296875 0.10969780859375
0 0.510809703125 0.164204462890625 0.51296778515625 0.13380533984375 0.507400173828125 0.114076966796875 0.47838180078125 0.08109447265625 0.459066357421875 0.070908384765625 0.4112943671875 0.066811341796875 0.380864197265625 0.073842591796875 0.3757474921875 0.108181423828125 0.37408612890625 0.13179976953125 0.38445216015625 0.1608850546875 0.393690923828125 0.176685474609375 0.42017505859375 0.185692455078125 0.456363330078125 0.19430609765625 0.489838927734375 0.185847078125 0.510809703125 0.164204462890625
1 0.5576171875 0.1630859375 0.0185546875 0.0234375
0 0.734127845703125 0.063398798828125 0.720887587890625 0.047569443359375 0.68321276953125 0.0334508828125 0.621853298828125 0.038093171875 0.60835141796875 0.07116880078125 0.588888888671875 0.0956018515625 0.60984640234375 0.119122541015625 0.629829763671875 0.14490921484375 0.648057724609375 0.154181134765625 0.67863016015625 0.143536603515625 0.70480926953125 0.1321325234375 0.720482494140625 0.102297634765625 0.734127845703125 0.063398798828125
1 0.65234375 0.19140625 0.041015625 0.0439453125
1 0.736328125 0.248046875 0.013671875 0.0126953125
1 0.765625 0.142578125 0.013671875 0.009765625
1 0.810546875 0.232421875 0.0126953125 0.0126953125
1 0.75621383203125 0.149470125 0.745891203125 0.117031068359375 0.72949339453125 0.10615234375 0.708221208984375 0.133523220703125 0.68367814453125 0.1436279296875 0.68371551953125 0.167608869140625 0.671514515625 0.183709490234375 0.66335117578125 0.21365559765625 0.651288822265625 0.22576587890625 0.65345413671875 0.23554235546875 0.65432098828125 0.23541666796875 0.684941646484375 0.229052734375 0.7283769765625 0.229021990234375 0.755905189453125 0.22535807421875 0.799144 0.20871762890625 0.811272666015625 0.1925085 0.812537375 0.1768871171875 0.78132475 0.165398943359375 0.75621383203125 0.149470125
0 0.640650318359375 0.313267685546875 0.67109977734375 0.32865668359375 0.693836806640625 0.3408031328125 0.720724826171875 0.34624927734375 0.736090615234375 0.336045103515625 0.748402537109375 0.32192563671875 0.753950857421875 0.299078595703125 0.749426119140625 0.27451985546875 0.73931930078125 0.25999439453125 0.72659023046875 0.2505895546875 0.7268518515625 0.23287037109375 0.72474319921875 0.23190375390625 0.6833646796875 0.233182328125 0.66782045703125 0.24309986328125 0.638302951171875 0.25809371484375 0.63053144140625 0.281904658203125 0.63286313671875 0.29234664453125 0.640650318359375 0.313267685546875
1 0.616962046875 0.189162869140625 0.612622974609375 0.17802282421875 0.593775318359375 0.16621907421875 0.566290509765625 0.154880099609375 0.56738401953125 0.157219328125 0.56162350390625 0.1693603515625 0.550729408203125 0.193589951171875 0.558207947265625 0.20188169140625 0.57926914453125 0.22263002734375 0.588387345703125 0.21267994140625 0.616962046875 0.189162869140625
0 0.507271169921875 0.331566478515625 0.5126386484375 0.316168439453125 0.49048755859375 0.29231499609375 0.476638455078125 0.27988733203125 0.4712854453125 0.268217412109375 0.45261622265625 0.2482873984375 0.420987654296875 0.2331018515625 0.377621044921875 0.258547634765625 0.37123842578125 0.294599970703125 0.36982421875 0.32422326953125 0.403210599609375 0.33777669140625 0.4260103203125 0.347073025390625 0.44458188671875 0.359740306640625 0.477486013671875 0.359123625 0.507271169921875 0.331566478515625
1 0.48825351953125 0.25464048046875 0.46358024609375 0.24652777734375 0.465815490234375 0.25555374609375 0.46991584765625 0.26748498828125 0.46900559375 0.28113968359375 0.47311198046875 0.2950439453125 0.49558497265625 0.2902904375 0.50301769921875 0.271889466796875 0.48825351953125 0.25464048046875
1 0.416015625 0.35546875 0.025390625 0.0126953125
1 0.4736328125 0.388671875 0.041015625 0.0283203125
1 0.5859375 0.216796875 0.0283203125 0.021484375
1 0.5605504921875 0.30286548828125 0.5884355703125 0.29978479296875 0.60351683203125 0.312570529296875 0.63035783203125 0.304576279296875 0.623038435546875 0.293464265625 0.6301986875 0.288535337890625 0.64276379296875 0.26974193359375 0.6486894765625 0.25277777734375 0.6545295625 0.231912796875 0.63776885546875 0.223789244140625 0.6142988046875 0.25816966796875 0.5934980234375 0.24228696484375 0.55617283984375 0.2168981484375 0.5451135703125 0.21508969921875 0.530907599609375 0.21839283203125 0.52021725390625 0.23049135546875 0.512645880859375 0.2557788984375 0.516386958984375 0.2996265546875 0.53846691796875 0.30758101953125 0.5605504921875 0.30286548828125
1 0.5751953125 0.3173828125 0.052734375 0.0283203125
1 0.601133294921875 0.39298141015625 0.59722222265625 0.41959635546875 0.614884740234375 0.421184171875 0.6404296875 0.407788990234375 0.663911794921875 0.39134837890625 0.6942491328125 0.363995587890625 0.70976803515625 0.351690900390625 0.702739197265625 0.344023076171875 0.68092930078125 0.33923791796875 0.66756848046875 0.33363353515625 0.646237220703125 0.32053584375 0.617592591796875 0.294444443359375 0.61465084765625 0.295892107421875 0.59505690625 0.320713072265625 0.57436704296875 0.33705241015625 0.56246865234375 0.353760669921875 0.573192755859375 0.3658166953125 0.5944974921875 0.372895869140625 0.601133294921875 0.39298141015625
1 0.556640625 0.3623046875 0.009765625 0.0078125
1 0.556640625 0.3798828125 0.015625 0.009765625
1 0.5888671875 0.388671875 0.015625 0.009765625
1 0.572265625 0.40625 0.009765625 0.009765625
1 0.5986328125 0.431640625 0.025390625 0.025390625
1 0.5712890625 0.470703125 0.013671875 0.0126953125
1 0.595703125 0.4658203125 0.0205078125 0.017578125
1 0.5986328125 0.4853515625 0.0126953125 0.021484375
1 0.576171875 0.49609375 0.0126953125 0.0078125
1 0.5771484375 0.509765625 0.0126953125 0.0185546875
1 0.623077015625 0.529405380859375 0.6262731484375 0.502288591796875 0.61358024609375 0.4856481484375 0.599402005859375 0.49737955859375 0.58370105078125 0.5189281328125 0.56274956640625 0.547840712890625 0.5671537421875 0.56014449609375 0.59201509375 0.559539568359375 0.61723813671875 0.545822482421875 0.623077015625 0.529405380859375
1 0.58832465234375 0.58438404296875 0.58992091015625 0.59110514453125 0.605682146484375 0.593372939453125 0.63584225390625 0.5900562421875 0.66255063671875 0.582958080078125 0.68430507421875 0.587774884765625 0.70707465234375 0.600002712890625 0.719966482421875 0.59996654296875 0.72210648046875 0.595411060546875 0.73008053515625 0.58524848046875 0.73532865625 0.56819028515625 0.74084321875 0.55194769921875 0.735914591796875 0.542291486328125 0.718859712890625 0.532732927734375 0.70456573046875 0.52162905078125 0.691583478515625 0.51675708984375 0.67873505078125 0.525292064453125 0.66807605078125 0.521177841796875 0.6466049375 0.511342591796875 0.64464216796875 0.511717845703125 0.64599368359375 0.521163375 0.648805216796875 0.535102900390625 0.64004147265625 0.55568305078125 0.6171609765625 0.566064453125 0.59632523046875 0.5750940390625 0.58832465234375 0.58438404296875
1 0.603515625 0.564453125 0.015625 0.013671875
1 0.5859375 0.56640625 0.013671875 0.015625
1 0.603515625 0.60546875 0.005859375 0.005859375
1 0.6064453125 0.623046875 0.0205078125 0.0126953125
1 0.58203125 0.6181640625 0.015625 0.0126953125
1 0.701171875 0.638671875 0.0185546875 0.0126953125
1 0.708984375 0.6708984375 0.0185546875 0.015625
1 0.591796875 0.669921875 0.0205078125 0.015625
1 0.611328125 0.681640625 0.0107421875 0.0078125
1 0.615234375 0.69140625 0.0185546875 0.009765625
1 0.6123046875 0.701171875 0.021484375 0.015625
1 0.58984375 0.7158203125 0.0234375 0.0107421875
1 0.6142578125 0.724609375 0.015625 0.005859375
1 0.695001447265625 0.654498517578125 0.687168451171875 0.63213433203125 0.672405478515625 0.6203685625 0.65448977734375 0.62115885546875 0.639164978515625 0.63086841796875 0.61976634765625 0.64180501171875 0.59537760546875 0.6460376875 0.5866849921875 0.65711715234375 0.586498119140625 0.657084599609375 0.59867259765625 0.6679126875 0.61490885546875 0.668749095703125 0.63408323828125 0.672024197265625 0.6515890234375 0.68616898046875 0.65689621875 0.6907751015625 0.6831018515625 0.68026439453125 0.69367525 0.673902271484375 0.695001447265625 0.654498517578125
1 0.6201171875 0.748046875 0.0185546875 0.013671875
0 0.649852912109375 0.71466019140625 0.639989630859375 0.71436722265625 0.63605565234375 0.749076787109375 0.636111111328125 0.748842591796875 0.668213494140625 0.74368489453125 0.70335286328125 0.734809931640625 0.73442563671875 0.720533130859375 0.731955294921875 0.693457935546875 0.717533517578125 0.67952835546875 0.68548659375 0.67879322265625 0.660498650390625 0.69447699609375 0.649852912109375 0.71466019140625
0 0.532625626953125 0.7084508828125 0.53198061328125 0.689972150390625 0.522633341796875 0.6765588828125 0.49395857421875 0.671567564453125 0.45536144921875 0.67652271484375 0.44149787890625 0.69511176171875 0.43749879296875 0.721595595703125 0.4370828515625 0.721661603515625 0.463882861328125 0.73866283203125 0.504011140625 0.746177841796875 0.50553144140625 0.73193540234375 0.504810474609375 0.718198423828125 0.529093123046875 0.717216435546875 0.532625626953125 0.7084508828125
1 0.5259126640625 0.785679794921875 0.5322976953125 0.77423141015625 0.534911505859375 0.75456723828125 0.54222005078125 0.746194119140625 0.56183328515625 0.73173828125 0.548415798828125 0.7247522421875 0.52932098828125 0.714814814453125 0.52740403125 0.71536910546875 0.522149884765625 0.71970033984375 0.498584587890625 0.719677734375 0.5057279609375 0.735230396484375 0.506106529296875 0.753323025390625 0.51556351171875 0.7796838828125 0.5259126640625 0.785679794921875
1 0.4775390625 0.810546875 0.0126953125 0.0078125
1 0.5969690390625 0.8495361328125 0.616706453125 0.82793420703125 0.613683931640625 0.80662434765625 0.62318069921875 0.78817907421875 0.626806037109375 0.778891783203125 0.61583357421875 0.769845919921875 0.57937041796875 0.78526294921875 0.56181881640625 0.76520182421875 0.537568720703125 0.7484754765625 0.534800587890625 0.762816478515625 0.53438826171875 0.77921458984375 0.53002025390625 0.78258101953125 0.519489052734375 0.782270869140625 0.503399884765625 0.763669162109375 0.48844883203125 0.757691333984375 0.47376543359375 0.7606481484375 0.477748841796875 0.782216615234375 0.4942792734375 0.799448423828125 0.50064862890625 0.817695673828125 0.51335841015625 0.83771520703125 0.52532431640625 0.86123860546875 0.53954113671875 0.87349175390625 0.56092785546875 0.873821794921875 0.5969690390625 0.8495361328125
1 0.630859375 0.787109375 0.015625 0.015625
1 0.62109375 0.802734375 0.015625 0.0126953125
1 0.6240234375 0.8369140625 0.015625 0.0126953125
1 0.607421875 0.8876953125 0.0126953125 0.0078125
1 0.626953125 0.8916015625 0.017578125 0.009765625
1 0.63671875 0.900390625 0.0185546875 0.015625
1 0.623046875 0.921875 0.017578125 0.013671875
1 0.607421875 0.9296875 0.0126953125 0.009765625
1 0.6103515625 0.9482421875 0.0185546875 0.015625
1 0.667164591796875 1 0.67262369921875 0.99232494140625 0.66344521484375 0.98097240234375 0.661181037109375 0.94638129296875 0.649129533203125 0.94083568359375 0.619421537109375 0.958425564453125 0.5910867578125 0.96084165234375 0.5693094140625 0.97951479296875 0.562703751953125 1 0.581618923828125 1 0.667164591796875 1
0 0.517601033203125 0.8513355390625 0.499133150390625 0.833819806640625 0.48168764453125 0.8345703125 0.43356601953125 0.87132523046875 0.435932677734375 0.90013744140625 0.446890673828125 0.925560619140625 0.46964216796875 0.94030219140625 0.51054808203125 0.9366735390625 0.547784046875 0.921543150390625 0.552133970703125 0.909445529296875 0.543254484375 0.880124240234375 0.517601033203125 0.8513355390625
0 0.447265625 0.5009765625 0.158203125 0.119140625
0 0.739743080078125 0.44040030078125 0.71376772265625 0.43315294140625 0.658567830078125 0.4372106484375 0.645061728515625 0.483506943359375 0.665928216796875 0.51525313671875 0.682697060546875 0.52304529296875 0.7016918046875 0.5203959140625 0.7169023671875 0.530647560546875 0.74096076953125 0.53090639453125 0.774014697265625 0.496644197265625 0.76958701171875 0.46176260546875 0.739743080078125 0.44040030078125
1 0.826171875 0.505859375 0.015625 0.015625
0 0.751953125 0.904296875 0.1376953125 0.1376953125