0 0.0546875 0.5830078125 0.109375 0.2001953125
1 0.146484375 0.5927734375 0.025390625 0.0390625
1 0.158203125 0.5400390625 0.0205078125 0.021484375
1 0.0537109375 0.412109375 0.017578125 0.0205078125
0 0.0400390625 0.263671875 0.080078125 0.150390625
0 0.2685546875 0.2275390625 0.1611328125 0.216796875
1 0.205078125 0.396484375 0.03125 0.0361328125
1 0.2265625 0.412109375 0.015625 0.03125
1 0.263671875 0.4072265625 0.015625 0.0234375
1 0.333984375 0.40234375 0.0263671875 0.015625
0 0.2626953125 0.560546875 0.140625 0.1640625
1 0.337890625 0.55078125 0.0107421875 0.017578125
1 0.349609375 0.560546875 0.0107421875 0.015625
1 0.3662109375 0.57421875 0.015625 0.015625
1 0.39453125 0.5625 0.0185546875 0.0205078125
1 0.396484375 0.3984375 0.021484375 0.0185546875
1 0.4501953125 0.3955078125 0.015625 0.0126953125
1 0.48828125 0.396484375 0.0185546875 0.0126953125
1 0.49609375 0.4208984375 0.0185546875 0.0185546875
1 0.51953125 0.357421875 0.0205078125 0.021484375
0 0.572160994140625 0.191289130859375 0.534732556640625 0.164858216796875 0.46759517578125 0.162744916015625 0.42111416015625 0.19900690234375 0.41171280859375 0.2469239140625 0.417458509765625 0.31732080859375 0.4406286171875 0.36519820703125 0.459201556640625 0.370598982421875 0.504567625 0.33427889453125 0.549335783203125 0.3215181328125 0.574809080078125 0.310975736328125 0.579906322265625 0.250089560546875 0.572160994140625 0.191289130859375
1 0.6767578125 0.4306640625 0.03125 0.052734375
1 0.580078125 0.4013671875 0.0107421875 0.0126953125
1 0.56640625 0.392578125 0.0126953125 0.0126953125
1 0.5673828125 0.5390625 0.0126953125 0.0185546875
1 0.5888671875 0.55078125 0.009765625 0.015625
0 0.510516130859375 0.514285025390625 0.459218181640625 0.5527154296875 0.439029431640625 0.5817160625 0.452327990234375 0.635675017578125 0.49759088671875 0.68393821484375 0.51987485546875 0.67316847265625 0.53786633984375 0.664641203125 0.55636419140625 0.64061638671875 0.566168568359375 0.59877404296875 0.5640100546875 0.557715361328125 0.56294823828125 0.523058587890625 0.55722062109375 0.504154265625 0.510516130859375 0.514285025390625
0 0.75390625 0.5810546875 0.140625 0.193359375
1 0.7958984375 0.46484375 0.0185546875 0.0283203125
1 0.73420965625 0.31455991015625 0.709263392578125 0.28803598828125 0.6889273828125 0.2841986328125 0.6797210859375 0.29726769140625 0.691463087890625 0.3553826328125 0.69742451171875 0.39987392578125 0.70752469921875 0.434751158203125 0.74461728125 0.421868111328125 0.786542296875 0.402757109375 0.80964006640625 0.37646226171875 0.81064246484375 0.338341876953125 0.79091228515625 0.300793306640625 0.76867998828125 0.303636876953125 0.749452298828125 0.33528645703125 0.73420965625 0.31455991015625
0 0.722313935546875 0.162223048828125 0.714944505859375 0.20041060546875 0.710065568359375 0.219261533203125 0.710047484375 0.278335814453125 0.74739841796875 0.342658041015625 0.768647693359375 0.314482404296875 0.79591135546875 0.294622189453125 0.82009677734375 0.26668940234375 0.833153779296875 0.227513228515625 0.818182404296875 0.167517498046875 0.77673275390625 0.1207441171875 0.73414765234375 0.145433751953125 0.722313935546875 0.162223048828125
0 0.943359375 0.2197265625 0.1123046875 0.1923828125
0 0.9365234375 0.5654296875 0.126953125 0.2158203125
1 0.857421875 0.58203125 0.009765625 0.009765625
1 0.6669921875 0.236328125 0.0126953125 0.015625
1 0.654296875 0.5517578125 0.0126953125 0.021484375