0 0.5595703125 0.0185546875 0.115234375 0.037109375
1 0.4443359375 0.0322265625 0.037109375 0.025390625
0 0.6064453125 0.16796875 0.203125 0.19921875
0 0.3037109375 0.244140625 0.224609375 0.2109375
1 0.3076171875 0.3955078125 0.025390625 0.0234375
1 0.28515625 0.435546875 0.017578125 0.017578125
1 0.3888324609375 0.4534747421875 0.414917193359375 0.45202546484375 0.434776822265625 0.467522166015625 0.456589037109375 0.46244079296875 0.457439333984375 0.44594658984375 0.45429073046875 0.40795505078125 0.400475689453125 0.3891201796875 0.384266509765625 0.39789683984375 0.373595529296875 0.418546564453125 0.38330866796875 0.4263772890625 0.3888324609375 0.4534747421875
0 0.3414984765625 0.557621271484375 0.38127637890625 0.55557248828125 0.4122822578125 0.53945908203125 0.4238661328125 0.521157482421875 0.423811212890625 0.49033956640625 0.422725740234375 0.45455731640625 0.390241255859375 0.45319378125 0.379197693359375 0.420788048828125 0.35963942578125 0.41211030078125 0.30408219921875 0.431287025390625 0.287162931640625 0.446589193359375 0.242182369140625 0.47057642578125 0.23822706640625 0.48570876953125 0.24656196484375 0.5101842109375 0.289828916015625 0.54178903515625 0.3414984765625 0.557621271484375
1 0.384765625 0.6025390625 0.0234375 0.021484375
1 0.4658203125 0.498046875 0.013671875 0.01171875
1 0.4814453125 0.5263671875 0.017578125 0.013671875
1 0.4814453125 0.5458984375 0.01953125 0.021484375
1 0.4970703125 0.56640625 0.017578125 0.013671875
0 0.614544365234375 0.455739400390625 0.65810444921875 0.4692476953125 0.686611271484375 0.47802541015625 0.737362435546875 0.471428208984375 0.781424265625 0.4642759140625 0.797347630859375 0.45649895703125 0.796435404296875 0.423958951171875 0.79471015234375 0.37834078125 0.7879779765625 0.342774923828125 0.765600578125 0.32167916796875 0.72439181640625 0.314527677734375 0.696958791015625 0.3163520234375 0.66341555859375 0.348237970703125 0.633430572265625 0.3678122734375 0.618228626953125 0.3937949765625 0.602367548828125 0.414042400390625 0.59987554296875 0.43470871875 0.614544365234375 0.455739400390625
0 0.7705078125 0.609375 0.26171875 0.2109375
0 0.787109375 0.8486328125 0.216796875 0.193359375
0 0.443359375 0.9453125 0.25 0.109375
1 0.5078125 0.6962890625 0.056640625 0.07421875
1 0.5009765625 0.646484375 0.025390625 0.01953125
1 0.6142578125 0.7822265625 0.017578125 0.017578125
1 0.3896484375 0.6328125 0.037109375 0.021484375
1 0.3876953125 0.6572265625 0.017578125 0.017578125
1 0.345703125 0.67578125 0.0390625 0.046875
0 0.449450177734375 0.778322283203125 0.46980520703125 0.746064833984375 0.49074352734375 0.718161767578125 0.467946818359375 0.692646400390625 0.412462677734375 0.669504560546875 0.394463833984375 0.67255381640625 0.3692176328125 0.68240484375 0.357459212890625 0.692777638671875 0.32990664453125 0.71420276171875 0.289937212890625 0.738885216796875 0.28799615625 0.7648938203125 0.312018416015625 0.8015149765625 0.3484699921875 0.81540379296875 0.39818912109375 0.81599612109375 0.422188705078125 0.8035192578125 0.449450177734375 0.778322283203125