1 0.04296875 0.3935546875 0.0263671875 0.041015625
1 0.1171875 0.4853515625 0.0205078125 0.0234375
0 0.037109375 0.5908203125 0.0732421875 0.119140625
0 0.1865234375 0.5947265625 0.1044921875 0.140625
1 0.2216796875 0.435546875 0.0126953125 0.0185546875
0 0.2392578125 0.302734375 0.1376953125 0.1748046875
1 0.3134765625 0.263671875 0.009765625 0.015625
1 0.3203125 0.2939453125 0.0078125 0.0126953125
0 0.3671875 0.3134765625 0.0888671875 0.107421875
1 0.3583984375 0.46875 0.0107421875 0.013671875
1 0.3408203125 0.509765625 0.015625 0.0234375
0 0.3311767578125 0.52770393359375 0.313392921875 0.590625904296875 0.33524802734375 0.6384593828125 0.382949263671875 0.678316091796875 0.443952771484375 0.634762611328125 0.4414865 0.60126410546875 0.436737060546875 0.561430001953125 0.415153220703125 0.520444517578125 0.39367449609375 0.51761429296875 0.349099619140625 0.501406068359375 0.3311767578125 0.52770393359375
1 0.515625 0.509765625 0.025390625 0.0361328125
0 0.5966796875 0.591796875 0.1357421875 0.1845703125
0 0.7783203125 0.5986328125 0.1357421875 0.1845703125
0 0.9501953125 0.5888671875 0.099609375 0.1845703125
1 0.755859375 0.423828125 0.021484375 0.025390625
1 0.6923828125 0.419921875 0.0126953125 0.013671875
0 0.619140625 0.3447265625 0.1357421875 0.146484375
0 0.8427734375 0.275390625 0.0908203125 0.1376953125