0 0.979175708984375 0.7125846953125 0.9818047421875 0.65977496875 0.971982603515625 0.63016312109375 0.949957953125 0.6061258203125 0.905650951171875 0.584656515625 0.862228958984375 0.611820927734375 0.84853673828125 0.659663447265625 0.859887017578125 0.694248529296875 0.88634010546875 0.744478201171875 0.93258101953125 0.767361111328125 0.96176260546875 0.749584056640625 0.979175708984375 0.7125846953125
1 0.806640625 0.62890625 0.013671875 0.0185546875
1 0.9365234375 0.4833984375 0.037109375 0.0888671875
1 0.9609375 0.5 0.0107421875 0.0185546875
1 0.884765625 0.5 0.015625 0.013671875
1 0.90234375 0.4921875 0.0126953125 0.015625
1 0.8154296875 0.458984375 0.0830078125 0.056640625
1 0.845703125 0.380859375 0.015625 0.0185546875
1 0.798828125 0.3271484375 0.0263671875 0.0205078125
0 0.863145615234375 0.39685812109375 0.88541666796875 0.417438271484375 0.88529685546875 0.41796423046875 0.885969373046875 0.424396279296875 0.94587537890625 0.414074556640625 0.96659342578125 0.377958322265625 0.968651666015625 0.348117404296875 0.95387324609375 0.306622541015625 0.93519648828125 0.26806640625 0.918843587890625 0.263302650390625 0.858384873046875 0.277584876953125 0.841342501953125 0.294826931640625 0.832907216796875 0.337094908203125 0.85162692578125 0.36568196484375 0.863145615234375 0.39685812109375
0 0.681640625 0.330078125 0.1435546875 0.1591796875
1 0.763671875 0.517578125 0.0107421875 0.0126953125
1 0.6845703125 0.484375 0.005859375 0.005859375
1 0.67578125 0.4892578125 0.0126953125 0.0126953125
1 0.63671875 0.4833984375 0.009765625 0.015625
1 0.6240234375 0.490234375 0.005859375 0.005859375
1 0.61328125 0.4873046875 0.009765625 0.0126953125
1 0.580078125 0.48046875 0.005859375 0.013671875
1 0.568359375 0.48046875 0.009765625 0.0126953125
1 0.548828125 0.3388671875 0.0078125 0.005859375
1 0.544921875 0.365234375 0.0263671875 0.0283203125
1 0.400390625 0.287109375 0.015625 0.015625
1 0.4228515625 0.271484375 0.0078125 0.009765625
0 0.458234998046875 0.247630931640625 0.44869091015625 0.2421121484375 0.44791666796875 0.24266975390625 0.42792087109375 0.2765495390625 0.402412697265625 0.30501452734375 0.385247125 0.320039724609375 0.38920423828125 0.34140956640625 0.404930962890625 0.382282021484375 0.43446745703125 0.40248691796875 0.450142189453125 0.41184262890625 0.48332723046875 0.384593822265625 0.508521185546875 0.35552300390625 0.5149276171875 0.342242958984375 0.50112462890625 0.31093569140625 0.487796359375 0.28449466015625 0.468616626953125 0.263869296875 0.458234998046875 0.247630931640625
1 0.3544921875 0.275390625 0.0078125 0.009765625
1 0.3095703125 0.3134765625 0.013671875 0.015625
1 0.28125 0.2724609375 0.009765625 0.017578125
1 0.283203125 0.298828125 0.009765625 0.0185546875
0 0.2060546875 0.330078125 0.1455078125 0.142578125
1 0.2734375 0.470703125 0.0126953125 0.015625
1 0.267578125 0.4599609375 0.0126953125 0.021484375
1 0.25 0.455078125 0.009765625 0.0126953125
1 0.3125 0.466796875 0.0126953125 0.017578125
1 0.304174353515625 0.432100271484375 0.286041259765625 0.406825689453125 0.270364267578125 0.402226201171875 0.250053123046875 0.40563362109375 0.24619660546875 0.43302408984375 0.2691718203125 0.449116271484375 0.280255353515625 0.472865728515625 0.29142478515625 0.495622046875 0.303819443359375 0.49922839453125 0.30751772265625 0.47957507421875 0.305112486328125 0.45598385546875 0.304174353515625 0.432100271484375
1 0.41535101953125 0.58418782421875 0.41510687890625 0.566422828125 0.39005420703125 0.551852755859375 0.35895792578125 0.552045658203125 0.354569046875 0.56925154296875 0.36057648828125 0.60631419921875 0.3681120703125 0.65738932421875 0.384837962890625 0.665509259765625 0.3901299375 0.65729588671875 0.40363905078125 0.62364667578125 0.41535101953125 0.58418782421875
1 0.4306640625 0.5986328125 0.005859375 0.0126953125
0 0.433624267578125 0.595089759765625 0.42414347265625 0.61286380078125 0.399571171875 0.632266951171875 0.404035779296875 0.64853394921875 0.42922521484375 0.679958767578125 0.447456642578125 0.71623926953125 0.475851552734375 0.717556423828125 0.49137821875 0.7098222890625 0.50810750390625 0.683550044921875 0.514170328125 0.66485068359375 0.513249150390625 0.599580740234375 0.489391185546875 0.56720799609375 0.443576388671875 0.562885802734375 0.433624267578125 0.595089759765625
1 0.703125 0.6171875 0.009765625 0.0126953125
0 0.71443458984375 0.62869827734375 0.71492512890625 0.62728015234375 0.696679009765625 0.624324845703125 0.686457880859375 0.595305265625 0.676277443359375 0.56801426171875 0.66198956640625 0.56450737890625 0.629531294921875 0.584285783203125 0.607959888671875 0.6164701484375 0.606993498046875 0.6350715546875 0.62108696875 0.682544849609375 0.63291535546875 0.719158408203125 0.66467398046875 0.728167498046875 0.69730179296875 0.72292299609375 0.7177417890625 0.695208513671875 0.72299307421875 0.677737388671875 0.71443458984375 0.62869827734375
1 0.322265625 0.607421875 0.0078125 0.0126953125
0 0.228515625 0.638671875 0.125 0.1533203125
0 0.0400390625 0.630859375 0.080078125 0.1279296875
1 0.017578125 0.537109375 0.0341796875 0.0625
1 0.1279296875 0.4404296875 0.078125 0.072265625
1 0.134765625 0.458984375 0.0126953125 0.017578125
1 0.055025455078125 0.41129105078125 0.0300609453125 0.4135892890625 0.0081335 0.4503475234375 0.01030476953125 0.474758572265625 0.04192098046875 0.49820662109375 0.07143712890625 0.507612064453125 0.107976841796875 0.50992687890625 0.11466697265625 0.50206766015625 0.113112837890625 0.4824535234375 0.08411548828125 0.47043637890625 0.0665351015625 0.440869744140625 0.055025455078125 0.41129105078125
1 0.087890625 0.388671875 0.021484375 0.0283203125
1 0.1025390625 0.341796875 0.0126953125 0.0126953125
1 0.068359375 0.279296875 0.0234375 0.0439453125
0 0 0.39544753125 0.03393667578125 0.391857759765625 0.065973353515625 0.342616705078125 0.1088482890625 0.326108580078125 0.10444810546875 0.30832851171875 0.09664351953125 0.303240740234375 0.056294759765625 0.30185576953125 0.0470038515625 0.260288568359375 0.02777438671875 0.24041220703125 0 0.245282962890625 0 0.39544753125