1 0.9501953125 0.2216796875 0.0390625 0.0390625
1 0.892578125 0.103515625 0.048828125 0.0546875
1 0.849609375 0.1171875 0.017578125 0.021484375
1 0.8408203125 0.0517578125 0.044921875 0.021484375
1 0.845703125 0.0810546875 0.013671875 0.013671875
1 0.8232421875 0.0625 0.015625 0.01953125
1 0.8193359375 0.0888671875 0.021484375 0.03125
1 0.7607421875 0.08984375 0.033203125 0.041015625
1 0.8505859375 0.1728515625 0.0546875 0.041015625
1 0.8603515625 0.1982421875 0.017578125 0.0234375
1 0.853515625 0.2255859375 0.021484375 0.01953125
1 0.869140625 0.24609375 0.0234375 0.021484375
1 0.8662109375 0.26953125 0.017578125 0.0234375
1 0.7490234375 0.3779296875 0.017578125 0.0234375
1 0.734375 0.365234375 0.017578125 0.021484375
1 0.751953125 0.517578125 0.04296875 0.048828125
1 0.7529296875 0.470703125 0.015625 0.0234375
1 0.6884765625 0.5087890625 0.013671875 0.013671875
1 0.6923828125 0.453125 0.015625 0.01953125
1 0.666015625 0.4248046875 0.021484375 0.02734375
1 0.5927734375 0.7685546875 0.033203125 0.083984375
1 0.5546875 0.865234375 0.0546875 0.06640625
1 0.4794921875 0.982421875 0.056640625 0.03515625
1 0.5146484375 0.466796875 0.01171875 0.01171875
1 0.603515625 0.37109375 0.015625 0.01953125
1 0.5947265625 0.3271484375 0.015625 0.01953125
0 0.2626953125 0.6298828125 0.12890625 0.16796875
0 0.3330078125 0.3427734375 0.10546875 0.123046875
1 0.228515625 0.458984375 0.033203125 0.037109375
1 0.177734375 0.4140625 0.009765625 0.01171875
1 0.1513671875 0.44140625 0.01171875 0.013671875
1 0.1279296875 0.544921875 0.021484375 0.0234375
1 0.1845703125 0.66796875 0.017578125 0.0234375
0 0.0693359375 0.625 0.11328125 0.126953125
1 0.03125 0.396484375 0.04296875 0.0546875
0 0.0927734375 0.30859375 0.140625 0.15234375
1 0.1259765625 0.216796875 0.05859375 0.05859375
1 0.294921875 0.205078125 0.021484375 0.025390625
1 0.4228515625 0.0361328125 0.0390625 0.060546875
1 0.1103515625 0.087890625 0.013671875 0.013671875
1 0.177734375 0.09765625 0.013671875 0.02734375
1 0.2158203125 0.0625 0.017578125 0.017578125
1 0.6806640625 0.8310546875 0.021484375 0.03125
1 0.6171875 0.470703125 0.02734375 0.01953125
1 0.5078125 0.4521484375 0.01171875 0.01171875
1 0.7998046875 0.076171875 0.015625 0.01953125
1 0.7548828125 0.1416015625 0.029296875 0.03515625
1 0.7841796875 0.060546875 0.01171875 0.01953125
1 0.568359375 0.3349609375 0.013671875 0.01171875