0 0.9775390625 0.275390625 0.044921875 0.125
0 0.79296875 0.3037109375 0.1142578125 0.150390625
1 0.708984375 0.380859375 0.009765625 0.015625
1 0.83203125 0.462890625 0.0107421875 0.013671875
1 0.8271484375 0.498046875 0.0107421875 0.0205078125
1 0.8056640625 0.494140625 0.0126953125 0.0126953125
1 0.6572265625 0.4775390625 0.0185546875 0.021484375
1 0.6376953125 0.478515625 0.0078125 0.0126953125
1 0.607421875 0.359375 0.005859375 0.005859375
1 0.58984375 0.388671875 0.0654296875 0.0810546875
0 0.5908203125 0.2705078125 0.1279296875 0.150390625
1 0.517578125 0.3212890625 0.0126953125 0.013671875
1 0.490234375 0.341796875 0.0078125 0.0185546875
1 0.482421875 0.322265625 0.005859375 0.0126953125
1 0.544921875 0.48046875 0.005859375 0.0126953125
1 0.4873046875 0.48828125 0.1123046875 0.1220703125
0 0.3525390625 0.3125 0.1220703125 0.171875
1 0.3359375 0.3564453125 0.009765625 0.009765625
0 0.1201171875 0.30078125 0.0986328125 0.126953125
1 0.1865234375 0.3583984375 0.005859375 0.0107421875
1 0.0712890625 0.373046875 0.0078125 0.013671875
1 0.0849609375 0.50390625 0.0185546875 0.009765625
1 0.1943359375 0.48046875 0.0126953125 0.013671875
1 0.1953125 0.5087890625 0.09375 0.119140625
1 0.2607421875 0.5234375 0.0185546875 0.0078125
1 0.205078125 0.44140625 0.005859375 0.009765625
1 0.2490234375 0.4306640625 0.0078125 0.0126953125
0 0.326171875 0.626953125 0.134765625 0.140625
0 0.1025390625 0.607421875 0.115234375 0.177734375
0 0.548828125 0.6376953125 0.1328125 0.146484375
1 0.4970703125 0.5986328125 0.0029296875 0.009765625
0 0.791015625 0.6240234375 0.1767578125 0.1953125