1 0.1630859375 0.03515625 0.048828125 0.060546875
1 0.154296875 0.30078125 0.03515625 0.041015625
1 0.1279296875 0.34765625 0.013671875 0.01953125
1 0.1484375 0.330078125 0.013671875 0.013671875
1 0.13671875 0.3642578125 0.017578125 0.017578125
1 0.185546875 0.353515625 0.013671875 0.017578125
0 0.021269123046875 0.23506234375 0.018823857421875 0.263011859375 0.01232941796875 0.337243642578125 0.050267603515625 0.376512923828125 0.08049896484375 0.38802644921875 0.11241834765625 0.3956212578125 0.11824771484375 0.368415599609375 0.125272251953125 0.34108819140625 0.140980509765625 0.312028630859375 0.135871546875 0.291295646484375 0.11297316796875 0.268796916015625 0.081948541015625 0.2419177890625 0.04081250390625 0.20821055078125 0.04035980078125 0.20827018359375 0.021269123046875 0.23506234375
1 0.0078125 0.4970703125 0.01171875 0.013671875
1 0.044921875 0.4794921875 0.046875 0.046875
0 0.0546875 0.6142578125 0.109375 0.142578125
1 0.1103515625 0.6640625 0.01953125 0.0234375
1 0.1171875 0.6083984375 0.005859375 0.009765625
1 0.1318359375 0.626953125 0.01171875 0.017578125
1 0.1396484375 0.572265625 0.013671875 0.017578125
1 0.1650390625 0.6259765625 0.01171875 0.013671875
1 0.1787109375 0.701171875 0.015625 0.017578125
1 0.1845703125 0.7216796875 0.013671875 0.013671875
1 0.22265625 0.7158203125 0.01953125 0.01953125
1 0.16977278515625 0.693409015625 0.151351388671875 0.700526798828125 0.1510471328125 0.72166240234375 0.1613759609375 0.761850384765625 0.173780056640625 0.768710857421875 0.20593969140625 0.74794418359375 0.21632601953125 0.714851232421875 0.20492623828125 0.69083636328125 0.190335525390625 0.6936661796875 0.19005955859375 0.71136597265625 0.189914109375 0.72172256640625 0.182784875 0.727951205078125 0.171153783203125 0.71161200390625 0.16977278515625 0.693409015625
1 0.2578125 0.755859375 0.01953125 0.02734375
1 0.2548828125 0.6953125 0.017578125 0.02734375
1 0.2177734375 0.560546875 0.017578125 0.017578125
1 0.140625 0.50390625 0.0078125 0.013671875
1 0.16796875 0.50390625 0.0546875 0.0703125
1 0.154296875 0.4267578125 0.013671875 0.015625
1 0.1865234375 0.427734375 0.005859375 0.005859375
1 0.2158203125 0.46875 0.009765625 0.0078125
1 0.220703125 0.3544921875 0.005859375 0.009765625
1 0.2734375 0.5498046875 0.0078125 0.005859375
1 0.2890625 0.6923828125 0.017578125 0.017578125
1 0.310546875 0.7421875 0.009765625 0.013671875
1 0.294921875 0.7685546875 0.0078125 0.009765625
1 0.310546875 0.6689453125 0.017578125 0.015625
1 0.337890625 0.6591796875 0.0234375 0.033203125
1 0.33203125 0.6298828125 0.0078125 0.009765625
0 0.30660930859375 0.568450697265625 0.295450041015625 0.56234298046875 0.274165435546875 0.554774544921875 0.254599470703125 0.550718513671875 0.23912037890625 0.557768162109375 0.2162215 0.57606893359375 0.19018746484375 0.58415088671875 0.186623193359375 0.6126173046875 0.193699888671875 0.652327125 0.208709353515625 0.68477849609375 0.233087513671875 0.6853210546875 0.266703412109375 0.676356953125 0.307243828125 0.647879673828125 0.311267166015625 0.617932150390625 0.30660930859375 0.568450697265625
1 0.42578125 0.7724609375 0.03125 0.037109375
1 0.439453125 0.7392578125 0.013671875 0.01953125
1 0.4765625 0.55859375 0.02734375 0.044921875
0 0.476319888671875 0.69323768359375 0.5039881328125 0.65959808984375 0.51132333203125 0.635940677734375 0.50440689453125 0.614297998046875 0.4889658359375 0.597735599609375 0.470211353515625 0.57749464453125 0.461331501953125 0.560656689453125 0.44890539453125 0.533526435546875 0.42822608984375 0.554510853515625 0.404850283203125 0.570710072265625 0.387684611328125 0.5858429921875 0.37657205859375 0.608676154296875 0.373987515625 0.640365220703125 0.3742414140625 0.6736919765625 0.398552111328125 0.697311505859375 0.43597205078125 0.70216710546875 0.476319888671875 0.69323768359375
1 0.4130859375 0.5634765625 0.01171875 0.013671875
1 0.39917103515625 0.5699723671875 0.40688869921875 0.561800734375 0.42666428515625 0.5520796015625 0.44357091796875 0.54466954296875 0.47126355078125 0.518055091796875 0.469667935546875 0.487510685546875 0.46611940234375 0.460561677734375 0.45741359375 0.451217009765625 0.43956171484375 0.441875763671875 0.409944615234375 0.4306761796875 0.390752111328125 0.426231658203125 0.3955387109375 0.456106416015625 0.39992955078125 0.46835452734375 0.39642753125 0.48558933203125 0.37235153125 0.500485587890625 0.36084562890625 0.527752533203125 0.37257473046875 0.551447666015625 0.391163708984375 0.56620386328125 0.39917103515625 0.5699723671875
1 0.5029296875 0.482421875 0.015625 0.01953125
1 0.3505859375 0.3369140625 0.015625 0.01953125
1 0.3623046875 0.3291015625 0.01171875 0.013671875
1 0.365234375 0.35546875 0.015625 0.01953125
1 0.392578125 0.3515625 0.013671875 0.0234375
0 0.35126256640625 0.3602280390625 0.33607093359375 0.33434079296875 0.320332431640625 0.306632703125 0.305920986328125 0.28518025390625 0.293350626953125 0.284255974609375 0.271251802734375 0.291471978515625 0.249558705078125 0.28370684375 0.22167258203125 0.260772953125 0.2123695625 0.316394865234375 0.228223294921875 0.33636387890625 0.22121477734375 0.362429201171875 0.2287575078125 0.383459833984375 0.255618974609375 0.399814779296875 0.285512748046875 0.413433630859375 0.319990060546875 0.385379564453125 0.3500509453125 0.375404921875 0.35126256640625 0.3602280390625
0 0.4658203125 0.3427734375 0.134765625 0.150390625
1 0.533203125 0.30078125 0.0078125 0.021484375
1 0.5830078125 0.4150390625 0.025390625 0.029296875
1 0.61328125 0.40625 0.01171875 0.015625
1 0.5263671875 0.54296875 0.009765625 0.009765625
1 0.44668643359375 0.427907255859375 0.4452274921875 0.44359742578125 0.4577177890625 0.45531365625 0.474436083984375 0.470743671875 0.49442681640625 0.4736484140625 0.49932075390625 0.44558757421875 0.48437250390625 0.42703387890625 0.4571304453125 0.416315599609375 0.44668643359375 0.427907255859375
1 0.65625 0.546875 0.05078125 0.087890625
1 0.5576171875 0.7578125 0.017578125 0.01953125
1 0.5244140625 0.6884765625 0.015625 0.017578125
1 0.5341796875 0.6767578125 0.005859375 0.01171875
1 0.5283203125 0.6435546875 0.009765625 0.015625
1 0.6240234375 0.7490234375 0.02734375 0.037109375
1 0.6435546875 0.75390625 0.0078125 0.013671875
1 0.6591796875 0.724609375 0.01171875 0.009765625
1 0.6943359375 0.76171875 0.013671875 0.01171875
1 0.7177734375 0.7021484375 0.01171875 0.013671875
1 0.7373046875 0.75 0.025390625 0.02734375
1 0.708984375 0.751953125 0.01953125 0.0234375
1 0.7275390625 0.7744140625 0.037109375 0.03125
1 0.7724609375 0.7197265625 0.009765625 0.01171875
0 0.64779901171875 0.707818998046875 0.665397298828125 0.713999912109375 0.69619191015625 0.713898443359375 0.709341056640625 0.69643175390625 0.736857771484375 0.6824622109375 0.731970615234375 0.667545669921875 0.71555494140625 0.64322025390625 0.702513240234375 0.608186537109375 0.69394355859375 0.58326954296875 0.653809158203125 0.625407208984375 0.64013033203125 0.653098845703125 0.64779901171875 0.707818998046875
1 0.7685546875 0.55078125 0.04296875 0.072265625
1 0.8232421875 0.5244140625 0.046875 0.041015625
1 0.8115234375 0.447265625 0.005859375 0.009765625
1 0.8115234375 0.458984375 0.013671875 0.013671875
1 0.8408203125 0.4775390625 0.015625 0.01953125
1 0.716796875 0.42578125 0.009765625 0.0078125
1 0.7265625 0.4375 0.0234375 0.01953125
1 0.7392578125 0.3828125 0.013671875 0.01171875
1 0.74609375 0.37109375 0.009765625 0.009765625
1 0.744140625 0.4072265625 0.021484375 0.025390625
1 0.7578125 0.4052734375 0.0078125 0.009765625
1 0.7666015625 0.4091796875 0.01171875 0.021484375
1 0.751953125 0.427734375 0.01171875 0.013671875
0 0.650739298828125 0.435289796875 0.676629810546875 0.480712013671875 0.694340685546875 0.4567121796875 0.710449021484375 0.425787544921875 0.7325195078125 0.415367982421875 0.72408176171875 0.38795733984375 0.743722966796875 0.347465041015625 0.728440705078125 0.332770619140625 0.714542896484375 0.3216319765625 0.697743328125 0.31901005859375 0.660602625 0.321462099609375 0.64545885546875 0.338363376953125 0.63699065234375 0.383478423828125 0.650739298828125 0.435289796875
1 0.62109375 0.326171875 0.01171875 0.013671875
1 0.7958984375 0.4296875 0.01171875 0.015625
1 0.8017578125 0.35546875 0.0078125 0.0078125
1 0.9609375 0.4072265625 0.013671875 0.01171875
1 0.955078125 0.466796875 0.01171875 0.015625
1 0.986328125 0.431640625 0.0234375 0.029296875
1 0.9892578125 0.4638671875 0.01171875 0.013671875
1 0.994140625 0.353515625 0.01171875 0.0234375
1 0.9638671875 0.3720703125 0.005859375 0.009765625
1 0.9130859375 0.2998046875 0.01171875 0.013671875
1 0.9228515625 0.2587890625 0.01171875 0.021484375
1 0.9609375 0.2509765625 0.01171875 0.013671875
0 0.89143290625 0.47510887109375 0.921545982421875 0.465564798828125 0.946049826171875 0.41763137890625 0.966902814453125 0.389422509765625 0.95419784765625 0.368581669921875 0.934402650390625 0.34325259375 0.889335859375 0.350251521484375 0.851661298828125 0.35729085546875 0.84185056640625 0.394075771484375 0.844717189453125 0.435604158203125 0.845420638671875 0.43694250390625 0.8712163203125 0.464213744140625 0.89143290625 0.47510887109375
1 0.9365234375 0.5185546875 0.0234375 0.02734375
1 0.904786115234375 0.5851089921875 0.895021177734375 0.563489404296875 0.8809326875 0.550930203125 0.86852669921875 0.5319320859375 0.852875515625 0.56072312890625 0.8512950703125 0.5801156796875 0.87759891015625 0.583350060546875 0.904786115234375 0.5851089921875
1 0.91681219921875 0.58814592578125 0.939259146484375 0.589037509765625 0.944376884765625 0.580921609375 0.962080373046875 0.53279140234375 0.960563447265625 0.51727293359375 0.95358941796875 0.523885484375 0.926244333984375 0.53794749609375 0.906408392578125 0.5367905703125 0.876800220703125 0.543717501953125 0.88371529296875 0.55479347265625 0.901297705078125 0.581594244140625 0.91681219921875 0.58814592578125
1 0.9619140625 0.5654296875 0.01171875 0.009765625
1 0.98046875 0.5791015625 0.03125 0.021484375
0 0.904296875 0.7060546875 0.16015625 0.169921875
1 0.51171875 0.060546875 0.12890625 0.12109375
1 0.685546875 0.076171875 0.169921875 0.134765625
1 0.75728206640625 0.02427846875 0.7717150625 0.072970421875 0.75094653125 0.115057388671875 0.725306623046875 0.13369425 0.7110885234375 0.128536072265625 0.70475319140625 0.1612581640625 0.699241466796875 0.206249779296875 0.71225834765625 0.228472685546875 0.73507582421875 0.244082404296875 0.750318587890625 0.247547720703125 0.770554599609375 0.240967498046875 0.783246357421875 0.180395509765625 0.799897943359375 0.143895810546875 0.821557333984375 0.10228270703125 0.835678513671875 0.046403556640625 0.75728206640625 0.02427846875
1 0.8603515625 0.09375 0.091796875 0.125
1 0.9443359375 0.109375 0.111328125 0.15234375
1 0.9853515625 0.2177734375 0.009765625 0.013671875
1 0.6005859375 0.5869140625 0.005859375 0.009765625