1 0.2373046875 0.9658203125 0.01953125 0.009765625
1 0.3037109375 0.9697265625 0.025390625 0.01953125
1 0.3095703125 0.9453125 0.01953125 0.01171875
1 0.2587890625 0.919921875 0.015625 0.009765625
1 0.2890625 0.8837890625 0.015625 0.013671875
1 0.4248046875 0.978515625 0.119140625 0.04296875
0 0.2978515625 0.9892578125 0.076171875 0.021484375
0 0.58984375 0.9794921875 0.087890625 0.037109375
0 0.587890625 0.8193359375 0.14453125 0.150390625
1 0.4072265625 0.81640625 0.01953125 0.013671875
1 0.4150390625 0.8837890625 0.009765625 0.0078125
1 0.4453125 0.904296875 0.013671875 0.01171875
1 0.4609375 0.76171875 0.02734375 0.017578125
1 0.3759765625 0.7431640625 0.138671875 0.10546875
1 0.380859375 0.677734375 0.015625 0.005859375
1 0.3740234375 0.669921875 0.013671875 0.005859375
1 0.3671875 0.662109375 0.025390625 0.01171875
1 0.4306640625 0.6767578125 0.009765625 0.0078125
1 0.4296875 0.7001953125 0.01171875 0.013671875
1 0.275390625 0.8818359375 0.009765625 0.005859375
0 0.31834475 0.789668140625 0.285679021484375 0.782132255859375 0.25328980078125 0.7793733046875 0.2352339453125 0.7796253828125 0.216445986328125 0.799310896484375 0.21113318359375 0.820067939453125 0.211232326171875 0.8316542109375 0.19683918359375 0.84610444140625 0.17889449609375 0.8640465078125 0.19026223828125 0.90271173046875 0.191444607421875 0.902888958984375 0.217992234375 0.89834663671875 0.246823462890625 0.89262976953125 0.27193407421875 0.880709267578125 0.3036367109375 0.87249826953125 0.3202295390625 0.862355955078125 0.326048654296875 0.827052486328125 0.323415375 0.800725998046875 0.31834475 0.789668140625
1 0.197265625 0.7880859375 0.013671875 0.009765625
1 0.2470703125 0.7744140625 0.01171875 0.01171875
1 0.2607421875 0.7685546875 0.013671875 0.013671875
1 0.2666015625 0.7490234375 0.025390625 0.01953125
1 0.255859375 0.7353515625 0.015625 0.009765625
1 0.2138671875 0.765625 0.015625 0.013671875
1 0.1845703125 0.7880859375 0.009765625 0.005859375
1 0.2431640625 0.708984375 0.013671875 0.009765625
1 0.1689453125 0.72265625 0.021484375 0.017578125
1 0.1455078125 0.7314453125 0.015625 0.013671875
1 0.3076171875 0.724609375 0.009765625 0.005859375
1 0.3994140625 0.5771484375 0.013671875 0.0078125
1 0.3994140625 0.5703125 0.013671875 0.005859375
1 0.427734375 0.5986328125 0.009765625 0.005859375
1 0.5537109375 0.6396484375 0.005859375 0.0078125
0 0.525390625 0.5869140625 0.140625 0.111328125
1 0.421875 0.5244140625 0.01171875 0.005859375
1 0.3759765625 0.56640625 0.009765625 0.005859375
1 0.38671875 0.5361328125 0.009765625 0.005859375
1 0.4287109375 0.5712890625 0.009765625 0.005859375
1 0.4189453125 0.4755859375 0.015625 0.01171875
1 0.4140625 0.4951171875 0.0078125 0.005859375
1 0.3876953125 0.4560546875 0.01953125 0.013671875
1 0.201171875 0.5791015625 0.013671875 0.0078125
1 0.228515625 0.564453125 0.005859375 0.00390625
1 0.2451171875 0.5703125 0.009765625 0.013671875
1 0.2275390625 0.5556640625 0.013671875 0.005859375
1 0.251953125 0.546875 0.013671875 0.009765625
1 0.2421875 0.5341796875 0.015625 0.009765625
1 0.1923828125 0.529296875 0.017578125 0.01171875
0 0.15916832421875 0.6476750390625 0.206560369140625 0.659884013671875 0.242406359375 0.674831216796875 0.27484898828125 0.6719863125 0.30317959375 0.663435919921875 0.302356314453125 0.651604640625 0.30111713671875 0.631626349609375 0.304715576171875 0.60510984765625 0.3053999765625 0.569312619140625 0.29962062109375 0.561797564453125 0.273092583984375 0.566291322265625 0.249593326171875 0.57426933984375 0.232575720703125 0.56883878125 0.20932457421875 0.580533556640625 0.182374640625 0.58546216796875 0.145693306640625 0.5950621484375 0.149937943359375 0.60301001171875 0.180986451171875 0.609058912109375 0.1682773984375 0.620762587890625 0.15336337109375 0.645545826171875 0.15916832421875 0.6476750390625
1 0.2119140625 0.5078125 0.01953125 0.01171875
1 0.177734375 0.509765625 0.01953125 0.013671875
1 0.2412109375 0.4990234375 0.009765625 0.009765625
1 0.2431640625 0.51171875 0.013671875 0.005859375
1 0.1806640625 0.486328125 0.01953125 0.013671875
1 0.1953125 0.486328125 0.013671875 0.01171875
1 0.2294921875 0.482421875 0.01171875 0.005859375
1 0.21484375 0.4736328125 0.009765625 0.005859375
1 0.224609375 0.470703125 0.009765625 0.005859375
1 0.2119140625 0.4599609375 0.01171875 0.009765625
1 0.23046875 0.4609375 0.017578125 0.013671875
1 0.2529296875 0.4521484375 0.025390625 0.013671875
1 0.1982421875 0.443359375 0.013671875 0.005859375
1 0.17578125 0.4482421875 0.013671875 0.0078125
1 0.150390625 0.4306640625 0.021484375 0.015625
1 0.2822265625 0.3681640625 0.01953125 0.017578125
1 0.248046875 0.349609375 0.005859375 0.005859375
1 0.1748046875 0.3349609375 0.009765625 0.005859375
0 0.291261908203125 0.404837814453125 0.28385476171875 0.381505076171875 0.27230892578125 0.364397751953125 0.286836537109375 0.34700374609375 0.28546849609375 0.340116185546875 0.258472873046875 0.342675626953125 0.243505583984375 0.34885811328125 0.208015984375 0.34648951953125 0.167684177734375 0.341241787109375 0.153114751953125 0.34889215625 0.158748189453125 0.372800765625 0.15318222265625 0.415276591796875 0.164440083984375 0.43385755859375 0.201714970703125 0.43245413671875 0.222952171875 0.447005693359375 0.240503396484375 0.447260712890625 0.280461765625 0.433922212890625 0.291261908203125 0.404837814453125
1 0.2392578125 0.3330078125 0.013671875 0.005859375
1 0.2294921875 0.328125 0.013671875 0.009765625
1 0.2421875 0.32421875 0.015625 0.013671875
1 0.322213341796875 0.324010880859375 0.314194173828125 0.316970115234375 0.292595041015625 0.312367462890625 0.2657898671875 0.3132433203125 0.24167895703125 0.306766697265625 0.227656990234375 0.306165240234375 0.234045115234375 0.312779900390625 0.24991629296875 0.321310640625 0.259841822265625 0.334491666015625 0.282836734375 0.341711912109375 0.28413576953125 0.342099583984375 0.311825578125 0.334318462890625 0.322213341796875 0.324010880859375
1 0.2529296875 0.3046875 0.01953125 0.0078125
1 0.23828125 0.298828125 0.009765625 0.013671875
1 0.234375 0.2861328125 0.013671875 0.013671875
1 0.220703125 0.279296875 0.009765625 0.005859375
1 0.3603515625 0.2607421875 0.03515625 0.033203125
1 0.3515625 0.326171875 0.021484375 0.013671875
1 0.36328125 0.3544921875 0.009765625 0.005859375
1 0.34765625 0.359375 0.013671875 0.005859375
1 0.3779296875 0.2919921875 0.009765625 0.0078125
1 0.3828125 0.298828125 0.009765625 0.009765625
1 0.421875 0.28125 0.009765625 0.005859375
0 0.53125 0.392578125 0.17578125 0.146484375
1 0.5400390625 0.3154296875 0.013671875 0.009765625
1 0.630859375 0.33984375 0.009765625 0.005859375
1 0.4091796875 0.2392578125 0.01171875 0.01171875
1 0.2890625 0.2822265625 0.013671875 0.009765625
1 0.2275390625 0.24609375 0.0703125 0.05078125
0 0.30075416796875 0.193501056640625 0.29310354296875 0.160512064453125 0.2703079453125 0.130987005859375 0.260723482421875 0.118297580078125 0.242556421875 0.119361048828125 0.217405994140625 0.115302470703125 0.181200267578125 0.116953646484375 0.159708025390625 0.130589009765625 0.13650083203125 0.139098775390625 0.132979779296875 0.14756469140625 0.126048310546875 0.164948892578125 0.124576654296875 0.212773025390625 0.124949953125 0.21231702734375 0.16437423046875 0.24616345703125 0.1795831328125 0.235994826171875 0.224874916015625 0.227502048828125 0.265281953125 0.22333895703125 0.2989950390625 0.2097856875 0.30075416796875 0.193501056640625
1 0.1552734375 0.10546875 0.015625 0.009765625
1 0.2216796875 0.0830078125 0.029296875 0.03125
1 0.1767578125 0.0771484375 0.021484375 0.013671875
1 0.18359375 0.033203125 0.0234375 0.01953125
1 0.2197265625 0.0419921875 0.048828125 0.05859375
1 0.251953125 0.0400390625 0.015625 0.01953125
1 0.2587890625 0.083984375 0.009765625 0.009765625
1 0.2333984375 0.1162109375 0.009765625 0.0078125
1 0.3359375 0.013671875 0.02734375 0.013671875
1 0.3125 0.0400390625 0.009765625 0.0078125
1 0.3369140625 0.1044921875 0.04296875 0.0234375
1 0.3525390625 0.1455078125 0.1171875 0.109375
1 0.3828125 0.0400390625 0.009765625 0.009765625
0 0.533203125 0.021484375 0.11328125 0.04296875
1 0.458984375 0.205078125 0.044921875 0.0390625
0 0.484826150390625 0.115670892578125 0.4634855078125 0.147932794921875 0.449755203125 0.17470441796875 0.483772041015625 0.194775080078125 0.512396765625 0.219630306640625 0.53917303515625 0.23086912890625 0.57466144140625 0.226426873046875 0.592196287109375 0.201896994140625 0.604922109375 0.16978053125 0.623232501953125 0.1349393125 0.62290725 0.1169385 0.57406430078125 0.097547052734375 0.539271783203125 0.0831318359375 0.51237919140625 0.0854303828125 0.484826150390625 0.115670892578125
1 0.3134765625 0.0224609375 0.005859375 0.009765625
1 0.91796875 0.8955078125 0.09375 0.068359375
1 0.912109375 0.97265625 0.037109375 0.015625
1 0.90625 0.75390625 0.029296875 0.029296875
1 0.919921875 0.72265625 0.060546875 0.06640625
1 0.8935546875 0.5009765625 0.0625 0.044921875
1 0.8759765625 0.349609375 0.05859375 0.052734375
1 0.8876953125 0.2744140625 0.017578125 0.013671875
1 0.865234375 0.26171875 0.04296875 0.0234375
1 0.86328125 0.1611328125 0.115234375 0.11328125
1 0.9521484375 0.2001953125 0.072265625 0.119140625
1 0.93359375 0.03515625 0.0859375 0.0703125
1 0.8623046875 0.0615234375 0.013671875 0.009765625
1 0.880859375 0.0439453125 0.013671875 0.015625
1 0.87109375 0.0234375 0.01953125 0.017578125
1 0.279296875 0.9560546875 0.01171875 0.021484375
1 0.3291015625 0.9287109375 0.013671875 0.0078125