1 0.896484375 0.396484375 0.20703125 0.40234375
1 0.8271484375 0.427734375 0.13671875 0.12890625
1 0.9208984375 0.6357421875 0.01953125 0.029296875
1 0.7421875 0.4140625 0.025390625 0.033203125
1 0.7490234375 0.3662109375 0.0234375 0.033203125
1 0.7802734375 0.3544921875 0.017578125 0.017578125
1 0.7744140625 0.3876953125 0.021484375 0.0234375
1 0.65234375 0.3984375 0.017578125 0.02734375
1 0.767578125 0.548828125 0.01953125 0.021484375
1 0.712890625 0.5400390625 0.01953125 0.021484375
1 0.73828125 0.6201171875 0.0234375 0.021484375
1 0.7119140625 0.623046875 0.02734375 0.037109375
1 0.7099609375 0.705078125 0.138671875 0.16015625
1 0.626953125 0.83203125 0.068359375 0.05859375
1 0.6376953125 0.958984375 0.056640625 0.05859375
1 0.58984375 0.6474609375 0.03125 0.033203125
1 0.656817201171875 0.667283826171875 0.669153109375 0.633080904296875 0.68207967578125 0.59567148828125 0.6890038828125 0.572641890625 0.68129356640625 0.568527607421875 0.6180728828125 0.576113123046875 0.56879558984375 0.588961140625 0.5489800078125 0.62383596875 0.568534810546875 0.646269390625 0.593626853515625 0.63275075390625 0.61088919140625 0.65888762109375 0.63648105859375 0.677614416015625 0.656817201171875 0.667283826171875
0 0.593555208984375 0.68451567578125 0.576953654296875 0.66282297265625 0.564587001953125 0.64088619140625 0.52829196875 0.657255810546875 0.51968396484375 0.69307078125 0.517009326171875 0.734140447265625 0.523597525390625 0.757045001953125 0.54635774609375 0.763020904296875 0.57525060546875 0.759817359375 0.58594201953125 0.743455525390625 0.59374168359375 0.712240826171875 0.593555208984375 0.68451567578125
1 0.49609375 0.486328125 0.083984375 0.07421875
1 0.474609375 0.5166015625 0.017578125 0.02734375
1 0.5 0.3818359375 0.060546875 0.080078125
1 0.5234375 0.4091796875 0.015625 0.02734375
1 0.50390625 0.4306640625 0.025390625 0.029296875
0 0.53731578125 0.398457142578125 0.524451703125 0.44157430078125 0.540264994140625 0.48687978515625 0.578720822265625 0.470564765625 0.607146421875 0.443479513671875 0.625395544921875 0.423222765625 0.631123888671875 0.385719259765625 0.61125841796875 0.35325860546875 0.56264518359375 0.368078134765625 0.53731578125 0.398457142578125
1 0.6025390625 0.34375 0.01953125 0.021484375
1 0.580078125 0.302734375 0.03515625 0.04296875
1 0.5537109375 0.3154296875 0.017578125 0.0234375
1 0.5419921875 0.3310546875 0.013671875 0.015625
1 0.7138671875 0.3701171875 0.015625 0.015625
1 0.6689453125 0.4296875 0.013671875 0.017578125
1 0.4990234375 0.3037109375 0.044921875 0.046875
1 0.4609375 0.3798828125 0.013671875 0.015625
1 0.451171875 0.4794921875 0.013671875 0.021484375
1 0.4423828125 0.509765625 0.015625 0.015625
1 0.5009765625 0.5869140625 0.01171875 0.013671875
1 0.4287109375 0.3408203125 0.021484375 0.03125
1 0.4208984375 0.3056640625 0.03125 0.0390625
1 0.388671875 0.306640625 0.03515625 0.037109375
1 0.3515625 0.30859375 0.0234375 0.025390625
1 0.345703125 0.33203125 0.03125 0.033203125
1 0.44921875 0.2490234375 0.041015625 0.052734375
1 0.4169921875 0.26171875 0.0390625 0.060546875
1 0.3896484375 0.2216796875 0.07421875 0.138671875
1 0.3505859375 0.2431640625 0.03125 0.0546875
0 0.3902413984375 0.436278859375 0.445926212890625 0.4222434453125 0.450322541015625 0.405554255859375 0.427592947265625 0.373419513671875 0.41038230859375 0.343031001953125 0.403061205078125 0.316876921875 0.361860552734375 0.316422845703125 0.353189373046875 0.3415318671875 0.331848302734375 0.406633677734375 0.33775106640625 0.447991982421875 0.3902413984375 0.436278859375
1 0.3193359375 0.328125 0.013671875 0.015625
1 0.2900390625 0.298828125 0.017578125 0.02734375
1 0.2919921875 0.330078125 0.01953125 0.02734375
1 0.26953125 0.3720703125 0.013671875 0.01953125
1 0.2763671875 0.3984375 0.01953125 0.0234375
1 0.3046875 0.3837890625 0.013671875 0.01953125
1 0.2587890625 0.2119140625 0.03125 0.0390625
1 0.2529296875 0.26171875 0.013671875 0.017578125
1 0.2568359375 0.2958984375 0.013671875 0.017578125
1 0.2197265625 0.3359375 0.021484375 0.01953125
1 0.140625 0.1962890625 0.021484375 0.025390625
1 0.1669921875 0.2685546875 0.033203125 0.03515625
1 0.1396484375 0.2802734375 0.02734375 0.021484375
1 0.216796875 0.50390625 0.08203125 0.09765625
1 0.3037109375 0.6376953125 0.015625 0.015625
1 0.2265625 0.6416015625 0.01953125 0.0234375
1 0.0546875 0.349609375 0.017578125 0.0234375
1 0.0498046875 0.2509765625 0.01953125 0.0234375
1 0.0986328125 0.2646484375 0.015625 0.029296875
1 0.16796875 0.455078125 0.015625 0.01171875
0 0.12078375 0.40465359375 0.1561259140625 0.42081842578125 0.1784596171875 0.381975857421875 0.180956998046875 0.330845689453125 0.172631591796875 0.2847426796875 0.12325646875 0.28349603515625 0.087970044921875 0.314147740234375 0.090922935546875 0.363295408203125 0.12078375 0.40465359375
1 0.515625 0.6865234375 0.01171875 0.01171875
0 0.313931849609375 0.7967313203125 0.352319056640625 0.7591640703125 0.372133392578125 0.716470390625 0.375549017578125 0.68646233984375 0.34989861328125 0.632245193359375 0.327305322265625 0.628430435546875 0.309888435546875 0.643802341796875 0.30808213671875 0.64717926953125 0.307462681640625 0.648375693359375 0.286961748046875 0.626464787109375 0.27499855078125 0.62047382421875 0.255782693359375 0.679835767578125 0.251845294921875 0.750820541015625 0.280099146484375 0.78981574609375 0.313931849609375 0.7967313203125
0 0.0751953125 0.66796875 0.150390625 0.16796875
1 0.1357421875 0.6923828125 0.017578125 0.017578125
1 0.078125 0.431640625 0.013671875 0.015625