0 0.41796875 0.3369140625 0.185546875 0.23046875
1 0.51171875 0.3984375 0.025390625 0.02734375
1 0.373046875 0.4873046875 0.0234375 0.02734375
1 0.3388671875 0.5556640625 0.1015625 0.072265625
1 0.4482421875 0.5185546875 0.021484375 0.025390625
0 0.408203125 0.6728515625 0.16796875 0.212890625
0 0.6494140625 0.6708984375 0.146484375 0.171875
1 0.69921875 0.5361328125 0.03515625 0.037109375
1 0.7177734375 0.5107421875 0.01171875 0.009765625
1 0.728515625 0.5146484375 0.013671875 0.013671875
1 0.73828125 0.533203125 0.005859375 0.0078125
1 0.75390625 0.55859375 0.01171875 0.013671875
1 0.7529296875 0.59375 0.0078125 0.013671875
1 0.8232421875 0.634765625 0.013671875 0.01953125
1 0.7880859375 0.705078125 0.01171875 0.01171875
0 0.906174302734375 0.727645623046875 0.909850673828125 0.71950264453125 0.913556291015625 0.70556085546875 0.91393669140625 0.681063470703125 0.9108750859375 0.657760662109375 0.90118021875 0.639933369140625 0.8877174765625 0.626120701171875 0.879188984375 0.618499771484375 0.8687946875 0.624807056640625 0.8539948984375 0.63854168359375 0.8264158828125 0.6618765703125 0.805239583984375 0.686208333984375 0.80714573046875 0.70161126953125 0.816552421875 0.725282828125 0.84440488671875 0.742572732421875 0.87517114453125 0.744654623046875 0.89701251953125 0.74063209375 0.906174302734375 0.727645623046875
1 0.9140625 0.74609375 0.013671875 0.015625
1 0.9365234375 0.6533203125 0.052734375 0.080078125
1 0.8955078125 0.5771484375 0.01953125 0.021484375
1 0.970703125 0.5380859375 0.015625 0.013671875
1 0.986328125 0.5390625 0.015625 0.025390625
0 0.87109375 0.330078125 0.1640625 0.21484375
1 0.974609375 0.4013671875 0.015625 0.015625
1 0.9873046875 0.40625 0.025390625 0.07421875
0 0.642578125 0.3564453125 0.126953125 0.140625