0 0.390625 0.6337890625 0.1015625 0.142578125
1 0.2275390625 0.5751953125 0.029296875 0.04296875
1 0.24609375 0.5859375 0.009765625 0.0078125
1 0.3779296875 0.4638671875 0.01171875 0.01171875
1 0.3876953125 0.451171875 0.009765625 0.013671875
1 0.396484375 0.4892578125 0.01171875 0.013671875
1 0.4091796875 0.48828125 0.009765625 0.017578125
1 0.404296875 0.5390625 0.009765625 0.013671875
1 0.4697265625 0.5400390625 0.013671875 0.01953125
1 0.4541015625 0.4814453125 0.005859375 0.009765625
1 0.4287109375 0.4658203125 0.013671875 0.015625
0 0.357421875 0.2861328125 0.08984375 0.1015625
1 0.5322265625 0.5390625 0.017578125 0.015625
1 0.560546875 0.509765625 0.01171875 0.017578125
1 0.6240234375 0.5712890625 0.01171875 0.009765625
1 0.5849609375 0.505859375 0.0234375 0.013671875
1 0.6474609375 0.53125 0.013671875 0.01953125
1 0.7197265625 0.52734375 0.01171875 0.017578125
0 0.64517476953125 0.574440482421875 0.6328486640625 0.6023980234375 0.626026021484375 0.642559228515625 0.639163689453125 0.666392404296875 0.68287485546875 0.689464193359375 0.75215491796875 0.68803756640625 0.76648971875 0.651628552734375 0.754661984375 0.59927536328125 0.731612908203125 0.55873623828125 0.7150511796875 0.551490794921875 0.676582345703125 0.530246888671875 0.64517476953125 0.574440482421875
1 0.5498046875 0.275390625 0.013671875 0.015625
1 0.7314453125 0.3408203125 0.021484375 0.0234375
0 0.58023544140625 0.38081083984375 0.6167179296875 0.422748193359375 0.650543390625 0.434071724609375 0.695037859375 0.423488248046875 0.705684599609375 0.41402487890625 0.7204205625 0.3364305703125 0.732218529296875 0.29002768359375 0.711132146484375 0.261052296875 0.687024224609375 0.2281601953125 0.651940763671875 0.2140118515625 0.606271908203125 0.23574738671875 0.57194640625 0.275177318359375 0.566991142578125 0.34433683984375 0.58023544140625 0.38081083984375
1 0.765625 0.3603515625 0.013671875 0.021484375
0 0.8857421875 0.3330078125 0.1171875 0.142578125
1 0.8076171875 0.2001953125 0.025390625 0.03515625
1 0.8515625 0.1728515625 0.013671875 0.021484375
1 0.8896484375 0.2197265625 0.015625 0.013671875
1 0.9697265625 0.189453125 0.017578125 0.021484375
0 0.912109375 0.6005859375 0.140625 0.150390625
1 0.26953125 0.896484375 0.0234375 0.02734375
1 0.2177734375 0.9384765625 0.025390625 0.0390625