0 0.048828125 0.32421875 0.09765625 0.1796875
0 0.2880859375 0.3193359375 0.115234375 0.171875
1 0.029296875 0.4501953125 0.0078125 0.0078125
1 0.0478515625 0.48046875 0.009765625 0.01171875
1 0.111328125 0.4541015625 0.07421875 0.072265625
1 0.16796875 0.46484375 0.029296875 0.01953125
1 0.201171875 0.4697265625 0.01171875 0.015625
1 0.2216796875 0.458984375 0.025390625 0.021484375
1 0.19921875 0.509765625 0.013671875 0.017578125
1 0.1611328125 0.509765625 0.01953125 0.01953125
1 0.248046875 0.458984375 0.005859375 0.013671875
1 0.267578125 0.4697265625 0.01953125 0.01953125
1 0.2353515625 0.509765625 0.01171875 0.01171875
1 0.2822265625 0.443359375 0.052734375 0.044921875
1 0.3134765625 0.462890625 0.0078125 0.013671875
1 0.29296875 0.490234375 0.0078125 0.01171875
1 0.3125 0.4892578125 0.01953125 0.013671875
1 0.330078125 0.46484375 0.01171875 0.01171875
1 0.345703125 0.4912109375 0.013671875 0.01171875
1 0.353515625 0.4697265625 0.01953125 0.01171875
1 0.380859375 0.470703125 0.033203125 0.01953125
1 0.4130859375 0.470703125 0.017578125 0.01953125
1 0.4345703125 0.45703125 0.03125 0.060546875
1 0.439453125 0.494140625 0.013671875 0.01171875
1 0.40625 0.494140625 0.02734375 0.009765625
1 0.47265625 0.4755859375 0.0234375 0.015625
1 0.484375 0.451171875 0.048828125 0.080078125
1 0.435546875 0.6025390625 0.009765625 0.01171875
1 0.4482421875 0.6103515625 0.005859375 0.01171875
0 0.5029296875 0.642578125 0.1015625 0.19140625
1 0.5341796875 0.5361328125 0.025390625 0.048828125
1 0.548828125 0.5126953125 0.02734375 0.052734375
1 0.580078125 0.45703125 0.06640625 0.095703125
1 0.638671875 0.4765625 0.02734375 0.029296875
1 0.62109375 0.501953125 0.009765625 0.009765625
1 0.6650390625 0.4833984375 0.015625 0.013671875
1 0.669921875 0.451171875 0.01171875 0.015625
1 0.705078125 0.458984375 0.03515625 0.05078125
1 0.708984375 0.486328125 0.01171875 0.01953125
1 0.7275390625 0.48046875 0.0078125 0.013671875
1 0.755859375 0.501953125 0.01953125 0.01953125
1 0.7607421875 0.482421875 0.0078125 0.009765625
1 0.576171875 0.630859375 0.01171875 0.01953125
1 0.5888671875 0.6240234375 0.01171875 0.017578125
1 0.603515625 0.6435546875 0.009765625 0.01171875
1 0.607421875 0.623046875 0.01171875 0.015625
1 0.619140625 0.67578125 0.005859375 0.013671875
1 0.638671875 0.68359375 0.01171875 0.009765625
1 0.66796875 0.623046875 0.025390625 0.01953125
1 0.6728515625 0.650390625 0.01953125 0.041015625
1 0.6884765625 0.58203125 0.0078125 0.01171875
0 0.755859375 0.6552734375 0.125 0.171875
1 0.7880859375 0.451171875 0.017578125 0.03125
1 0.826171875 0.484375 0.02734375 0.0390625
1 0.8056640625 0.541015625 0.0078125 0.01171875
1 0.888671875 0.4853515625 0.03515625 0.03125
1 0.927734375 0.490234375 0.01171875 0.015625
1 0.947265625 0.5224609375 0.015625 0.03515625
0 0.8525390625 0.5380859375 0.072265625 0.06640625
1 0.98828125 0.4892578125 0.01953125 0.0234375
1 0.857421875 0.6181640625 0.01953125 0.0234375
1 0.9052734375 0.7119140625 0.01953125 0.05078125
1 0.9560546875 0.80859375 0.037109375 0.046875
1 0.86328125 0.7861328125 0.013671875 0.01171875
1 0.87109375 0.80078125 0.009765625 0.01171875
1 0.8583984375 0.8154296875 0.01171875 0.013671875
1 0.955078125 0.7666015625 0.025390625 0.025390625
1 0.8828125 0.333984375 0.02734375 0.044921875
0 0.94921875 0.353515625 0.1015625 0.16796875
0 0.7333984375 0.3486328125 0.13671875 0.177734375
1 0.4375 0.3134765625 0.01171875 0.015625
0 0.517578125 0.349609375 0.13671875 0.130859375
1 0.3701171875 0.80859375 0.021484375 0.02734375
1 0.3154296875 0.6357421875 0.015625 0.03515625
1 0.357421875 0.578125 0.005859375 0.01171875
1 0.380859375 0.6162109375 0.0078125 0.01171875
1 0.353515625 0.646484375 0.005859375 0.01171875
0 0.271484375 0.611328125 0.091796875 0.15234375
1 0.1884765625 0.630859375 0.068359375 0.11328125
1 0.2197265625 0.5654296875 0.01171875 0.01171875
1 0.248046875 0.5244140625 0.005859375 0.01171875
1 0.2470703125 0.5068359375 0.005859375 0.013671875
1 0.158203125 0.4853515625 0.009765625 0.01171875
1 0.0087890625 0.5654296875 0.01171875 0.01171875
0 0.06640625 0.6044921875 0.10546875 0.16796875
1 0.248046875 0.6943359375 0.033203125 0.03125
1 0.0068359375 0.7587890625 0.013671875 0.01953125
0 1 0.661332603515625 0.983703291015625 0.614989802734375 0.96361787890625 0.575315876953125 0.95165757421875 0.567990794921875 0.9192269140625 0.5844459609375 0.903087798828125 0.61884266015625 0.90967571875 0.676496017578125 0.917883494140625 0.702911431640625 0.92982055078125 0.746977306640625 0.940381892578125 0.762266451171875 0.96078378125 0.73131269140625 0.99451006640625 0.70182291796875 1 0.664370796875 1 0.661332603515625