1 0.30859375 0.90234375 0.0283203125 0.0283203125
1 0.2861328125 0.8779296875 0.0126953125 0.0126953125
1 0.2724609375 0.857421875 0.0185546875 0.015625
1 0.298828125 0.8486328125 0.0126953125 0.0078125
1 0.3134765625 0.9912109375 0.037109375 0.017578125
0 0.26915448828125 1 0.286223234375 0.98615519140625 0.301418728515625 0.977888318359375 0.30268012109375 0.979506880859375 0.338329173828125 0.96785255859375 0.35397979296875 0.951725712890625 0.32014973828125 0.932692916015625 0.2927095390625 0.92028582421875 0.291440611328125 0.889999955078125 0.274548189453125 0.884943080078125 0.253160263671875 0.90593804296875 0.207973150390625 0.914732755859375 0.169308509765625 0.987624556640625 0.194873951171875 1 0.26915448828125 1
1 0.3876953125 0.8642578125 0.0439453125 0.056640625
1 0.408203125 0.8291015625 0.009765625 0.0126953125
1 0.396484375 0.9189453125 0.015625 0.015625
1 0.42795289453125 0.95780323046875 0.45743664453125 0.957499185546875 0.4572437421875 0.94951375390625 0.44815930078125 0.942452888671875 0.425083490234375 0.939774125 0.404706791015625 0.951678240234375 0.42795289453125 0.95780323046875
1 0.43951943359375 0.939541287109375 0.45773955859375 0.92614519921875 0.4615177109375 0.909431740234375 0.441288701171875 0.909570763671875 0.41661693359375 0.920389810546875 0.391857759765625 0.94485021484375 0.39275595703125 0.945374666015625 0.39873438671875 0.94771660546875 0.4131929375 0.94777651171875 0.43951943359375 0.939541287109375
0 0.5234375 0.951171875 0.1376953125 0.0966796875
1 0.5185546875 0.880859375 0.009765625 0.0078125
1 0.5595703125 0.875 0.025390625 0.0234375
1 0.5380859375 0.8515625 0.015625 0.015625
1 0.5517578125 0.8525390625 0.0107421875 0.005859375
1 0.5244140625 0.8447265625 0.017578125 0.0126953125
1 0.5830078125 0.818359375 0.009765625 0.005859375
1 0.5361328125 0.8779296875 0.0107421875 0.009765625
1 0.39453125 0.7734375 0.029296875 0.041015625
1 0.4140625 0.724609375 0.0625 0.068359375
1 0.5146484375 0.7080078125 0.029296875 0.025390625
1 0.5537109375 0.6826171875 0.013671875 0.0126953125
1 0.580078125 0.6943359375 0.0126953125 0.009765625
0 0.52932098828125 0.82320601953125 0.56875120703125 0.813135216796875 0.59003514453125 0.796638771484375 0.605816876953125 0.77109216796875 0.61014811328125 0.751109935546875 0.59777229296875 0.72827374609375 0.5497594765625 0.714006212890625 0.51197042578125 0.71516701171875 0.45442708203125 0.729990640625 0.478090638671875 0.7535716875 0.463214638671875 0.774107755859375 0.475144375 0.81355116015625 0.49884560546875 0.828913935546875 0.530180001953125 0.82392035546875 0.52932098828125 0.82320601953125
1 0.3916015625 0.673828125 0.021484375 0.0234375
1 0.40234375 0.623046875 0.037109375 0.046875
1 0.4296875 0.544921875 0.037109375 0.0283203125
1 0.457287447265625 0.58008716796875 0.45038519921875 0.567274306640625 0.428310064453125 0.55684520703125 0.39308901171875 0.545520923828125 0.37370997265625 0.548546685546875 0.36790334375 0.57819620703125 0.36254430859375 0.615162037109375 0.372905212890625 0.6160086171875 0.371141974609375 0.615162037109375 0.392291787109375 0.5985876015625 0.42654983984375 0.594111689453125 0.457287447265625 0.58008716796875
1 0.404296875 0.4833984375 0.0185546875 0.0126953125
1 0.4296875 0.470703125 0.009765625 0.0078125
1 0.4145040625 0.526960583984375 0.4489293984375 0.510156701171875 0.45731306640625 0.478054470703125 0.4398193359375 0.452825474609375 0.431015203125 0.4544643828125 0.4338996796875 0.46155689453125 0.4307258515625 0.477771900390625 0.4168701171875 0.4893380625 0.391559365234375 0.50683819921875 0.365740740234375 0.52777777734375 0.38510772265625 0.52908551171875 0.4145040625 0.526960583984375
1 0.5615234375 0.5419921875 0.0078125 0.005859375
1 0.568359375 0.5263671875 0.005859375 0.005859375
0 0.55193262890625 0.537888138671875 0.54747781640625 0.520288537109375 0.523237064453125 0.528455947265625 0.48015830078125 0.549240677734375 0.46042661328125 0.56995872265625 0.45760543359375 0.624026828125 0.469147859375 0.642407453125 0.52928933984375 0.6459542734375 0.57070131640625 0.62676662890625 0.59613866015625 0.60661259375 0.602237654296875 0.576967591796875 0.56189416796875 0.55643604296875 0.55193262890625 0.537888138671875
1 0.5654296875 0.482421875 0.015625 0.0126953125
1 0.513671875 0.48828125 0.0107421875 0.005859375
1 0.53515625 0.484375 0.0126953125 0.0078125
1 0.525390625 0.482421875 0.005859375 0.005859375
1 0.5625 0.447265625 0.0107421875 0.009765625
1 0.53125 0.4169921875 0.0126953125 0.005859375
1 0.505859375 0.41796875 0.015625 0.0107421875
1 0.400390625 0.4345703125 0.0205078125 0.015625
1 0.4130859375 0.4013671875 0.046875 0.052734375
1 0.416015625 0.353515625 0.015625 0.015625
1 0.5107421875 0.3232421875 0.015625 0.015625
1 0.6103515625 0.33984375 0.0205078125 0.015625
1 0.587890625 0.3095703125 0.021484375 0.021484375
1 0.5751953125 0.2890625 0.013671875 0.015625
1 0.63671875 0.240234375 0.021484375 0.021484375
1 0.5810546875 0.240234375 0.0234375 0.0185546875
1 0.5888671875 0.2236328125 0.0185546875 0.0185546875
1 0.53515625 0.259765625 0.017578125 0.0107421875
1 0.5107421875 0.248046875 0.0205078125 0.013671875
1 0.54296875 0.248046875 0.0107421875 0.005859375
1 0.4033203125 0.3388671875 0.0126953125 0.015625
1 0.421875 0.326171875 0.0185546875 0.013671875
1 0.447265625 0.2265625 0.087890625 0.068359375
1 0.400390625 0.2138671875 0.009765625 0.021484375
1 0.439453125 0.1318359375 0.046875 0.0498046875
1 0.455078125 0.0400390625 0.0888671875 0.0654296875
1 0.5595703125 0.052734375 0.021484375 0.013671875
1 0.5927734375 0.095703125 0.0185546875 0.0126953125
1 0.564453125 0.126953125 0.009765625 0.009765625
1 0.6455078125 0.1572265625 0.0234375 0.015625
0 0.49974832421875 0.209308765625 0.526866017578125 0.229552091796875 0.5639497734375 0.236677380859375 0.576509451171875 0.228846796875 0.57317587890625 0.23009688671875 0.586055048828125 0.20801459375 0.61853931640625 0.19624158984375 0.630205318359375 0.19100273828125 0.616640443359375 0.1417620625 0.584287291015625 0.13124819140625 0.56459629296875 0.129691794921875 0.56028163671875 0.1134033203125 0.531507705078125 0.12303105078125 0.520420404296875 0.1469410078125 0.51456404296875 0.15279133984375 0.4731761796875 0.14945814453125 0.45818564453125 0.169602005859375 0.468813294921875 0.19111124609375 0.49974832421875 0.209308765625
1 0.5185546875 0.130859375 0.015625 0.0126953125
1 0.513671875 0.1494140625 0.0126953125 0.0126953125
1 0.3349609375 0.171875 0.0498046875 0.0439453125
1 0.3076171875 0.0712890625 0.0126953125 0.0126953125
0 0.2861328125 0.029296875 0.099609375 0.05859375
1 0.3639820234375 0.02633780078125 0.3448335625 0.03351169140625 0.331619828125 0.054988154296875 0.311948423828125 0.077814173828125 0.30405152734375 0.096405029296875 0.304722162109375 0.112884521484375 0.332502953125 0.1097344296875 0.37397219921875 0.0795830625 0.379932544921875 0.05290730859375 0.3639820234375 0.02633780078125
1 0.2880859375 0.244140625 0.021484375 0.0126953125
1 0.271484375 0.259765625 0.015625 0.0126953125
1 0.271484375 0.275390625 0.015625 0.013671875
1 0.2939453125 0.296875 0.0185546875 0.009765625
1 0.27734375 0.2890625 0.0078125 0.0078125
1 0.3330078125 0.26953125 0.021484375 0.0126953125
1 0.26953125 0.3203125 0.021484375 0.0185546875
1 0.244140625 0.3251953125 0.021484375 0.021484375
1 0.220703125 0.345703125 0.0126953125 0.0078125
1 0.197265625 0.31640625 0.0126953125 0.009765625
1 0.27144368359375 0.35563490234375 0.298418208984375 0.355967203125 0.294622283203125 0.3734646640625 0.350109712890625 0.35419040234375 0.36829366796875 0.330301919921875 0.364970642578125 0.318541349609375 0.30410126171875 0.30595115234375 0.276918763671875 0.328446 0.239535107421875 0.349619546875 0.27144368359375 0.35563490234375
1 0.2822265625 0.431640625 0.025390625 0.013671875
1 0.2724609375 0.453125 0.0205078125 0.0126953125
1 0.2646484375 0.4677734375 0.0126953125 0.009765625
1 0.314453125 0.455078125 0.0498046875 0.0283203125
1 0.287109375 0.490234375 0.0283203125 0.0185546875
1 0.302734375 0.5107421875 0.021484375 0.009765625
0 0.31188211328125 0.41517017578125 0.31302595703125 0.3737024375 0.282115041015625 0.36104329296875 0.23834906640625 0.35606666796875 0.2050329140625 0.365220810546875 0.175401474609375 0.404722990234375 0.174500265625 0.40562721484375 0.2219690390625 0.43302408984375 0.277111666015625 0.42293294140625 0.31188211328125 0.41517017578125
0 0.343706294921875 0.577262595703125 0.340853466796875 0.53570556640625 0.26875813671875 0.5070484296875 0.240097234375 0.5261614765625 0.20537651953125 0.565807201171875 0.174916208984375 0.613029197265625 0.21441575 0.62938775 0.27121461328125 0.62935836328125 0.32678674609375 0.60089450390625 0.343706294921875 0.577262595703125
1 0.1611328125 0.578125 0.021484375 0.015625
1 0.1787109375 0.658203125 0.015625 0.009765625
1 0.2890625 0.6416015625 0.0126953125 0.0126953125
1 0.279296875 0.6357421875 0.009765625 0.005859375
1 0.28125 0.6962890625 0.017578125 0.0126953125
1 0.298828125 0.6845703125 0.0126953125 0.009765625
1 0.3154296875 0.701171875 0.009765625 0.0078125
1 0.3427734375 0.7265625 0.0283203125 0.03125
1 0.255859375 0.7060546875 0.025390625 0.017578125
0 0.240234375 0.7646484375 0.15625 0.1044921875
1 0.2490234375 0.828125 0.0126953125 0.009765625
0 0.1797191484375 0.187752052734375 0.2083574453125 0.233555546875 0.24637707421875 0.257784244140625 0.2568042890625 0.25038881640625 0.28835117578125 0.232812951171875 0.32198531640625 0.23989755078125 0.33023184375 0.21550496484375 0.31703769921875 0.199563486328125 0.306523076171875 0.15762894140625 0.27063892578125 0.1548235859375 0.240139431640625 0.168587013671875 0.180941357421875 0.1872106484375 0.1797191484375 0.187752052734375
1 0.40625 0.17578125 0.009765625 0.0078125
1 0.404296875 0.15625 0.0126953125 0.009765625
1 0.423828125 0.0830078125 0.009765625 0.005859375
1 0.5654296875 0.095703125 0.009765625 0.005859375
1 0.5244140625 0.025390625 0.013671875 0.015625
1 1 0.73492431640625 0.98700930859375 0.68152081640625 0.980969087890625 0.598361544921875 0.935136958984375 0.567195185546875 0.823519482421875 0.55652081640625 0.766673900390625 0.58040364453125 0.68596884765625 0.5741871015625 0.61663291015625 0.593035662109375 0.6086275078125 0.61783628125 0.61722668359375 0.65360514453125 0.6712480703125 0.6651679140625 0.72696940234375 0.694186740234375 0.75228166015625 0.7283415625 0.81095377734375 0.78234637109375 0.870029779296875 0.8259978125 0.88572108984375 0.819758662109375 0.954632041015625 0.795581958984375 1 0.773912216796875 1 0.73492431640625
1 0.501953125 0.837890625 0.0126953125 0.009765625
1 0.447265625 0.86328125 0.005859375 0.0048828125
1 0.466796875 0.853515625 0.005859375 0.005859375
1 0.380859375 0.9755859375 0.0078125 0.0078125
1 0.380859375 0.9521484375 0.0126953125 0.013671875
1 0.40625 0.677734375 0.005859375 0.0029296875
1 0.408203125 0.6591796875 0.005859375 0.0048828125
1 0.5908203125 0.4609375 0.009765625 0.005859375
0 0.461355087890625 0.3618279140625 0.447746783203125 0.38713716015625 0.4541465 0.393664017578125 0.48616152734375 0.399922072265625 0.50932392578125 0.413051412109375 0.5222921484375 0.41242256640625 0.549784958984375 0.417826541015625 0.568300189453125 0.41599836328125 0.587457693359375 0.39687730078125 0.597476501953125 0.36685951171875 0.58573692578125 0.34542363671875 0.532361373046875 0.32537698046875 0.51177355078125 0.32743532421875 0.48336665234375 0.34392837890625 0.461355087890625 0.3618279140625
1 0.451171875 0.28125 0.009765625 0.005859375
1 0.4150390625 0.2978515625 0.009765625 0.005859375
1 0.396484375 0.369140625 0.005859375 0.005859375
1 0.3115234375 0.2509765625 0.009765625 0.005859375
1 0.29296875 0.263671875 0.0107421875 0.0078125
1 0.251953125 0.140625 0.009765625 0.005859375
1 0 0.49907407421875 0.01393711328125 0.501983869140625 0.043441357421875 0.45021158984375 0.050904224609375 0.3901403359375 0.04735001953125 0.34049117578125 0.07194010546875 0.28883463671875 0.11312210546875 0.24881908203125 0.13173707421875 0.2118200234375 0.104759837890625 0.160498046875 0.08470293359375 0.1401403359375 0.053927951171875 0.125902416015625 0 0.17127640234375 0 0.484054904296875 0 0.49907407421875
1 0.251953125 0.279296875 0.005859375 0.005859375
1 0.228515625 0.3125 0.009765625 0.0078125
1 0.259765625 0.0849609375 0.009765625 0.005859375
1 0.443359375 0.1826171875 0.009765625 0.013671875