1 0.08984375 0.44140625 0.02734375 0.037109375
1 0.0224609375 0.5166015625 0.037109375 0.033203125
1 0.060546875 0.5048828125 0.05078125 0.041015625
1 0.0537109375 0.462890625 0.044921875 0.052734375
1 0.2021484375 0.5458984375 0.060546875 0.060546875
1 0.158203125 0.515625 0.01171875 0.015625
1 0.005859375 0.6328125 0.01171875 0.05078125
1 0.154765845703125 0.52235819921875 0.146833099609375 0.505081939453125 0.124839984375 0.52690743359375 0.120399396484375 0.544058576171875 0.13743374609375 0.563934275390625 0.15217077734375 0.563981705078125 0.159472537109375 0.54854079296875 0.16082415234375 0.536151462890625 0.154765845703125 0.52235819921875
1 0.103293830078125 0.543502412109375 0.05408759375 0.53387735546875 0.04353855078125 0.53606887109375 0.036937771484375 0.5561522109375 0.015983923828125 0.6122511171875 0.00856588671875 0.643542173828125 0.0305601796875 0.6389834296875 0.047645525390625 0.617535517578125 0.07107809765625 0.6350408125 0.082873650390625 0.610465908203125 0.1176844921875 0.585552962890625 0.12868993359375 0.554522583984375 0.103293830078125 0.543502412109375
0 0.042148544921875 0.617015251953125 0.034239841796875 0.67219941015625 0.03140610546875 0.727981146484375 0.05821753515625 0.764765984375 0.0921554375 0.7733450078125 0.141932712890625 0.755416203125 0.16549503515625 0.71086037109375 0.15813323046875 0.66331660546875 0.142780884765625 0.627502384765625 0.13893185546875 0.57789153515625 0.124331265625 0.581782216796875 0.0966053671875 0.598160716796875 0.07534051953125 0.6267590078125 0.042148544921875 0.617015251953125
1 0.19140625 0.67578125 0.01953125 0.017578125
0 0.2626953125 0.7001953125 0.16015625 0.201171875
1 0.341796875 0.6005859375 0.015625 0.017578125
1 0.3876953125 0.6123046875 0.06640625 0.09375
1 0.404296875 0.5439453125 0.015625 0.0234375
1 0.431640625 0.548828125 0.009765625 0.013671875
1 0.4052734375 0.6826171875 0.015625 0.0234375
0 0.175884431640625 0.389655533203125 0.15037286328125 0.38247448828125 0.125109416015625 0.3732031328125 0.128261146484375 0.4055697890625 0.131871396484375 0.44613771875 0.13031384765625 0.47370850390625 0.142973466796875 0.493453658203125 0.15835709765625 0.4992234921875 0.1761364765625 0.463777388671875 0.204295609375 0.446070498046875 0.218542962890625 0.439358373046875 0.21933508984375 0.415205296875 0.198031150390625 0.395115083984375 0.175884431640625 0.389655533203125
1 0.126814357421875 0.373040978515625 0.15151494140625 0.380823654296875 0.18047833984375 0.3866094921875 0.2001174453125 0.393343986328125 0.216457654296875 0.407878845703125 0.23356740234375 0.426669408203125 0.25065232421875 0.440763765625 0.273903796875 0.451183572265625 0.288330001953125 0.45749251953125 0.290813060546875 0.44121069921875 0.275720662109375 0.413270880859375 0.257956453125 0.387716544921875 0.251683380859375 0.331819654296875 0.241612130859375 0.300724748046875 0.232865353515625 0.26896239453125 0.198824224609375 0.264878953125 0.148178701171875 0.299280001953125 0.1142647109375 0.330350935546875 0.111150017578125 0.361746267578125 0.126814357421875 0.373040978515625
1 0.236864291015625 0.433711208984375 0.217489263671875 0.43293755078125 0.200716861328125 0.4481377734375 0.1798647109375 0.463945583984375 0.176288919921875 0.484544693359375 0.188066330078125 0.50835805859375 0.197941615234375 0.536790251953125 0.210025537109375 0.54729092578125 0.223799259765625 0.542180185546875 0.245923302734375 0.519235419921875 0.26441340234375 0.481331142578125 0.259096216796875 0.4544607734375 0.236864291015625 0.433711208984375
1 0.26788636328125 0.497876458984375 0.265909453125 0.51100444140625 0.271963724609375 0.515095166015625 0.2842465859375 0.509273029296875 0.298807533203125 0.5094905078125 0.304063978515625 0.5040836796875 0.300855857421875 0.480882142578125 0.291368826171875 0.456133958984375 0.290149923828125 0.45663497265625 0.276428869140625 0.475325326171875 0.26788636328125 0.497876458984375
0 0.3334202734375 0.477887392578125 0.329778310546875 0.494582615234375 0.348382794921875 0.500044857421875 0.3658548828125 0.508374068359375 0.3737744140625 0.51399176953125 0.391508513671875 0.48292494140625 0.4020340625 0.468050734375 0.4196968125 0.4705330703125 0.406825453125 0.45888551953125 0.39932909765625 0.43407891796875 0.388374916015625 0.39223672265625 0.377322748046875 0.371673150390625 0.36171048828125 0.371341736328125 0.339147345703125 0.390841544921875 0.3165119453125 0.385444533203125 0.322421345703125 0.416800001953125 0.306382232421875 0.448389123046875 0.305663603515625 0.461212365234375 0.321517849609375 0.4748158671875 0.3334202734375 0.477887392578125
1 0.262329421875 0.47871828125 0.279876642578125 0.466198541015625 0.297226119140625 0.45736703515625 0.317328697265625 0.4358764609375 0.321374662109375 0.413238541015625 0.31855523828125 0.39153773046875 0.329440884765625 0.388034 0.351521111328125 0.382668916015625 0.3725240625 0.3579771015625 0.36748486328125 0.345819154296875 0.34390060546875 0.32652719140625 0.299268654296875 0.314912544921875 0.25795419140625 0.375352029296875 0.266928134765625 0.399051412109375 0.284251830078125 0.428173287109375 0.2901485078125 0.454529884765625 0.263442833984375 0.456747716796875 0.262329421875 0.47871828125
1 0.292260056640625 0.5802258515625 0.31335349609375 0.57529835546875 0.322606193359375 0.552934962890625 0.31459423046875 0.529616978515625 0.287382900390625 0.5062751015625 0.270586375 0.513272875 0.264492513671875 0.570421296875 0.292260056640625 0.5802258515625
1 0.318432271484375 0.51089853515625 0.32261281640625 0.542023205078125 0.3201071796875 0.564233693359375 0.342832216796875 0.5685381015625 0.3525993828125 0.554194455078125 0.361305859375 0.538424740234375 0.354258494140625 0.515577806640625 0.317612583984375 0.5100244375 0.318432271484375 0.51089853515625
1 0.3662109375 0.5263671875 0.021484375 0.03125
1 0.4091796875 0.4345703125 0.015625 0.017578125
1 0.47265625 0.4228515625 0.048828125 0.0625
1 0.5009765625 0.572265625 0.013671875 0.01953125
0 0.542680841796875 0.776322505859375 0.569248998046875 0.748105654296875 0.571704927734375 0.72559192578125 0.56975413671875 0.696577087890625 0.561845166015625 0.65168493359375 0.54907661328125 0.65006223046875 0.542531001953125 0.638667908203125 0.534696337890625 0.6208886796875 0.509322755859375 0.631863439453125 0.467402232421875 0.646637958984375 0.4254653671875 0.6992265 0.425206861328125 0.717850099609375 0.444503892578125 0.760572607421875 0.475143681640625 0.793940025390625 0.50133668359375 0.79569488671875 0.542680841796875 0.776322505859375
1 0.49609375 0.4638671875 0.01171875 0.017578125
1 0.513545875 0.454784521484375 0.503497837890625 0.465365904296875 0.492654361328125 0.481830916015625 0.493069865234375 0.5052527734375 0.50016710546875 0.52666197265625 0.519310498046875 0.5273584375 0.519844466796875 0.489109880859375 0.5200173671875 0.462425349609375 0.513545875 0.454784521484375
0 0.551164693359375 0.36555979296875 0.4958306640625 0.403564451171875 0.500370162109375 0.453979828125 0.51430725 0.461076330078125 0.522570630859375 0.489116953125 0.549203611328125 0.510972033203125 0.575326498046875 0.492694888671875 0.609672828125 0.4630523515625 0.607791994140625 0.4318071796875 0.59625901953125 0.39821256640625 0.57112794921875 0.35796815625 0.551164693359375 0.36555979296875
1 0.572291599609375 0.574770294921875 0.57754140234375 0.542389912109375 0.582874349609375 0.529710591796875 0.5760252734375 0.51353085546875 0.558423640625 0.4989188203125 0.53495379296875 0.5164528046875 0.52728578515625 0.518379609375 0.521676357421875 0.578289455078125 0.531560767578125 0.59299109765625 0.550542158203125 0.590422236328125 0.572291599609375 0.574770294921875
1 0.664108 0.564930345703125 0.664125931640625 0.53582559765625 0.642362271484375 0.54043975390625 0.641436443359375 0.5569174296875 0.654634326171875 0.569403587890625 0.664108 0.564930345703125
1 0.597915859375 0.590447609375 0.608024546875 0.591475994140625 0.61671469921875 0.597883783203125 0.615274494140625 0.613495103515625 0.6074984296875 0.6366639453125 0.6153484609375 0.65833315625 0.626449966796875 0.65138047265625 0.639264203125 0.624834376953125 0.652602646484375 0.607574224609375 0.672616607421875 0.60103675 0.6836018359375 0.576019240234375 0.674050568359375 0.569306453125 0.655243353515625 0.5689034375 0.644729236328125 0.56182265625 0.635320787109375 0.549675625 0.625693478515625 0.52947733984375 0.602417919921875 0.50523844140625 0.5795955 0.506146046875 0.5886479453125 0.52714283203125 0.600126431640625 0.566589931640625 0.597915859375 0.590447609375
1 0.54123373828125 0.6269776875 0.541524078125 0.647485703125 0.55367700390625 0.651749044921875 0.58950251953125 0.635028955078125 0.612781724609375 0.60626870703125 0.60392559765625 0.589902939453125 0.5980548203125 0.575973703125 0.604054392578125 0.56826069921875 0.59810675 0.561007333984375 0.572963171875 0.558347517578125 0.560453439453125 0.588632138671875 0.54123373828125 0.6269776875
1 0.713523486328125 0.59654276171875 0.72425766796875 0.61195498828125 0.738619357421875 0.599780267578125 0.7516378125 0.568185974609375 0.74585843359375 0.551852203125 0.719304900390625 0.524501212890625 0.708876763671875 0.56690148046875 0.713523486328125 0.59654276171875
1 0.774673080078125 0.5687814375 0.74387640234375 0.564749498046875 0.740211931640625 0.574681833984375 0.74249059375 0.596014451171875 0.742654552734375 0.612426140625 0.7576918203125 0.616502341796875 0.77225912109375 0.603333833984375 0.781742712890625 0.57361007421875 0.774673080078125 0.5687814375
0 0.7612719296875 0.769547765625 0.773214912109375 0.754730724609375 0.775042712890625 0.7401153984375 0.759931388671875 0.717190298828125 0.76839415234375 0.6838004921875 0.763720421875 0.629041482421875 0.76140328125 0.61464580859375 0.7392120234375 0.623298720703125 0.722384205078125 0.6451737734375 0.703153673828125 0.63745237109375 0.667962779296875 0.639766859375 0.6507853671875 0.654001109375 0.6421150390625 0.705442693359375 0.642401439453125 0.75281184765625 0.66032717578125 0.78190199609375 0.697948615234375 0.79380432421875 0.73044446875 0.786561751953125 0.7612719296875 0.769547765625
1 0.76953125 0.7138671875 0.01171875 0.013671875
1 0.8427734375 0.580078125 0.064453125 0.041015625
1 0.938594921875 0.572086484375 0.92403101171875 0.561595751953125 0.896051392578125 0.54835515234375 0.872216763671875 0.528678994140625 0.864190041015625 0.55709647265625 0.871045154296875 0.5966878671875 0.858067912109375 0.594954669921875 0.820062083984375 0.595359810546875 0.818695927734375 0.610855728515625 0.861225025390625 0.63530334765625 0.9263977890625 0.643966318359375 0.939063556640625 0.632026716796875 0.93430714453125 0.60993734375 0.938594921875 0.572086484375
0 0.879329677734375 0.775390693359375 0.91109975390625 0.78933851171875 0.9354549765625 0.7849817109375 0.95888816796875 0.749718755859375 0.962846509765625 0.71116551171875 0.949542064453125 0.690608712890625 0.925915400390625 0.643442646484375 0.88228184375 0.655253314453125 0.850880349609375 0.686927619140625 0.858735853515625 0.747778849609375 0.879329677734375 0.775390693359375
0 0.93359375 0.45703125 0.1328125 0.17578125
0 0.798242552734375 0.453574826171875 0.791911466796875 0.42367855859375 0.7878527421875 0.400178103515625 0.780273099609375 0.391191921875 0.76362239453125 0.382025400390625 0.73996080078125 0.37601665234375 0.683596951171875 0.456277388671875 0.673405224609375 0.49276226953125 0.68288574609375 0.512275314453125 0.7067456171875 0.544706923828125 0.7261766953125 0.539619119140625 0.7575305390625 0.539817998046875 0.788200314453125 0.52274208203125 0.80143615625 0.488792484375 0.798242552734375 0.453574826171875
1 0.666015625 0.474609375 0.01953125 0.015625