1 0.0029296875 0.580078125 0.005859375 0.015625
1 0.1064453125 0.6259765625 0.013671875 0.017578125
1 0 0.55917093359375 0.024541671875 0.550433353515625 0.0561309375 0.52831525390625 0.058773310546875 0.49521615625 0.026409806640625 0.483338283203125 0 0.494430787109375 0 0.55917093359375
0 0.10318448828125 0.50128238671875 0.07157496875 0.4889048828125 0.056308314453125 0.51885532421875 0.02874858984375 0.545646794921875 0.01392729296875 0.624823798828125 0.098049685546875 0.625136974609375 0.130580962890625 0.580184771484375 0.1431677265625 0.5316970078125 0.10318448828125 0.50128238671875
1 0.1826171875 0.5537109375 0.0234375 0.033203125
1 0.109375 0.4443359375 0.044921875 0.037109375
1 0.0830078125 0.412109375 0.017578125 0.015625
1 0.1689453125 0.453125 0.021484375 0.01953125
0 0.05622108203125 0.397542671875 0.11877212890625 0.39152016015625 0.127841798828125 0.37858249609375 0.114311203125 0.344212267578125 0.0948706953125 0.313952556640625 0.094334048828125 0.237094953125 0.057809755859375 0.261495279296875 0.02327851171875 0.31367440234375 0.017383337890625 0.35089507421875 0.032999 0.39276083203125 0.05622108203125 0.397542671875
1 0.101844462890625 0.343883876953125 0.128037470703125 0.352756400390625 0.172699591796875 0.36334045703125 0.169243453125 0.435061427734375 0.1971912421875 0.45132658984375 0.23646510546875 0.460977015625 0.25564176953125 0.446801236328125 0.2596726171875 0.422457958984375 0.258539044921875 0.36538863671875 0.24452369140625 0.3310898515625 0.236619224609375 0.27881078515625 0.215745732421875 0.1953456796875 0.17910697265625 0.181592677734375 0.14916456640625 0.198605935546875 0.124498728515625 0.235275767578125 0.094414736328125 0.291414947265625 0.096448638671875 0.310992138671875 0.101844462890625 0.343883876953125
1 0.287109375 0.4189453125 0.056640625 0.048828125
0 0.285134173828125 0.242831751953125 0.267018392578125 0.23978113671875 0.253849478515625 0.30285253125 0.244993109375 0.34527678515625 0.29089641015625 0.3954551328125 0.345204216796875 0.3352793671875 0.357802185546875 0.311410626953125 0.336914025390625 0.261745046875 0.285134173828125 0.242831751953125
1 0.3876953125 0.30859375 0.03125 0.03125
0 0.4892578125 0.3046875 0.1328125 0.16015625
1 0.5537109375 0.3203125 0.01171875 0.013671875
1 0.5576171875 0.3369140625 0.01171875 0.017578125
1 0.345703125 0.439453125 0.01953125 0.015625
1 0.29296875 0.458984375 0.015625 0.0234375
1 0.3466796875 0.5341796875 0.033203125 0.0390625
1 0.345703125 0.5615234375 0.015625 0.015625
1 0.201883751953125 0.543546150390625 0.196691388671875 0.574504544921875 0.221633447265625 0.59838488671875 0.228433751953125 0.5601479453125 0.25313241015625 0.5481092734375 0.236564431640625 0.49807817578125 0.22429073828125 0.50974283984375 0.201883751953125 0.543546150390625
0 0.21477116015625 0.61707969140625 0.21494976953125 0.63807370703125 0.2149998203125 0.63788981640625 0.2971003046875 0.641026828125 0.32067410546875 0.5893861328125 0.32901030078125 0.555101515625 0.30126312109375 0.5151838125 0.271580259765625 0.511268962890625 0.2584644296875 0.5193161328125 0.24144755859375 0.55747644921875 0.223459001953125 0.587246896484375 0.21477116015625 0.61707969140625
1 0.3818359375 0.5712890625 0.015625 0.017578125
1 0.3447265625 0.5908203125 0.01171875 0.01171875
1 0.376953125 0.609375 0.01171875 0.01953125
1 0.4208984375 0.4814453125 0.044921875 0.052734375
1 0.44921875 0.4345703125 0.05078125 0.04296875
1 0.4833984375 0.4892578125 0.080078125 0.103515625
1 0.564453125 0.44921875 0.08203125 0.111328125
1 0.3955078125 0.4423828125 0.013671875 0.013671875
1 0.3310546875 0.4921875 0.0078125 0.013671875
1 0.337890625 0.392578125 0.01171875 0.01171875
1 0.6318359375 0.3681640625 0.03515625 0.056640625
0 0.679453833984375 0.395272982421875 0.723090763671875 0.3797294609375 0.75864023828125 0.33100565234375 0.76385309375 0.287655564453125 0.727003224609375 0.24686287109375 0.696972623046875 0.23776965625 0.650086966796875 0.2590274921875 0.629998466796875 0.304707103515625 0.6285934296875 0.33469244140625 0.654949212890625 0.379002123046875 0.679453833984375 0.395272982421875
1 0.7509765625 0.392578125 0.009765625 0.01171875
1 0.6181640625 0.4580078125 0.0078125 0.009765625
1 0.630859375 0.45703125 0.02734375 0.04296875
1 0.58984375 0.5556640625 0.03125 0.021484375
1 0.564453125 0.5400390625 0.01171875 0.01171875
1 0.564453125 0.5771484375 0.01171875 0.013671875
1 0.5234375 0.6083984375 0.01171875 0.01171875
1 0.5498046875 0.6015625 0.009765625 0.013671875
1 0.587890625 0.59375 0.01171875 0.015625
1 0.5966796875 0.6025390625 0.0078125 0.015625
1 0.615234375 0.5791015625 0.015625 0.017578125
1 0.6162109375 0.6064453125 0.025390625 0.03515625
1 0.75 0.5224609375 0.01171875 0.013671875
1 0.689453125 0.45703125 0.017578125 0.01171875
1 0.70703125 0.462890625 0.01171875 0.017578125
1 0.728515625 0.451171875 0.009765625 0.013671875
1 0.693359375 0.494140625 0.015625 0.017578125
1 0.7158203125 0.494140625 0.013671875 0.015625
1 0.7265625 0.591796875 0.01171875 0.015625
1 0.71484375 0.638671875 0.009765625 0.017578125
1 0.7138671875 0.66796875 0.009765625 0.013671875
1 0.62890625 0.646484375 0.013671875 0.021484375
1 0.7626953125 0.6025390625 0.01171875 0.017578125
1 0.7705078125 0.5751953125 0.013671875 0.02734375
1 0.7734375 0.6083984375 0.013671875 0.02734375
1 0.7958984375 0.6474609375 0.015625 0.017578125
1 0.806640625 0.626953125 0.01171875 0.017578125
1 0.7880859375 0.5390625 0.05078125 0.046875
1 0.8310546875 0.5390625 0.02734375 0.037109375
1 0.8466796875 0.494140625 0.021484375 0.02734375
1 0.78201455859375 0.486193564453125 0.82110865234375 0.52943078125 0.837828115234375 0.502190123046875 0.8344669609375 0.477425904296875 0.810701419921875 0.468932623046875 0.78201455859375 0.486193564453125
1 0.8607426484375 0.4471893359375 0.844987771484375 0.412494712890625 0.842698109375 0.39454059765625 0.83382310546875 0.38361551953125 0.823834990234375 0.40506045703125 0.797714529296875 0.424267654296875 0.78188184765625 0.45388605859375 0.78062533203125 0.4876487109375 0.799319482421875 0.47974805078125 0.8184318828125 0.473855609375 0.841806564453125 0.484775390625 0.86241778125 0.4769423359375 0.8607426484375 0.4471893359375
0 0.90625 0.34765625 0.12890625 0.1640625
1 0.8486328125 0.333984375 0.015625 0.01953125
1 0.984375 0.427734375 0.03125 0.078125
1 1 0.47490962890625 0.9810731640625 0.457682263671875 0.96766062109375 0.4376612890625 0.9555551875 0.441665927734375 0.94373180078125 0.4676051796875 0.9433461640625 0.483276677734375 0.96675808203125 0.484002861328125 0.990719724609375 0.487550392578125 1 0.496802287109375 1 0.47490962890625
1 0.95271468359375 0.474810373046875 0.935207068359375 0.432099150390625 0.93582266015625 0.435363396484375 0.928778630859375 0.448203375 0.89857098828125 0.51070528125 0.89475226171875 0.53045584765625 0.9179331953125 0.54250805859375 0.936688861328125 0.56713319140625 0.999199134765625 0.5444073203125 0.9865851171875 0.481261310546875 0.95271468359375 0.474810373046875
1 0.8974609375 0.4716796875 0.017578125 0.015625
1 0.9482421875 0.580078125 0.015625 0.02734375
1 0.9580078125 0.6171875 0.025390625 0.03125
1 0.9853515625 0.578125 0.021484375 0.029296875
1 0.9794921875 0.626953125 0.017578125 0.033203125
1 0.955078125 0.638671875 0.017578125 0.013671875
1 0.923828125 0.642578125 0.01171875 0.013671875
1 0.8935546875 0.6630859375 0.01171875 0.01953125
1 0.880859375 0.6533203125 0.013671875 0.01171875
0 0.829766541015625 0.583088201171875 0.82357783203125 0.602179162109375 0.831039994140625 0.609382400390625 0.834710806640625 0.64060587890625 0.84998547265625 0.674286279296875 0.88104705859375 0.644814697265625 0.90170541796875 0.6604571875 0.9210015078125 0.642430826171875 0.92422277734375 0.58581757421875 0.91574769140625 0.547743818359375 0.886884748046875 0.5575535078125 0.86867919921875 0.556011015625 0.829766541015625 0.583088201171875
1 0.7822265625 0.6767578125 0.015625 0.017578125
0 0.635331630859375 0.657532904296875 0.657075240234375 0.668478587890625 0.6820099921875 0.664643533203125 0.709107732421875 0.62665692578125 0.721359421875 0.58261335546875 0.7245601171875 0.552471240234375 0.68240942578125 0.5268976484375 0.643576857421875 0.518895255859375 0.630544373046875 0.5581330546875 0.628868755859375 0.590958041015625 0.633502640625 0.623854650390625 0.635331630859375 0.657532904296875
0 0.447725416015625 0.5709135234375 0.437072173828125 0.590587783203125 0.423937337890625 0.61817646875 0.426815515625 0.640829177734375 0.447721189453125 0.67787415234375 0.4892057421875 0.647143 0.511678330078125 0.636839087890625 0.534349052734375 0.635193140625 0.506154951171875 0.603580130859375 0.52415022265625 0.566500736328125 0.51317984765625 0.545750529296875 0.483136939453125 0.531640193359375 0.447725416015625 0.5709135234375
1 0.4306640625 0.5703125 0.041015625 0.044921875
1 0.510632193359375 0.635855552734375 0.4626594765625 0.673043474609375 0.4422541796875 0.64624934765625 0.42417479296875 0.630830482421875 0.433617458984375 0.588758916015625 0.39686415234375 0.60434118359375 0.37301860546875 0.617971046875 0.34978680859375 0.609072294921875 0.33192765625 0.625350515625 0.326375423828125 0.674699587890625 0.365641873046875 0.74063003515625 0.42622602734375 0.779007068359375 0.463164115234375 0.807905310546875 0.514186818359375 0.789519091796875 0.536500728515625 0.73463591796875 0.52185883984375 0.685399890625 0.510632193359375 0.635855552734375
1 0.658203125 0.7890625 0.1015625 0.130859375