1 0.9892578125 0.3095703125 0.021484375 0.025390625
1 0.966796875 0.2958984375 0.0126953125 0.0126953125
1 0.9853515625 0.3759765625 0.029296875 0.037109375
1 0.9892578125 0.4228515625 0.021484375 0.056640625
1 0.966796875 0.412109375 0.0126953125 0.0283203125
1 0.951171875 0.41015625 0.0107421875 0.015625
0 0.925704390625 0.42978545703125 0.93794533203125 0.417295103515625 0.94922101171875 0.351758416015625 0.96112399609375 0.322496201171875 0.95797842578125 0.28489553125 0.95828133984375 0.26217086328125 0.921680591796875 0.251155900390625 0.896091037109375 0.251600478515625 0.8757810234375 0.25925323046875 0.849466958984375 0.28133439453125 0.846355296875 0.3378152734375 0.86226851953125 0.381715373046875 0.89324612109375 0.419727466796875 0.925704390625 0.42978545703125
1 0.8447265625 0.3974609375 0.0126953125 0.013671875
1 0.84375 0.4169921875 0.0078125 0.005859375
1 0.900390625 0.5 0.0107421875 0.021484375
0 0.898506447265625 0.631130642578125 0.92401801171875 0.59770748828125 0.92931676953125 0.569898064453125 0.89224921484375 0.51911229296875 0.868923611328125 0.45563271484375 0.83410531640625 0.4758918671875 0.81104419921875 0.508196794921875 0.800590232421875 0.548276548828125 0.7894354921875 0.58769923046875 0.80589576953125 0.644350404296875 0.829989962890625 0.647076642578125 0.874943486328125 0.63855733984375 0.898506447265625 0.631130642578125
1 0.798828125 0.54296875 0.0107421875 0.015625
1 1 0.584453064453125 0.986572265625 0.564281322265625 0.95991007421875 0.55333417578125 0.9390168359375 0.552021544921875 0.93107774609375 0.55480354296875 0.92468148828125 0.58449375390625 0.900932029296875 0.62323826953125 0.885564732421875 0.63926112890625 0.886747005859375 0.65776909765625 0.903870759765625 0.69329005078125 0.934172453125 0.70038519921875 0.998298927734375 0.692866572265625 1 0.678103599609375 1 0.584453064453125
1 0.646462900390625 0.4226390703125 0.629492865234375 0.453259126953125 0.655452021484375 0.4640796796875 0.696445041015625 0.47434865625 0.765625 0.47916666796875 0.765601263671875 0.47975290625 0.7694125703125 0.4675910859375 0.7624794296875 0.44052613671875 0.75399215234375 0.41803807421875 0.72658510546875 0.39932966796875 0.691696732421875 0.383052119140625 0.646462900390625 0.4226390703125
1 0.720703125 0.3916015625 0.015625 0.021484375
1 0.7353515625 0.55078125 0.0107421875 0.013671875
0 0.66015625 0.580078125 0.1357421875 0.197265625
1 0.58203125 0.5615234375 0.0205078125 0.0283203125
1 0.5693359375 0.544921875 0.005859375 0.009765625
1 0.5830078125 0.521484375 0.025390625 0.0498046875
1 0.748046875 0.345703125 0.0517578125 0.064453125
1 0.7763671875 0.33203125 0.0078125 0.0126953125
1 0.8095703125 0.177734375 0.0126953125 0.03125
0 0.6496129921875 0.3563066640625 0.674366138671875 0.38904411328125 0.70833446484375 0.35073362890625 0.71964518359375 0.34842634765625 0.74595246484375 0.306919427734375 0.762465865234375 0.27983639453125 0.76041666796875 0.280092591796875 0.730304859375 0.25446385546875 0.705748380859375 0.199780876953125 0.690604880859375 0.20069263671875 0.658169216796875 0.22293957421875 0.63039369921875 0.249187705078125 0.629495126953125 0.291380330078125 0.647529884765625 0.3328857421875 0.6496129921875 0.3563066640625
1 0.599826388671875 0.40162037109375 0.60733597265625 0.410854009765625 0.615573458984375 0.442569685546875 0.6262591328125 0.4427490234375 0.644430654296875 0.44255612109375 0.645658138671875 0.399518048828125 0.61332872265625 0.378627447265625 0.599826388671875 0.40162037109375
1 0.46777795703125 0.378397875 0.4880220390625 0.40931230859375 0.509991681640625 0.42320521484375 0.524400498046875 0.46373456640625 0.54195451171875 0.50298594921875 0.558102455078125 0.50476225 0.558153693359375 0.448358732421875 0.603548779296875 0.45486512890625 0.61382529296875 0.440518099609375 0.6016695 0.4025929140625 0.60123245703125 0.36897585546875 0.6486198515625 0.388354392578125 0.660373263671875 0.3610689140625 0.64686565625 0.32231183984375 0.6345199765625 0.308133599609375 0.63580246875 0.306069958984375 0.608289931640625 0.319812162109375 0.574694974609375 0.327903966796875 0.54977906640625 0.30373705859375 0.52475616015625 0.30206323828125 0.502626771484375 0.298382041015625 0.4876708984375 0.312502009765625 0.46846667578125 0.34851023828125 0.46777795703125 0.378397875
1 0.5791015625 0.318359375 0.009765625 0.0126953125
1 0.5830078125 0.296875 0.005859375 0.0107421875
1 0.5615234375 0.294921875 0.021484375 0.021484375
0 0.4547607421875 0.346240837890625 0.466796875 0.348021556640625 0.488182689453125 0.314502556640625 0.50465766015625 0.298611111328125 0.525181748046875 0.280439814453125 0.523301865234375 0.24685450390625 0.516087962890625 0.22697000390625 0.477451353515625 0.21421441015625 0.454750794921875 0.223975212890625 0.43753978515625 0.2364523046875 0.420628978515625 0.25957633984375 0.41281919140625 0.27485894140625 0.42591236328125 0.295775462890625 0.43101399609375 0.3184003671875 0.4547607421875 0.346240837890625
1 0.340986087890625 0.238467453125 0.337186333984375 0.29018909765625 0.346004533203125 0.32542840234375 0.388613603515625 0.325681583984375 0.40173791796875 0.29857762109375 0.42105215625 0.29091917578125 0.40943990234375 0.275461623046875 0.433774595703125 0.244730044921875 0.456429439453125 0.22272055078125 0.4616247109375 0.18190586328125 0.458199708984375 0.13404224609375 0.434971185546875 0.1147735546875 0.416065859375 0.124717345703125 0.40116725390625 0.135588134765625 0.400652849609375 0.16524133984375 0.39863542578125 0.19136472265625 0.380328896484375 0.18987509765625 0.362168048828125 0.174981513671875 0.34073391015625 0.190859697265625 0.340986087890625 0.238467453125
1 0.4111328125 0.298828125 0.0107421875 0.013671875
1 0.498442724609375 0.460160537109375 0.48853644140625 0.422965427734375 0.47339871875 0.394536607421875 0.47417032421875 0.39671210546875 0.432729712890625 0.391767671875 0.449780373046875 0.42663725 0.4676679453125 0.4628933046875 0.48282073828125 0.484196833984375 0.493486568359375 0.479376982421875 0.498442724609375 0.460160537109375
1 0.42612686328125 0.451406302734375 0.44092901953125 0.42127084375 0.442180869140625 0.38060887109375 0.431063931640625 0.357356234375 0.432705599609375 0.353691111328125 0.41621555859375 0.382548599609375 0.3944106875 0.387308169921875 0.37472169921875 0.40375969921875 0.390128681640625 0.444141697265625 0.412096314453125 0.460222158203125 0.42612686328125 0.451406302734375
1 0.365234375 0.47265625 0.0283203125 0.029296875
0 0.472314654296875 0.600233625 0.499849294921875 0.5915021640625 0.51858080859375 0.57931455859375 0.51858080859375 0.529412080078125 0.52863076171875 0.480918853515625 0.512136703125 0.46875669921875 0.487865306640625 0.483174724609375 0.462648494140625 0.47519209765625 0.44470767578125 0.47009494921875 0.42248283984375 0.498037498046875 0.414025326171875 0.502050916015625 0.39608048828125 0.500612193359375 0.391579458984375 0.52235376953125 0.41405345703125 0.591602634765625 0.42414359765625 0.60296103515625 0.444160115234375 0.605624142578125 0.472314654296875 0.600233625
1 0.4714405703125 0.689112869140625 0.483874662109375 0.64649107421875 0.48281370703125 0.607021337890625 0.46947337890625 0.59641176953125 0.45433967578125 0.60650157421875 0.4334199375 0.61325713671875 0.417274505859375 0.60803005078125 0.39222949609375 0.577007779296875 0.377434373046875 0.557735072265625 0.37137205078125 0.55661919140625 0.368156025390625 0.618339548828125 0.37042060546875 0.671817396484375 0.3792156953125 0.74722972265625 0.397173595703125 0.772489068359375 0.414423185546875 0.778477044921875 0.440306111328125 0.76036576171875 0.4545948671875 0.721216189453125 0.4714405703125 0.689112869140625
1 0.337890625 0.5732421875 0.0107421875 0.0126953125
0 0.226036041015625 0.60790144921875 0.24232514453125 0.633053626953125 0.26464743359375 0.623831876953125 0.2809907890625 0.60636895703125 0.3373420625 0.607487515625 0.338126728515625 0.592363521484375 0.3211936171875 0.56843841015625 0.322431400390625 0.543165669921875 0.3341049375 0.503772291015625 0.331575119140625 0.497973197265625 0.31314802734375 0.487983861328125 0.2797098046875 0.478254404296875 0.233550146484375 0.460575810546875 0.20943146484375 0.494092400390625 0.21290469140625 0.55283082421875 0.226036041015625 0.60790144921875
1 0.34765625 0.369140625 0.0126953125 0.025390625
1 0.3515625 0.3955078125 0.005859375 0.0078125
1 0.36100461328125 0.45900044921875 0.369422943359375 0.459694359375 0.366575642578125 0.4292119453125 0.34699013671875 0.40270276171875 0.33686784765625 0.362565908203125 0.339211796875 0.340895330078125 0.316139001953125 0.341376244140625 0.307743779296875 0.35732542578125 0.2953046640625 0.3935118203125 0.296562541015625 0.437112857421875 0.293326419921875 0.4824245546875 0.310076677734375 0.488338853515625 0.334858458984375 0.458976337890625 0.36100461328125 0.45900044921875
1 0.225762763671875 0.44846455859375 0.246808087890625 0.461694369140625 0.26568126171875 0.45772248046875 0.28348343359375 0.440713681640625 0.2947530859375 0.40672153515625 0.29498115234375 0.40613077734375 0.2894452890625 0.395439494140625 0.282805265625 0.38665846875 0.259519474609375 0.37811991015625 0.24527693359375 0.39056337890625 0.223425845703125 0.426191166015625 0.225762763671875 0.44846455859375
1 0.235567572265625 0.395203724609375 0.247881099609375 0.3831273046875 0.24279835546875 0.3436213984375 0.242906861328125 0.3447091484375 0.226157607421875 0.31511086328125 0.19949705078125 0.307219328125 0.185654376953125 0.31758508984375 0.1737829140625 0.379492990234375 0.21748308203125 0.395742240234375 0.235567572265625 0.395203724609375
0 0.2052469140625 0.247911576171875 0.1850385 0.294556166015625 0.19358442578125 0.31694074609375 0.228553802734375 0.32246120703125 0.244092400390625 0.355683083984375 0.244048193359375 0.382993345703125 0.25 0.38271605078125 0.28540943359375 0.37123038671875 0.31398393359375 0.34144054296875 0.331359109375 0.309167095703125 0.32908146875 0.26552855078125 0.305188841796875 0.2295497890625 0.25724786328125 0.20847265234375 0.23356320703125 0.20832127734375 0.2052469140625 0.247911576171875
1 0.201171875 0.2109375 0.0107421875 0.017578125
1 0.185546875 0.2119140625 0.0126953125 0.015625
1 0.1767578125 0.2197265625 0.009765625 0.0126953125
1 0.189453125 0.248046875 0.013671875 0.015625
1 0.1728515625 0.23046875 0.0107421875 0.009765625
0 0 0.28891246484375 0.00181347265625 0.34989738671875 0.032388318359375 0.347065490234375 0.06018819921875 0.35947948828125 0.08735110546875 0.33462737890625 0.1197575078125 0.322824234375 0.130732783203125 0.28729691796875 0.1158813984375 0.23232274609375 0.08650716015625 0.213801546875 0.021094552734375 0.203612611328125 0.02118899609375 0.20499641015625 0 0.2172724296875 0 0.2408961328125 0 0.28891246484375
1 0.11328125 0.3583984375 0.0751953125 0.056640625
1 0.0849609375 0.392578125 0.0751953125 0.046875
0 0 0.56350067578125 0.03645130078125 0.631005390625 0.07189187890625 0.62309108203125 0.11550865625 0.59311905078125 0.14099372265625 0.555578328125 0.143004115234375 0.500342935546875 0.12757402734375 0.48706891796875 0.07105496875 0.47729123828125 0.04572362109375 0.468700435546875 0.011751904296875 0.4755859375 0 0.4857668359375 0 0.56350067578125
1 0.093020591796875 0.47477414453125 0.118465470703125 0.48549623828125 0.14025929296875 0.497434681640625 0.14994855859375 0.500342935546875 0.15958357421875 0.490348240234375 0.12604789453125 0.4426520703125 0.074912994140625 0.417458365234375 0.048953712890625 0.4085179296875 0.033193078125 0.407833396484375 0.021018197265625 0.4427578984375 0.0597089609375 0.470672314453125 0.093020591796875 0.47477414453125
1 0.1748046875 0.533203125 0.0107421875 0.0126953125
1 0.1650390625 0.5341796875 0.009765625 0.009765625
1 0.1650390625 0.5126953125 0.013671875 0.015625
1 0.1552734375 0.5498046875 0.009765625 0.0126953125
1 0.029296875 0.3779296875 0.0498046875 0.0810546875