0 0.1669921875 0.8525390625 0.099609375 0.140625
0 0.3515625 0.7841796875 0.203125 0.2421875
0 0.544921875 0.7490234375 0.177734375 0.224609375
0 0.76953125 0.6796875 0.185546875 0.224609375
0 0.939453125 0.640625 0.12109375 0.1875
1 0.9228515625 0.5224609375 0.025390625 0.033203125
1 0.9716796875 0.4482421875 0.0546875 0.056640625
1 0.865234375 0.4765625 0.029296875 0.033203125
1 0.859375 0.52734375 0.017578125 0.021484375
0 0.890625 0.3525390625 0.173828125 0.181640625
1 0.7548828125 0.5068359375 0.033203125 0.037109375
0 0.64388432421875 0.352477537109375 0.64769599609375 0.388410142578125 0.656836716796875 0.434722455078125 0.664250626953125 0.453080958984375 0.695463154296875 0.463383861328125 0.729300064453125 0.466394173828125 0.742697224609375 0.43081309375 0.741831078125 0.4018672890625 0.723761615234375 0.363277080078125 0.686557115234375 0.32865537890625 0.66981066796875 0.33211700390625 0.64388432421875 0.352477537109375
1 0.645641060546875 0.5134067578125 0.70430819140625 0.533118126953125 0.71306188671875 0.498185130859375 0.68911903515625 0.460057828125 0.664104015625 0.448219123046875 0.64931464453125 0.412484103515625 0.63920744921875 0.357947412109375 0.615932091796875 0.3179208671875 0.5832484609375 0.32465015625 0.558504564453125 0.38965891796875 0.5759092109375 0.437087435546875 0.645641060546875 0.5134067578125
1 0.7041015625 0.5615234375 0.015625 0.0234375
1 0.62890625 0.59765625 0.01953125 0.01953125
0 0.48046875 0.462890625 0.11328125 0.138671875
1 0.4423828125 0.484375 0.013671875 0.017578125
1 0.5107421875 0.58203125 0.01171875 0.01171875
0 0.2919921875 0.5 0.189453125 0.216796875
0 0.09765625 0.57421875 0.140625 0.1328125
1 0.12890625 0.69140625 0.0234375 0.025390625
1 0.2822265625 0.6708984375 0.01171875 0.013671875