0 0.59765625 0.9208984375 0.1591796875 0.1357421875
1 0.46875 0.91796875 0.0595703125 0.0185546875
0 0.3466796875 0.90234375 0.134765625 0.0966796875
1 0.353515625 0.78515625 0.025390625 0.015625
1 0.478515625 0.705078125 0.0625 0.0419921875
1 0.5625 0.814453125 0.0185546875 0.0107421875
0 0.615234375 0.716796875 0.109375 0.103515625
1 0.6923828125 0.685546875 0.017578125 0.0126953125
0 0.34375 0.716796875 0.1220703125 0.099609375
1 0.4833984375 0.8623046875 0.0126953125 0.009765625
1 0.4189453125 0.6201171875 0.041015625 0.0234375
1 0.4755859375 0.6533203125 0.017578125 0.009765625
1 0.48969907421875 0.650206162109375 0.53331404296875 0.62792426171875 0.559003666015625 0.556843171875 0.531561052734375 0.54608832421875 0.520917728515625 0.50115198046875 0.460264755859375 0.513062427734375 0.42053916015625 0.5466796875 0.41196469921875 0.56099175390625 0.43174430859375 0.597941984375 0.46637008203125 0.629736328125 0.48969907421875 0.650206162109375
1 0.451171875 0.611328125 0.0205078125 0.015625
1 0.58203125 0.4638671875 0.056640625 0.021484375
0 0.63757716015625 0.472388599609375 0.56513069140625 0.468299697265625 0.5372636953125 0.510521556640625 0.530905189453125 0.54271194921875 0.57008825390625 0.5645471640625 0.619343171875 0.581718388671875 0.695061728515625 0.5125 0.63757716015625 0.472388599609375
1 0.5908203125 0.3779296875 0.041015625 0.0341796875
0 0.685028453125 0.346992548828125 0.71460503515625 0.294008607421875 0.679870755859375 0.26012008203125 0.64690634765625 0.24857855859375 0.58877555859375 0.248347078125 0.544490259765625 0.29253833984375 0.563107638671875 0.3367151328125 0.611569251953125 0.367371962890625 0.664325328125 0.397390408203125 0.685028453125 0.346992548828125
1 0.232421875 0.5224609375 0.099609375 0.0595703125
1 0.44921875 0.466796875 0.052734375 0.0439453125
1 0.512285396484375 0.445679615234375 0.498160205078125 0.388015408203125 0.41624228515625 0.38849645703125 0.403233505859375 0.42172670703125 0.46255787109375 0.46886393359375 0.48616416015625 0.49619683203125 0.49197530859375 0.491203703125 0.512285396484375 0.445679615234375
0 0.33984375 0.3271484375 0.1376953125 0.107421875
1 0.4248046875 0.3505859375 0.021484375 0.025390625
1 0.3076171875 0.263671875 0.0185546875 0.013671875
1 0.4248046875 0.30078125 0.015625 0.0078125
1 0.494140625 0.2958984375 0.046875 0.025390625
1 0.478515625 0.259765625 0.041015625 0.0390625
1 0.40625 0.208984375 0.0341796875 0.03125
1 0.3349609375 0.2060546875 0.017578125 0.009765625
1 0.498046875 0.2080078125 0.0185546875 0.03125
1 0.462890625 0.1689453125 0.0283203125 0.0205078125
1 0.4404296875 0.169921875 0.015625 0.013671875
1 0.4677734375 0.193359375 0.015625 0.0107421875
1 0.482421875 0.1083984375 0.033203125 0.025390625
0 0.3544921875 0.115234375 0.140625 0.109375
0 0.55146363671875 0.07108108984375 0.51564911328125 0.12423141015625 0.544444443359375 0.16851851953125 0.545109953125 0.167938005859375 0.651617958984375 0.19726743359375 0.64305314453125 0.13319046484375 0.654222126953125 0.096668837890625 0.66882475 0.065346498046875 0.599240451171875 0.04840133203125 0.55146363671875 0.07108108984375
1 0.9677734375 0.916015625 0.015625 0.013671875
1 0.955078125 0.7060546875 0.0205078125 0.0185546875
1 0.9306640625 0.376953125 0.0283203125 0.015625
1 0.943359375 0.341796875 0.017578125 0.015625
1 0.4462890625 0.68359375 0.009765625 0.009765625
0 0.345270302734375 0.58404495703125 0.36092062109375 0.572735822265625 0.40129846484375 0.558405671875 0.424142794921875 0.53890426171875 0.43030960546875 0.5268310546875 0.410346740234375 0.4878942421875 0.385269580078125 0.4683213984375 0.367661314453125 0.467535626953125 0.33222897265625 0.4878381796875 0.30266926953125 0.51400191796875 0.3019121328125 0.55074508203125 0.327299142578125 0.58160716796875 0.345270302734375 0.58404495703125
1 0.4521484375 0.1884765625 0.0126953125 0.009765625
1 0.4549093359375 0 0.44782021484375 0.019914640625 0.416038533203125 0.03602973046875 0.38861159375 0.048413990234375 0.38443769140625 0.05606011328125 0.38515625 0.055378328125 0.41658106640625 0.07549641796875 0.459450955078125 0.085630966796875 0.48256293359375 0.0962926796875 0.511676552734375 0.09952076171875 0.55158661328125 0.092041015625 0.550067515625 0.07517270703125 0.55182291796875 0.05782877734375 0.53230010546875 0.0218189375 0.51016951171875 0.003729021484375 0.482011958984375 0 0.4549093359375 0
1 0.4453125 0.0126953125 0.015625 0.015625