0 0.1064453125 0.3798828125 0.1435546875 0.1533203125
1 0.1728515625 0.505859375 0.0234375 0.0234375
0 0.0810546875 0.6669921875 0.162109375 0.181640625
0 0.3291015625 0.66015625 0.126953125 0.162109375
0 0.328125 0.390625 0.1611328125 0.201171875
1 0.2548828125 0.51171875 0.0078125 0.0078125
1 0.421875 0.517578125 0.013671875 0.013671875
1 0.3994140625 0.517578125 0.0078125 0.0078125
1 0.4140625 0.525390625 0.0078125 0.0078125
1 0.4931640625 0.546875 0.0107421875 0.0126953125
1 0.59765625 0.509765625 0.025390625 0.0283203125
1 0.5419921875 0.5439453125 0.09375 0.109375
1 0.611328125 0.548828125 0.0126953125 0.013671875
1 0.638671875 0.5166015625 0.005859375 0.0078125
0 0.576171875 0.693359375 0.1845703125 0.193359375
1 0.7080078125 0.5146484375 0.0078125 0.0126953125
1 0.716796875 0.525390625 0.009765625 0.0107421875
0 0.57421875 0.3720703125 0.150390625 0.1533203125
0 0.7890625 0.3896484375 0.126953125 0.197265625
1 0.8173828125 0.5341796875 0.0078125 0.0126953125
1 0.8427734375 0.537109375 0.009765625 0.0126953125
1 0.9091796875 0.45703125 0.0205078125 0.025390625
1 0.880859375 0.537109375 0.009765625 0.0126953125
1 0.9033203125 0.541015625 0.025390625 0.041015625
1 0.9423828125 0.5771484375 0.025390625 0.0361328125
0 0.8017578125 0.736328125 0.1640625 0.2216796875
0 0.978515625 0.3935546875 0.0419921875 0.09375