1 0.41796875 0.9892578125 0.013671875 0.01171875
1 0.4169921875 0.888671875 0.01953125 0.013671875
1 0.431640625 0.9033203125 0.01171875 0.01171875
0 0.26953125 0.7802734375 0.16015625 0.16015625
1 0.3486328125 0.609375 0.013671875 0.01171875
1 0.4130859375 0.802734375 0.0078125 0.005859375
1 0.4296875 0.5546875 0.0234375 0.017578125
1 0.4580078125 0.603515625 0.01171875 0.013671875
1 0.44140625 0.6015625 0.013671875 0.0078125
0 0.2978515625 0.5419921875 0.119140625 0.1015625
1 0.4345703125 0.4716796875 0.017578125 0.017578125
0 0.283203125 0.3388671875 0.146484375 0.140625
1 0.3720703125 0.337890625 0.0546875 0.05859375
1 0.3759765625 0.2421875 0.013671875 0.01171875
0 0.3134765625 0.107421875 0.185546875 0.138671875
0 0.638671875 0.1044921875 0.171875 0.146484375
1 0.7109375 0.080078125 0.01171875 0.013671875
1 0.6123046875 0.037109375 0.017578125 0.015625
1 0.5302734375 0.0693359375 0.01171875 0.009765625
1 0.529296875 0.048828125 0.009765625 0.009765625
1 0.5419921875 0.1328125 0.0078125 0.00390625
1 0.5126953125 0.173828125 0.005859375 0.005859375
1 0.505859375 0.203125 0.0078125 0.005859375
1 0.6015625 0.1962890625 0.009765625 0.009765625
1 0.6240234375 0.22265625 0.013671875 0.01171875
1 0.6123046875 0.2265625 0.009765625 0.009765625
1 0.5888671875 0.232421875 0.01953125 0.013671875
1 0.552734375 0.2373046875 0.009765625 0.0078125
1 0.544921875 0.2587890625 0.005859375 0.005859375
1 0.615234375 0.2626953125 0.0390625 0.021484375
0 0.6650390625 0.3388671875 0.1875 0.140625
1 0.6337890625 0.4033203125 0.02734375 0.0234375
1 0.623046875 0.4208984375 0.013671875 0.009765625
1 0.6064453125 0.421875 0.013671875 0.017578125
1 0.5869140625 0.416015625 0.021484375 0.021484375
1 0.5703125 0.4267578125 0.017578125 0.0234375
1 0.5283203125 0.3828125 0.01171875 0.005859375
1 0.5087890625 0.388671875 0.013671875 0.009765625
1 0.4931640625 0.330078125 0.046875 0.033203125
1 0.6044921875 0.4814453125 0.02734375 0.021484375
1 0.5888671875 0.474609375 0.01171875 0.01171875
1 0.5546875 0.4453125 0.009765625 0.0078125
1 0.49609375 0.466796875 0.0546875 0.0625
1 0.609375 0.5185546875 0.01171875 0.009765625
1 0.6201171875 0.5166015625 0.013671875 0.017578125
1 0.6005859375 0.654296875 0.01953125 0.015625
1 0.6005859375 0.673828125 0.013671875 0.01171875
1 0.5791015625 0.6669921875 0.033203125 0.021484375
1 0.58984375 0.6484375 0.0234375 0.017578125
1 0.541015625 0.6435546875 0.009765625 0.005859375
1 0.537109375 0.654296875 0.005859375 0.005859375
1 0.4990234375 0.6728515625 0.005859375 0.005859375
1 0.4990234375 0.6845703125 0.005859375 0.005859375
1 0.4775390625 0.6806640625 0.009765625 0.0078125
1 0.55859375 0.71875 0.015625 0.01171875
1 0.6015625 0.712890625 0.009765625 0.009765625
1 0.5234375 0.703125 0.01171875 0.0078125
0 0.58984375 0.80078125 0.1875 0.14453125
1 0.55859375 0.8994140625 0.01953125 0.017578125
1 0.5498046875 0.884765625 0.021484375 0.01171875
1 0.59375 0.8935546875 0.013671875 0.01171875
1 0.58984375 0.873046875 0.013671875 0.01171875
1 0.607421875 0.873046875 0.013671875 0.013671875
1 0.552734375 0.919921875 0.01171875 0.01171875
0 0.5859375 0.9677734375 0.10546875 0.064453125
1 0.548828125 0.9345703125 0.009765625 0.009765625
1 0.48046875 0.931640625 0.005859375 0.005859375
1 0.4697265625 0.9296875 0.005859375 0.0078125
1 0.4814453125 0.9189453125 0.009765625 0.009765625
1 0.470703125 0.875 0.013671875 0.01953125
1 0.4638671875 0.9921875 0.009765625 0.009765625
1 0.443359375 0.9091796875 0.009765625 0.0078125
0 0.3173828125 0.95703125 0.1171875 0.064453125
0 0.66796875 0.578125 0.162109375 0.107421875
1 0.5400390625 0.603515625 0.1171875 0.126953125