1 0.0537109375 0.4501953125 0.04296875 0.05859375
0 0.0986328125 0.3125 0.185546875 0.236328125
0 0.0986328125 0.619140625 0.171875 0.173828125
1 0.0107421875 0.5654296875 0.015625 0.015625
1 0.232421875 0.5771484375 0.013671875 0.013671875
0 0.30859375 0.6123046875 0.150390625 0.154296875
1 0.3349609375 0.5107421875 0.044921875 0.05078125
1 0.359375 0.498046875 0.009765625 0.013671875
1 0.423828125 0.4921875 0.0234375 0.029296875
1 0.4189453125 0.5966796875 0.021484375 0.041015625
1 0.4404296875 0.5791015625 0.015625 0.01953125
0 0.3388671875 0.328125 0.099609375 0.1171875
1 0.392511044921875 0.380877267578125 0.414350986328125 0.38525992578125 0.424512109375 0.364721642578125 0.432971513671875 0.3332618515625 0.430174283203125 0.26485803125 0.409986322265625 0.2038158671875 0.381794693359375 0.168972525390625 0.357067072265625 0.151726548828125 0.355876921875 0.152439333984375 0.312345939453125 0.201082583984375 0.296234146484375 0.2512245859375 0.315593466796875 0.27619269921875 0.343812837890625 0.28322568359375 0.382719076171875 0.296638205078125 0.38438760546875 0.3349913984375 0.392511044921875 0.380877267578125
1 0.2333984375 0.359375 0.01171875 0.013671875
0 0.5712890625 0.3271484375 0.158203125 0.189453125
1 0.611328125 0.4375 0.015625 0.01953125
1 0.650390625 0.43359375 0.02734375 0.0234375
1 0.6396484375 0.494140625 0.013671875 0.01953125
1 0.681640625 0.4873046875 0.05078125 0.068359375
1 0.5341796875 0.5048828125 0.0078125 0.01171875
0 0.5361328125 0.64453125 0.17578125 0.2265625
1 0.7734375 0.5419921875 0.12109375 0.10546875
1 0.7998046875 0.4501953125 0.021484375 0.025390625
0 0.79296875 0.6748046875 0.1484375 0.171875
0 0.7919921875 0.35546875 0.130859375 0.158203125
1 0.9169921875 0.44921875 0.033203125 0.03125
1 0.8984375 0.484375 0.017578125 0.021484375
1 0.9453125 0.58984375 0.0234375 0.02734375
1 0.978515625 0.58203125 0.0234375 0.025390625
1 0.9482421875 0.619140625 0.0234375 0.025390625
0 0.95703125 0.69921875 0.06640625 0.13671875
0 0.9794921875 0.37890625 0.041015625 0.0859375