1 0.015625 0.48046875 0.025390625 0.033203125
0 0.0361328125 0.58203125 0.072265625 0.11328125
0 0.1923828125 0.564453125 0.166015625 0.1796875
1 0.1845703125 0.6572265625 0.013671875 0.01953125
0 0.4306640625 0.474609375 0.171875 0.2109375
0 0.638671875 0.4482421875 0.158203125 0.193359375
0 0.828125 0.4091796875 0.171875 0.19921875
1 0.265625 0.6435546875 0.021484375 0.021484375
1 0.1181640625 0.39453125 0.01953125 0.029296875
1 0.21875 0.421875 0.017578125 0.0234375
1 0.498046875 0.615234375 0.01171875 0.01953125
1 0.58203125 0.576171875 0.013671875 0.013671875
1 0.6923828125 0.599609375 0.021484375 0.025390625
1 0.0439453125 0.759765625 0.013671875 0.015625
1 0.158203125 0.7314453125 0.021484375 0.021484375
1 0.287109375 0.703125 0.017578125 0.021484375
0 0.0888671875 0.8583984375 0.08984375 0.146484375
1 0.15234375 0.8505859375 0.013671875 0.015625
0 0.2666015625 0.828125 0.1953125 0.205078125
1 0.2275390625 0.7314453125 0.021484375 0.0234375
0 0.470703125 0.78515625 0.158203125 0.2109375
1 0.6591796875 0.8251953125 0.0234375 0.021484375
0 0.7099609375 0.7587890625 0.14453125 0.189453125
0 0.9091796875 0.6875 0.171875 0.19921875
1 0.9677734375 0.5078125 0.01953125 0.017578125
1 0.7685546875 0.0595703125 0.01953125 0.029296875
1 0.876953125 0.01171875 0.03125 0.0234375
1 0.396484375 0.1279296875 0.033203125 0.041015625
1 0.2685546875 0.154296875 0.015625 0.015625
1 0.544921875 0.2626953125 0.013671875 0.017578125