0 0.0546875 0.291015625 0.109375 0.140625
1 0.0810546875 0.4326171875 0.046875 0.0625
1 0.037109375 0.4228515625 0.009765625 0.01171875
1 0.1357421875 0.408203125 0.03515625 0.03125
1 0.1181640625 0.4345703125 0.013671875 0.015625
1 0.1650390625 0.4130859375 0.009765625 0.01171875
1 0.208984375 0.4013671875 0.0625 0.04296875
1 0.3056640625 0.4150390625 0.015625 0.01953125
1 0.322265625 0.4033203125 0.01953125 0.01953125
1 0.3203125 0.3486328125 0.017578125 0.025390625
0 0.2890625 0.259765625 0.140625 0.14453125
1 0.2958984375 0.1806640625 0.04296875 0.05078125
1 0.451171875 0.3837890625 0.015625 0.021484375
1 0.4482421875 0.2861328125 0.0234375 0.03515625
1 0.419921875 0.1708984375 0.009765625 0.013671875
0 0.50390625 0.2392578125 0.125 0.16015625
1 0.5869140625 0.228515625 0.017578125 0.02734375
1 0.59375 0.3505859375 0.0234375 0.03125
0 0.7216796875 0.2265625 0.1484375 0.1953125
1 0.7041015625 0.0654296875 0.01953125 0.02734375
1 0.728515625 0.1083984375 0.015625 0.017578125
1 0.7392578125 0.0830078125 0.017578125 0.01953125
1 0.744140625 0.10546875 0.0078125 0.013671875
1 0.7744140625 0.115234375 0.005859375 0.013671875
1 0.7939453125 0.05859375 0.115234375 0.1171875
1 0.8681640625 0.0615234375 0.111328125 0.123046875
1 0.845703125 0.1640625 0.052734375 0.060546875
1 0.8056640625 0.24609375 0.0234375 0.025390625
1 0.853515625 0.283203125 0.08203125 0.107421875
0 0.93359375 0.134765625 0.091796875 0.12890625
1 0.9736328125 0.3056640625 0.017578125 0.013671875
1 0.89453125 0.3486328125 0.013671875 0.015625
1 0.9765625 0.4814453125 0.046875 0.037109375
1 0.974609375 0.5908203125 0.05078125 0.173828125
1 0.9091796875 0.662109375 0.166015625 0.1640625
1 0.9130859375 0.7978515625 0.173828125 0.185546875
1 0.9248046875 0.890625 0.041015625 0.056640625
1 0.984375 0.8974609375 0.03125 0.048828125
1 0.984375 0.9462890625 0.02734375 0.02734375
1 0.865234375 0.9052734375 0.0234375 0.037109375
1 0.8359375 0.8935546875 0.037109375 0.03515625
1 0.802734375 0.775390625 0.015625 0.015625
1 0.806640625 0.7978515625 0.005859375 0.01171875
1 0.814453125 0.810546875 0.0078125 0.01171875
1 0.7919921875 0.884765625 0.029296875 0.025390625
1 0.7900390625 0.92578125 0.0390625 0.03125
1 0.638671875 0.943359375 0.01953125 0.02734375
1 0.66796875 0.9482421875 0.037109375 0.046875
1 0.65625 0.9765625 0.013671875 0.015625
1 0.5703125 0.958984375 0.025390625 0.041015625
1 0.5888671875 0.9814453125 0.029296875 0.02734375
1 0.419921875 0.9658203125 0.03125 0.04296875
1 0.37109375 0.9892578125 0.017578125 0.021484375
0 0.072265625 0.607421875 0.142578125 0.19140625
0 0.28125 0.595703125 0.1484375 0.15234375
0 0.5146484375 0.5361328125 0.115234375 0.1328125
1 0.4619140625 0.6298828125 0.013671875 0.01953125
1 0.38671875 0.5185546875 0.01171875 0.0078125
1 0.580078125 0.5517578125 0.013671875 0.0234375
1 0.6201171875 0.58203125 0.01171875 0.017578125
1 0.3583984375 0.4453125 0.015625 0.015625
0 0.7333984375 0.5185546875 0.083984375 0.12109375
1 0.759765625 0.484375 0.021484375 0.025390625
1 0.7763671875 0.498046875 0.01171875 0.013671875
1 0.79296875 0.5791015625 0.0234375 0.03515625
1 0.5908203125 0.9580078125 0.01171875 0.017578125