0 0.63671875 0.06640625 0.1669921875 0.1328125
1 0.5302734375 0.048828125 0.021484375 0.0107421875
0 0.33203125 0.0888671875 0.1767578125 0.146484375
0 0.314453125 0.28515625 0.21875 0.150390625
1 0.3271484375 0.392578125 0.0126953125 0.009765625
1 0.296875 0.431640625 0.0126953125 0.009765625
0 0.330078125 0.490234375 0.1435546875 0.111328125
1 0.3994140625 0.5615234375 0.015625 0.005859375
1 0.349609375 0.548828125 0.015625 0.009765625
1 0.375 0.619140625 0.0126953125 0.009765625
0 0.341796875 0.70703125 0.1669921875 0.1533203125
0 0.3623046875 0.9169921875 0.146484375 0.1298828125
1 0.4619140625 0.876953125 0.037109375 0.0439453125
1 0.326171875 0.994140625 0.015625 0.0107421875
1 0.5205078125 0.267578125 0.0185546875 0.015625
1 0.65628507421875 0.343178693359375 0.651434044921875 0.33654086328125 0.6463528515625 0.32782331640625 0.64058883203125 0.32966711328125 0.640572390625 0.329545455078125 0.636272666015625 0.33720505859375 0.636293490234375 0.349398115234375 0.6405088203125 0.35446423828125 0.65180450390625 0.3532640859375 0.65628507421875 0.343178693359375
0 0.63896524609375 0.330697017578125 0.65861973828125 0.334676609375 0.6819500703125 0.3282455625 0.70846461328125 0.310640310546875 0.739368998046875 0.26311728515625 0.72329657421875 0.22816096875 0.681672775390625 0.1975449296875 0.61723438671875 0.201717423828125 0.567978931640625 0.209993087890625 0.52898475 0.221069837890625 0.520533263671875 0.23683047265625 0.52058684765625 0.25056765234375 0.52258016015625 0.26963774609375 0.51150843359375 0.2862614140625 0.52278645703125 0.303041810546875 0.543564869140625 0.310941720703125 0.593137806640625 0.321913982421875 0.63896524609375 0.330697017578125
1 0.5283203125 0.1923828125 0.009765625 0.005859375
1 0.462890625 0.3095703125 0.0126953125 0.005859375
1 0.5478515625 0.376953125 0.009765625 0.0048828125
1 0.494140625 0.3818359375 0.009765625 0.005859375
1 0.6298828125 0.40625 0.017578125 0.0078125
1 0.587890625 0.4140625 0.0126953125 0.005859375
1 0.6708984375 0.5390625 0.009765625 0.005859375
0 0.69676863671875 0.52167828125 0.73324572265625 0.500287341796875 0.73333413671875 0.499803080078125 0.7192456484375 0.44910220703125 0.682961462890625 0.40983575390625 0.64220705859375 0.40972724609375 0.60719950390625 0.418306326171875 0.585393625 0.438633294921875 0.56646653125 0.46504669921875 0.55500096484375 0.50007434765625 0.58180083984375 0.545030380859375 0.615742080078125 0.55674712109375 0.656051740234375 0.549225984375 0.6745354296875 0.5353853203125 0.69676863671875 0.52167828125
0 0.63671875 0.712890625 0.1845703125 0.1376953125
1 0.642578125 0.796875 0.0126953125 0.009765625
0 0.6298828125 0.9287109375 0.15625 0.1376953125
1 0.525390625 0.822265625 0.0126953125 0.0078125
1 0.5302734375 0.83984375 0.009765625 0.005859375
1 0.982421875 0.5830078125 0.0341796875 0.046875