1 0.9052734375 0.3798828125 0.005859375 0.0107421875
1 0.9140625 0.5234375 0.015625 0.015625
1 0.9755859375 0.51171875 0.009765625 0.0126953125
0 0.874651873046875 0.462040654296875 0.895005966796875 0.43405942578125 0.900893599609375 0.4016128359375 0.90219907421875 0.361697349609375 0.90219907421875 0.328340505859375 0.887994837890625 0.316115390625 0.832537615234375 0.3161168984375 0.81369470703125 0.33345540234375 0.787136501953125 0.381394375 0.774186876953125 0.407499337890625 0.76844166015625 0.451520001953125 0.79332930859375 0.483075931640625 0.832546658203125 0.47754961328125 0.874651873046875 0.462040654296875
1 0.9072265625 0.56640625 0.0126953125 0.013671875
1 0.9482421875 0.6142578125 0.103515625 0.1435546875
1 0.9375 0.7216796875 0.0625 0.1357421875
0 0.861328125 0.703125 0.0908203125 0.140625
1 0.7763671875 0.7099609375 0.078125 0.162109375
1 0.845703125 0.5146484375 0.078125 0.0439453125
1 0.7578125 0.5927734375 0.119140625 0.1123046875
1 0.720703125 0.7568359375 0.0185546875 0.0205078125
1 0.720703125 0.7138671875 0.0126953125 0.017578125
1 0.708984375 0.6708984375 0.009765625 0.0185546875
1 0.66796875 0.6708984375 0.009765625 0.015625
1 0.6533203125 0.568359375 0.005859375 0.021484375
1 0.685546875 0.3515625 0.009765625 0.013671875
1 0.6689453125 0.3515625 0.009765625 0.015625
0 0.603515625 0.39453125 0.1220703125 0.146484375
1 0.4873046875 0.4033203125 0.009765625 0.0126953125
1 0.54414940625 0.54078852734375 0.558374126953125 0.511680677734375 0.56108338671875 0.48868979296875 0.5557760859375 0.448107259765625 0.54277809375 0.41371880078125 0.529801232421875 0.392526673828125 0.516266060546875 0.38797416796875 0.47865785546875 0.425595349609375 0.465055953125 0.445672337890625 0.459063552734375 0.48403793359375 0.460850818359375 0.50798973828125 0.48840051171875 0.533971634765625 0.51407173828125 0.5419555703125 0.532708458984375 0.543331701171875 0.54414940625 0.54078852734375
1 0.5029296875 0.5322265625 0.009765625 0.009765625
0 0.611328125 0.720703125 0.109375 0.150390625
1 0.4951171875 0.7451171875 0.015625 0.0185546875
1 0.4443359375 0.7060546875 0.009765625 0.005859375
1 0.4267578125 0.658203125 0.0078125 0.0126953125
1 0.349609375 0.720703125 0.0126953125 0.015625
1 0.3046875 0.6669921875 0.0126953125 0.0234375
1 0.302734375 0.6884765625 0.0107421875 0.015625
1 0.2841796875 0.662109375 0.015625 0.017578125
1 0.26953125 0.6728515625 0.0126953125 0.017578125
1 0.2529296875 0.677734375 0.0126953125 0.0185546875
0 0.393706576171875 0.75901065234375 0.420950419921875 0.74972324609375 0.4365987265625 0.734729642578125 0.434958267578125 0.68107237890625 0.427211966796875 0.655447861328125 0.420244189453125 0.623211091796875 0.410904142578125 0.608079576171875 0.410636107421875 0.608155205078125 0.379812171875 0.613477333984375 0.3566488984375 0.620484037109375 0.334622267578125 0.632649751953125 0.3219679375 0.652009015625 0.331398072265625 0.69162321484375 0.35084779296875 0.71200716015625 0.370501041015625 0.745523673828125 0.393706576171875 0.75901065234375
1 0.21484375 0.669921875 0.009765625 0.0126953125
1 0.22265625 0.7197265625 0.009765625 0.017578125
0 0.1630859375 0.7001953125 0.1015625 0.1376953125
1 0.1083984375 0.681640625 0.015625 0.0185546875
1 0.0927734375 0.701171875 0.025390625 0.037109375
1 0.052734375 0.693359375 0.0126953125 0.0185546875
1 0.05078125 0.7236328125 0.0126953125 0.013671875
1 0.0283203125 0.693359375 0.015625 0.025390625
1 0.0986328125 0.572265625 0.009765625 0.0107421875
0 0.193359375 0.3935546875 0.150390625 0.1591796875
0 0.400390625 0.392578125 0.115234375 0.1689453125