1 0.0224609375 0.576171875 0.041015625 0.0625
0 0.247841748046875 0.57618110546875 0.236017958984375 0.573002193359375 0.2217810625 0.57696733984375 0.194572962890625 0.601572896484375 0.1960972734375 0.6119409453125 0.167388640625 0.641997642578125 0.165735556640625 0.676310748046875 0.179819921875 0.715880833984375 0.194242220703125 0.72596589453125 0.23562250390625 0.720576912109375 0.253257732421875 0.703091736328125 0.266822171875 0.672691583984375 0.271204439453125 0.64391773046875 0.260818685546875 0.593163033203125 0.247841748046875 0.57618110546875
1 0.1875 0.60546875 0.017578125 0.01953125
1 0.2177734375 0.4443359375 0.021484375 0.0234375
0 0.1372070859375 0.34971009375 0.12523850390625 0.400055388671875 0.122526296875 0.4604864609375 0.145722578125 0.469229896484375 0.202992509765625 0.47065962109375 0.20779262109375 0.4428675390625 0.218562646484375 0.434490962890625 0.24162139453125 0.442625755859375 0.2548310703125 0.431321345703125 0.248099365234375 0.393772236328125 0.221029716796875 0.360334767578125 0.182041751953125 0.33207902734375 0.1372070859375 0.34971009375
1 0.28125 0.501953125 0.0703125 0.0703125
1 0.20703125 0.5263671875 0.01953125 0.017578125
1 0.1875 0.533203125 0.01171875 0.015625
1 0.3203125 0.53515625 0.013671875 0.0234375
1 0.368776552734375 0.563178474609375 0.3782806015625 0.550261888671875 0.393389177734375 0.527062412109375 0.40652419921875 0.504248255859375 0.3907176796875 0.46317945703125 0.379455140625 0.45826402734375 0.3506433046875 0.467740146484375 0.320362681640625 0.46525967578125 0.3211666796875 0.464845283203125 0.3179066328125 0.465184095703125 0.3212423046875 0.48720040625 0.333197115234375 0.515205396484375 0.354880564453125 0.55346230859375 0.368776552734375 0.563178474609375
1 0.3828250078125 0.592170767578125 0.384992693359375 0.5640211640625 0.377870380859375 0.55012315625 0.367722951171875 0.5599839921875 0.354728373046875 0.572635421875 0.344936685546875 0.5905789140625 0.34662222265625 0.592355728515625 0.354864052734375 0.593424083984375 0.3828250078125 0.592170767578125
1 0.41658468359375 0.629303720703125 0.408028751953125 0.608193638671875 0.413885158203125 0.59947066796875 0.423733810546875 0.5818818046875 0.415391759765625 0.56733670703125 0.384066185546875 0.570519939453125 0.383651009765625 0.5859608671875 0.386078123046875 0.608945326171875 0.40964557421875 0.638249353515625 0.41658468359375 0.629303720703125
1 0.328125 0.669921875 0.017578125 0.02734375
1 0.3837890625 0.6845703125 0.025390625 0.0234375
0 0.413550708984375 0.634064328125 0.379982255859375 0.654103580078125 0.371995568359375 0.6696018046875 0.38974855078125 0.67421219140625 0.405901642578125 0.71448476171875 0.442367201171875 0.727411353515625 0.462393240234375 0.7250109609375 0.47280869140625 0.694410857421875 0.47472694140625 0.630655396484375 0.459484404296875 0.60622989453125 0.43132996484375 0.598616994140625 0.418261154296875 0.6099159921875 0.413550708984375 0.634064328125
1 0.5029296875 0.6689453125 0.013671875 0.017578125
1 0.5185546875 0.5009765625 0.01171875 0.013671875
1 0.583984375 0.521484375 0.013671875 0.01953125
1 0.5847889765625 0.670815412109375 0.6147864921875 0.681294388671875 0.6281946171875 0.666537271484375 0.623582796875 0.6479866953125 0.611172494140625 0.640801345703125 0.600123490234375 0.625654552734375 0.5931003046875 0.610162462890625 0.587324890625 0.614075431640625 0.58130925390625 0.638393283203125 0.5847889765625 0.670815412109375
0 0.62042544140625 0.6465201875 0.631552162109375 0.683245640625 0.6696209296875 0.68964191015625 0.683442220703125 0.65143226953125 0.684251498046875 0.610483083984375 0.6674871875 0.562260853515625 0.6412702109375 0.550159626953125 0.6159254140625 0.55094719921875 0.598511896484375 0.576687546875 0.599491697265625 0.61053344140625 0.602093423828125 0.62882937890625 0.62042544140625 0.6465201875
1 0.6826171875 0.5029296875 0.01171875 0.013671875
1 0.669829015625 0.389787232421875 0.671278421875 0.40685790625 0.671698798828125 0.43435404296875 0.658983017578125 0.4542234921875 0.6711862890625 0.4824747265625 0.69008284765625 0.490211208984375 0.71253631640625 0.471137474609375 0.734754216796875 0.47262555078125 0.757453703125 0.46516759765625 0.72473294921875 0.418656041015625 0.6858824296875 0.395113392578125 0.669829015625 0.389787232421875
0 0.577995724609375 0.26274520703125 0.554062162109375 0.293195 0.546877763671875 0.33265490625 0.5483380859375 0.376157955078125 0.5578373828125 0.385077931640625 0.585150275390625 0.413647982421875 0.620088140625 0.41392984375 0.669080345703125 0.42545620703125 0.669957150390625 0.410030220703125 0.674511298828125 0.3771887578125 0.686594609375 0.3320823984375 0.660532638671875 0.271775931640625 0.628555888671875 0.25739333984375 0.577995724609375 0.26274520703125
1 0.787109375 0.4130859375 0.029296875 0.02734375
0 0.922085966796875 0.353965845703125 0.924629146484375 0.2860893125 0.900866017578125 0.246693458984375 0.85409741015625 0.230140248046875 0.8160156796875 0.226426654296875 0.784226962890625 0.25349901171875 0.76667519921875 0.281334796875 0.756432255859375 0.32816465625 0.764994970703125 0.362187384765625 0.784763154296875 0.399494986328125 0.80954793359375 0.4071571875 0.840073705078125 0.412825068359375 0.875759697265625 0.389822197265625 0.8776988671875 0.3765940703125 0.922085966796875 0.353965845703125
1 0.8466796875 0.5146484375 0.0390625 0.07421875
1 0.7783203125 0.6220703125 0.013671875 0.01953125
1 0.773702412109375 0.70901977734375 0.791251359375 0.7372943359375 0.82219315234375 0.726789888671875 0.8389483515625 0.70047608203125 0.837912833984375 0.6644963984375 0.836297830078125 0.64413971875 0.819906091796875 0.642371865234375 0.7950562734375 0.631772744140625 0.769907421875 0.66456088671875 0.773702412109375 0.70901977734375
0 0.81539428515625 0.539505630859375 0.80508533203125 0.56683223046875 0.802422763671875 0.61103830859375 0.81515472265625 0.640233953125 0.837575685546875 0.64715551953125 0.8505388046875 0.66654357421875 0.89348452734375 0.6873178359375 0.912852576171875 0.670623314453125 0.9215488046875 0.62404806640625 0.9230822421875 0.58756700390625 0.91600816796875 0.56393446484375 0.87089445703125 0.5503640703125 0.84177574609375 0.545157458984375 0.81539428515625 0.539505630859375
1 0.9541015625 0.564453125 0.037109375 0.041015625
1 0.962890625 0.4296875 0.0625 0.048828125
1 0.9931640625 0.537109375 0.013671875 0.03515625
1 0.91015625 0.4853515625 0.015625 0.021484375
1 0.935546875 0.4814453125 0.017578125 0.01953125
1 0.9736328125 0.4716796875 0.0234375 0.025390625
0 0.41015625 0.34765625 0.134765625 0.158203125