0 0.7119140625 0.9541015625 0.140625 0.091796875
1 0.599609375 0.9619140625 0.0498046875 0.0576171875
1 0.546875 0.966796875 0.029296875 0.0234375
1 0.560546875 0.947265625 0.025390625 0.015625
1 0.490234375 0.9892578125 0.046875 0.021484375
1 0.548828125 0.9072265625 0.0595703125 0.0703125
1 0.576171875 0.791015625 0.017578125 0.0126953125
1 0.54409343359375 0.738172744140625 0.52034074609375 0.76565729296875 0.496109251953125 0.784360533203125 0.4863315703125 0.81779100390625 0.48549279296875 0.818709439453125 0.53662884375 0.816441126953125 0.551394400390625 0.80188052734375 0.558495576171875 0.74493892578125 0.54409343359375 0.738172744140625
1 0.603493234375 0.80342029296875 0.58871906640625 0.7983889296875 0.527769166015625 0.81711412890625 0.493386244140625 0.84821428515625 0.48427855078125 0.84716796875 0.5169511953125 0.874452298828125 0.54832348046875 0.87450267578125 0.586821056640625 0.844136232421875 0.603493234375 0.80342029296875
0 0.43247940234375 1 0.450078193359375 0.98947741015625 0.48543595703125 0.953743748046875 0.43263441015625 0.915948455078125 0.41440180078125 0.92945240234375 0.40035445703125 0.95882807421875 0.36684303515625 0.993055556640625 0.39269696484375 1 0.43247940234375 1
1 0.34474033984375 0.94051752734375 0.354673033203125 0.95706354296875 0.39697868359375 0.95598105859375 0.41530946875 0.924935154296875 0.3914965 0.901593244140625 0.34495046484375 0.93872974609375 0.34474033984375 0.94051752734375
1 0.401003775390625 0.89429615234375 0.41778618359375 0.908519603515625 0.44706411328125 0.92874710546875 0.488379423828125 0.942492611328125 0.517653908203125 0.928911158203125 0.512710814453125 0.88697580859375 0.49745094921875 0.85248868359375 0.487375302734375 0.7971979375 0.42740196484375 0.79670578125 0.404885912109375 0.824212291015625 0.39325672265625 0.857733185546875 0.39770723046875 0.892195767578125 0.401003775390625 0.89429615234375
1 0.341796875 0.8525390625 0.1064453125 0.1123046875
1 0.484375 0.767578125 0.052734375 0.044921875
1 0.556640625 0.6875 0.037109375 0.056640625
1 0.75 0.8212890625 0.03125 0.0234375
0 0.75183083984375 0.78672055859375 0.77446056640625 0.76089461328125 0.76014109375 0.723721943359375 0.72847601171875 0.715475416015625 0.6637059765625 0.7195121328125 0.667064525390625 0.763317935546875 0.625220458984375 0.77612433984375 0.650251115234375 0.81179212109375 0.68424134765625 0.82853965234375 0.72248229296875 0.82889358984375 0.75183083984375 0.78672055859375
1 0.670703814453125 0.714568607421875 0.72004175 0.66974748828125 0.6935695 0.660908048828125 0.63895950390625 0.66845832421875 0.58583416015625 0.68391798046875 0.57539682421875 0.7109788359375 0.627896962890625 0.769280650390625 0.6619026953125 0.767603958984375 0.6678223515625 0.754346736328125 0.670703814453125 0.714568607421875
1 0.72436652734375 0.56917834375 0.7157789765625 0.5972093046875 0.69055886328125 0.605033431640625 0.649966931640625 0.60930524609375 0.631574142578125 0.58946268359375 0.612356357421875 0.59804506640625 0.60812975390625 0.631626673828125 0.646162298828125 0.65592964453125 0.726032021484375 0.669642857421875 0.76213038671875 0.64538897265625 0.794076208984375 0.586000794921875 0.76179969921875 0.563751705078125 0.72436652734375 0.56917834375
0 0.685689828125 0.491803849609375 0.621601837890625 0.502393611328125 0.61167598828125 0.5415485546875 0.629664076171875 0.5795562578125 0.656988880859375 0.60989557421875 0.69303385546875 0.601390697265625 0.72423390625 0.585232205078125 0.746710345703125 0.553943451171875 0.744524705078125 0.50111736328125 0.685689828125 0.491803849609375
1 0.5830078125 0.494140625 0.068359375 0.064453125
1 0.6103515625 0.419921875 0.046875 0.03125
1 0.66015625 0.431640625 0.0126953125 0.0126953125
1 0.589891974609375 0.41471483203125 0.554281029296875 0.38920278515625 0.49676373828125 0.39795696875 0.46578069921875 0.459705169921875 0.486541693359375 0.469915158203125 0.526067501953125 0.475509724609375 0.554220748046875 0.468082166015625 0.58512111328125 0.447693193359375 0.589891974609375 0.41471483203125
1 0.537567515625 0.51238529296875 0.524861869140625 0.52165359375 0.503477388671875 0.582436859375 0.501322751953125 0.63558201171875 0.571800595703125 0.63256965234375 0.6029110859375 0.620026765625 0.625387525390625 0.5789103828125 0.60862923046875 0.546186498046875 0.537567515625 0.51238529296875
0 0.46284412109375 0.513582744140625 0.423528439453125 0.508874318359375 0.35894097265625 0.504244689453125 0.353277943359375 0.517686630859375 0.354934701171875 0.573292853515625 0.359967482421875 0.57410766015625 0.412514123046875 0.6058407734375 0.454172177734375 0.57718719140625 0.503973419921875 0.558286314453125 0.4925181875 0.536715392578125 0.46284412109375 0.513582744140625
1 0.2978515625 0.521484375 0.087890625 0.068359375
1 0.55561928125 0.64144913671875 0.54991491796875 0.616668216796875 0.501631048828125 0.634759166015625 0.50021184765625 0.615021236328125 0.48972112109375 0.5797590625 0.471393779296875 0.57617575 0.439205109375 0.580468232421875 0.40459483984375 0.5999439375 0.3867979765625 0.578296802734375 0.35521212109375 0.546652818359375 0.332229318359375 0.55057327734375 0.31325266015625 0.595238095703125 0.278123966796875 0.596106150390625 0.186867904296875 0.573438533203125 0.14759355859375 0.581408626953125 0.105551421875 0.609723771484375 0.098124724609375 0.641624814453125 0.097105103515625 0.667667771484375 0.16512001171875 0.682313626953125 0.18230027734375 0.75190274609375 0.2952783984375 0.777391544921875 0.31080005859375 0.7864260390625 0.363453482421875 0.79703776171875 0.43001991015625 0.79718889453125 0.43809592578125 0.78076042578125 0.42897617578125 0.76341481640625 0.442866787109375 0.736749236328125 0.505725033203125 0.72868355078125 0.51344452734375 0.682552599609375 0.55561928125 0.64144913671875
1 0.3828125 0.4990234375 0.0185546875 0.009765625
1 0.3857421875 0.490234375 0.0126953125 0.0107421875
1 0.416015625 0.494140625 0.0185546875 0.009765625
1 0.4619140625 0.498046875 0.009765625 0.0078125
1 0.388671875 0.4453125 0.025390625 0.009765625
1 0.3623046875 0.408203125 0.0205078125 0.0126953125
1 0.3837890625 0.416015625 0.015625 0.0126953125
1 0.3994140625 0.419921875 0.015625 0.0107421875
1 0.4228515625 0.427734375 0.0126953125 0.009765625
1 0.419921875 0.416015625 0.025390625 0.009765625
1 0.412109375 0.388671875 0.015625 0.009765625
1 0.361328125 0.353515625 0.009765625 0.009765625
1 0.3466796875 0.345703125 0.0185546875 0.009765625
1 0.333984375 0.3291015625 0.0205078125 0.015625
1 0.5537109375 0.3291015625 0.0361328125 0.046875
1 0.5869140625 0.2998046875 0.0439453125 0.052734375
0 0.6708984375 0.3515625 0.1201171875 0.099609375
1 0.662109375 0.2734375 0.0908203125 0.046875
1 0.5126953125 0.28515625 0.021484375 0.0185546875
1 0.5576171875 0.240234375 0.0625 0.0595703125
1 0.5263671875 0.3466796875 0.0126953125 0.009765625
0 0.39012380078125 0.400314412109375 0.409975404296875 0.38170676171875 0.43883136328125 0.404800658203125 0.48026379296875 0.3654410546875 0.464876474609375 0.306709087890625 0.41974275390625 0.300440228515625 0.38503086328125 0.31632874609375 0.348088556640625 0.314389830078125 0.364061466796875 0.35008473828125 0.36033089453125 0.37191142578125 0.39012380078125 0.400314412109375
1 0.400390625 0.29296875 0.033203125 0.025390625
1 0.3818359375 0.314453125 0.015625 0.009765625
1 0.369140625 0.298828125 0.017578125 0.0107421875
1 0.330078125 0.29296875 0.0283203125 0.017578125
1 0.3525390625 0.2822265625 0.0126953125 0.0107421875
1 0.302734375 0.291015625 0.021484375 0.015625
1 0.37890625 0.24609375 0.0283203125 0.052734375
1 0.4365234375 0.2490234375 0.0966796875 0.0625
1 0.4306640625 0.212890625 0.0830078125 0.021484375
1 0.2734375 0.17578125 0.03125 0.0341796875
0 0.40601576171875 0.19544555078125 0.449266974609375 0.1806937734375 0.46663325390625 0.142237103515625 0.46471457421875 0.11735413671875 0.411830357421875 0.09972821484375 0.349266630859375 0.113866412109375 0.338965361328125 0.15140981640625 0.3330491484375 0.178478423828125 0.36682925390625 0.204849486328125 0.40601576171875 0.19544555078125
1 0.4990234375 0.134765625 0.0390625 0.029296875
1 0.54265873046875 0.121066623046875 0.50880283984375 0.15225978515625 0.5102427109375 0.160108455078125 0.53239707421875 0.18570059375 0.56635974609375 0.174454623046875 0.59163325390625 0.134198546875 0.580482873046875 0.122377748046875 0.54265873046875 0.121066623046875
1 0.564453125 0.0703125 0.056640625 0.041015625
1 0.5380859375 0.0439453125 0.015625 0.0107421875
1 0.72265625 0.2060546875 0.029296875 0.025390625
0 0.754643408203125 0.1488805703125 0.76325334765625 0.09972046484375 0.71625778515625 0.07909898046875 0.668232267578125 0.074872375 0.6044508515625 0.096631892578125 0.60440434765625 0.131337322265625 0.61224268359375 0.163011015625 0.629825974609375 0.20015655859375 0.686831734375 0.207779173828125 0.71398602734375 0.194771255859375 0.754643408203125 0.1488805703125
1 0.4150390625 0.0654296875 0.0263671875 0.025390625
1 0.505859375 0.0068359375 0.0576171875 0.013671875
1 0.357421875 0.0849609375 0.0263671875 0.0185546875
1 0.349609375 0.0546875 0.0283203125 0.017578125
1 0.357421875 0.037109375 0.0185546875 0.0126953125
1 0.359375 0.01171875 0.025390625 0.021484375
1 0.3720703125 0.0244140625 0.0126953125 0.0107421875
1 0.392578125 0.04296875 0.0283203125 0.0283203125
1 0.34375 0.2197265625 0.0126953125 0.0078125