0 0.0771484375 0.359375 0.15234375 0.146484375
0 0.2607421875 0.337890625 0.142578125 0.1875
0 0.509765625 0.3466796875 0.142578125 0.154296875
0 0.7314453125 0.357421875 0.130859375 0.17578125
0 0.9345703125 0.3662109375 0.130859375 0.166015625
1 0.865234375 0.390625 0.013671875 0.015625
0 0.9384765625 0.6630859375 0.12109375 0.203125
1 0.9521484375 0.53125 0.013671875 0.013671875
1 0.7041015625 0.5634765625 0.0546875 0.05859375
1 0.666015625 0.5517578125 0.01171875 0.017578125
1 0.634765625 0.5283203125 0.013671875 0.021484375
1 0.6611328125 0.5126953125 0.0078125 0.013671875
1 0.681640625 0.5234375 0.013671875 0.013671875
1 0.791015625 0.5205078125 0.013671875 0.015625
1 0.787109375 0.5458984375 0.013671875 0.013671875
1 0.8056640625 0.5732421875 0.013671875 0.021484375
1 0.8251953125 0.53125 0.0078125 0.013671875
1 0.859375 0.529296875 0.01171875 0.01171875
1 0.455078125 0.505859375 0.029296875 0.0390625
1 0.49609375 0.5126953125 0.009765625 0.015625
1 0.490234375 0.525390625 0.0078125 0.009765625
1 0.4970703125 0.5390625 0.009765625 0.009765625
1 0.5078125 0.5390625 0.01171875 0.013671875
1 0.521484375 0.521484375 0.01171875 0.015625
1 0.640625 0.43359375 0.005859375 0.013671875
1 0.130859375 0.6494140625 0.044921875 0.0546875
0 0.0546875 0.6142578125 0.109375 0.166015625
0 0.2607421875 0.6328125 0.138671875 0.1796875
0 0.4873046875 0.6455078125 0.140625 0.166015625
1 0.609375 0.6640625 0.029296875 0.03125
1 0.3759765625 0.5283203125 0.009765625 0.013671875
1 0.40625 0.5166015625 0.015625 0.015625
1 0.416015625 0.478515625 0.005859375 0.009765625
1 0.41796875 0.5078125 0.005859375 0.005859375
1 0.232421875 0.4892578125 0.009765625 0.009765625
1 0.5869140625 0.5107421875 0.087890625 0.146484375
0 0.724609375 0.66015625 0.107421875 0.10546875
1 0.72085442578125 0.750832060546875 0.7467339375 0.777668771484375 0.756110607421875 0.7849381484375 0.811424611328125 0.7752804140625 0.838010779296875 0.74786600390625 0.8326932734375 0.684278341796875 0.814367716796875 0.651079298828125 0.78315547265625 0.669812046875 0.777649294921875 0.70525995703125 0.76163122265625 0.725200177734375 0.733930419921875 0.73631316796875 0.7236465234375 0.74171658984375 0.72085442578125 0.750832060546875
1 0.70708773046875 0.785233140625 0.720648859375 0.755429521484375 0.7212211796875 0.722641306640625 0.721820576171875 0.70029248828125 0.692111296875 0.69923818359375 0.67996298046875 0.706130115234375 0.674108388671875 0.741184361328125 0.6738037734375 0.7586358203125 0.68558542578125 0.789181529296875 0.70708773046875 0.785233140625