0 0.0732421875 0.7236328125 0.107421875 0.150390625
1 0.025390625 0.5849609375 0.021484375 0.017578125
1 0.0576171875 0.607421875 0.052734375 0.076171875
1 0.068359375 0.52734375 0.015625 0.01953125
1 0.0908203125 0.529296875 0.0078125 0.013671875
0 0.0283203125 0.4208984375 0.056640625 0.103515625
1 0.2236328125 0.501953125 0.013671875 0.01171875
1 0.2197265625 0.4912109375 0.01171875 0.013671875
0 0.185999908203125 0.457012669921875 0.209518958984375 0.453114013671875 0.22761311328125 0.43320368359375 0.230312494140625 0.4456676796875 0.23826548828125 0.453229361328125 0.2493343203125 0.459731966796875 0.27200413671875 0.460965744140625 0.2796435859375 0.42830205078125 0.283730744140625 0.3702171796875 0.280661162109375 0.3343886875 0.2688483515625 0.319155478515625 0.235990447265625 0.30729481640625 0.20501079296875 0.30003558984375 0.18309284765625 0.300440478515625 0.153395787109375 0.315363677734375 0.144033087890625 0.3394464453125 0.144181232421875 0.38014966015625 0.168888103515625 0.461789900390625 0.185999908203125 0.457012669921875
1 0.2255859375 0.4462890625 0.017578125 0.02734375
1 0.291015625 0.3427734375 0.01171875 0.013671875
1 0.265625 0.48046875 0.01171875 0.017578125
1 0.2783203125 0.4716796875 0.01171875 0.017578125
1 0.275390625 0.544921875 0.01171875 0.013671875
1 0.2900390625 0.529296875 0.01171875 0.013671875
1 0.1640625 0.5615234375 0.013671875 0.01953125
0 0.2333984375 0.69921875 0.158203125 0.154296875
1 0.2998046875 0.4599609375 0.056640625 0.080078125
1 0.359375 0.4755859375 0.015625 0.01953125
1 0.2790679296875 0.49386948828125 0.30085662109375 0.536038671875 0.316444263671875 0.56428980078125 0.336679865234375 0.5553246328125 0.336542193359375 0.519491552734375 0.327223115234375 0.491660833984375 0.308548171875 0.48789823828125 0.289946912109375 0.484543064453125 0.279672431640625 0.487801998046875 0.2790679296875 0.49386948828125
1 0.334860244140625 0.459708203125 0.323093720703125 0.4752161171875 0.32957848046875 0.503975873046875 0.332755708984375 0.53652137109375 0.335145361328125 0.556104763671875 0.341041953125 0.564471009765625 0.3593920625 0.5748602578125 0.373365171875 0.5680113359375 0.38308352734375 0.540014947265625 0.36168182421875 0.498073361328125 0.3476299765625 0.46332784375 0.334860244140625 0.459708203125
1 0.376782369140625 0.475414626953125 0.3590161484375 0.488924224609375 0.371746373046875 0.51501706640625 0.391419734375 0.550619123046875 0.397335095703125 0.555495283203125 0.411442615234375 0.530651515625 0.408607021484375 0.49359649609375 0.395263666015625 0.47780684765625 0.376782369140625 0.475414626953125
1 0.3974609375 0.458984375 0.015625 0.01953125
1 0.3310546875 0.44140625 0.01171875 0.013671875
0 0.4576233125 0.3938983125 0.475428845703125 0.38603821875 0.481696873046875 0.371568005859375 0.46738111328125 0.318913787109375 0.454122037109375 0.301549701171875 0.4224547734375 0.27924283984375 0.406095423828125 0.2692787265625 0.37437643359375 0.2722965703125 0.34182985546875 0.304661330078125 0.316191673828125 0.329456982421875 0.304194220703125 0.3471227109375 0.307422826171875 0.360391255859375 0.336069587890625 0.3800624765625 0.347280595703125 0.399145212890625 0.3613646171875 0.431486357421875 0.372442052734375 0.43719552734375 0.411733119140625 0.437593841796875 0.42834195703125 0.4038933671875 0.4576233125 0.3938983125
1 0.462890625 0.3046875 0.0078125 0.0078125
1 0.482421875 0.3154296875 0.0078125 0.013671875
1 0.4951171875 0.3056640625 0.01171875 0.01171875
1 0.498046875 0.357421875 0.0078125 0.009765625
1 0.5124822890625 0.4123013984375 0.50838046875 0.394540779296875 0.500298662109375 0.379961712890625 0.4745723984375 0.390290205078125 0.454888763671875 0.41758908203125 0.426058296875 0.436487298828125 0.416191833984375 0.468577369140625 0.41659628515625 0.50481034765625 0.42603976171875 0.5141269921875 0.444479958984375 0.515989986328125 0.4652465390625 0.509741458984375 0.4965031015625 0.5044911640625 0.496926330078125 0.50361171484375 0.501654763671875 0.48308809375 0.507135693359375 0.462338142578125 0.510477908203125 0.438765419921875 0.5124822890625 0.4123013984375
1 0.548828125 0.4443359375 0.048828125 0.041015625
1 0.5693359375 0.5029296875 0.03515625 0.03515625
1 0.59616516796875 0.53198681640625 0.61010784375 0.502107484375 0.588620498046875 0.49726721484375 0.56943493359375 0.512515232421875 0.54233535546875 0.499799505859375 0.5232053359375 0.486670564453125 0.508864060546875 0.48775253125 0.490699837890625 0.510123419921875 0.465282322265625 0.51139317578125 0.454775828125 0.51497910546875 0.46299253515625 0.544500755859375 0.490415318359375 0.56727236328125 0.505109029296875 0.6144646171875 0.532056943359375 0.60994828515625 0.553736533203125 0.607640294921875 0.569932462890625 0.568873017578125 0.59616516796875 0.53198681640625
1 0.53515625 0.6044921875 0.017578125 0.021484375
1 0.5859375 0.59375 0.013671875 0.013671875
0 0.41018665625 0.664683720703125 0.4415272890625 0.695030865234375 0.485510638671875 0.71261479296875 0.503171427734375 0.679364818359375 0.52527308203125 0.62847683984375 0.52718156640625 0.6118502578125 0.5064401640625 0.61197657421875 0.499627939453125 0.595741126953125 0.486386001953125 0.565813720703125 0.469286533203125 0.56328944140625 0.445046537109375 0.557581755859375 0.411256529296875 0.55954012890625 0.4114910859375 0.560276064453125 0.4062135078125 0.576568232421875 0.40399346875 0.61278151953125 0.41018665625 0.664683720703125
0 0.6640625 0.6064453125 0.14453125 0.197265625
1 0.615234375 0.44140625 0.013671875 0.017578125
1 0.6240234375 0.4658203125 0.01171875 0.017578125
1 0.6435546875 0.4267578125 0.041015625 0.05078125
1 0.6669921875 0.37890625 0.03125 0.052734375
0 0.678634638671875 0.2474499140625 0.636060255859375 0.229918150390625 0.576528935546875 0.24065851953125 0.5604846953125 0.262715333984375 0.5488655625 0.303135294921875 0.561860990234375 0.337151626953125 0.58701550390625 0.3703990625 0.620740546875 0.40978934375 0.620590865234375 0.41036641796875 0.636465130859375 0.3865299453125 0.65934034765625 0.35611335546875 0.680893689453125 0.356200224609375 0.69524016015625 0.31756040625 0.697441193359375 0.282132708984375 0.678634638671875 0.2474499140625
1 0.736328125 0.4326171875 0.01171875 0.017578125
1 0.6826171875 0.443359375 0.0078125 0.0078125
1 0.6865234375 0.4326171875 0.005859375 0.0078125
1 0.7373046875 0.314453125 0.009765625 0.013671875
1 0.728515625 0.2353515625 0.01171875 0.01171875
1 0.767578125 0.3291015625 0.0390625 0.0390625
1 0.9228515625 0.2880859375 0.01171875 0.013671875
1 0.939453125 0.24609375 0.01171875 0.01171875
1 0.9384765625 0.2333984375 0.01171875 0.01171875
1 0.927734375 0.2041015625 0.009765625 0.013671875
0 0.9259635625 0.257119578125 0.92201540625 0.21672662109375 0.918719365234375 0.177875564453125 0.912043130859375 0.1606040703125 0.84920040625 0.1483305 0.817785943359375 0.15783742578125 0.791111548828125 0.18604551171875 0.77359808984375 0.208215677734375 0.764814466796875 0.235549982421875 0.76548267578125 0.2568911640625 0.778998296875 0.29051180078125 0.7920478515625 0.317015205078125 0.81404745703125 0.325076908203125 0.8430680078125 0.3315722421875 0.85543971875 0.329904359375 0.878403408203125 0.31630803125 0.895348076171875 0.303012642578125 0.911180712890625 0.27863075390625 0.9259635625 0.257119578125
1 0.966796875 0.3212890625 0.029296875 0.05078125
1 0.90234375 0.40234375 0.025390625 0.041015625
1 0.862551783203125 0.375180669921875 0.865077447265625 0.41061925390625 0.87963928515625 0.428315451171875 0.903115388671875 0.43739515625 0.905752419921875 0.426280431640625 0.895006591796875 0.4113678515625 0.890556076171875 0.3845400546875 0.906960265625 0.35749204296875 0.898623736328125 0.334740984375 0.881676251953125 0.335803078125 0.864921673828125 0.34695254296875 0.862551783203125 0.375180669921875
0 0.876953125 0.5400390625 0.162109375 0.173828125
1 0.98828125 0.5126953125 0.015625 0.015625