0 0.03515625 0.509765625 0.0703125 0.13671875
1 0.046875 0.45703125 0.017578125 0.021484375
1 0.091796875 0.5107421875 0.013671875 0.01953125
1 0.1435546875 0.5908203125 0.044921875 0.052734375
1 0.078221736328125 0.596960357421875 0.05124907421875 0.621438208984375 0.049516169921875 0.6324380859375 0.082105814453125 0.6527605625 0.1149984609375 0.665584861328125 0.143081103515625 0.659145322265625 0.15965328125 0.64196362109375 0.163513751953125 0.631077849609375 0.15290664453125 0.618903640625 0.12245047265625 0.599181494140625 0.077653623046875 0.596555287109375 0.078221736328125 0.596960357421875
0 0.08203125 0.7900390625 0.078125 0.1328125
0 0.244140625 0.7265625 0.15625 0.185546875
1 0.3779296875 0.728515625 0.013671875 0.015625
1 0.2314453125 0.583984375 0.037109375 0.044921875
0 0.1904296875 0.4580078125 0.14453125 0.154296875
1 0.2734375 0.576171875 0.013671875 0.013671875
1 0.40625 0.6005859375 0.021484375 0.021484375
1 0.5087890625 0.630859375 0.025390625 0.02734375
0 0.4844291875 0.740431080078125 0.4976423046875 0.717495205078125 0.495657466796875 0.684160333984375 0.483728857421875 0.65261822265625 0.465133228515625 0.63798747265625 0.44056033203125 0.625766505859375 0.427619884765625 0.624435900390625 0.386320392578125 0.633711029296875 0.3860936796875 0.67142122265625 0.376338857421875 0.68596038671875 0.3715114375 0.695962744140625 0.39998451171875 0.7373801953125 0.427945384765625 0.768006521484375 0.44691521484375 0.76543106640625 0.472666009765625 0.748989578125 0.4844291875 0.740431080078125
1 0.398855115234375 0.5934493125 0.400627666015625 0.563686494140625 0.39101660546875 0.550307181640625 0.379959458984375 0.5631270703125 0.353331744140625 0.579662947265625 0.3376606171875 0.596734927734375 0.33725262890625 0.595701275390625 0.326755361328125 0.631767755859375 0.3323266640625 0.65979429296875 0.35097007421875 0.6820966953125 0.3707201328125 0.688985916015625 0.380796919921875 0.684348744140625 0.38577860546875 0.665069626953125 0.38760109765625 0.644183185546875 0.392843142578125 0.618365515625 0.398855115234375 0.5934493125
1 0.310839390625 0.5268459296875 0.296447369140625 0.515894974609375 0.2877696953125 0.518322603515625 0.2924096015625 0.534909236328125 0.305561103515625 0.561418578125 0.31885637890625 0.57674958203125 0.33112430078125 0.584988654296875 0.35641921875 0.579660423828125 0.37154060546875 0.575315564453125 0.374776302734375 0.57096446484375 0.369270244140625 0.56114042578125 0.35062794921875 0.548055853515625 0.32698737890625 0.5354020703125 0.310839390625 0.5268459296875
1 0.3125 0.5205078125 0.017578125 0.0234375
1 0.318359375 0.583984375 0.01953125 0.01953125
1 0.372716328125 0.5610717890625 0.38336279296875 0.556673109375 0.40406909375 0.5709764140625 0.417697291015625 0.602000029296875 0.4366395703125 0.608887185546875 0.44341304296875 0.592996119140625 0.444207529296875 0.568939681640625 0.451852861328125 0.5499765 0.458487771484375 0.535870412109375 0.44612203125 0.51296578125 0.42298171484375 0.499940314453125 0.39651090234375 0.4804950078125 0.376605779296875 0.473745404296875 0.361692822265625 0.447324224609375 0.343601677734375 0.443547103515625 0.339632224609375 0.45568239453125 0.3392514375 0.48792033203125 0.323977521484375 0.52480189453125 0.326038935546875 0.535887052734375 0.34649055078125 0.549491248046875 0.372716328125 0.5610717890625
1 0.4775390625 0.5224609375 0.017578125 0.017578125
1 0.4169921875 0.3408203125 0.01953125 0.021484375
0 0.4462082109375 0.4079277890625 0.42394783984375 0.3836724609375 0.403341712890625 0.367603068359375 0.3839430546875 0.360488 0.368126353515625 0.364431546875 0.341554482421875 0.374734580078125 0.3321531953125 0.396648615234375 0.33059165625 0.423351873046875 0.33374523046875 0.440195708984375 0.358655296875 0.457927154296875 0.386199708984375 0.476646595703125 0.41410010546875 0.4832681171875 0.434592646484375 0.46164071875 0.44728974609375 0.4414614765625 0.450190962890625 0.4233037109375 0.4462082109375 0.4079277890625
1 0.5322265625 0.466796875 0.0703125 0.0546875
1 0.5322265625 0.5244140625 0.087890625 0.109375
1 0.60546875 0.712890625 0.025390625 0.025390625
1 0.703125 0.6083984375 0.017578125 0.0234375
0 0.696978197265625 0.68111367578125 0.69401720703125 0.6585527265625 0.672345732421875 0.624965080078125 0.662619798828125 0.59672565625 0.622717076171875 0.58900402734375 0.5846326015625 0.57750681640625 0.58311991796875 0.600355333984375 0.585001662109375 0.645279310546875 0.5946063984375 0.66576753515625 0.612835486328125 0.68549245703125 0.63319701171875 0.706883443359375 0.65353128515625 0.71992358203125 0.668209109375 0.7182054609375 0.67683883984375 0.7031624609375 0.696978197265625 0.68111367578125
1 0.557334568359375 0.5778191484375 0.5961818125 0.58419950390625 0.620978125 0.593966662109375 0.64690569921875 0.6106631640625 0.657272396484375 0.603039951171875 0.64552366015625 0.558721599609375 0.640300521484375 0.545986263671875 0.629728923828125 0.52678749609375 0.605677154296875 0.5326258515625 0.58582745703125 0.53705928125 0.557806759765625 0.557095419921875 0.550376076171875 0.569556294921875 0.557334568359375 0.5778191484375
1 0.6103515625 0.490234375 0.119140625 0.107421875
1 0.6875 0.576171875 0.033203125 0.037109375
1 0.68416433203125 0.521280873046875 0.66599519140625 0.520615572265625 0.6506220625 0.517877033203125 0.6398755390625 0.520393357421875 0.640884259765625 0.5222666015625 0.64092940234375 0.547980615234375 0.660810740234375 0.5859751953125 0.67028124609375 0.625669302734375 0.683724421875 0.632538998046875 0.68590627734375 0.614439443359375 0.682112154296875 0.57648766015625 0.693580015625 0.547677923828125 0.6934366015625 0.52593348046875 0.68416433203125 0.521280873046875
1 0.698507740234375 0.390664111328125 0.6699406953125 0.3914838828125 0.645530966796875 0.437963380859375 0.620440921875 0.475934904296875 0.621691404296875 0.490850470703125 0.642516365234375 0.506512732421875 0.681289767578125 0.52792605859375 0.70085462109375 0.54620119921875 0.748824482421875 0.566150990234375 0.760562439453125 0.553548095703125 0.76089441796875 0.516993625 0.745995072265625 0.457501916015625 0.7290213046875 0.415573533203125 0.698507740234375 0.390664111328125
1 0.69140625 0.287109375 0.01953125 0.025390625
1 0.7138671875 0.33203125 0.0390625 0.064453125
1 0.5537109375 0.3310546875 0.015625 0.015625
0 0.602445564453125 0.397003626953125 0.60006186328125 0.358611658203125 0.582881484375 0.3272358203125 0.563409322265625 0.314396982421875 0.55676134375 0.334715931640625 0.537898560546875 0.339678330078125 0.532168615234375 0.35616191015625 0.535501564453125 0.374304521484375 0.54239584375 0.3974053515625 0.559362783203125 0.41950602734375 0.581168505859375 0.429239126953125 0.593083490234375 0.427423951171875 0.600047845703125 0.41543812890625 0.602445564453125 0.397003626953125
0 0.828125 0.5888671875 0.1640625 0.193359375
0 0.725684529296875 0.315070013671875 0.72547941796875 0.342901275390625 0.72428285546875 0.364088287109375 0.731325822265625 0.39366296484375 0.7466007578125 0.414112009765625 0.75748445703125 0.41835973828125 0.75755869921875 0.418288419921875 0.790590759765625 0.38637597265625 0.803585357421875 0.3697072890625 0.80767781640625 0.363041126953125 0.80507877734375 0.353621447265625 0.794010634765625 0.326039732421875 0.77112426953125 0.29060694921875 0.74563296484375 0.284551208984375 0.726662826171875 0.290503345703125 0.725684529296875 0.315070013671875
1 0.765625 0.4619140625 0.03125 0.029296875
1 0.894198484375 0.50841387109375 0.892906359375 0.497498798828125 0.890425515625 0.47631229296875 0.895203875 0.44448139453125 0.8726723515625 0.407425599609375 0.842684587890625 0.37700487109375 0.815199501953125 0.335574064453125 0.803348822265625 0.32644816015625 0.798131283203125 0.332596505859375 0.8051751953125 0.364141923828125 0.79684401171875 0.398374544921875 0.77351429296875 0.411458609375 0.76550391796875 0.4302611953125 0.774371505859375 0.4644769140625 0.780934462890625 0.46588791796875 0.8092143984375 0.47518101953125 0.83482056640625 0.4909154765625 0.870851064453125 0.501523837890625 0.8893339140625 0.5106984375 0.894198484375 0.50841387109375
0 0.970703125 0.5400390625 0.05859375 0.111328125
1 0.994140625 0.4462890625 0.01171875 0.025390625
1 0.97265625 0.3681640625 0.025390625 0.037109375
1 0.87109375 0.232421875 0.064453125 0.109375
0 0.9489448203125 0.23383657421875 0.93895260546875 0.193759994140625 0.917056197265625 0.1863963515625 0.904743810546875 0.19124766796875 0.898104556640625 0.209910306640625 0.892019970703125 0.232320701171875 0.890767720703125 0.265847611328125 0.89041996875 0.29555494921875 0.8962615625 0.310588556640625 0.897609076171875 0.31020909375 0.924048119140625 0.30418090234375 0.9490998828125 0.300148076171875 0.962128984375 0.286715375 0.9489448203125 0.23383657421875
1 0.828125 0.2890625 0.017578125 0.021484375
1 0.7958984375 0.287109375 0.013671875 0.017578125
1 0.6484375 0.3583984375 0.009765625 0.01171875