0 0.9052734375 0.71875 0.162109375 0.18359375
1 0.736328125 0.595703125 0.0703125 0.0703125
0 0.66796875 0.7236328125 0.18359375 0.251953125
1 0.5478515625 0.640625 0.013671875 0.01953125
0 0.4423828125 0.6611328125 0.1484375 0.16796875
1 0.458984375 0.564453125 0.046875 0.046875
0 0.2216796875 0.6416015625 0.140625 0.19140625
1 0.05078125 0.6865234375 0.1015625 0.162109375
0 0.0302734375 0.57421875 0.060546875 0.1328125
1 0.0732421875 0.4189453125 0.146484375 0.205078125
1 0.158203125 0.3154296875 0.021484375 0.021484375
1 0.0927734375 0.2763671875 0.021484375 0.02734375
1 0.0869140625 0.3017578125 0.0234375 0.017578125
0 0.0537109375 0.2666015625 0.0703125 0.12890625
1 0.26953125 0.3330078125 0.013671875 0.017578125
0 0.4814453125 0.349609375 0.21484375 0.25
1 0.388671875 0.494140625 0.017578125 0.013671875
1 0.6103515625 0.5 0.01171875 0.013671875
1 0.6474609375 0.50390625 0.05078125 0.064453125
1 0.670164306640625 0.386736599609375 0.65992928125 0.372621568359375 0.647894677734375 0.366358037109375 0.631949048828125 0.375316724609375 0.6286040546875 0.39079411328125 0.628625384765625 0.402332787109375 0.632764181640625 0.411605798828125 0.63987009765625 0.4177535078125 0.646684837890625 0.420474751953125 0.653185509765625 0.420146748046875 0.656371705078125 0.4116863671875 0.663718837890625 0.39983253515625 0.67105934375 0.386018771484375 0.670164306640625 0.386736599609375
0 0.8059576796875 0.333749373046875 0.790163119140625 0.301210349609375 0.763402455078125 0.266191728515625 0.727600626953125 0.240797353515625 0.69145698828125 0.247515501953125 0.650916123046875 0.291985875 0.64567621484375 0.323510873046875 0.648023005859375 0.359377197265625 0.65893962890625 0.386861123046875 0.6599893046875 0.416480865234375 0.661866068359375 0.458496529296875 0.686409763671875 0.455955525390625 0.711472212890625 0.4546165546875 0.750460306640625 0.458756435546875 0.766067048828125 0.451625021484375 0.781815611328125 0.430576826171875 0.790329302734375 0.411151234375 0.79772058203125 0.36881418359375 0.8059576796875 0.333749373046875
1 0.9599609375 0.4716796875 0.01171875 0.013671875
0 0.9248046875 0.3955078125 0.150390625 0.166015625
1 0.8603515625 0.5498046875 0.009765625 0.013671875
1 0.8642578125 0.5283203125 0.01171875 0.01171875
0 0.252770802734375 0.387119984375 0.25937013671875 0.35525 0.267803693359375 0.321616615234375 0.291200544921875 0.32677299609375 0.304470037109375 0.311351552734375 0.30332553515625 0.26637173046875 0.27292925390625 0.24845546484375 0.2142150234375 0.267221474609375 0.1999879453125 0.2933672890625 0.20174271875 0.345757015625 0.21486924609375 0.367421494140625 0.249880810546875 0.38799544140625 0.252770802734375 0.387119984375