0 0.5361328125 0.982421875 0.107421875 0.03515625
1 0.4853515625 0.9560546875 0.02734375 0.025390625
1 0.4931640625 0.8857421875 0.01171875 0.01171875
1 0.501953125 0.8759765625 0.017578125 0.015625
0 0.5712890625 0.82421875 0.1953125 0.162109375
1 0.5634765625 0.7373046875 0.017578125 0.013671875
1 0.4501953125 0.638671875 0.021484375 0.01953125
0 0.623046875 0.6162109375 0.216796875 0.166015625
1 0.5771484375 0.5400390625 0.01171875 0.01171875
1 0.5009765625 0.4755859375 0.20703125 0.154296875
1 0.4521484375 0.5205078125 0.013671875 0.01171875
1 0.57421875 0.34375 0.0546875 0.064453125
0 0.66796875 0.4091796875 0.140625 0.146484375
1 0.541015625 0.263671875 0.01171875 0.01171875
1 0.5537109375 0.2578125 0.01171875 0.0078125
1 0.5419921875 0.2265625 0.01171875 0.013671875
0 0.7021484375 0.2001953125 0.150390625 0.134765625
1 0.533203125 0.1611328125 0.01953125 0.021484375
1 0.572265625 0.1298828125 0.158203125 0.134765625
1 0.5068359375 0.05859375 0.154296875 0.1171875
0 0.419921875 0.1328125 0.162109375 0.158203125
1 0.3388671875 0.0859375 0.03125 0.0234375
0 0.37109375 0.3310546875 0.1875 0.146484375
1 0.3642578125 0.271484375 0.013671875 0.01171875
0 0.3232421875 0.5615234375 0.177734375 0.13671875
1 0.2958984375 0.4990234375 0.0234375 0.013671875
1 0.3291015625 0.6005859375 0.01171875 0.01171875
1 0.4208984375 0.6044921875 0.02734375 0.021484375
1 0.4189453125 0.6357421875 0.0234375 0.013671875
1 0.4150390625 0.6708984375 0.013671875 0.01171875
1 0.3896484375 0.7451171875 0.01953125 0.013671875
0 0.263671875 0.77734375 0.171875 0.158203125
1 0.3779296875 0.8623046875 0.044921875 0.03125
1 0.3681640625 0.96875 0.015625 0.02734375
1 0.359375 0.9326171875 0.01171875 0.01171875
1 0.582691869140625 0.44008020703125 0.611220857421875 0.440152017578125 0.60499051953125 0.41549947265625 0.582055671875 0.395524599609375 0.6131049453125 0.382911208984375 0.609606240234375 0.367161361328125 0.58633669140625 0.3758090625 0.55964591796875 0.390740666015625 0.54913533984375 0.409053955078125 0.5585442265625 0.432721185546875 0.582691869140625 0.44008020703125