0 0.1015625 0.1923828125 0.138671875 0.1796875
1 0.0322265625 0.33203125 0.03125 0.0390625
1 0.25 0.2412109375 0.013671875 0.01953125
0 0.3125 0.2412109375 0.142578125 0.17578125
1 0.2001953125 0.33984375 0.03515625 0.052734375
1 0.12890625 0.34765625 0.11328125 0.068359375
0 0.595703125 0.2265625 0.08203125 0.111328125
0 0.275390625 0.5234375 0.123046875 0.154296875
0 0.0576171875 0.5185546875 0.107421875 0.154296875
1 0.1396484375 0.53515625 0.0859375 0.125
1 0.2021484375 0.6484375 0.017578125 0.0234375
1 0.3095703125 0.63671875 0.015625 0.017578125
1 0.4912109375 0.9892578125 0.029296875 0.021484375
1 0.4560546875 0.505859375 0.0234375 0.0234375
0 0.5390625 0.65234375 0.091796875 0.130859375
1 0.6015625 0.7724609375 0.03125 0.046875
1 0.5087890625 0.4892578125 0.017578125 0.01953125
1 0.546875 0.4755859375 0.048828125 0.072265625
1 0.5419921875 0.515625 0.01171875 0.01171875
1 0.64453125 0.4501953125 0.0703125 0.087890625
1 0.75 0.4189453125 0.0390625 0.044921875
1 0.8154296875 0.5166015625 0.04296875 0.048828125
1 0.7177734375 0.294921875 0.015625 0.01953125
1 0.7158203125 0.33203125 0.015625 0.01953125
1 0.828125 0.35546875 0.048828125 0.05859375
1 0.75390625 0.474609375 0.029296875 0.03125
1 0.75390625 0.60546875 0.017578125 0.01953125
1 0.73046875 0.6748046875 0.03125 0.03515625
1 0.6787109375 0.6953125 0.015625 0.01953125
1 0.6484375 0.615234375 0.01953125 0.02734375
1 0.7373046875 0.91015625 0.046875 0.05078125
1 0.1875 0.16796875 0.01171875 0.01953125
1 0.3603515625 0.384765625 0.015625 0.021484375