0 0.421875 0.3447265625 0.154296875 0.16796875
1 0.583984375 0.3408203125 0.03125 0.046875
0 0.66015625 0.3369140625 0.16796875 0.220703125
1 0.6201171875 0.4697265625 0.04296875 0.052734375
1 0.740234375 0.5078125 0.021484375 0.029296875
1 0.609375 0.619140625 0.068359375 0.078125
1 0.8671875 0.5654296875 0.017578125 0.0234375
0 0.8798828125 0.2705078125 0.208984375 0.220703125
1 0.9462890625 0.470703125 0.017578125 0.0234375
0 0.9326171875 0.6064453125 0.134765625 0.251953125
1 0.4326171875 0.5986328125 0.013671875 0.01953125
1 0.3671875 0.6435546875 0.009765625 0.013671875
0 0.2470703125 0.666015625 0.1796875 0.171875
1 0.1611328125 0.6826171875 0.009765625 0.013671875
0 0.0595703125 0.6865234375 0.1015625 0.193359375
1 0.1015625 0.6474609375 0.01171875 0.013671875
1 0.078125 0.896484375 0.029296875 0.037109375
1 0.931640625 0.427734375 0.13671875 0.15625
1 0.5283203125 0.505859375 0.01953125 0.025390625
1 0.673828125 0.4912109375 0.009765625 0.013671875
1 0.658203125 0.6201171875 0.01953125 0.017578125
0 0.664831748046875 0.559735744140625 0.649115947265625 0.57439472265625 0.664513212890625 0.60082941015625 0.66634898828125 0.6283558515625 0.648260544921875 0.63036384765625 0.63060244140625 0.653780119140625 0.63014465625 0.6546890859375 0.65537351171875 0.703869466796875 0.695851796875 0.734000431640625 0.7413413984375 0.740299525390625 0.75648404296875 0.72423425 0.760409884765625 0.657163904296875 0.764007419921875 0.6198858046875 0.75277637890625 0.58545265625 0.70126210546875 0.55712532421875 0.664831748046875 0.559735744140625
0 0.46598821875 0.569839193359375 0.44964806640625 0.584636140625 0.43632710546875 0.608295103515625 0.408827328125 0.596370736328125 0.384469453125 0.601685673828125 0.38336720703125 0.66243614453125 0.404896974609375 0.730849083984375 0.46499632421875 0.763258294921875 0.52716671484375 0.7426062421875 0.55426207421875 0.713985970703125 0.55405387109375 0.654022326171875 0.536960044921875 0.592369978515625 0.500772654296875 0.569380669921875 0.46598821875 0.569839193359375
0 0.2360586015625 0.411672677734375 0.252445392578125 0.409844482421875 0.24885847265625 0.36428671484375 0.22038643359375 0.297722990234375 0.15610115234375 0.28827785546875 0.111974607421875 0.31332908984375 0.1159802890625 0.3688996171875 0.13112654296875 0.431117873046875 0.173287328125 0.454931060546875 0.206666203125 0.452397951171875 0.211655087890625 0.413925978515625 0.2360586015625 0.411672677734375
1 0.27761687890625 0.411666822265625 0.2144775234375 0.41234074609375 0.213772267578125 0.4137547421875 0.2048188515625 0.466833626953125 0.196702283203125 0.52261032421875 0.20431118359375 0.555927197265625 0.26327180859375 0.586804146484375 0.2881320703125 0.5800854609375 0.32822317578125 0.55914728515625 0.34733505078125 0.4927337578125 0.33735644140625 0.425622408203125 0.31762683203125 0.414523544921875 0.27761687890625 0.411666822265625
0 0 0.467127205078125 0.038639099609375 0.457908673828125 0.055971228515625 0.436245298828125 0.050665330078125 0.424758787109375 0.0379515078125 0.414803859375 0.023165580078125 0.397344794921875 0.011369662109375 0.3793489765625 0.010332806640625 0.37951730859375 0 0.382463453125 0 0.467127205078125
1 0.0390625 0.40625 0.017578125 0.01953125