0 0.3505859375 0.134765625 0.1455078125 0.1376953125
0 0.3662109375 0.384765625 0.142578125 0.119140625
0 0.3876953125 0.595703125 0.1748046875 0.103515625
0 0.3427734375 0.8115234375 0.1904296875 0.1640625
0 0.3935546875 0.96484375 0.1376953125 0.0703125
1 0.5556640625 0.990234375 0.0234375 0.0185546875
1 0.5634765625 0.9560546875 0.0185546875 0.0126953125
0 0.6474609375 0.83984375 0.1748046875 0.1279296875
0 0.634765625 0.595703125 0.171875 0.1435546875
1 0.5322265625 0.5693359375 0.015625 0.0107421875
1 0.541015625 0.54296875 0.015625 0.009765625
0 0.662109375 0.3310546875 0.162109375 0.119140625
0 0.6640625 0.130859375 0.125 0.115234375
1 0.509765625 0.130859375 0.0126953125 0.009765625
1 0.4921875 0.3720703125 0.0185546875 0.0185546875
1 0.505859375 0.7080078125 0.0107421875 0.0126953125