0 0.0224609375 0.470703125 0.044921875 0.09375
1 0.1083984375 0.478515625 0.03125 0.029296875
1 0.041015625 0.5439453125 0.009765625 0.01171875
0 0.068359375 0.7587890625 0.052734375 0.078125
1 0.037604259765625 0.7122147265625 0.05765640625 0.72396186328125 0.095339326171875 0.698000619140625 0.099773404296875 0.6709991328125 0.090340234375 0.65414139453125 0.069197517578125 0.627318017578125 0.04952713671875 0.612020888671875 0.049623119140625 0.613280080078125 0.049140609375 0.61175576171875 0.04826634765625 0.611729697265625 0.0342788984375 0.63058601953125 0.026123197265625 0.666166703125 0.037604259765625 0.7122147265625
1 0.017578125 0.6201171875 0.0078125 0.01171875
1 0.0932932421875 0.5647649765625 0.0532119375 0.55731860546875 0.048675642578125 0.563058080078125 0.059417734375 0.61602216796875 0.06756894921875 0.6424896015625 0.0798364140625 0.65132071875 0.115117224609375 0.66409060546875 0.15805021875 0.643205650390625 0.149574048828125 0.62401907421875 0.122599236328125 0.60669180859375 0.10868862109375 0.5965363359375 0.113213328125 0.57316256640625 0.0932932421875 0.5647649765625
1 0.0703125 0.6162109375 0.021484375 0.0234375
1 0.108434064453125 0.590627322265625 0.11022046875 0.6007241953125 0.110763423828125 0.6027025234375 0.14574691796875 0.61654747265625 0.16357184765625 0.6278379375 0.198824654296875 0.638651587890625 0.206463181640625 0.6214541640625 0.189402701171875 0.58145953515625 0.207160125 0.573118107421875 0.2099384765625 0.5544016328125 0.201662361328125 0.54921555859375 0.16373162109375 0.55810670703125 0.143606552734375 0.56559434765625 0.108434064453125 0.590627322265625
1 0.1953125 0.5908203125 0.015625 0.015625
1 0.2216796875 0.615234375 0.015625 0.017578125
1 0.209163693359375 0.516234787109375 0.20954442578125 0.563054087890625 0.204931162109375 0.57901677734375 0.23140513671875 0.59198472265625 0.26249152734375 0.605228826171875 0.284599171875 0.62900347265625 0.29506640234375 0.637279744140625 0.298786560546875 0.621252564453125 0.294713048828125 0.592891763671875 0.287660189453125 0.565086033203125 0.261884455078125 0.53665383203125 0.24226459375 0.511797791015625 0.21853808984375 0.504280216796875 0.209163693359375 0.516234787109375
1 0.372117818359375 0.643901107421875 0.378630486328125 0.591398001953125 0.371610642578125 0.5756021796875 0.339305376953125 0.561614099609375 0.317136623046875 0.552262646484375 0.296496333984375 0.53704359375 0.2942941640625 0.540645166015625 0.29030657421875 0.563926439453125 0.29524910546875 0.60885454296875 0.292731091796875 0.627419130859375 0.291110845703125 0.658197720703125 0.287851880859375 0.69297307421875 0.29602718359375 0.698311296875 0.319291283203125 0.692076015625 0.372117818359375 0.643901107421875
1 0.32421875 0.5458984375 0.01171875 0.015625
1 0.37109375 0.552734375 0.017578125 0.0234375
0 0.217844267578125 0.43519946484375 0.20889180078125 0.40624515625 0.193936552734375 0.402896953125 0.16182526171875 0.404816125 0.13308208984375 0.413071896484375 0.10181130078125 0.436070384765625 0.107708955078125 0.446713333984375 0.12177262109375 0.48816478125 0.144793583984375 0.516005384765625 0.17110378515625 0.51257671875 0.20238196484375 0.539015734375 0.21519659765625 0.50105299609375 0.224138986328125 0.4740305625 0.224764572265625 0.44964502734375 0.217844267578125 0.43519946484375
1 0.23507334765625 0.40691858203125 0.222606892578125 0.452253900390625 0.21510307421875 0.47992135546875 0.224761181640625 0.498661373046875 0.2532006875 0.52874883203125 0.268635732421875 0.53581962109375 0.281764923828125 0.533716896484375 0.262624830078125 0.50543607421875 0.244172384765625 0.472275947265625 0.240042150390625 0.44986311328125 0.249359607421875 0.423144779296875 0.2475541484375 0.4087562265625 0.23507334765625 0.40691858203125
1 0.25 0.435546875 0.009765625 0.009765625
1 0.2470703125 0.462890625 0.01953125 0.021484375
1 0.26953125 0.4609375 0.0078125 0.01171875
1 0.2548828125 0.3798828125 0.013671875 0.015625
1 0.220703125 0.419921875 0.0078125 0.009765625
1 0.294921875 0.4765625 0.017578125 0.017578125
1 0.3037109375 0.4306640625 0.046875 0.056640625
1 0.369140625 0.5283203125 0.013671875 0.017578125
1 0.3837890625 0.52734375 0.009765625 0.013671875
1 0.4345703125 0.5322265625 0.01953125 0.03515625
1 0.44921875 0.5302734375 0.01171875 0.015625
1 0.440127353515625 0.616541591796875 0.457281677734375 0.634528119140625 0.466844173828125 0.632356537109375 0.473153474609375 0.611671779296875 0.463465775390625 0.588344498046875 0.440710212890625 0.553889525390625 0.43148533984375 0.52772982421875 0.424696255859375 0.503585951171875 0.428259220703125 0.465893525390625 0.41902439453125 0.4431408671875 0.4114831171875 0.4493824375 0.399825708984375 0.4545807578125 0.387641484375 0.4980288359375 0.380991435546875 0.529394666015625 0.380382935546875 0.56940159375 0.398863466796875 0.5884629140625 0.440127353515625 0.616541591796875
1 0.498046875 0.5244140625 0.01953125 0.0234375
1 0.4765625 0.462890625 0.01953125 0.021484375
1 0.458984375 0.4326171875 0.01171875 0.017578125
1 0.484375 0.416015625 0.056640625 0.076171875
0 0.375 0.3720703125 0.16015625 0.1875
1 0.5126953125 0.3330078125 0.01171875 0.013671875
1 0.5224609375 0.341796875 0.017578125 0.017578125
1 0.55078125 0.3623046875 0.017578125 0.021484375
1 0.5732421875 0.435546875 0.033203125 0.0390625
1 0.552734375 0.5087890625 0.01171875 0.0078125
1 0.525390625 0.50390625 0.009765625 0.013671875
1 0.55078125 0.5380859375 0.04296875 0.04296875
1 0.564453125 0.5029296875 0.009765625 0.013671875
1 0.5791015625 0.50390625 0.013671875 0.013671875
1 0.6015625 0.5263671875 0.009765625 0.013671875
1 0.6298828125 0.51171875 0.033203125 0.05859375
1 0.64453125 0.5185546875 0.017578125 0.021484375
1 0.65625 0.5126953125 0.013671875 0.017578125
0 0.6200381015625 0.6761618359375 0.64249309375 0.70964801171875 0.6709925546875 0.70967172265625 0.706717205078125 0.697742431640625 0.72231880078125 0.66493995703125 0.72500211328125 0.5730449140625 0.715714169921875 0.56184042578125 0.699418240234375 0.557699923828125 0.6700903203125 0.5591667265625 0.6462986328125 0.5339909453125 0.61020782421875 0.55876276953125 0.587012201171875 0.60158210546875 0.5992328984375 0.61603565234375 0.606171396484375 0.615591029296875 0.6209950703125 0.6307375234375 0.62456409375 0.655891337890625 0.6200381015625 0.6761618359375
1 0.609375 0.6259765625 0.013671875 0.015625
1 0.6162109375 0.6513671875 0.013671875 0.015625
1 0.671875 0.51171875 0.017578125 0.017578125
1 0.6767578125 0.482421875 0.015625 0.01953125
1 0.7021484375 0.462890625 0.017578125 0.025390625
1 0.682935681640625 0.429991017578125 0.645861880859375 0.389289908203125 0.6343809609375 0.387699982421875 0.62647808203125 0.39495809765625 0.615437154296875 0.419951021484375 0.621381869140625 0.454811796875 0.64357762109375 0.483632666015625 0.672253005859375 0.500878322265625 0.672893537109375 0.4811126953125 0.682365822265625 0.455139939453125 0.682935681640625 0.429991017578125
1 0.721930607421875 0.438852771484375 0.708678986328125 0.45832637890625 0.702779806640625 0.497861779296875 0.727296767578125 0.524933154296875 0.76210273046875 0.550296548828125 0.777260146484375 0.54786484765625 0.783696701171875 0.518616248046875 0.76564625 0.491985544921875 0.781579478515625 0.486543982421875 0.80593424609375 0.484961373046875 0.785512001953125 0.4614595703125 0.763069517578125 0.45390901953125 0.740429130859375 0.438716482421875 0.721930607421875 0.438852771484375
1 0.75390625 0.4609375 0.01953125 0.01953125
1 0.7734375 0.498046875 0.015625 0.021484375
1 0.79296875 0.513671875 0.033203125 0.041015625
1 0.7744140625 0.44140625 0.017578125 0.0234375
1 0.7998046875 0.4462890625 0.025390625 0.025390625
1 0.826171875 0.3896484375 0.01171875 0.01171875
1 0.88484677734375 0.4554826171875 0.903798322265625 0.475199640625 0.92266924609375 0.464691919921875 0.9156235703125 0.443505765625 0.892814443359375 0.40949628125 0.86671050390625 0.3749925703125 0.85817601953125 0.36889897265625 0.837697 0.375058365234375 0.8239735078125 0.430668138671875 0.812904748046875 0.45138399609375 0.78850225390625 0.4590752421875 0.803518232421875 0.472227140625 0.840701919921875 0.468645666015625 0.853670818359375 0.45337469140625 0.88484677734375 0.4554826171875
1 0.90625 0.416015625 0.041015625 0.05078125
1 0.9443359375 0.4150390625 0.029296875 0.03125
1 0.974609375 0.4384765625 0.05078125 0.072265625
1 0.9677734375 0.4013671875 0.009765625 0.013671875
1 0.939453125 0.546875 0.0234375 0.02734375
1 0.750217443359375 0.577775228515625 0.764079580078125 0.64145905078125 0.78232175 0.642877724609375 0.822032375 0.60251516015625 0.82870013671875 0.56883240625 0.85253291796875 0.55780546875 0.854604158203125 0.534163974609375 0.83339044921875 0.5420072578125 0.808789716796875 0.530775701171875 0.795487365234375 0.529783494140625 0.77756779296875 0.537129896484375 0.756755453125 0.554548365234375 0.750217443359375 0.577775228515625
0 0.927137748046875 0.49780981640625 0.88528518359375 0.4511859453125 0.862295365234375 0.460394306640625 0.855293181640625 0.487561166015625 0.8319252734375 0.489945599609375 0.814967603515625 0.501602638671875 0.833737337890625 0.537551166015625 0.857703740234375 0.539224203125 0.84072352734375 0.562377611328125 0.82654033984375 0.57889981640625 0.824908935546875 0.582631060546875 0.84968341796875 0.612977904296875 0.88340824609375 0.612970322265625 0.9153568359375 0.604771322265625 0.9379293515625 0.588581759765625 0.933861533203125 0.56251962109375 0.932338833984375 0.52486645703125 0.927137748046875 0.49780981640625
1 0.84765625 0.48046875 0.01953125 0.0234375
1 0.8984375 0.2509765625 0.029296875 0.02734375
0 0.827293453125 0.2676486796875 0.809172591796875 0.225971787109375 0.7841832265625 0.21380029296875 0.746518859375 0.206840611328125 0.715434880859375 0.2411493515625 0.728250130859375 0.293117470703125 0.747799126953125 0.339604501953125 0.789707091796875 0.350012421875 0.81010933203125 0.314740099609375 0.827044041015625 0.30137545703125 0.827293453125 0.2676486796875
1 0.8125 0.3369140625 0.01171875 0.009765625
1 0.853515625 0.30859375 0.009765625 0.013671875
0 0.6351647421875 0.3844230625 0.642577396484375 0.36117003125 0.652817046875 0.341946234375 0.64815923828125 0.320469830078125 0.649315861328125 0.3066280859375 0.610784591796875 0.22736430078125 0.611276556640625 0.228797578125 0.550341373046875 0.246904875 0.532856212890625 0.267061259765625 0.51556798828125 0.3020403828125 0.52368851953125 0.32154066796875 0.5606848125 0.36150315234375 0.588317177734375 0.40766048828125 0.617220021484375 0.408421654296875 0.6351647421875 0.3844230625
0 0.467142373046875 0.632091111328125 0.44887501171875 0.6219016796875 0.4206526796875 0.617119240234375 0.402198693359375 0.638938232421875 0.39830566796875 0.658645158203125 0.409992255859375 0.688881126953125 0.434038693359375 0.705687556640625 0.465395181640625 0.701044201171875 0.483360953125 0.6938436640625 0.492915453125 0.684079521484375 0.50949255859375 0.671361666015625 0.510015400390625 0.655155302734375 0.47726880859375 0.61171844140625 0.467142373046875 0.632091111328125
1 0.4951171875 0.6953125 0.025390625 0.025390625
0 0.198279568359375 0.779693771484375 0.2365697265625 0.77909947265625 0.280123154296875 0.749526466796875 0.275998228515625 0.704549826171875 0.252745298828125 0.668929798828125 0.22653802734375 0.66218620703125 0.166051068359375 0.6600680390625 0.177795427734375 0.692815693359375 0.1727519609375 0.696048810546875 0.16287421875 0.684295693359375 0.139890435546875 0.683143755859375 0.155393025390625 0.721134779296875 0.180739873046875 0.757247892578125 0.175931345703125 0.7732119140625 0.198279568359375 0.779693771484375
1 0.1650390625 0.68359375 0.01953125 0.025390625
1 0.151482251953125 0.71527959375 0.1349697421875 0.698915810546875 0.122351798828125 0.702014603515625 0.109072001953125 0.71364195703125 0.124820828125 0.74326892578125 0.1489912421875 0.75869255859375 0.1747014921875 0.76485927734375 0.182245341796875 0.757477654296875 0.18088010546875 0.747737306640625 0.17395270703125 0.740704583984375 0.150434162109375 0.71312044140625 0.151482251953125 0.71527959375
1 0.1533203125 0.7724609375 0.037109375 0.02734375