1 0.912109375 0.5419921875 0.025390625 0.03515625
1 0.958984375 0.6318359375 0.037109375 0.03125
1 0.9248046875 0.611328125 0.05078125 0.0390625
1 0.9423828125 0.572265625 0.041015625 0.05078125
1 0.77734375 0.6162109375 0.05859375 0.05859375
1 0.8271484375 0.59765625 0.01171875 0.013671875
1 0.95703125 0.75 0.029296875 0.048828125
1 0.8220186328125 0.6462286796875 0.83632938671875 0.649747869140625 0.857666109375 0.634583544921875 0.857506662109375 0.61686758984375 0.84144690234375 0.5903697890625 0.829570287109375 0.605213765625 0.820355044921875 0.617131673828125 0.81866926171875 0.62947997265625 0.8220186328125 0.6462286796875
1 0.94211042578125 0.758167029296875 0.9424827265625 0.726010865234375 0.9357228515625 0.666509140625 0.934176744140625 0.645425490234375 0.9244712265625 0.64074702734375 0.874398115234375 0.63818211328125 0.84709036328125 0.64273106640625 0.85026196875 0.675502166015625 0.87801179296875 0.708096595703125 0.883511759765625 0.734795123046875 0.91048319921875 0.723478662109375 0.92187231640625 0.748422798828125 0.94211042578125 0.758167029296875
0 0.831499208984375 0.66292811328125 0.8157625625 0.71013414453125 0.792202001953125 0.7411704609375 0.773556998046875 0.7855209921875 0.785640384765625 0.834453568359375 0.829601693359375 0.8638920234375 0.86460694921875 0.863778154296875 0.8995210234375 0.834572255859375 0.910266283203125 0.779761931640625 0.9159427578125 0.72430369140625 0.8813795 0.725728150390625 0.867664861328125 0.69283491796875 0.844724857421875 0.670235427734375 0.831499208984375 0.66292811328125
1 0.7568359375 0.7451171875 0.017578125 0.017578125
0 0.681640625 0.751953125 0.154296875 0.197265625
1 0.62890625 0.63671875 0.013671875 0.017578125
1 0.58203125 0.63671875 0.06640625 0.09375
1 0.58203125 0.5654296875 0.015625 0.0234375
1 0.5537109375 0.5634765625 0.009765625 0.013671875
1 0.5478515625 0.7001953125 0.015625 0.0234375
0 0.79996743359375 0.519209802734375 0.82300643359375 0.543203033203125 0.83168250390625 0.581897455078125 0.8480050234375 0.5800206484375 0.8650653828125 0.5639246484375 0.870224076171875 0.53679602734375 0.88354135546875 0.498306537109375 0.894429669921875 0.467663783203125 0.8676737109375 0.470547958984375 0.841182693359375 0.471343888671875 0.818373041015625 0.471283490234375 0.792841658203125 0.485623048828125 0.78776709765625 0.50925030859375 0.79996743359375 0.519209802734375
1 0.815092662109375 0.34045091796875 0.798921693359375 0.3691537578125 0.7816270625 0.396888556640625 0.76201764453125 0.4496074765625 0.738598955078125 0.470105189453125 0.717195611328125 0.493563892578125 0.715665984375 0.509962779296875 0.73118994140625 0.50733125 0.756271525390625 0.502845998046875 0.7762586875 0.49330351953125 0.797406048828125 0.47921033984375 0.816777185546875 0.469060283203125 0.8374621484375 0.467276958984375 0.8669649296875 0.4686698671875 0.892814599609375 0.46709398046875 0.91074608203125 0.459924318359375 0.915319125 0.42870805078125 0.889929265625 0.39035551953125 0.849110498046875 0.34472406640625 0.815092662109375 0.34045091796875
1 0.80064591015625 0.583573373046875 0.817834455078125 0.563316580078125 0.81934825390625 0.5424642890625 0.802939759765625 0.522081447265625 0.7903428359375 0.503275125 0.7713561640625 0.499338560546875 0.74476484765625 0.5140933828125 0.73310507421875 0.538879244140625 0.741876064453125 0.58013076171875 0.7577920859375 0.607746259765625 0.769920271484375 0.61603735546875 0.78418559375 0.6087719609375 0.80064591015625 0.583573373046875
1 0.713046091796875 0.507909416015625 0.69785373828125 0.529627353515625 0.689127953125 0.55136358984375 0.692920228515625 0.557881462890625 0.707101267578125 0.5611930546875 0.717610771484375 0.569813744140625 0.724474841796875 0.56730919140625 0.725732599609375 0.554092908203125 0.72289945703125 0.53014501953125 0.714107580078125 0.508690427734375 0.713046091796875 0.507909416015625
0 0.705751150390625 0.43323709765625 0.682482462890625 0.432997796875 0.66530697265625 0.408618697265625 0.6500782890625 0.4051633203125 0.634379638671875 0.422442302734375 0.613628298828125 0.46039155078125 0.600353357421875 0.4826477578125 0.58504653515625 0.49083546484375 0.60278515625 0.492699869140625 0.60939965625 0.509678609375 0.61909123046875 0.54411288671875 0.628134564453125 0.54057796484375 0.647102673828125 0.536723046875 0.666475962890625 0.535923888671875 0.66698112109375 0.518843513671875 0.6792730625 0.51874268359375 0.697947353515625 0.509378751953125 0.70035229296875 0.496762564453125 0.692431708984375 0.4622315625 0.705751150390625 0.43323709765625
1 0.658047806640625 0.393035009765625 0.672453388671875 0.4220744453125 0.692579806640625 0.432621853515625 0.702294474609375 0.438654984375 0.6943088984375 0.459029107421875 0.692758072265625 0.481973392578125 0.707064478515625 0.507688857421875 0.72176206640625 0.520455248046875 0.735759259765625 0.53684815625 0.73999408203125 0.5152608515625 0.71461822265625 0.506648212890625 0.72671598046875 0.482501052734375 0.75057030859375 0.458435205078125 0.765011087890625 0.4376107890625 0.739545474609375 0.368971740234375 0.6934294453125 0.3694439375 0.66587859375 0.382457296875 0.658047806640625 0.393035009765625
1 0.711475453125 0.62530390234375 0.719388060546875 0.56837879296875 0.70478337890625 0.557525435546875 0.672733431640625 0.573590943359375 0.659318326171875 0.594278013671875 0.662885982421875 0.618215548828125 0.6821607890625 0.628099640625 0.711475453125 0.62530390234375
1 0.625278546875 0.57083651171875 0.62991136328125 0.5882440859375 0.635918359375 0.6045245546875 0.659009697265625 0.605845689453125 0.66195169140625 0.583688779296875 0.673537796875 0.554500009765625 0.674544599609375 0.553850177734375 0.637643748046875 0.550373140625 0.625278546875 0.57083651171875
1 0.623046875 0.55859375 0.021484375 0.029296875
1 0.603515625 0.458984375 0.013671875 0.017578125
1 0.5458984375 0.431640625 0.046875 0.060546875
1 0.4814453125 0.5693359375 0.01171875 0.01953125
0 0.375849388671875 0.701543890625 0.372785802734375 0.7239830078125 0.391738498046875 0.7577891171875 0.427167955078125 0.786588111328125 0.453007451171875 0.791222037109375 0.49080941796875 0.7662582109375 0.51986875390625 0.7294731171875 0.5241233828125 0.711340181640625 0.496154541015625 0.650168298828125 0.459053517578125 0.62569115234375 0.437088671875 0.60890396484375 0.425185546875 0.62425969921875 0.41607783203125 0.63373203515625 0.4032959921875 0.63221754296875 0.384761556640625 0.67386285546875 0.375849388671875 0.701543890625
1 0.5126953125 0.4658203125 0.01171875 0.015625
1 0.4746445 0.521874142578125 0.4933877421875 0.525829572265625 0.50545351953125 0.506773294921875 0.51152294140625 0.484147685546875 0.50498480859375 0.465548482421875 0.497795109375 0.4528505703125 0.48966736328125 0.458698837890625 0.483379556640625 0.484632552734375 0.4746445 0.521874142578125
0 0.527375359375 0.40743765234375 0.482879146484375 0.357175380859375 0.46534546875 0.344979701171875 0.43122489453125 0.377948923828125 0.411907224609375 0.4077555546875 0.402523369140625 0.437617595703125 0.428678287109375 0.474688751953125 0.4496035703125 0.4987426875 0.48073266015625 0.48397989453125 0.495534224609375 0.45877129296875 0.51077412109375 0.455257275390625 0.527375359375 0.40743765234375
1 0.46002758984375 0.5707199375 0.4690782890625 0.511232626953125 0.46210419140625 0.507507998046875 0.4435733515625 0.484816978515625 0.422959591796875 0.49473675390625 0.412399728515625 0.50877894140625 0.414506861328125 0.522371787109375 0.41176719921875 0.555060376953125 0.429084041015625 0.5755090546875 0.446880138671875 0.582593625 0.46002758984375 0.5707199375
1 0.352083234375 0.50479796875 0.3320823125 0.495055767578125 0.325058634765625 0.523300318359375 0.3331687265625 0.529932576171875 0.34899525 0.521010166015625 0.352083234375 0.50479796875
1 0.421281962890625 0.48670758984375 0.39935703515625 0.480305701171875 0.37090894140625 0.49819373046875 0.356681197265625 0.515462986328125 0.3446135859375 0.524973087890625 0.332698787109375 0.5292999453125 0.314352728515625 0.525141111328125 0.303461205078125 0.52934383984375 0.308067841796875 0.5562757890625 0.325905744140625 0.567460888671875 0.33467237109375 0.587435201171875 0.34068388671875 0.616292810546875 0.349773625 0.625724666015625 0.362632732421875 0.606598216796875 0.36069269921875 0.582236390625 0.36307199609375 0.566740375 0.373054197265625 0.56262526171875 0.383111404296875 0.5640729375 0.386738189453125 0.540389150390625 0.40741883203125 0.504890693359375 0.421281962890625 0.48670758984375
1 0.42402934375 0.6330591640625 0.4292723984375 0.613230564453125 0.41990023046875 0.571374375 0.41508860546875 0.53896295703125 0.3900484296875 0.535460984375 0.3825227109375 0.541060029296875 0.386478125 0.5499953515625 0.377411947265625 0.562090560546875 0.364859646484375 0.575827703125 0.380489626953125 0.6093653984375 0.411206015625 0.634255806640625 0.42402934375 0.6330591640625
1 0.2811428359375 0.514382357421875 0.28128201171875 0.470718765625 0.2489004296875 0.49083343359375 0.239341224609375 0.505283861328125 0.244329626953125 0.539089119140625 0.255319380859375 0.55437660546875 0.269463265625 0.542019021484375 0.2811428359375 0.514382357421875
1 0.22177826171875 0.550700431640625 0.237354978515625 0.550383154296875 0.241484416015625 0.534498626953125 0.24885621875 0.514350939453125 0.247703447265625 0.50382712109375 0.2168461484375 0.50028890234375 0.208818359375 0.50326380859375 0.210829419921875 0.534398935546875 0.22177826171875 0.550700431640625
0 0.249100841796875 0.5870618828125 0.238064935546875 0.561765595703125 0.218626181640625 0.54800116015625 0.2128952421875 0.561408654296875 0.1951129375 0.61341041015625 0.195246595703125 0.647855724609375 0.17503805859375 0.66644408984375 0.173275798828125 0.68106746484375 0.18127945703125 0.69833364453125 0.207075154296875 0.722300080078125 0.23685360546875 0.7371889765625 0.276236962890625 0.734741646484375 0.300667771484375 0.71085223046875 0.312405298828125 0.664959427734375 0.31643736328125 0.6129483359375 0.30321376953125 0.5949813125 0.269628119140625 0.584222126953125 0.249100841796875 0.5870618828125
1 0.1865234375 0.6416015625 0.01171875 0.013671875
1 0.1484375 0.494140625 0.0625 0.0390625
1 0.11677205859375 0.543896015625 0.163952275390625 0.53046331640625 0.1663755 0.515097189453125 0.12959662109375 0.505509642578125 0.116585560546875 0.504051876953125 0.132815072265625 0.46729491796875 0.131901587890625 0.43777971875 0.10401485546875 0.451105294921875 0.07366316015625 0.457183708984375 0.056993923828125 0.4638394921875 0.0519973828125 0.501603326171875 0.042038353515625 0.52188587109375 0.051439443359375 0.536534943359375 0.11677205859375 0.543896015625
0 0 0.647203712890625 0.00853658203125 0.671170443359375 0.03111434375 0.681289890625 0.06531499609375 0.6754422578125 0.09197700390625 0.653632701171875 0.114320412109375 0.5964894296875 0.091514384765625 0.558159279296875 0.052034189453125 0.536143525390625 0.017698833984375 0.57619275 0 0.592748591796875 0 0.647203712890625
0 0.080078125 0.3505859375 0.1484375 0.171875
0 0.21022912890625 0.416201388671875 0.21485866015625 0.452344578125 0.240486373046875 0.47633295703125 0.270956986328125 0.483725166015625 0.28858002734375 0.49336264453125 0.31957707421875 0.467666619140625 0.3334966171875 0.451026740234375 0.332434119140625 0.413160013671875 0.29716134765625 0.32164771484375 0.272748955078125 0.321753720703125 0.254375265625 0.326619787109375 0.244846818359375 0.333505359375 0.23522337890625 0.35532585546875 0.221847791015625 0.382802447265625 0.21022912890625 0.416201388671875
1 0.3447265625 0.435546875 0.01953125 0.013671875