1 0.9765625 0.6181640625 0.0263671875 0.021484375
1 0.958984375 0.609375 0.005859375 0.0078125
1 0.9501953125 0.6005859375 0.0126953125 0.009765625
1 0.96875 0.490234375 0.0625 0.068359375
1 0.8896484375 0.439453125 0.0283203125 0.0498046875
1 0.888671875 0.48046875 0.0263671875 0.0185546875
0 0.903935185546875 0.654706791015625 0.916159169921875 0.64788291015625 0.95027782421875 0.6015474296875 0.96565076953125 0.583141939453125 0.9494945390625 0.536420658203125 0.9319966640625 0.4866039140625 0.91314019140625 0.48337733984375 0.88114420703125 0.48921109375 0.85414858203125 0.494502314453125 0.84304018359375 0.514538423828125 0.830188892578125 0.56823127734375 0.833398888671875 0.60294596484375 0.861618607421875 0.629163955078125 0.903935185546875 0.654706791015625
0 0.8876953125 0.291015625 0.126953125 0.15625
1 0.818359375 0.361328125 0.017578125 0.03125
1 0.8095703125 0.298828125 0.009765625 0.009765625
1 0.9404296875 0.412109375 0.015625 0.0126953125
1 0.7431640625 0.587890625 0.0107421875 0.009765625
1 0.744140625 0.646484375 0.0078125 0.0107421875
1 0.623046875 0.5673828125 0.046875 0.046875
0 0.634881529296875 0.569883953125 0.64196818359375 0.5881196953125 0.6477272734375 0.631313130859375 0.67275620703125 0.644839234375 0.694823396484375 0.64287733984375 0.723269478515625 0.618730708984375 0.7402984921875 0.562074740234375 0.736312505859375 0.532721966796875 0.7065125546875 0.497276365234375 0.6836537578125 0.485279224609375 0.649225818359375 0.471213875 0.63867433984375 0.47824380859375 0.61626519140625 0.49962296484375 0.607937283203125 0.53103846484375 0.6164435703125 0.54501065234375 0.634881529296875 0.569883953125
1 0.58203125 0.478515625 0.0078125 0.015625
1 0.6376953125 0.40625 0.052734375 0.103515625
0 0.6641414140625 0.410493826171875 0.67511869921875 0.39930665234375 0.71039907421875 0.36032016796875 0.730439158203125 0.34140159765625 0.728024056640625 0.286063056640625 0.71703855078125 0.25506185546875 0.69378189453125 0.228371337890625 0.65468980078125 0.238672533203125 0.631802234375 0.251088357421875 0.618160775390625 0.28986479296875 0.62402508203125 0.327258041015625 0.63970515625 0.35522871875 0.65657058984375 0.377460587890625 0.6641414140625 0.410493826171875
1 0.599609375 0.4482421875 0.009765625 0.013671875
1 0.578125 0.447265625 0.009765625 0.015625
1 0.5341796875 0.482421875 0.013671875 0.021484375
1 0.5341796875 0.5751953125 0.005859375 0.0126953125
1 0.5162258984375 0.46364688671875 0.49193349609375 0.4645171328125 0.472435126953125 0.470938771484375 0.4624286484375 0.48074166015625 0.471752025390625 0.49270373046875 0.49400663671875 0.49567944921875 0.51517453125 0.50072666796875 0.52975638671875 0.50953436328125 0.5346457734375 0.50289790234375 0.531050248046875 0.482933720703125 0.5162258984375 0.46364688671875
1 0.49190801171875 0.50610598046875 0.50526094140625 0.53170594921875 0.5129920625 0.517582509765625 0.511729435546875 0.48665255078125 0.50365964453125 0.479143650390625 0.48416620703125 0.48451200390625 0.478582208984375 0.500282775390625 0.49190801171875 0.50610598046875
1 0.44921875 0.5087890625 0.0126953125 0.021484375
1 0.4365234375 0.505859375 0.015625 0.037109375
1 0.4091796875 0.533203125 0.056640625 0.078125
0 0.445203169921875 0.640674322265625 0.48737373828125 0.64870931640625 0.51941616796875 0.62226321484375 0.539660111328125 0.59357463671875 0.53426353515625 0.578349685546875 0.522531630859375 0.54321097265625 0.49763175390625 0.513820935546875 0.4761194296875 0.50209780078125 0.45639007421875 0.51965400390625 0.43473389453125 0.5435134765625 0.41953716796875 0.55997584375 0.4035529453125 0.57237961328125 0.401499533203125 0.59981762109375 0.41572462890625 0.62414509765625 0.445203169921875 0.640674322265625
1 0.5615234375 0.6142578125 0.009765625 0.009765625
1 0.5009765625 0.6552734375 0.0078125 0.0107421875
1 0.3583984375 0.5126953125 0.0126953125 0.0126953125
1 0.392578125 0.4462890625 0.013671875 0.015625
1 0.388671875 0.4287109375 0.0107421875 0.0234375
1 0.412109375 0.4326171875 0.0107421875 0.0126953125
1 0.470703125 0.4013671875 0.1015625 0.099609375
0 0.4755859375 0.2744140625 0.140625 0.1611328125
1 0.3662109375 0.3447265625 0.0234375 0.0263671875
1 0.2958984375 0.36328125 0.0517578125 0.0908203125
0 0.271484375 0.255859375 0.1171875 0.1455078125
1 0.3486328125 0.4453125 0.0107421875 0.0283203125
1 0.3203125 0.4462890625 0.0078125 0.005859375
1 0.333984375 0.4423828125 0.005859375 0.0107421875
1 0.318359375 0.478515625 0.0126953125 0.0078125
1 0.283203125 0.484375 0.009765625 0.0107421875
1 0.31640625 0.521484375 0.015625 0.025390625
1 0.3037109375 0.521484375 0.0185546875 0.029296875
1 0.3056640625 0.564453125 0.0341796875 0.046875
0 0.28033591015625 0.629634013671875 0.292680220703125 0.583826546875 0.297889375 0.547795666015625 0.292675287109375 0.523704931640625 0.26587818359375 0.50522696484375 0.2461200546875 0.4991845546875 0.2103818125 0.51795516015625 0.187474517578125 0.52879598828125 0.164254853515625 0.57280048828125 0.164337056640625 0.60645079296875 0.19194220703125 0.63096678515625 0.235452671875 0.65149651953125 0.2614146015625 0.654132470703125 0.28033591015625 0.629634013671875
1 0.200968013671875 0.51739618359375 0.213803892578125 0.51137130859375 0.26045858984375 0.486328125 0.29195683984375 0.4641335234375 0.287010732421875 0.433232060546875 0.25853916796875 0.3934154921875 0.214088310546875 0.358373228515625 0.1773924140625 0.36292284765625 0.15635686328125 0.393681826171875 0.1416319765625 0.429194287109375 0.144629892578125 0.4654410859375 0.159978693359375 0.4903658984375 0.17831472265625 0.506472056640625 0.200968013671875 0.51739618359375
1 0.15234375 0.3671875 0.0283203125 0.0390625
1 0.095703125 0.4111328125 0.013671875 0.015625
0 0.0498046875 0.283203125 0.099609375 0.1533203125
1 0.02734375 0.458984375 0.0419921875 0.021484375
1 0.009765625 0.439453125 0.0126953125 0.017578125
1 0.1259765625 0.451171875 0.0126953125 0.0185546875
0 0.060546875 0.58203125 0.12109375 0.140625
1 0.2724609375 0.708984375 0.0234375 0.0283203125