0 0.859375 0.353515625 0.109375 0.1484375
1 0.9375 0.484375 0.0810546875 0.166015625
1 0.8515625 0.494140625 0.0283203125 0.0341796875
1 0.8681640625 0.5087890625 0.0126953125 0.009765625
1 0.796875 0.478515625 0.0126953125 0.013671875
1 0.958984375 0.6357421875 0.0126953125 0.021484375
0 0.8564453125 0.67578125 0.1142578125 0.1123046875
1 0.724609375 0.580078125 0.078125 0.109375
1 0.7412109375 0.513671875 0.0126953125 0.013671875
1 0.68359375 0.5146484375 0.0107421875 0.0078125
1 0.650390625 0.4853515625 0.017578125 0.0185546875
1 0.6689453125 0.423828125 0.046875 0.037109375
1 0.5693359375 0.5361328125 0.0185546875 0.025390625
0 0.6995042265625 0.715167548828125 0.71699838671875 0.68873319140625 0.72239919140625 0.66671661328125 0.70574854296875 0.62809330859375 0.676073185546875 0.60158661328125 0.653736255859375 0.59052234765625 0.617649947265625 0.54902102734375 0.6021825390625 0.541887125 0.575905775390625 0.57563623046875 0.56091373046875 0.60552903125 0.5657900859375 0.64608134765625 0.57742874609375 0.70747561328125 0.583848740234375 0.725761615234375 0.617266296875 0.736712205078125 0.664486193359375 0.73232198046875 0.6995042265625 0.715167548828125
1 0.4775390625 0.5888671875 0.044921875 0.0654296875
1 0.5029296875 0.646484375 0.0126953125 0.0185546875
1 0.482421875 0.5361328125 0.0126953125 0.0185546875
1 0.5283203125 0.4931640625 0.013671875 0.017578125
1 0.517578125 0.51953125 0.017578125 0.009765625
1 0.47265625 0.4677734375 0.0185546875 0.029296875
1 0.455078125 0.48046875 0.013671875 0.021484375
1 0.447265625 0.533203125 0.005859375 0.0126953125
1 0.435546875 0.533203125 0.009765625 0.0126953125
1 0.427734375 0.5244140625 0.009765625 0.015625
1 0.42578125 0.5576171875 0.009765625 0.0185546875
1 0.6015625 0.291015625 0.017578125 0.0283203125
1 0.740234375 0.349609375 0.0205078125 0.025390625
0 0.649337849609375 0.412657076171875 0.66727637109375 0.381803212890625 0.68033595703125 0.32667307421875 0.66699735546875 0.28924162109375 0.63679237890625 0.286062197265625 0.606791501953125 0.3047064453125 0.57595615234375 0.33045187109375 0.55152271484375 0.3645919453125 0.556588955078125 0.39671172265625 0.582436859375 0.42776193359375 0.606866423828125 0.42586908984375 0.649337849609375 0.412657076171875
0 0.4052734375 0.3525390625 0.1064453125 0.125
1 0.39453125 0.48828125 0.0107421875 0.017578125
1 0.373046875 0.4931640625 0.0185546875 0.015625
1 0.265625 0.4833984375 0.025390625 0.0439453125
1 0.236328125 0.4921875 0.0185546875 0.025390625
1 0.25231610546875 0.572542919921875 0.2845065 0.58555686328125 0.34469426953125 0.59291122265625 0.36826740234375 0.588984306640625 0.394932984375 0.538979828125 0.379545666015625 0.50964333984375 0.363987837890625 0.499138833984375 0.387341373046875 0.4532335078125 0.383643095703125 0.411230986328125 0.3829365078125 0.410493826171875 0.35217349609375 0.435088734375 0.33593491796875 0.46333498828125 0.318146236328125 0.47421840625 0.303559802734375 0.4844800625 0.29245592578125 0.502276923828125 0.27588278125 0.52674093359375 0.25874901953125 0.548738564453125 0.25231610546875 0.572542919921875
1 0.294921875 0.490234375 0.0107421875 0.0185546875
1 0.2841796875 0.5283203125 0.009765625 0.0107421875
1 0.25 0.705078125 0.0283203125 0.0341796875
0 0.4150390625 0.6767578125 0.119140625 0.138671875
1 0.3359375 0.6513671875 0.009765625 0.0126953125
0 0.19115694140625 0.82057429296875 0.230685763671875 0.782388462890625 0.243908111328125 0.744839892578125 0.242329591796875 0.72851734765625 0.2369287890625 0.7128113984375 0.23780588671875 0.680791515625 0.23438016796875 0.632759107421875 0.20859168359375 0.61760947265625 0.154761904296875 0.611111111328125 0.134411685546875 0.65078331640625 0.1204775859375 0.678595541015625 0.1013674453125 0.70749455859375 0.09293232421875 0.7231970625 0.093284970703125 0.752605888671875 0.124882451171875 0.79429322265625 0.161203859375 0.81869523046875 0.19115694140625 0.82057429296875
1 0.1064453125 0.59765625 0.013671875 0.025390625
1 0.0810546875 0.5029296875 0.0126953125 0.015625
1 0.07421875 0.5380859375 0.03125 0.03125
1 0.103515625 0.513671875 0.0283203125 0.0810546875
1 0.12890625 0.501953125 0.009765625 0.0126953125
0 0.201171875 0.369140625 0.134765625 0.169921875
1 0.009765625 0.30078125 0.0185546875 0.015625
1 0.0048828125 0.5869140625 0.009765625 0.0185546875
1 0.1806640625 0.533203125 0.015625 0.009765625
1 0.1611328125 0.5322265625 0.0078125 0.0107421875
1 0.3369140625 0.7001953125 0.009765625 0.017578125