0 0.03515625 0.337890625 0.0703125 0.0966796875
0 0.1982421875 0.291015625 0.109375 0.1455078125
0 0.37890625 0.2509765625 0.1435546875 0.181640625
1 0.55078125 0.140625 0.0234375 0.029296875
1 0.669921875 0.0166015625 0.0361328125 0.033203125
1 0.779296875 0.287109375 0.0498046875 0.064453125
1 0.7529296875 0.212890625 0.0107421875 0.017578125
1 0.763671875 0.2021484375 0.015625 0.021484375
1 0.7890625 0.220703125 0.029296875 0.0185546875
1 0.775390625 0.24609375 0.0126953125 0.0126953125
1 0.81640625 0.2333984375 0.0126953125 0.013671875
1 0.84375 0.353515625 0.0361328125 0.037109375
1 0.80859375 0.4326171875 0.0263671875 0.126953125
1 0.783203125 0.4794921875 0.0283203125 0.03125
1 0.779296875 0.3759765625 0.013671875 0.0205078125
1 0.8388671875 0.4970703125 0.037109375 0.0625
1 0.8603515625 0.607421875 0.1171875 0.166015625
1 0.8193359375 0.732421875 0.017578125 0.0283203125
1 0.83984375 0.720703125 0.0205078125 0.0283203125
1 0.708984375 0.708984375 0.015625 0.0283203125
1 0.6142578125 0.6826171875 0.013671875 0.0185546875
1 0.6748046875 0.5986328125 0.021484375 0.0234375
1 0.671875 0.560546875 0.0126953125 0.0185546875
1 0.6884765625 0.548828125 0.0205078125 0.029296875
1 0.708984375 0.544921875 0.0107421875 0.0185546875
1 0.7265625 0.5771484375 0.0107421875 0.0126953125
1 0.66796875 0.541015625 0.0078125 0.009765625
1 0.6640625 0.552734375 0.0078125 0.0107421875
1 0.658203125 0.587890625 0.0078125 0.0126953125
1 0.701171875 0.505859375 0.0078125 0.009765625
1 0.7138671875 0.560546875 0.0048828125 0.0107421875
0 0.4111328125 0.5634765625 0.125 0.166015625
1 0.32421875 0.5029296875 0.0205078125 0.0234375
0 0.2158203125 0.59375 0.123046875 0.1298828125
1 0.09765625 0.7021484375 0.009765625 0.0126953125
1 0.099609375 0.35546875 0.009765625 0.0107421875
1 0.4873046875 0.40234375 0.013671875 0.025390625
1 0.6103515625 0.3017578125 0.041015625 0.0361328125
1 0.6533203125 0.3046875 0.0126953125 0.017578125
1 0.634765625 0.2841796875 0.0126953125 0.0107421875
1 0.740234375 0.2041015625 0.005859375 0.0107421875