0 0.9736328125 0.55859375 0.052734375 0.13671875
1 0.9501953125 0.6123046875 0.025390625 0.041015625
1 0.9248046875 0.5703125 0.017578125 0.021484375
1 0.94921875 0.5830078125 0.0078125 0.013671875
1 0.90234375 0.580078125 0.01171875 0.01171875
0 0.8203125 0.5830078125 0.15234375 0.1796875
1 0.7646484375 0.5009765625 0.0234375 0.021484375
0 0.6201171875 0.64453125 0.16015625 0.1875
1 0.6416015625 0.4912109375 0.17578125 0.181640625
1 0.619140625 0.5380859375 0.015625 0.017578125
1 0.5439453125 0.6015625 0.01171875 0.01171875
0 0.3984375 0.6513671875 0.173828125 0.22265625
1 0.3505859375 0.67578125 0.03125 0.029296875
0 0.1953125 0.6806640625 0.146484375 0.134765625
1 0.2685546875 0.55078125 0.01171875 0.01171875
1 0.2646484375 0.564453125 0.009765625 0.01171875
1 0.142578125 0.5751953125 0.03515625 0.046875
1 0.162109375 0.564453125 0.009765625 0.01171875
0 0.0234375 0.4443359375 0.046875 0.123046875
0 0.162109375 0.400390625 0.173828125 0.203125
0 0.35546875 0.3876953125 0.140625 0.197265625
1 0.4326171875 0.388671875 0.01171875 0.013671875
0 0.5556640625 0.3359375 0.169921875 0.197265625
0 0.75 0.3125 0.17578125 0.205078125
0 0.939453125 0.3212890625 0.091796875 0.119140625
1 0.9794921875 0.40625 0.0078125 0.009765625
1 0.912109375 0.44140625 0.0859375 0.09765625
1 0.9267578125 0.43359375 0.01171875 0.017578125
1 0.818359375 0.451171875 0.0078125 0.013671875
1 0.9736328125 0.41796875 0.015625 0.017578125
1 0.470703125 0.501953125 0.005859375 0.01171875
1 0.5068359375 0.4970703125 0.009765625 0.01171875