0 0.3251953125 0.9384765625 0.13671875 0.103515625
1 0.458984375 0.9345703125 0.15234375 0.130859375
1 0.5625 0.9443359375 0.07421875 0.111328125
0 0.6416015625 0.95703125 0.107421875 0.0859375
1 0.443359375 0.8134765625 0.01171875 0.01171875
1 0.474997931640625 0.843967669921875 0.49496475390625 0.85952082421875 0.521599529296875 0.878405962890625 0.53504605078125 0.872928294921875 0.543272708984375 0.85305451953125 0.553092669921875 0.82503944921875 0.560771060546875 0.796485845703125 0.542821357421875 0.78928612109375 0.5207485390625 0.791404298828125 0.4903082109375 0.801336478515625 0.459609966796875 0.802957001953125 0.43595279296875 0.82534887890625 0.474997931640625 0.843967669921875
1 0.265625 0.8544921875 0.013671875 0.01171875
0 0.3835987578125 0.704949203125 0.350081861328125 0.704385666015625 0.307972087890625 0.708475705078125 0.280831552734375 0.719665984375 0.256274814453125 0.74495717578125 0.23239171484375 0.78956830078125 0.2438252421875 0.80371270703125 0.279541318359375 0.82442803515625 0.31153183203125 0.8359390390625 0.3468279140625 0.8439248828125 0.359785994140625 0.838295001953125 0.380149513671875 0.820691501953125 0.396145580078125 0.784272228515625 0.412457470703125 0.745738322265625 0.410625439453125 0.7151891015625 0.3835987578125 0.704949203125
1 0.341796875 0.6767578125 0.01953125 0.017578125
1 0.330078125 0.6728515625 0.009765625 0.0078125
1 0.386628736328125 0.61384165625 0.377884490234375 0.621211970703125 0.361017271484375 0.612083984375 0.351578806640625 0.59674058203125 0.3368571015625 0.584903845703125 0.320889828125 0.598174345703125 0.304349890625 0.596743626953125 0.257105537109375 0.574143630859375 0.215111189453125 0.569836896484375 0.193190337890625 0.575787470703125 0.1920019453125 0.588310357421875 0.21002162109375 0.609074580078125 0.239853185546875 0.635918212890625 0.263738818359375 0.664988025390625 0.293772587890625 0.692645654296875 0.318375068359375 0.6960297265625 0.3295607109375 0.684678548828125 0.338487158203125 0.66706916015625 0.350009822265625 0.651687125 0.377547720703125 0.63552935546875 0.409495775390625 0.634327623046875 0.42002859375 0.618313880859375 0.403357662109375 0.61101266796875 0.386628736328125 0.61384165625
0 0.389507017578125 0.620993515625 0.393769228515625 0.600464427734375 0.39671965234375 0.57957612890625 0.388170869140625 0.558668619140625 0.394299087890625 0.543160587890625 0.38518391015625 0.518778615234375 0.358561736328125 0.491233546875 0.33969778125 0.495535869140625 0.317543109375 0.503081619140625 0.297805876953125 0.517105431640625 0.291004615234375 0.533099068359375 0.267318578125 0.562094537109375 0.286797158203125 0.584826896484375 0.318830060546875 0.597859943359375 0.33689186328125 0.58862733203125 0.347852716796875 0.596654314453125 0.36298883984375 0.6182362734375 0.382199689453125 0.628458267578125 0.389507017578125 0.620993515625
1 0.46736773046875 0.619416447265625 0.508803173828125 0.6091819453125 0.516587583984375 0.597349376953125 0.5109576015625 0.578069978515625 0.4899937265625 0.55793726171875 0.459041234375 0.561257494140625 0.41312241796875 0.5742097734375 0.4045040625 0.598819423828125 0.416192638671875 0.6348891171875 0.427888279296875 0.63988723046875 0.449114966796875 0.629004822265625 0.46736773046875 0.619416447265625
1 0.56640625 0.61328125 0.02734375 0.02734375
1 0.576171875 0.6904296875 0.048828125 0.08203125
1 0.525390625 0.7294921875 0.037109375 0.03125
1 0.584193876953125 0.63409 0.54847905859375 0.628450986328125 0.52659712109375 0.63263783203125 0.505572931640625 0.635279919921875 0.467837814453125 0.628609373046875 0.45479294140625 0.626438279296875 0.441294453125 0.636222083984375 0.433149515625 0.665854892578125 0.435030322265625 0.686868359375 0.45635563671875 0.71696755078125 0.504016416015625 0.722734150390625 0.536705140625 0.728138259765625 0.5512956171875 0.711958830078125 0.554875712890625 0.682059330078125 0.560906595703125 0.66599615625 0.57701291796875 0.646547828125 0.584193876953125 0.63409
1 0.533203125 0.5654296875 0.017578125 0.015625
1 0.568359375 0.439453125 0.05078125 0.048828125
1 0.6552734375 0.5185546875 0.015625 0.01171875
1 0.6611328125 0.6240234375 0.01171875 0.01171875
1 0.6064453125 0.76171875 0.03515625 0.03125
0 0.6220450546875 0.743788970703125 0.620513451171875 0.7562628828125 0.620929798828125 0.76967745703125 0.6152936015625 0.776442078125 0.599460982421875 0.778648890625 0.580264544921875 0.786512314453125 0.585271724609375 0.806770880859375 0.59927755859375 0.83418234765625 0.63367967578125 0.857870234375 0.67254775 0.857514755859375 0.713562146484375 0.84295589453125 0.722898724609375 0.819335197265625 0.7106129140625 0.769234283203125 0.687934171875 0.75318758203125 0.63877555078125 0.7407369765625 0.6220450546875 0.743788970703125
0 0.6812075234375 0.530799361328125 0.64432555859375 0.530115310546875 0.613661251953125 0.530198107421875 0.597417271484375 0.53429601171875 0.594324990234375 0.5467559453125 0.611038693359375 0.564022083984375 0.620028759765625 0.5751402578125 0.6194165625 0.592096515625 0.606582630859375 0.602923041015625 0.59678708984375 0.617371537109375 0.59739696484375 0.6279857265625 0.618967466796875 0.627646123046875 0.64755065625 0.618642904296875 0.6680554140625 0.6205775234375 0.691704154296875 0.622763798828125 0.711871173828125 0.59811680078125 0.710438548828125 0.567863732421875 0.6989235625 0.5395806171875 0.6812075234375 0.530799361328125
1 0.618695150390625 0.503891142578125 0.6218350078125 0.484687564453125 0.609453025390625 0.47866341796875 0.582463578125 0.478099658203125 0.542712375 0.489270908203125 0.528972220703125 0.515194419921875 0.543404716796875 0.53207 0.565628830078125 0.540714681640625 0.5877655546875 0.5342178125 0.606646880859375 0.52414748046875 0.618695150390625 0.503891142578125
1 0.50390625 0.478515625 0.01171875 0.01953125
1 0.494140625 0.408203125 0.01953125 0.015625
1 0.3271484375 0.4619140625 0.013671875 0.01171875
1 0.31640625 0.48828125 0.01171875 0.01171875
1 0.3603515625 0.4033203125 0.0234375 0.01953125
1 0.3291015625 0.3935546875 0.01171875 0.01171875
1 0.3388671875 0.3740234375 0.0078125 0.009765625
1 0.486436619140625 0.497154861328125 0.492136892578125 0.480284701171875 0.48001323046875 0.454658759765625 0.43651095703125 0.4148878125 0.394802279296875 0.4057194453125 0.3720446875 0.4108919921875 0.341294572265625 0.413775875 0.335436517578125 0.422755490234375 0.33322145703125 0.436554142578125 0.3375221015625 0.45758344921875 0.3353427734375 0.4735148515625 0.323032705078125 0.491389763671875 0.326245970703125 0.492400380859375 0.358222728515625 0.4969005703125 0.372318525390625 0.501097890625 0.396170990234375 0.51303882421875 0.4217561953125 0.514540462890625 0.4613898984375 0.508629560546875 0.486436619140625 0.497154861328125
1 0.436619271484375 0.3911532265625 0.460532080078125 0.38249554296875 0.48162836328125 0.370981048828125 0.48601709375 0.348061279296875 0.46927856640625 0.334966822265625 0.4584833125 0.3403190703125 0.438799998046875 0.3493901640625 0.42357844921875 0.364773541015625 0.408639466796875 0.386165595703125 0.411548048828125 0.392897552734375 0.4213749140625 0.396767720703125 0.436619271484375 0.3911532265625
1 0.4072265625 0.2783203125 0.05078125 0.0390625
0 0.411440205078125 0.355144373046875 0.41370248828125 0.34352087109375 0.432621318359375 0.33312034765625 0.430206623046875 0.325222576171875 0.406298638671875 0.329451041015625 0.384142625 0.3279434140625 0.36572615625 0.34768203125 0.367716556640625 0.34755973828125 0.370566228515625 0.35939639453125 0.394497763671875 0.37455153125 0.409037953125 0.37423923046875 0.411440205078125 0.355144373046875
1 0.3876953125 0.3134765625 0.07421875 0.037109375
0 0.7060546875 0.36328125 0.197265625 0.13671875
1 0.5492431875 0.302474916015625 0.534745060546875 0.291704064453125 0.5187069921875 0.2872315703125 0.49468200390625 0.272863615234375 0.48306253515625 0.271459193359375 0.46142700390625 0.289666955078125 0.428915072265625 0.31635696875 0.44736348046875 0.33165776171875 0.47394565625 0.33947773046875 0.491622060546875 0.347963478515625 0.506536111328125 0.354885244140625 0.5340030625 0.36079746875 0.55898316796875 0.362187361328125 0.56476948046875 0.354325177734375 0.5584246796875 0.33429841015625 0.555826443359375 0.316151833984375 0.5492431875 0.302474916015625
1 0.5505163203125 0.267066220703125 0.56421208984375 0.2488674765625 0.5671397421875 0.236444392578125 0.5641668671875 0.22515225 0.5447146875 0.2157621640625 0.519106587890625 0.213628099609375 0.50540291015625 0.223900041015625 0.497241513671875 0.25966854296875 0.498566583984375 0.28655738671875 0.511821513671875 0.29094323828125 0.533459994140625 0.284330025390625 0.5505163203125 0.267066220703125
1 0.577489681640625 0.2297326875 0.56126984765625 0.24940609375 0.54576111328125 0.260584037109375 0.535028052734375 0.27884693359375 0.53730327734375 0.2896434609375 0.56158008203125 0.346621154296875 0.57487315625 0.356741974609375 0.588528701171875 0.317843064453125 0.597756658203125 0.280115248046875 0.600078181640625 0.239806474609375 0.577489681640625 0.2297326875
1 0.333984375 0.1875 0.01171875 0.013671875
1 0.490234375 0.1552734375 0.03125 0.029296875
1 0.5185546875 0.15234375 0.017578125 0.013671875
1 0.5634765625 0.158203125 0.0390625 0.033203125
0 0.6572265625 0.173828125 0.099609375 0.087890625
1 0.60202555078125 0.22679334765625 0.61570828515625 0.227464173828125 0.619795095703125 0.22564996875 0.619503234375 0.209197640625 0.611591765625 0.1903996953125 0.61096284375 0.171218484375 0.5912047265625 0.167101041015625 0.57315346484375 0.175441265625 0.551748787109375 0.19954026171875 0.55097567578125 0.199604255859375 0.56938823046875 0.213856015625 0.60202555078125 0.22679334765625
1 0.65234375 0.0654296875 0.041015625 0.041015625
1 0.732421875 0.0361328125 0.01171875 0.013671875
1 0.734375 0.046875 0.0078125 0.005859375
1 0.71875 0.0615234375 0.0078125 0.0078125
1 0.7333984375 0.0986328125 0.013671875 0.01171875
1 0.740234375 0.1357421875 0.01953125 0.017578125
1 0.7607421875 0.1123046875 0.013671875 0.01171875
1 0.578125 0.0400390625 0.013671875 0.009765625
1 0.564453125 0.099609375 0.013671875 0.017578125
1 0.484375 0.056640625 0.072265625 0.064453125
1 0.4052734375 0.1318359375 0.01171875 0.01171875
1 0.3740234375 0.1337890625 0.044921875 0.064453125
0 0.3967454765625 0.1082060390625 0.39755755859375 0.11895956640625 0.4118724296875 0.129013521484375 0.410682529296875 0.1459702109375 0.413853876953125 0.149875109375 0.43569906640625 0.137346447265625 0.44897259765625 0.122938314453125 0.452328705078125 0.1093450546875 0.438810306640625 0.1049835390625 0.416524560546875 0.10245773828125 0.3967454765625 0.1082060390625
1 0.449676666015625 0.069586642578125 0.458771666015625 0.042142033203125 0.4430937421875 0.029789953125 0.422505560546875 0.036280078125 0.410607 0.019231650390625 0.393110462890625 0.0195805390625 0.358219681640625 0.0433638515625 0.343644599609375 0.05971054296875 0.37489851171875 0.07459359375 0.413323052734375 0.092192275390625 0.44642633984375 0.094651439453125 0.449676666015625 0.069586642578125
1 0.3935546875 0.0166015625 0.013671875 0.0078125