1 0.82421875 0.6904296875 0.029296875 0.0498046875
1 0.751953125 0.6337890625 0.015625 0.021484375
1 0.7333984375 0.6142578125 0.0205078125 0.025390625
1 0.7529296875 0.6103515625 0.0185546875 0.025390625
1 0.7021484375 0.525390625 0.0625 0.103515625
1 0.7705078125 0.4833984375 0.009765625 0.0126953125
0 0.634765625 0.3984375 0.0830078125 0.1220703125
1 0.5869140625 0.6298828125 0.009765625 0.0126953125
0 0.45703125 0.693359375 0.1064453125 0.1279296875
1 0.5439453125 0.7744140625 0.009765625 0.009765625
1 0.408203125 0.7763671875 0.005859375 0.0078125
0 0.419921875 0.408203125 0.125 0.162109375
1 0.296875 0.3037109375 0.009765625 0.009765625
1 0.1884765625 0.29296875 0.0107421875 0.0185546875
0 0.21127306640625 0.29231770703125 0.19529240625 0.29778190234375 0.1805786640625 0.330694337890625 0.18410112109375 0.37793638671875 0.198139708984375 0.43517446875 0.228661306640625 0.43433722265625 0.27041839453125 0.40226471484375 0.294938955078125 0.366160033203125 0.29715330078125 0.34539769921875 0.2895306875 0.29599890625 0.28297305078125 0.26898335546875 0.239902826171875 0.272801193359375 0.21127306640625 0.29231770703125
1 0.0966796875 0.36328125 0.009765625 0.0205078125
0 0.021484375 0.3671875 0.0419921875 0.1376953125
0 0.0263671875 0.6904296875 0.052734375 0.119140625
1 0.076171875 0.69921875 0.009765625 0.0126953125
1 0.064453125 0.7373046875 0.0126953125 0.0185546875
0 0.236328125 0.705078125 0.1171875 0.1435546875
1 0.166015625 0.5458984375 0.009765625 0.0126953125
1 0.185546875 0.5419921875 0.009765625 0.013671875
1 0.154296875 0.552734375 0.009765625 0.009765625
1 0.244140625 0.5498046875 0.009765625 0.0126953125
1 0.330078125 0.541015625 0.015625 0.015625
1 0.5380859375 0.51171875 0.0078125 0.0126953125
1 0.7333984375 0.4482421875 0.0048828125 0.005859375