0 0.134765625 0.306640625 0.1611328125 0.193359375
1 0.24609375 0.318359375 0.0126953125 0.0107421875
1 0.2890625 0.345703125 0.009765625 0.0107421875
0 0.376953125 0.33203125 0.1376953125 0.197265625
0 0.587890625 0.345703125 0.119140625 0.177734375
1 0.6572265625 0.330078125 0.0185546875 0.037109375
1 0.6591796875 0.3017578125 0.009765625 0.0126953125
1 0.6376953125 0.451171875 0.0126953125 0.0126953125
1 0.6376953125 0.4228515625 0.009765625 0.015625
1 0.5859375 0.498046875 0.087890625 0.083984375
1 0.5400390625 0.470703125 0.009765625 0.0107421875
0 0.8173828125 0.3642578125 0.1220703125 0.146484375
1 0.0283203125 0.435546875 0.0126953125 0.013671875
1 0.0546875 0.4609375 0.0546875 0.0751953125
1 0.119140625 0.4423828125 0.0283203125 0.0361328125
1 0.1513671875 0.435546875 0.0126953125 0.025390625
1 0.173828125 0.439453125 0.015625 0.0185546875
1 0.0751953125 0.53515625 0.025390625 0.0439453125
1 0.107421875 0.560546875 0.0126953125 0.0234375
1 0.255859375 0.4716796875 0.0595703125 0.0595703125
1 0.234375 0.4287109375 0.009765625 0.0126953125
1 0.388671875 0.4521484375 0.025390625 0.025390625
1 0.357421875 0.466796875 0.009765625 0.009765625
1 0.451171875 0.4580078125 0.0078125 0.013671875
0 0.416015625 0.625 0.1357421875 0.171875
0 0.5947265625 0.634765625 0.1279296875 0.162109375
1 0.6396484375 0.5927734375 0.025390625 0.033203125
1 0.751953125 0.728515625 0.015625 0.009765625
1 0.7587890625 0.5146484375 0.078125 0.091796875
1 0.7783203125 0.5068359375 0.0107421875 0.013671875
1 0.7646484375 0.458984375 0.015625 0.0185546875
1 0.783203125 0.4560546875 0.0107421875 0.021484375
1 0.841796875 0.4931640625 0.0595703125 0.103515625
1 0.908203125 0.4951171875 0.0751953125 0.0966796875
1 0.96484375 0.490234375 0.0703125 0.078125
1 0.9404296875 0.5849609375 0.0390625 0.060546875
0 0.9765625 0.6123046875 0.046875 0.115234375
1 0.908203125 0.630859375 0.025390625 0.0205078125
0 0.08436544140625 0.66401599609375 0.099747591796875 0.6778428828125 0.15775876171875 0.696883267578125 0.18850498046875 0.698085455078125 0.224644251953125 0.6765321875 0.242007947265625 0.5942046953125 0.2196103046875 0.540016671875 0.193762400390625 0.526360298828125 0.148998119140625 0.52416432421875 0.133823939453125 0.54042830859375 0.112773591796875 0.5708688125 0.08421172265625 0.607177302734375 0.08167989453125 0.62389770703125 0.08436544140625 0.66401599609375
0 0.773485294921875 0.68920683203125 0.80550388671875 0.705190076171875 0.83329199609375 0.71518821484375 0.858322224609375 0.720365548828125 0.904030775390625 0.70405850390625 0.908612609375 0.648647625 0.890636625 0.60944044921875 0.8533244453125 0.55759996484375 0.809680111328125 0.556917919921875 0.774987599609375 0.54944644140625 0.73857189453125 0.606843171875 0.73919580859375 0.61889088671875 0.740079365234375 0.618606701171875 0.773485294921875 0.68920683203125