0 0.2548828125 0.21484375 0.228515625 0.173828125
0 0.3076350390625 0.508425978515625 0.352205478515625 0.499133283203125 0.3954878671875 0.46683972265625 0.38771077734375 0.39453732421875 0.344594955078125 0.368169638671875 0.313609001953125 0.350443453125 0.26557887109375 0.352867048828125 0.218837892578125 0.3706510390625 0.192716740234375 0.405573259765625 0.1839587109375 0.45848212109375 0.1820151796875 0.49618050390625 0.227845109375 0.477475474609375 0.251461037109375 0.476887517578125 0.278369970703125 0.48304373828125 0.2918009375 0.49864331640625 0.3076350390625 0.508425978515625
0 0.337890625 0.66015625 0.212890625 0.181640625
1 0.3828125 0.7734375 0.033203125 0.021484375
0 0.3564453125 0.88671875 0.21875 0.185546875
0 0.6259765625 0.8544921875 0.15234375 0.140625
1 0.6015625 0.6953125 0.0390625 0.029296875
0 0.59794876171875 0.681767205078125 0.62771523046875 0.684565125 0.64524955859375 0.703373275390625 0.662635693359375 0.715831046875 0.680154716796875 0.7269580234375 0.69965106640625 0.719585478515625 0.722980322265625 0.68562799609375 0.735849568359375 0.660896685546875 0.732717669921875 0.6221982265625 0.711195029296875 0.601237728515625 0.6680515 0.58452568359375 0.62770823046875 0.580884640625 0.594174171875 0.600987052734375 0.575184109375 0.616905953125 0.57046321875 0.655419041015625 0.583488408203125 0.672732689453125 0.58687978515625 0.677260189453125 0.59794876171875 0.681767205078125
1 0.517578125 0.583984375 0.017578125 0.017578125
1 0.728515625 0.4326171875 0.02734375 0.0234375
1 0.5166015625 0.48046875 0.095703125 0.08984375
0 0.5888671875 0.392578125 0.169921875 0.130859375
1 0.6904296875 0.2900390625 0.02734375 0.015625
1 0.445595955078125 0.16938488671875 0.4416697421875 0.2137864140625 0.463210236328125 0.23958806640625 0.512722552734375 0.236887458984375 0.5347125 0.21729223046875 0.54186687109375 0.197395443359375 0.52677339453125 0.187777392578125 0.491175857421875 0.1976665859375 0.4951297421875 0.17694240234375 0.487981345703125 0.160852216796875 0.445595955078125 0.16938488671875
0 0.6610078046875 0.166625478515625 0.6621793984375 0.1152004296875 0.611090208984375 0.084232216796875 0.561619037109375 0.08311438671875 0.5233167890625 0.090357185546875 0.481923146484375 0.136084248046875 0.49838922265625 0.1831945859375 0.515489814453125 0.19057112109375 0.548227494140625 0.20416421484375 0.556316064453125 0.260725837890625 0.587955642578125 0.2589884609375 0.633279201171875 0.218549064453125 0.6610078046875 0.166625478515625