1 0.10546875 0.431640625 0.017578125 0.013671875
0 0.1650390625 0.5478515625 0.171875 0.203125
1 0.162109375 0.4150390625 0.01171875 0.013671875
1 0.2685546875 0.5087890625 0.015625 0.017578125
1 0.2978515625 0.5712890625 0.009765625 0.013671875
0 0.31947130078125 0.580785197265625 0.306864025390625 0.61705730078125 0.308856484375 0.653730615234375 0.32651450390625 0.6659010078125 0.32624282421875 0.666763580078125 0.376209087890625 0.66984640234375 0.406528783203125 0.656574083984375 0.42533480078125 0.6336973515625 0.435986716796875 0.583439056640625 0.43768313671875 0.557791103515625 0.381015537109375 0.5388354375 0.350545689453125 0.55101172265625 0.31947130078125 0.580785197265625
1 0.4658203125 0.537109375 0.015625 0.017578125
1 0.439453125 0.5986328125 0.01171875 0.013671875
1 0.51171875 0.6572265625 0.01171875 0.013671875
1 0.5712890625 0.6796875 0.013671875 0.01953125
1 0.5625 0.5146484375 0.064453125 0.052734375
1 0.5927734375 0.525390625 0.013671875 0.017578125
1 0.396484375 0.41796875 0.03125 0.03515625
1 0.451171875 0.439453125 0.041015625 0.025390625
1 0.4970703125 0.4755859375 0.080078125 0.1015625
0 0.6018903984375 0.726436197265625 0.639341587890625 0.70095714453125 0.658230037109375 0.67089837109375 0.6486634375 0.61494421875 0.62951783203125 0.595415560546875 0.578736962890625 0.582112794921875 0.55880490234375 0.59789710546875 0.534652251953125 0.641293583984375 0.534735576171875 0.642457583984375 0.54831523828125 0.6563125078125 0.56822978515625 0.66727529296875 0.57822437109375 0.678135869140625 0.587444572265625 0.706827330078125 0.6018903984375 0.726436197265625
1 0.6884765625 0.560546875 0.029296875 0.02734375
1 0.6806640625 0.5849609375 0.015625 0.015625
1 0.8115234375 0.580078125 0.01953125 0.021484375
1 0.8232421875 0.5302734375 0.013671875 0.01171875
1 0.789517908203125 0.563698662109375 0.795180953125 0.566818337890625 0.81258665234375 0.56838980078125 0.818359255859375 0.564267462890625 0.8155177734375 0.5423017265625 0.806071388671875 0.52373498046875 0.802482447265625 0.523155640625 0.802628998046875 0.523940029296875 0.7888798671875 0.552638390625 0.789517908203125 0.563698662109375
0 0.7939453125 0.7099609375 0.14453125 0.15234375
1 0.7119140625 0.7197265625 0.015625 0.015625
1 0.7216796875 0.7392578125 0.013671875 0.017578125
1 0.869140625 0.7158203125 0.01171875 0.013671875
0 0.9033203125 0.4248046875 0.146484375 0.169921875
1 0.6279296875 0.3681640625 0.0234375 0.029296875
1 0.60546875 0.3896484375 0.015625 0.021484375
1 0.5859375 0.37109375 0.048828125 0.068359375
0 0.6982421875 0.3603515625 0.130859375 0.173828125
1 0.5439453125 0.3427734375 0.01171875 0.017578125
0 0.41341073046875 0.289755732421875 0.420313654296875 0.320625455078125 0.4367311484375 0.35798157421875 0.449385841796875 0.383126712890625 0.47677907421875 0.37441452734375 0.516332865234375 0.330823015625 0.52004823828125 0.290602953125 0.510662376953125 0.237909265625 0.475926244140625 0.21701940625 0.4392526796875 0.23417750390625 0.411622837890625 0.2709014609375 0.41341073046875 0.289755732421875
1 0.3681640625 0.267578125 0.009765625 0.015625
0 0.25 0.2392578125 0.169921875 0.216796875
1 0.162109375 0.173828125 0.015625 0.015625
1 0.0703125 0.271484375 0.015625 0.015625