0 0.0380859375 0.4384765625 0.076171875 0.130859375
1 0.12109375 0.416015625 0.01171875 0.009765625
1 0.1337890625 0.4306640625 0.0078125 0.01171875
1 0.078125 0.5810546875 0.02734375 0.017578125
1 0.1181640625 0.544921875 0.013671875 0.015625
1 0.1171875 0.5703125 0.009765625 0.01171875
1 0.0419921875 0.5498046875 0.01171875 0.013671875
0 0.2109375 0.3779296875 0.173828125 0.193359375
1 0.2958984375 0.3994140625 0.0078125 0.01171875
1 0.298828125 0.375 0.013671875 0.01171875
1 0.30859375 0.3828125 0.009765625 0.01171875
1 0.2998046875 0.3505859375 0.009765625 0.013671875
1 0.3125 0.3583984375 0.009765625 0.01171875
1 0.2705078125 0.2685546875 0.009765625 0.01171875
1 0.3310546875 0.384765625 0.0078125 0.0078125
1 0.3876953125 0.4296875 0.025390625 0.037109375
1 0.365234375 0.3916015625 0.09765625 0.11328125
1 0.5224609375 0.501953125 0.07421875 0.1015625
0 0.6181640625 0.302734375 0.19140625 0.212890625
0 0.8369140625 0.25 0.154296875 0.1640625
0 0.9150390625 0.521484375 0.16015625 0.201171875
1 0.9833984375 0.4970703125 0.033203125 0.037109375
1 0.994140625 0.5185546875 0.01171875 0.013671875
1 0.9228515625 0.4765625 0.015625 0.015625
1 0.8466796875 0.4638671875 0.009765625 0.01171875
1 0.8828125 0.4306640625 0.0078125 0.01171875
1 0.8984375 0.4287109375 0.0078125 0.0078125
1 0.9111328125 0.4375 0.01171875 0.009765625
1 0.8525390625 0.521484375 0.01171875 0.015625
1 0.8427734375 0.5390625 0.015625 0.015625
1 0.8037109375 0.53125 0.009765625 0.013671875
1 0.7998046875 0.5830078125 0.017578125 0.021484375
1 0.7763671875 0.56640625 0.03125 0.03515625
1 0.7578125 0.55078125 0.015625 0.015625
1 0.7666015625 0.5283203125 0.015625 0.015625
1 0.751953125 0.6240234375 0.009765625 0.009765625
1 0.6171875 0.580078125 0.03125 0.033203125
1 0.6220703125 0.6083984375 0.017578125 0.021484375
1 0.65234375 0.583984375 0.013671875 0.017578125
0 0.697265625 0.5966796875 0.173828125 0.208984375
1 0.599609375 0.5166015625 0.01171875 0.015625
1 0.5947265625 0.5361328125 0.015625 0.017578125
1 0.576171875 0.5390625 0.005859375 0.0078125
1 0.5625 0.5625 0.0078125 0.01171875
1 0.54296875 0.580078125 0.017578125 0.017578125
1 0.5888671875 0.63671875 0.015625 0.025390625
1 0.611328125 0.6435546875 0.009765625 0.013671875
1 0.609375 0.6806640625 0.013671875 0.015625
1 0.6201171875 0.6826171875 0.01171875 0.015625
1 0.58984375 0.4658203125 0.01171875 0.015625
1 0.5908203125 0.490234375 0.0078125 0.009765625
1 0.6142578125 0.4814453125 0.0078125 0.009765625
1 0.6728515625 0.466796875 0.0078125 0.009765625
1 0.6845703125 0.4677734375 0.005859375 0.0078125
1 0.748046875 0.4658203125 0.009765625 0.01171875
1 0.7685546875 0.466796875 0.033203125 0.029296875
1 0.7548828125 0.41015625 0.015625 0.017578125
1 0.78125 0.4462890625 0.005859375 0.0078125
1 0.814453125 0.4169921875 0.0078125 0.009765625
1 0.8974609375 0.388671875 0.013671875 0.015625
1 0.9228515625 0.390625 0.009765625 0.009765625
1 0.4287109375 0.626953125 0.013671875 0.015625
1 0.408203125 0.6298828125 0.013671875 0.013671875
1 0.4609375 0.689453125 0.0078125 0.009765625
0 0.484375 0.6259765625 0.16796875 0.20703125
1 0.4033203125 0.55078125 0.0078125 0.01171875
1 0.4033203125 0.541015625 0.005859375 0.009765625
1 0.4150390625 0.5380859375 0.009765625 0.01171875
1 0.4248046875 0.53515625 0.01171875 0.015625
1 0.42578125 0.5205078125 0.009765625 0.0078125
1 0.3447265625 0.6630859375 0.0390625 0.0546875
0 0.267578125 0.7001953125 0.173828125 0.205078125
1 0.3447265625 0.712890625 0.021484375 0.02734375
1 0.2021484375 0.69921875 0.013671875 0.015625
1 0.2109375 0.6630859375 0.01171875 0.017578125
1 0.208984375 0.6474609375 0.009765625 0.01171875
1 0.2197265625 0.63671875 0.0078125 0.01171875
1 0.25390625 0.63671875 0.009765625 0.015625
1 0.166015625 0.7265625 0.01171875 0.01953125
1 0.1533203125 0.701171875 0.01953125 0.021484375
1 0.1708984375 0.6806640625 0.015625 0.015625
0 0.0859375 0.75 0.115234375 0.1875
0 0.41796875 0.32421875 0.130859375 0.1484375