0 0.9287109375 0.5947265625 0.140625 0.1640625
1 0.990234375 0.470703125 0.01953125 0.0234375
1 0.9609375 0.486328125 0.01953125 0.0234375
1 0.953125 0.466796875 0.013671875 0.015625
1 0.892578125 0.470703125 0.01953125 0.021484375
1 0.853515625 0.4775390625 0.05078125 0.0703125
1 0.8037109375 0.4580078125 0.021484375 0.0234375
0 0.9287109375 0.302734375 0.142578125 0.203125
0 0.7021484375 0.337890625 0.154296875 0.185546875
1 0.7333984375 0.244140625 0.013671875 0.01953125
1 0.55078125 0.1904296875 0.1328125 0.16796875
1 0.5439453125 0.4228515625 0.013671875 0.0234375
1 0.5224609375 0.4248046875 0.015625 0.017578125
1 0.6806640625 0.5029296875 0.138671875 0.146484375
0 0.6875 0.625 0.146484375 0.111328125
1 0.4365234375 0.2392578125 0.01953125 0.025390625
1 0.39453125 0.263671875 0.005859375 0.015625
1 0.3798828125 0.2685546875 0.0078125 0.013671875
1 0.349609375 0.28515625 0.009765625 0.015625
0 0.403150052734375 0.338526751953125 0.423616802734375 0.366371443359375 0.459360021484375 0.3593263515625 0.4968139296875 0.344426806640625 0.512617046875 0.323552630859375 0.51364769140625 0.297369953125 0.506933796875 0.277735763671875 0.47892151953125 0.229716970703125 0.457955185546875 0.210361115234375 0.4435939140625 0.22731055078125 0.4304152890625 0.248671517578125 0.4107050546875 0.255128279296875 0.400747099609375 0.290930853515625 0.403150052734375 0.338526751953125
0 0.2060546875 0.2744140625 0.125 0.1484375
0 0.2373046875 0.6162109375 0.150390625 0.1484375
1 0.3232421875 0.4482421875 0.013671875 0.013671875
1 0.3251953125 0.4130859375 0.013671875 0.017578125
1 0.244140625 0.3974609375 0.01171875 0.017578125
1 0.2294921875 0.4306640625 0.0078125 0.0078125
1 0.2216796875 0.4150390625 0.013671875 0.013671875
1 0.1748046875 0.390625 0.01171875 0.025390625
1 0.150390625 0.4345703125 0.015625 0.025390625
1 0.1103515625 0.4443359375 0.015625 0.015625
1 0.060546875 0.267578125 0.029296875 0.029296875
0 0.478515625 0.6142578125 0.109375 0.166015625
1 0.849609375 0.4326171875 0.01171875 0.013671875
1 0.0537109375 0.400390625 0.013671875 0.013671875