0 0.8173828125 0.349609375 0.185546875 0.23046875
0 0.5654296875 0.3271484375 0.19140625 0.2578125
0 0.3251953125 0.279296875 0.189453125 0.2109375
0 0.115234375 0.216796875 0.1796875 0.26171875
1 0.09375 0.4306640625 0.021484375 0.025390625
0 0.0556640625 0.5595703125 0.111328125 0.244140625
1 0.095703125 0.453125 0.01171875 0.017578125
1 0.2451171875 0.4736328125 0.017578125 0.0234375
0 0.216796875 0.6337890625 0.201171875 0.27734375
1 0.3017578125 0.4501953125 0.013671875 0.01953125
1 0.3779296875 0.4443359375 0.015625 0.015625
1 0.447265625 0.4541015625 0.01171875 0.017578125
1 0.4921875 0.48828125 0.015625 0.021484375
1 0.5458984375 0.521484375 0.0546875 0.064453125
1 0.55078125 0.6572265625 0.0390625 0.03515625
0 0.398853734375 0.652248302734375 0.4272463515625 0.697957419921875 0.46162083203125 0.715566595703125 0.4910568359375 0.719621537109375 0.524215185546875 0.685131021484375 0.55212153125 0.659164474609375 0.586748779296875 0.6358764140625 0.561936044921875 0.581593765625 0.5299390703125 0.551157623046875 0.495475716796875 0.52562062890625 0.463515724609375 0.56022571875 0.420776671875 0.596710474609375 0.404186478515625 0.62568025 0.398853734375 0.652248302734375
0 0.7265625 0.6962890625 0.185546875 0.19921875
1 0.720703125 0.54296875 0.033203125 0.044921875
1 0.75 0.5224609375 0.01171875 0.01171875
0 0.9150390625 0.7294921875 0.1328125 0.212890625
1 0.9775390625 0.5732421875 0.01171875 0.01171875
1 0.9609375 0.6064453125 0.033203125 0.03125
1 0.8720703125 0.5703125 0.015625 0.0234375
0 0.974609375 0.4033203125 0.05078125 0.123046875
1 0.5771484375 0.4765625 0.015625 0.021484375
1 0.396484375 0.4775390625 0.0078125 0.013671875
1 0.427734375 0.5205078125 0.015625 0.017578125