0 0.5908203125 0.142578125 0.201171875 0.185546875
0 0.5810546875 0.009765625 0.126953125 0.01953125
0 0.2939453125 0.1806640625 0.189453125 0.17578125
0 0.6279296875 0.3486328125 0.22265625 0.162109375
0 0.654296875 0.5654296875 0.208984375 0.1796875
0 0.69140625 0.7734375 0.19921875 0.19140625
0 0.4130859375 0.984375 0.095703125 0.03125
0 0.3603515625 0.6220703125 0.16015625 0.154296875
1 0.29296875 0.2841796875 0.015625 0.015625
1 0.2451171875 0.2822265625 0.025390625 0.017578125
1 0.2392578125 0.3330078125 0.017578125 0.015625
1 0.267578125 0.361328125 0.01953125 0.0234375
1 0.3173828125 0.3388671875 0.01171875 0.01171875
1 0.298828125 0.314453125 0.01171875 0.01171875
1 0.4013671875 0.0205078125 0.037109375 0.02734375
1 0.40234375 0.0546875 0.025390625 0.02734375
1 0.404296875 0.0888671875 0.01953125 0.025390625
1 0.384765625 0.150390625 0.029296875 0.029296875
1 0.419921875 0.1376953125 0.037109375 0.0390625
1 0.4189453125 0.169921875 0.021484375 0.02734375
1 0.431640625 0.2041015625 0.0390625 0.052734375
1 0.4267578125 0.236328125 0.013671875 0.013671875
1 0.4443359375 0.330078125 0.015625 0.015625
1 0.4619140625 0.41796875 0.013671875 0.01171875
1 0.45703125 0.390625 0.01171875 0.0078125
1 0.474609375 0.4189453125 0.017578125 0.015625
1 0.4619140625 0.4384765625 0.013671875 0.01171875
1 0.482421875 0.4384765625 0.009765625 0.0078125
1 0.4736328125 0.451171875 0.021484375 0.015625
1 0.4814453125 0.4716796875 0.017578125 0.015625
1 0.5 0.501953125 0.013671875 0.0078125
1 0.486328125 0.5009765625 0.009765625 0.0078125
1 0.4775390625 0.51171875 0.015625 0.015625
1 0.49609375 0.5205078125 0.0234375 0.015625
1 0.5068359375 0.529296875 0.013671875 0.0078125
1 0.4921875 0.5380859375 0.017578125 0.017578125
1 0.482421875 0.548828125 0.013671875 0.01171875
1 0.490234375 0.5615234375 0.009765625 0.0078125
1 0.4892578125 0.5732421875 0.021484375 0.01953125
1 0.4990234375 0.5830078125 0.0234375 0.015625
1 0.49609375 0.6025390625 0.01171875 0.01171875
1 0.4775390625 0.6474609375 0.017578125 0.017578125
1 0.4970703125 0.63671875 0.01171875 0.013671875
1 0.5087890625 0.6162109375 0.01953125 0.01953125
1 0.5078125 0.650390625 0.013671875 0.0078125
1 0.5048828125 0.67578125 0.015625 0.01171875
1 0.3818359375 0.759765625 0.021484375 0.0234375
1 0.4033203125 0.7578125 0.015625 0.015625
1 0.37890625 0.7158203125 0.015625 0.015625
1 0.3359375 0.73046875 0.017578125 0.013671875
1 0.3388671875 0.7724609375 0.021484375 0.015625
1 0.3056640625 0.796875 0.009765625 0.0078125
1 0.4716796875 0.978515625 0.017578125 0.0234375
1 0.546875 0.8232421875 0.025390625 0.017578125
1 0.5654296875 0.9189453125 0.02734375 0.021484375
1 0.5693359375 0.9658203125 0.01171875 0.01171875
1 0.5703125 0.9775390625 0.009765625 0.0078125
1 0.4228515625 0.9326171875 0.017578125 0.015625
1 0.42578125 0.3662109375 0.01953125 0.01953125
1 0.451171875 0.30859375 0.013671875 0.013671875
1 0.2978515625 0.103515625 0.015625 0.017578125
1 0.2880859375 0.0771484375 0.017578125 0.015625
1 0.2744140625 0.046875 0.041015625 0.02734375
1 0.19140625 0.1318359375 0.013671875 0.01171875
1 0.1953125 0.150390625 0.01171875 0.01171875
1 0.4462890625 0.2734375 0.154296875 0.09375
1 0.470703125 0.3291015625 0.109375 0.0546875
1 0.46875 0.384765625 0.109375 0.08984375
0 0.403413806640625 0.362157693359375 0.3376689140625 0.3345801484375 0.31231783203125 0.346758875 0.277577560546875 0.37388290234375 0.249871287109375 0.408149537109375 0.24749745703125 0.458543359375 0.260225703125 0.464356505859375 0.294236197265625 0.45341306640625 0.34786408203125 0.459492775390625 0.37845731640625 0.453831607421875 0.419824265625 0.424077677734375 0.422021685546875 0.38434973828125 0.403413806640625 0.362157693359375
1 0.388702224609375 0.473385865234375 0.35932328125 0.46437966796875 0.318086212890625 0.45245708203125 0.28642251953125 0.45271652734375 0.255850755859375 0.47599048828125 0.26139811328125 0.523579544921875 0.267006517578125 0.5468614375 0.286278138671875 0.537505619140625 0.306099787109375 0.536129037109375 0.34033949609375 0.5504910546875 0.4017769765625 0.546146755859375 0.443621251953125 0.533149388671875 0.437485962890625 0.503839666015625 0.388702224609375 0.473385865234375
1 0.294921875 0.5419921875 0.02734375 0.01953125
1 0.5595703125 0.482421875 0.01171875 0.01171875
1 0.607526630859375 0.698706916015625 0.58288670703125 0.651559001953125 0.55739898046875 0.632010759765625 0.520393224609375 0.6485751015625 0.472018794921875 0.67291302734375 0.403961994140625 0.701766146484375 0.393061630859375 0.7079472265625 0.424393126953125 0.752925482421875 0.466715677734375 0.7898197421875 0.516749224609375 0.81264452734375 0.536322669921875 0.815298623046875 0.570608236328125 0.779148216796875 0.598246974609375 0.73585670703125 0.607526630859375 0.698706916015625
0 0.389807150390625 0.77287140234375 0.34635519921875 0.80195594140625 0.33135717578125 0.8617414453125 0.3428948125 0.902668384765625 0.363392875 0.927413056640625 0.392707845703125 0.930287626953125 0.442341642578125 0.921232400390625 0.50608142578125 0.890263072265625 0.51455976171875 0.837333169921875 0.470038388671875 0.795750873046875 0.418492068359375 0.770777560546875 0.389807150390625 0.77287140234375
1 0.4404296875 0.9501953125 0.013671875 0.013671875
1 0.333984375 0.9873046875 0.013671875 0.01171875
1 0.5693359375 0.990234375 0.017578125 0.01171875
1 0.666015625 0.8916015625 0.013671875 0.01171875