0 0.85546875 0.626953125 0.150390625 0.1953125
0 0.6318359375 0.625 0.154296875 0.17578125
0 0.419921875 0.62890625 0.158203125 0.1953125
0 0.1728515625 0.642578125 0.1875 0.212890625
0 0.0458984375 0.6669921875 0.078125 0.1328125
1 0.091796875 0.455078125 0.01953125 0.02734375
1 0.08203125 0.38671875 0.009765625 0.009765625
1 0.0546875 0.376953125 0.015625 0.015625
1 0.0400390625 0.3623046875 0.01171875 0.013671875
1 0.111328125 0.3603515625 0.015625 0.015625
1 0.12109375 0.3798828125 0.009765625 0.013671875
1 0.134765625 0.3232421875 0.01953125 0.0234375
1 0.126953125 0.296875 0.005859375 0.009765625
1 0.0732421875 0.35546875 0.005859375 0.013671875
1 0.06640625 0.3232421875 0.009765625 0.01171875
1 0.33203125 0.310546875 0.015625 0.01953125
1 0.3388671875 0.29296875 0.009765625 0.009765625
1 0.3564453125 0.3115234375 0.009765625 0.013671875
1 0.3369140625 0.34375 0.015625 0.015625
1 0.3056640625 0.3310546875 0.01171875 0.013671875
1 0.2919921875 0.3515625 0.0078125 0.01171875
1 0.2900390625 0.37109375 0.009765625 0.013671875
1 0.2587890625 0.361328125 0.015625 0.03125
1 0.3359375 0.365234375 0.01953125 0.015625
1 0.32421875 0.375 0.009765625 0.01171875
1 0.3076171875 0.375 0.01953125 0.01953125
1 0.505859375 0.337890625 0.01953125 0.029296875
1 0.5263671875 0.29296875 0.017578125 0.01953125
1 0.548828125 0.28515625 0.013671875 0.013671875
1 0.5478515625 0.25390625 0.013671875 0.015625
1 0.537109375 0.3447265625 0.005859375 0.013671875
1 0.73828125 0.4033203125 0.005859375 0.009765625
1 0.732421875 0.412109375 0.009765625 0.009765625
1 0.716796875 0.431640625 0.005859375 0.009765625
1 0.92578125 0.45703125 0.044921875 0.025390625
1 0.89453125 0.4638671875 0.009765625 0.009765625
1 0.8759765625 0.455078125 0.013671875 0.013671875
1 0.859375 0.45703125 0.013671875 0.017578125
1 0.841796875 0.4658203125 0.009765625 0.009765625
1 0.8310546875 0.45703125 0.013671875 0.013671875
1 0.830078125 0.470703125 0.009765625 0.013671875
1 0.80859375 0.45703125 0.013671875 0.013671875
1 0.7841796875 0.4609375 0.0078125 0.013671875
1 0.791015625 0.4853515625 0.013671875 0.013671875
1 0.8212890625 0.4755859375 0.005859375 0.009765625
1 0.75 0.4697265625 0.01171875 0.009765625
1 0.73046875 0.466796875 0.03515625 0.02734375
1 0.69140625 0.46484375 0.015625 0.015625
1 0.6689453125 0.466796875 0.013671875 0.017578125
1 0.6533203125 0.4677734375 0.01953125 0.01953125
1 0.66015625 0.5087890625 0.03125 0.04296875
1 0.625 0.46875 0.005859375 0.0078125
1 0.6181640625 0.4833984375 0.009765625 0.009765625
1 0.58203125 0.4755859375 0.013671875 0.017578125
1 0.5673828125 0.4853515625 0.0078125 0.009765625
1 0.5166015625 0.4892578125 0.0078125 0.009765625
1 0.515625 0.4775390625 0.009765625 0.009765625
1 0.5244140625 0.4697265625 0.013671875 0.013671875
1 0.4677734375 0.4794921875 0.009765625 0.013671875
1 0.451171875 0.4912109375 0.005859375 0.0078125
1 0.447265625 0.47265625 0.013671875 0.009765625
1 0.4296875 0.47265625 0.005859375 0.009765625
1 0.421875 0.4814453125 0.01171875 0.01953125
1 0.4150390625 0.4912109375 0.005859375 0.009765625
1 0.4111328125 0.474609375 0.009765625 0.009765625
1 0.3974609375 0.4814453125 0.01171875 0.021484375
1 0.38671875 0.48046875 0.005859375 0.009765625
1 0.3525390625 0.49609375 0.009765625 0.009765625
1 0.36328125 0.4765625 0.005859375 0.009765625
1 0.27734375 0.4580078125 0.013671875 0.013671875
1 0.7734375 0.58203125 0.03125 0.037109375
1 0.73046875 0.2939453125 0.009765625 0.013671875
1 0.751953125 0.3046875 0.009765625 0.009765625
1 0.6943359375 0.2900390625 0.0078125 0.009765625
1 0.6328125 0.24609375 0.017578125 0.017578125
1 0.583984375 0.9462890625 0.25 0.107421875
1 0.03515625 0.4609375 0.0703125 0.109375
1 0.2265625 0.482421875 0.1171875 0.11328125
1 0.47265625 0.4091796875 0.119140625 0.103515625
0 0.6181640625 0.3720703125 0.169921875 0.1796875
0 0.859375 0.3134765625 0.18359375 0.177734375
1 0.7822265625 0.4345703125 0.09765625 0.142578125
1 0.955078125 0.5595703125 0.017578125 0.0234375
0 0.446740611328125 0.245599890625 0.398060712890625 0.24866551953125 0.37251128515625 0.26120671484375 0.361336708984375 0.309656111328125 0.3520937890625 0.3404529765625 0.339563587890625 0.38001571484375 0.343840951171875 0.397537939453125 0.379862029296875 0.413270337890625 0.418142880859375 0.401542966796875 0.42704508203125 0.3761325546875 0.464583072265625 0.36881836328125 0.47010201171875 0.362208271484375 0.468389775390625 0.295927068359375 0.446740611328125 0.245599890625
0 0.144996591796875 0.288148671875 0.137138248046875 0.312728140625 0.133609478515625 0.33409563671875 0.129455650390625 0.356672255859375 0.128087259765625 0.3916388359375 0.13776030078125 0.439583474609375 0.136058220703125 0.441482556640625 0.189451158203125 0.43615191015625 0.227132103515625 0.434178263671875 0.25063771484375 0.43157463671875 0.249016474609375 0.380316587890625 0.25767054296875 0.338654359375 0.267426923828125 0.308367173828125 0.25570644140625 0.28284495703125 0.205313009765625 0.264350267578125 0.144996591796875 0.288148671875