0 0.0732421875 0.494140625 0.146484375 0.17578125
1 0.005859375 0.4140625 0.01171875 0.046875
1 0.0390625 0.37890625 0.015625 0.015625
1 0.08203125 0.408203125 0.017578125 0.021484375
1 0.00390625 0.4912109375 0.0078125 0.013671875
1 0.041015625 0.6083984375 0.060546875 0.08203125
1 0.0869140625 0.5966796875 0.01171875 0.01171875
1 0.1171875 0.59765625 0.015625 0.015625
0 0.1318359375 0.7255859375 0.140625 0.181640625
1 0.2001953125 0.708984375 0.05078125 0.048828125
1 0.162109375 0.587890625 0.009765625 0.01171875
1 0.1884765625 0.5478515625 0.013671875 0.015625
1 0.23046875 0.57421875 0.01171875 0.01171875
1 0.1806640625 0.4130859375 0.009765625 0.017578125
1 0.234375 0.396484375 0.009765625 0.015625
1 0.2412109375 0.3486328125 0.0078125 0.013671875
1 0.2421875 0.28515625 0.009765625 0.013671875
0 0.296875 0.4150390625 0.134765625 0.15625
1 0.34375 0.49609375 0.0078125 0.0078125
1 0.3896484375 0.546875 0.01171875 0.01171875
1 0.3818359375 0.6640625 0.01171875 0.01171875
1 0.302734375 0.693359375 0.0078125 0.01171875
0 0.298981908203125 0.669697748046875 0.310598787109375 0.715543265625 0.30706523828125 0.762524591796875 0.3277793515625 0.78201694140625 0.36402326171875 0.796671646484375 0.38229026953125 0.783543408203125 0.417065689453125 0.75411121484375 0.41945284375 0.727495173828125 0.397626408203125 0.676500818359375 0.378314748046875 0.663702197265625 0.35638877734375 0.62803791015625 0.298981908203125 0.669697748046875
1 0.4365234375 0.6923828125 0.0078125 0.0078125
1 0.4658203125 0.681640625 0.029296875 0.029296875
1 0.4541015625 0.7099609375 0.01171875 0.013671875
0 0.5537109375 0.6669921875 0.1640625 0.193359375
1 0.6240234375 0.638671875 0.009765625 0.01171875
1 0.5859375 0.4755859375 0.033203125 0.04296875
1 0.4951171875 0.4453125 0.013671875 0.013671875
0 0.542674890625 0.4675191640625 0.558618900390625 0.464262751953125 0.57412907421875 0.44709780859375 0.584139931640625 0.404508361328125 0.5698384140625 0.37949294140625 0.55182870703125 0.3549342578125 0.53818121484375 0.315109828125 0.5192108203125 0.280552435546875 0.51714096484375 0.288058673828125 0.489101810546875 0.311656791015625 0.45955684765625 0.345525486328125 0.450740037109375 0.407929486328125 0.45782592578125 0.42694881640625 0.4840513125 0.438020345703125 0.516042875 0.447038841796875 0.542674890625 0.4675191640625
1 0.6611328125 0.283203125 0.01171875 0.01171875
1 0.7607421875 0.23046875 0.01171875 0.01171875
1 0.732421875 0.4765625 0.021484375 0.0234375
1 0.6767578125 0.490234375 0.013671875 0.013671875
1 0.6923828125 0.490234375 0.01171875 0.009765625
0 0.779296875 0.634765625 0.158203125 0.177734375
0 0.9599609375 0.5927734375 0.080078125 0.193359375
0 0.9150390625 0.2861328125 0.12890625 0.16015625
0 0.761564060546875 0.273448609375 0.72261433984375 0.26110443359375 0.70090717578125 0.282432681640625 0.671414818359375 0.30816048046875 0.6550456875 0.34912660546875 0.6594548828125 0.39930977734375 0.70161942578125 0.410611466796875 0.7598312109375 0.413757046875 0.78292610546875 0.393791328125 0.78786190234375 0.360066037109375 0.786322474609375 0.313225796875 0.77740550390625 0.27124259375 0.761564060546875 0.273448609375
1 0.763671875 0.431640625 0.01171875 0.013671875
1 0.6474609375 0.357421875 0.009765625 0.01171875