1 0.9755859375 0.3779296875 0.015625 0.0185546875
1 0.958984375 0.396484375 0.009765625 0.015625
1 0.9404296875 0.3857421875 0.0185546875 0.025390625
1 0.923828125 0.3828125 0.0126953125 0.0185546875
1 0.818359375 0.390625 0.025390625 0.0205078125
1 0.7998046875 0.431640625 0.0234375 0.0361328125
1 0.8955078125 0.341796875 0.009765625 0.009765625
1 0.783203125 0.3994140625 0.0107421875 0.0078125
1 0.7666015625 0.380859375 0.0078125 0.009765625
1 0.751953125 0.3779296875 0.009765625 0.0126953125
1 0.759765625 0.390625 0.0126953125 0.015625
1 0.7490234375 0.41015625 0.017578125 0.0185546875
1 0.7470703125 0.431640625 0.0107421875 0.015625
1 0.7724609375 0.4423828125 0.0078125 0.0107421875
1 0.72265625 0.373046875 0.009765625 0.0107421875
1 0.6279296875 0.4267578125 0.013671875 0.015625
1 0.6240234375 0.3779296875 0.0078125 0.009765625
1 0.61328125 0.396484375 0.005859375 0.009765625
1 0.607421875 0.4443359375 0.009765625 0.0185546875
1 0.587890625 0.4013671875 0.0126953125 0.0126953125
1 0.681640625 0.365234375 0.015625 0.015625
1 0.541015625 0.423828125 0.0185546875 0.03125
1 0.5546875 0.3818359375 0.009765625 0.013671875
1 0.53515625 0.4619140625 0.017578125 0.025390625
1 0.451171875 0.3984375 0.0078125 0.0126953125
1 0.435546875 0.41015625 0.0126953125 0.0126953125
1 0.4267578125 0.435546875 0.009765625 0.009765625
1 0.4091796875 0.4033203125 0.0234375 0.021484375
1 0.380859375 0.404296875 0.009765625 0.009765625
1 0.3701171875 0.4462890625 0.0185546875 0.0234375
1 0.4267578125 0.4541015625 0.0048828125 0.0078125
1 0.404296875 0.470703125 0.0048828125 0.005859375
1 0.36328125 0.3623046875 0.005859375 0.009765625
1 0.3671875 0.3759765625 0.005859375 0.005859375
1 0.3408203125 0.384765625 0.009765625 0.0185546875
0 0.2998046875 0.423828125 0.095703125 0.140625
1 0.2412109375 0.376953125 0.015625 0.021484375
1 0.181640625 0.4189453125 0.0283203125 0.021484375
1 0.181640625 0.443359375 0.025390625 0.029296875
0 0.107421875 0.4443359375 0.109375 0.1689453125
1 0.044921875 0.4140625 0.0126953125 0.013671875
1 0.046875 0.45703125 0.009765625 0.0126953125
1 0.0341796875 0.43359375 0.009765625 0.0126953125
1 0.158203125 0.7041015625 0.0205078125 0.025390625
0 0.302734375 0.685546875 0.1064453125 0.1376953125
0 0.5107421875 0.6865234375 0.083984375 0.1435546875
0 0.697265625 0.697265625 0.134765625 0.1533203125
0 0.91015625 0.6923828125 0.130859375 0.130859375
1 0.916015625 0.5869140625 0.072265625 0.09375
1 0.900390625 0.505859375 0.087890625 0.052734375
1 0.787109375 0.560546875 0.037109375 0.0341796875
1 0.728515625 0.5712890625 0.0498046875 0.056640625
1 0.697265625 0.5546875 0.015625 0.0185546875
1 0.6904296875 0.52734375 0.015625 0.0185546875
1 0.6484375 0.5849609375 0.0673828125 0.078125
1 0.580078125 0.560546875 0.013671875 0.025390625
1 0.51171875 0.564453125 0.005859375 0.009765625
1 0.5029296875 0.5634765625 0.0107421875 0.0126953125
1 0.4833984375 0.56640625 0.0048828125 0.009765625
1 0.478515625 0.5546875 0.0078125 0.005859375
1 0.4814453125 0.5986328125 0.005859375 0.0078125
1 0.4716796875 0.595703125 0.0029296875 0.009765625
1 0.3984375 0.5791015625 0.009765625 0.0078125
1 0.3603515625 0.58203125 0.009765625 0.009765625
1 0.3388671875 0.5859375 0.0048828125 0.0078125
1 0.2998046875 0.568359375 0.0078125 0.0185546875
1 0.248046875 0.5791015625 0.0126953125 0.025390625
1 0.2265625 0.58203125 0.005859375 0.009765625
1 0.2080078125 0.5810546875 0.0107421875 0.013671875
1 0.1962890625 0.59375 0.0078125 0.0107421875
1 0.171875 0.572265625 0.013671875 0.0126953125
1 0.185546875 0.560546875 0.005859375 0.009765625
1 0.1865234375 0.578125 0.0078125 0.0078125
1 0.1630859375 0.5810546875 0.005859375 0.009765625
1 0.1455078125 0.572265625 0.005859375 0.0078125
1 0.146484375 0.5888671875 0.009765625 0.0126953125
1 0.119140625 0.5791015625 0.0107421875 0.017578125
1 0.095703125 0.5634765625 0.015625 0.0126953125
1 0.0771484375 0.5693359375 0.0078125 0.005859375
1 0.0771484375 0.5791015625 0.005859375 0.0078125
1 0.0673828125 0.5849609375 0.005859375 0.009765625
1 0.0439453125 0.564453125 0.017578125 0.0126953125
1 0.03125 0.5693359375 0.005859375 0.009765625
1 0.0361328125 0.5791015625 0.009765625 0.005859375
1 0.0166015625 0.576171875 0.0107421875 0.013671875
1 0.0673828125 0.541015625 0.005859375 0.005859375
1 0.041015625 0.5263671875 0.0078125 0.009765625
1 0.0048828125 0.498046875 0.009765625 0.005859375
1 0.0048828125 0.544921875 0.005859375 0.005859375
1 0.052734375 0.630859375 0.0078125 0.0126953125
1 0.0478515625 0.5966796875 0.005859375 0.015625
1 0.087890625 0.587890625 0.005859375 0.005859375
1 0.13671875 0.568359375 0.0048828125 0.009765625
1 0.2177734375 0.48046875 0.005859375 0.005859375
1 0.1962890625 0.3681640625 0.0048828125 0.009765625
1 0.84375 0.5673828125 0.005859375 0.009765625
0 0.875 0.416015625 0.09375 0.1376953125
0 0.689453125 0.4423828125 0.109375 0.1376953125
0 0.490234375 0.419921875 0.0830078125 0.146484375
0 0.103515625 0.6962890625 0.09375 0.166015625