1 0.5361328125 0.9970703125 0.037109375 0.005859375
1 0.3837890625 0.9697265625 0.099609375 0.05078125
1 0.349609375 0.9267578125 0.02734375 0.041015625
1 0.5068359375 0.814453125 0.046875 0.041015625
1 0.5576171875 0.759765625 0.0390625 0.041015625
1 0.5869140625 0.724609375 0.017578125 0.015625
0 0.5120714765625 0.88317894140625 0.509146833984375 0.8989574921875 0.53697766015625 0.91970665234375 0.54930059375 0.93591255078125 0.548814208984375 0.959544048828125 0.542918662109375 0.98040628515625 0.585074376953125 0.982679337890625 0.649696431640625 0.980126892578125 0.67183871484375 0.965146845703125 0.670649384765625 0.9213155390625 0.646511005859375 0.87889331640625 0.619647515625 0.857903216796875 0.583663525390625 0.846065083984375 0.535766326171875 0.85337871484375 0.5120714765625 0.88317894140625
1 0.40278075390625 0.909241611328125 0.403522109375 0.9358891875 0.438324802734375 0.951744291015625 0.48871315625 0.95808076953125 0.489894455078125 0.959536111328125 0.4927522421875 0.94149207421875 0.49106680859375 0.91453696484375 0.508183078125 0.87918872265625 0.479514173828125 0.85426768359375 0.4322880546875 0.84681187109375 0.418962189453125 0.87581194921875 0.40278075390625 0.909241611328125
1 0.565861912109375 0.934727685546875 0.54490246484375 0.913283673828125 0.514288291015625 0.907240341796875 0.4915932734375 0.920419296875 0.487936380859375 0.945835595703125 0.503273986328125 0.954569927734375 0.522757845703125 0.964140525390625 0.553086919921875 0.961032814453125 0.570366955078125 0.9413557890625 0.565861912109375 0.934727685546875
0 0.286741865234375 0.918694087890625 0.3389175703125 0.912640703125 0.3738966875 0.85793939453125 0.372965130859375 0.826847708984375 0.333761369140625 0.8039704921875 0.261914537109375 0.795538076171875 0.220372197265625 0.824261373046875 0.203515830078125 0.885932740234375 0.226940064453125 0.923606453125 0.255400326171875 0.926578072265625 0.286741865234375 0.918694087890625
1 0.3291015625 0.748046875 0.013671875 0.009765625
0 0.264984802734375 0.638030783203125 0.275986912109375 0.6470315078125 0.2811999765625 0.668482095703125 0.270753287109375 0.7035975703125 0.2936859375 0.712414701171875 0.337668798828125 0.71629333203125 0.373994361328125 0.7147665078125 0.424507630859375 0.695101837890625 0.4020248515625 0.62167869921875 0.37603553125 0.589580455078125 0.33671262109375 0.5706758203125 0.313100853515625 0.598828064453125 0.2940294609375 0.62258403125 0.264984802734375 0.638030783203125
1 0.24609375 0.697265625 0.01171875 0.009765625
1 0.150317564453125 0.532993013671875 0.15293672265625 0.578164798828125 0.168827888671875 0.616370595703125 0.207353072265625 0.65899280078125 0.266053427734375 0.67737727734375 0.28556973046875 0.66593289453125 0.267574353515625 0.6359654765625 0.263667546875 0.5914542109375 0.291066994140625 0.59019798046875 0.28949565234375 0.548765306640625 0.241879826171875 0.52452677734375 0.1703615546875 0.514883916015625 0.150317564453125 0.532993013671875
1 0.3046875 0.5888671875 0.029296875 0.025390625
1 0.353515625 0.564453125 0.009765625 0.005859375
1 0.3671875 0.58203125 0.009765625 0.0078125
1 0.3818359375 0.587890625 0.0078125 0.0078125
1 0.48046875 0.6474609375 0.0390625 0.0390625
1 0.470703125 0.7734375 0.01171875 0.01171875
1 0.46484375 0.7373046875 0.044921875 0.064453125
1 0.51953125 0.6103515625 0.0859375 0.06640625
0 0.606003443359375 0.62985538671875 0.5691061796875 0.6403773515625 0.542040216796875 0.65608350390625 0.526283474609375 0.67879199609375 0.531295470703125 0.694922435546875 0.575720443359375 0.709850736328125 0.590269908203125 0.720612150390625 0.59437085546875 0.73700514453125 0.605292982421875 0.760284392578125 0.654672744140625 0.76489298046875 0.7066478046875 0.7434974296875 0.706890978515625 0.694155083984375 0.706487755859375 0.67257701953125 0.68934285546875 0.64993087109375 0.64633502734375 0.6332015859375 0.606003443359375 0.62985538671875
1 0.705078125 0.546875 0.01953125 0.015625
1 0.63671875 0.5693359375 0.1328125 0.087890625
1 0.59375 0.515625 0.03515625 0.0234375
1 0.52734375 0.54296875 0.005859375 0.005859375
1 0.4765625 0.54296875 0.0703125 0.048828125
1 0.4990234375 0.5185546875 0.017578125 0.017578125
1 0.501953125 0.501953125 0.015625 0.015625
1 0.515625 0.50390625 0.01171875 0.01171875
1 0.5439453125 0.509765625 0.01953125 0.009765625
1 0.5537109375 0.5068359375 0.0078125 0.0078125
1 0.5380859375 0.4521484375 0.009765625 0.0078125
0 0.364857087890625 0.38362960546875 0.33023369140625 0.392951552734375 0.301312966796875 0.405189669921875 0.291062546875 0.418135626953125 0.30112573046875 0.452686333984375 0.342073537109375 0.49130473828125 0.396602041015625 0.50635767578125 0.41640800390625 0.505870970703125 0.43839846484375 0.49356441796875 0.471466244140625 0.451072515625 0.486602859375 0.441866185546875 0.47963591796875 0.402701294921875 0.466046615234375 0.37816295703125 0.4488049453125 0.362055505859375 0.409371958984375 0.3657064765625 0.364857087890625 0.38362960546875
1 0.35546875 0.3837890625 0.009765625 0.0078125
1 0.3740234375 0.373046875 0.009765625 0.0078125
1 0.3681640625 0.3623046875 0.009765625 0.00390625
1 0.357421875 0.3291015625 0.01171875 0.01171875
1 0.666593818359375 0.41804559375 0.663271986328125 0.38830284375 0.64526004296875 0.371325033203125 0.576773826171875 0.358937720703125 0.53518545703125 0.376623966796875 0.520673103515625 0.408408080078125 0.5384068046875 0.425095599609375 0.5921847578125 0.444348306640625 0.61778470703125 0.443470083984375 0.653885060546875 0.428839423828125 0.666593818359375 0.41804559375
0 0.620893615234375 0.527641353515625 0.644199466796875 0.53587924609375 0.66099276953125 0.52138003515625 0.6989674609375 0.5228056796875 0.742587677734375 0.5008926796875 0.711784416015625 0.47160875 0.66474026171875 0.442847505859375 0.63321662890625 0.436148833984375 0.60282157421875 0.4424710390625 0.578187060546875 0.440070498046875 0.584099287109375 0.467834341796875 0.6038798515625 0.50232641015625 0.620893615234375 0.527641353515625
1 0.5546875 0.296875 0.0390625 0.046875
1 0.447265625 0.3388671875 0.009765625 0.0078125
1 0.4453125 0.2900390625 0.013671875 0.01171875
1 0.5009765625 0.2236328125 0.021484375 0.017578125
0 0.515895650390625 0.18808044921875 0.497592466796875 0.152468283203125 0.46470781640625 0.154738072265625 0.410555890625 0.15914837109375 0.369911921875 0.171592265625 0.374876396484375 0.199814185546875 0.40094158203125 0.2347299453125 0.438837076171875 0.257742912109375 0.4614924140625 0.258138419921875 0.504984935546875 0.26005705078125 0.505310630859375 0.259611154296875 0.494401107421875 0.22984765234375 0.491334818359375 0.214277314453125 0.51793326953125 0.20636665625 0.515895650390625 0.18808044921875
1 0.4853515625 0.142578125 0.017578125 0.017578125
1 0.4052734375 0.1484375 0.009765625 0.0078125
1 0.4052734375 0.1357421875 0.015625 0.015625
1 0.390625 0.1328125 0.021484375 0.01953125
1 0.396484375 0.107421875 0.01171875 0.009765625
0 0.670693603515625 0.255947927734375 0.670922828125 0.272276748046875 0.643424314453125 0.265756939453125 0.641381208984375 0.2945562109375 0.666732232421875 0.316070087890625 0.702865509765625 0.322441359375 0.717241966796875 0.352948896484375 0.744534234375 0.337739228515625 0.779891849609375 0.30350648046875 0.785642935546875 0.3007451875 0.79330473828125 0.276278796875 0.78030503125 0.256987029296875 0.744269333984375 0.241225857421875 0.682498583984375 0.22751938671875 0.665249423828125 0.236057734375 0.670693603515625 0.255947927734375
1 0.6591796875 0.259765625 0.029296875 0.025390625
1 0.642578125 0.3134765625 0.025390625 0.025390625
1 0.609758673828125 0.2239435625 0.639773126953125 0.23012487890625 0.65373394140625 0.1996950625 0.682188248046875 0.16058823828125 0.690690072265625 0.13497450390625 0.64060298828125 0.130161060546875 0.586717091796875 0.12807001953125 0.532565708984375 0.123148431640625 0.51982070703125 0.12955284375 0.5313277734375 0.149603095703125 0.55317756640625 0.17519398046875 0.587330974609375 0.2068373671875 0.609758673828125 0.2239435625
0 0.4736328125 0.0400390625 0.166015625 0.080078125
0 0.675950849609375 0.06725870703125 0.6778457578125 0.0914920546875 0.703298744140625 0.129286435546875 0.728463158203125 0.131111814453125 0.761178716796875 0.130659404296875 0.784958107421875 0.125721533203125 0.8005895390625 0.115242720703125 0.822909462890625 0.0943951484375 0.826872126953125 0.070513609375 0.792092751953125 0.04379052734375 0.717124513671875 0.030571603515625 0.675950849609375 0.06725870703125
1 0.7451171875 0.1494140625 0.0703125 0.048828125
1 0.127167134765625 0 0.074317646484375 0.03477934765625 0.035133755859375 0.2570022421875 0.117999787109375 0.2761495390625 0.2340699140625 0.1619197578125 0.320794998046875 0.045580517578125 0.321609791015625 0.043570150390625 0.316644376953125 0 0.127167134765625 0
1 0.8916015625 0.837890625 0.12890625 0.130859375