0 0.0791015625 0.587890625 0.125 0.154296875
1 0.017578125 0.681640625 0.03125 0.041015625
1 0.0703125 0.70703125 0.0126953125 0.0126953125
1 0.107421875 0.669921875 0.013671875 0.0185546875
1 0.0302734375 0.7392578125 0.0126953125 0.0126953125
1 0.0126953125 0.603515625 0.0126953125 0.0107421875
1 0.029296875 0.4814453125 0.046875 0.0751953125
1 0.076171875 0.484375 0.009765625 0.0107421875
1 0.10546875 0.4775390625 0.0126953125 0.0126953125
0 0.095703125 0.3486328125 0.1123046875 0.166015625
1 0.166015625 0.3515625 0.0439453125 0.041015625
1 0.1513671875 0.478515625 0.0078125 0.009765625
1 0.185546875 0.5126953125 0.0107421875 0.013671875
1 0.2216796875 0.478515625 0.009765625 0.0107421875
1 0.203125 0.646484375 0.0078125 0.015625
1 0.2587890625 0.65234375 0.009765625 0.013671875
1 0.275390625 0.6982421875 0.005859375 0.0126953125
1 0.2880859375 0.759765625 0.009765625 0.0126953125
0 0.31640625 0.6220703125 0.111328125 0.1376953125
1 0.34765625 0.533203125 0.005859375 0.005859375
1 0.3828125 0.474609375 0.009765625 0.0107421875
1 0.3525390625 0.361328125 0.009765625 0.0107421875
1 0.26953125 0.34765625 0.005859375 0.0107421875
0 0.260517939453125 0.279112412109375 0.27295102734375 0.324556326171875 0.2702953203125 0.37177613671875 0.33459653515625 0.4017168203125 0.34931459765625 0.36252411328125 0.36582935546875 0.34627580078125 0.377524595703125 0.29205367578125 0.370102720703125 0.26638213671875 0.330350296875 0.244126158203125 0.30991391796875 0.2347246328125 0.27713216015625 0.25602575390625 0.260517939453125 0.279112412109375
1 0.4013671875 0.3232421875 0.005859375 0.009765625
1 0.431640625 0.328125 0.025390625 0.025390625
1 0.4150390625 0.302734375 0.009765625 0.0126953125
0 0.5205078125 0.326171875 0.130859375 0.171875
1 0.595703125 0.33984375 0.005859375 0.009765625
1 0.5888671875 0.5078125 0.025390625 0.037109375
1 0.505859375 0.5546875 0.0107421875 0.0126953125
0 0.525853587890625 0.54892698828125 0.496170609375 0.56388406640625 0.47253960546875 0.579756220703125 0.469212962890625 0.5997781640625 0.489775029296875 0.659353298828125 0.525239619140625 0.686962287109375 0.55726634765625 0.704776716796875 0.56073043359375 0.71175009765625 0.57275842578125 0.674207900390625 0.57855631640625 0.632511091796875 0.5915491171875 0.60496720703125 0.60081470703125 0.577682533203125 0.582861328125 0.537785734375 0.56436089453125 0.523895640625 0.54808846875 0.523741318359375 0.525853587890625 0.54892698828125
1 0.69921875 0.6826171875 0.009765625 0.0107421875
1 0.8076171875 0.71484375 0.009765625 0.009765625
1 0.732421875 0.478515625 0.0185546875 0.0205078125
1 0.67578125 0.4755859375 0.009765625 0.0126953125
1 0.6904296875 0.47265625 0.009765625 0.005859375
0 0.748046875 0.314453125 0.1298828125 0.15625
0 0.955078125 0.31640625 0.087890625 0.177734375
0 0.9482421875 0.630859375 0.103515625 0.1435546875
0 0.67573784765625 0.568414833984375 0.6809850625 0.6185173125 0.70487015234375 0.6556073984375 0.73872974609375 0.67523509765625 0.7641077109375 0.6920295625 0.799986435546875 0.672480228515625 0.81595775390625 0.6716230234375 0.816700123046875 0.62870973046875 0.8092737265625 0.582436341796875 0.797993525390625 0.55027247265625 0.771513310546875 0.535080294921875 0.71497124609375 0.5492754140625 0.67573784765625 0.568414833984375
1 0.771484375 0.5166015625 0.009765625 0.0126953125
1 0.671875 0.6123046875 0.005859375 0.009765625