0 0.5849609375 0.3720703125 0.1357421875 0.193359375
0 0.3857421875 0.3740234375 0.1298828125 0.181640625
0 0.1376953125 0.3388671875 0.1513671875 0.2001953125
0 0.09375 0.654296875 0.1875 0.2080078125
0 0.3251953125 0.646484375 0.1201171875 0.150390625
0 0.5673828125 0.671875 0.150390625 0.1748046875
1 0.5859375 0.5810546875 0.0185546875 0.0185546875
1 0.591796875 0.5244140625 0.037109375 0.0439453125
1 0.55078125 0.4912109375 0.0126953125 0.009765625
1 0.51171875 0.548828125 0.0126953125 0.015625
1 0.427734375 0.46875 0.009765625 0.009765625
1 0.419921875 0.478515625 0.005859375 0.009765625
1 0.197265625 0.474609375 0.0078125 0.009765625
1 0.455078125 0.6376953125 0.009765625 0.013671875