0 0.06640625 0.302734375 0.125 0.236328125
0 0.2744140625 0.294921875 0.1484375 0.201171875
1 0.13671875 0.3818359375 0.017578125 0.021484375
1 0.2333984375 0.4365234375 0.046875 0.046875
0 0.5380859375 0.3388671875 0.185546875 0.205078125
0 0.763671875 0.35546875 0.19921875 0.22265625
0 0.96484375 0.3798828125 0.0703125 0.154296875
0 0.9521484375 0.6904296875 0.0859375 0.193359375
0 0.75 0.6796875 0.171875 0.193359375
0 0.537109375 0.6435546875 0.1328125 0.1953125
1 0.568359375 0.490234375 0.0234375 0.02734375
0 0.310546875 0.640625 0.177734375 0.232421875
0 0.0556640625 0.64453125 0.111328125 0.18359375
1 0.9541015625 0.0966796875 0.091796875 0.154296875