1 0.1025390625 0.275390625 0.0966796875 0.109375
1 0.1162109375 0.166015625 0.0498046875 0.021484375
1 0.1357421875 0.189453125 0.0126953125 0.0078125
1 0.115234375 0.033203125 0.03125 0.0205078125
1 0.1298828125 0.056640625 0.021484375 0.0234375
1 0.29174589453125 0.01196159765625 0.26178764453125 0.02116401953125 0.24686880078125 0.037624783203125 0.24662078515625 0.098233662109375 0.26188237109375 0.1518102578125 0.33275807421875 0.162690662109375 0.40956548828125 0.16410641796875 0.433583416015625 0.143784619140625 0.452787423828125 0.09781642578125 0.464750744140625 0.0830039375 0.46595809765625 0.06871073046875 0.4432577578125 0.05587203515625 0.40309641015625 0.041555576171875 0.348310736328125 0.02186156640625 0.29174589453125 0.01196159765625
1 0.595703125 0.0244140625 0.0126953125 0.009765625
1 0.607421875 0.0556640625 0.0234375 0.015625
0 0.49111448828125 0 0.46544484375 0.01507858984375 0.4441895390625 0.053846572265625 0.46089788671875 0.08135695703125 0.46608555078125 0.123714708984375 0.48107845703125 0.1391304453125 0.520621486328125 0.13841094140625 0.5498908046875 0.12493799609375 0.55998539453125 0.103740388671875 0.570007646484375 0.065354765625 0.59567901171875 0.0383597890625 0.595549837890625 0.037706162109375 0.553864224609375 0 0.49111448828125 0
1 0.599609375 0.0927734375 0.0283203125 0.041015625
1 0.6826171875 0.0146484375 0.052734375 0.0283203125
1 0.716796875 0.1572265625 0.025390625 0.0205078125
0 0.785273369140625 0.125661375 0.806900697265625 0.0788044609375 0.78962398046875 0.05490322265625 0.75344294140625 0.02898685546875 0.720282876953125 0.02898685546875 0.69782021484375 0.035626447265625 0.67970816796875 0.05127469921875 0.65581425 0.100762908203125 0.649260775390625 0.142393404296875 0.65765714453125 0.14990363671875 0.68207465234375 0.16502226953125 0.71495053515625 0.1492228828125 0.75758170703125 0.140271060546875 0.785273369140625 0.125661375
1 0.501953125 0.279296875 0.0126953125 0.009765625
0 0.507910673828125 0.26624633203125 0.52493765234375 0.2492378671875 0.524544958984375 0.226017380859375 0.517149263671875 0.21192698046875 0.49431113671875 0.20489986328125 0.45021942578125 0.196485408203125 0.402629658203125 0.21185205859375 0.375837052734375 0.23387380078125 0.38388551171875 0.25922308984375 0.4033237578125 0.282642505859375 0.433269951171875 0.29963030078125 0.449451263671875 0.29929961328125 0.46419615234375 0.29573696875 0.488949515625 0.2832328359375 0.507910673828125 0.26624633203125
1 0.61044801171875 0.21908585546875 0.59825734375 0.19630585546875 0.59528115234375 0.16749726171875 0.53737461328125 0.1575985859375 0.532627865234375 0.15939153515625 0.513604705078125 0.20654038671875 0.527862171875 0.242007947265625 0.54176139453125 0.254638671875 0.5790223359375 0.250585162109375 0.61044801171875 0.21908585546875
1 0.541015625 0.142578125 0.009765625 0.005859375
1 0.55589830078125 0.14802672265625 0.5800746796875 0.16826326953125 0.6075234921875 0.18419699609375 0.662140376953125 0.2020360546875 0.67731584765625 0.190861130859375 0.676558021484375 0.16628818359375 0.650278673828125 0.14029301953125 0.62579055078125 0.12725539453125 0.60574087890625 0.12038199609375 0.57423597265625 0.12327034765625 0.553721271484375 0.12526093359375 0.537042205078125 0.131407076171875 0.541005291015625 0.1322751328125 0.55589830078125 0.14802672265625
1 0.6357421875 0.11328125 0.0361328125 0.0361328125
1 0.7314453125 0.201171875 0.013671875 0.009765625
1 0.7265625 0.216796875 0.009765625 0.017578125
1 0.6455078125 0.23046875 0.0498046875 0.0439453125
1 0.62109375 0.263671875 0.0654296875 0.0546875
0 0.7860088046875 0.246505818359375 0.7671165390625 0.219508255859375 0.7392991484375 0.217237361328125 0.705479427734375 0.23203693359375 0.6816371796875 0.239594958984375 0.66355785546875 0.270086701171875 0.663781759765625 0.29289124609375 0.681070533203125 0.310048259765625 0.709204833984375 0.3103556953125 0.73974351171875 0.287119708984375 0.75034791015625 0.272739955078125 0.796800939453125 0.263695126953125 0.7860088046875 0.246505818359375
1 0.701171875 0.2265625 0.0126953125 0.009765625
1 0.685546875 0.326171875 0.0185546875 0.013671875
1 0.677734375 0.314453125 0.0283203125 0.009765625
1 0.744140625 0.326171875 0.025390625 0.015625
1 0.880859375 0.216796875 0.041015625 0.046875
1 0.84765625 0.1591796875 0.013671875 0.005859375
1 0.93185591796875 0.33115802734375 0.90625 0.286106978515625 0.85895302734375 0.242363177734375 0.811969521484375 0.230351201171875 0.79534040234375 0.248121796875 0.77947944140625 0.27333803515625 0.76138633984375 0.298962466796875 0.74739927734375 0.337819578125 0.752089189453125 0.36569036328125 0.77869405859375 0.379694216796875 0.8229528359375 0.380995009765625 0.8826282109375 0.3706429296875 0.92270171875 0.352081783203125 0.93185591796875 0.33115802734375
1 0.55642877734375 0.316623263671875 0.57051401171875 0.3451657578125 0.609225158203125 0.3465518046875 0.65705605078125 0.32606466015625 0.66795497265625 0.313413267578125 0.66464637109375 0.29272202734375 0.6194144765625 0.289524947265625 0.5897197421875 0.280755259765625 0.57677124609375 0.2665602265625 0.56291852734375 0.25515149609375 0.56217103515625 0.256151310546875 0.55734850390625 0.28121770703125 0.55642877734375 0.316623263671875
1 0.685062900390625 0.39744026953125 0.700370990234375 0.377685546875 0.68442844921875 0.35041241796875 0.6389388359375 0.325814060546875 0.606776 0.331934369140625 0.5879543515625 0.341596654296875 0.57806988671875 0.36132683203125 0.59828490234375 0.37040395703125 0.644104111328125 0.394584212890625 0.685062900390625 0.39744026953125
1 0.60592516796875 0.371438646484375 0.58184523828125 0.35250030859375 0.56996114453125 0.351762720703125 0.5569075859375 0.362198763671875 0.553319966796875 0.39197875390625 0.56137187109375 0.421288544921875 0.56629946484375 0.42463676171875 0.595859857421875 0.436907087890625 0.61864631640625 0.4336389609375 0.650352734375 0.404100529296875 0.621567390625 0.3852913671875 0.60592516796875 0.371438646484375
0 0.43165784765625 0.380952380859375 0.41701285546875 0.387270326171875 0.39756427734375 0.402906953125 0.39760561328125 0.42841254296875 0.40244364453125 0.451649822265625 0.411685681640625 0.48184575390625 0.426955880859375 0.496517443359375 0.46682098828125 0.498508029296875 0.497159873046875 0.494849794921875 0.5153356484375 0.46049184765625 0.53401262109375 0.440828837890625 0.516117587890625 0.39952902734375 0.515805845703125 0.38298559375 0.44858148828125 0.37994094140625 0.43165784765625 0.380952380859375
1 0.51171875 0.482421875 0.0126953125 0.0078125
1 0.564453125 0.50390625 0.0810546875 0.0546875
1 0.626953125 0.4951171875 0.046875 0.052734375
1 0.603693025390625 0.439827732421875 0.559082892578125 0.407076720703125 0.561981578125 0.408181166015625 0.5416201640625 0.387394333984375 0.52283468359375 0.39504019921875 0.51730944140625 0.406549685546875 0.519929109375 0.42565853515625 0.52601238671875 0.445958375 0.5130070546875 0.45948557421875 0.526503251953125 0.469083271484375 0.56705040234375 0.47539217578125 0.59834518359375 0.47525783203125 0.605141505859375 0.4729456015625 0.609352609375 0.46028645703125 0.603693025390625 0.439827732421875
1 0.7529296875 0.48828125 0.009765625 0.005859375
1 0.7060546875 0.4931640625 0.0126953125 0.005859375
1 0.705078125 0.5048828125 0.015625 0.009765625
1 0.720703125 0.501953125 0.013671875 0.0078125
1 0.7236328125 0.4921875 0.017578125 0.0078125
0 0.6806830078125 0.495243779296875 0.72334173828125 0.48510612890625 0.754497009765625 0.48270218359375 0.764739720703125 0.50201125390625 0.76321545703125 0.50316091015625 0.77219225390625 0.50381453515625 0.781175939453125 0.493873232421875 0.794601521484375 0.450830853515625 0.831519716796875 0.4325681015625 0.82799582421875 0.421367341796875 0.80273954296875 0.395533646484375 0.77079544140625 0.39367352734375 0.72210166015625 0.405011212890625 0.676933490234375 0.420999193359375 0.67714705859375 0.444648541015625 0.66523196484375 0.491341404296875 0.6806830078125 0.495243779296875
1 0.806640625 0.533203125 0.015625 0.0126953125
1 0.74609375 0.533203125 0.0107421875 0.005859375
1 0.7255859375 0.556640625 0.015625 0.0185546875
1 0.7060546875 0.5615234375 0.0205078125 0.0126953125
1 0.6689453125 0.552734375 0.0126953125 0.009765625
1 0.6806640625 0.564453125 0.009765625 0.0048828125
1 0.69140625 0.576171875 0.013671875 0.0107421875
1 0.705078125 0.583984375 0.0126953125 0.0078125
1 0.60546875 0.6005859375 0.0498046875 0.046875
1 0.587890625 0.572265625 0.041015625 0.0234375
1 0.61328125 0.693359375 0.080078125 0.091796875
1 0.4130859375 0.6044921875 0.0517578125 0.025390625
1 0.4453125 0.572265625 0.013671875 0.005859375
0 0.4939563359375 0.688616072265625 0.5405764296875 0.68089141015625 0.57087053515625 0.6757399140625 0.56139081640625 0.64872039453125 0.53431747265625 0.60643626953125 0.51945374609375 0.586565291015625 0.507946841796875 0.58626173046875 0.46700527734375 0.587801494140625 0.44887428515625 0.592588716796875 0.429947572265625 0.61110465234375 0.41798941796875 0.633393787109375 0.410579943359375 0.6597842265625 0.414160673828125 0.67842675390625 0.4223520859375 0.6843597578125 0.450408880859375 0.690282427734375 0.4939563359375 0.688616072265625
1 0.705078125 0.6943359375 0.0283203125 0.0126953125
1 0.697265625 0.7333984375 0.03125 0.021484375
1 0.8291015625 0.681640625 0.015625 0.0107421875
1 0.8328235234375 0.70333297265625 0.8041311875 0.676513671875 0.77092289453125 0.68294916796875 0.73765604296875 0.688295716796875 0.716664255859375 0.70236028515625 0.715064208984375 0.71922148828125 0.720713458984375 0.73027886328125 0.74320023046875 0.7496848125 0.77560075 0.76516126171875 0.78910900390625 0.760269408203125 0.81224337109375 0.74797712109375 0.83741526171875 0.72283451171875 0.8328235234375 0.70333297265625
1 0.728515625 0.6748046875 0.0185546875 0.0126953125
0 0.775800541015625 0.67777700390625 0.80616526171875 0.66931216796875 0.82980599609375 0.63690476171875 0.78601397265625 0.580265427734375 0.743715208984375 0.575330947265625 0.70809220703125 0.58809213671875 0.677209064453125 0.59818069921875 0.6482463203125 0.6120902578125 0.65080915234375 0.62248496484375 0.659007455078125 0.64314649609375 0.677100556640625 0.66927470703125 0.672033455078125 0.688665158203125 0.68429818359375 0.688746537109375 0.713274705078125 0.682353669921875 0.735692583984375 0.670429533203125 0.775800541015625 0.67777700390625
1 0.677734375 0.6689453125 0.015625 0.015625
1 0.712890625 0.7568359375 0.015625 0.009765625
1 0.693359375 0.7763671875 0.0185546875 0.0107421875
1 0.728515625 0.771484375 0.0283203125 0.015625
1 0.7294921875 0.7861328125 0.025390625 0.0126953125
1 0.771484375 0.791015625 0.0390625 0.03125
1 0.787109375 0.8154296875 0.0205078125 0.009765625
1 0.7177734375 0.8642578125 0.0107421875 0.009765625
0 0.7451171875 0.830078125 0.0625 0.0654296875
1 0.6728515625 0.826171875 0.0546875 0.0859375
1 0.6318359375 0.7998046875 0.041015625 0.037109375
1 0.595703125 0.830078125 0.0205078125 0.009765625
1 0.517578125 0.806640625 0.0126953125 0.013671875
0 0.425485009765625 0.803571427734375 0.425479841796875 0.831925326171875 0.42865237890625 0.84458963671875 0.43020764453125 0.877476283203125 0.4609564453125 0.91407154296875 0.484247546875 0.92199771484375 0.5416615 0.89383112109375 0.53560577734375 0.874255951171875 0.54234698828125 0.83911391015625 0.55230379296875 0.81776775390625 0.514362529296875 0.81704695703125 0.482289255859375 0.807702443359375 0.447713431640625 0.8015511328125 0.425150876953125 0.80269174609375 0.425485009765625 0.803571427734375
1 0.568359375 0.974609375 0.046875 0.0390625
1 0.47265625 0.955078125 0.0126953125 0.009765625
1 0.5403284140625 0.8349906484375 0.5377518046875 0.86647574609375 0.5415529921875 0.882383638671875 0.57298555859375 0.894839978515625 0.615365271484375 0.905040923828125 0.658423583984375 0.908504103515625 0.67025018359375 0.899471412109375 0.640676669921875 0.8280797890625 0.5949935234375 0.839847625 0.5698130234375 0.82446547265625 0.553307912109375 0.820950623046875 0.5403284140625 0.8349906484375
1 0.6826171875 0.876953125 0.009765625 0.0078125
1 0.6923828125 0.896484375 0.009765625 0.009765625
1 0.72683462890625 0.883091517578125 0.7037898203125 0.892915271484375 0.66645309765625 0.91511269140625 0.620210193359375 0.947974794921875 0.616226439453125 0.963438326171875 0.656888986328125 0.97367285546875 0.678180458984375 0.973382212890625 0.7150349296875 0.966831751953125 0.745962853515625 0.96268265234375 0.761229607421875 0.951323009765625 0.74592840625 0.90681966015625 0.740828580078125 0.88476820703125 0.72683462890625 0.883091517578125
1 0.8095703125 0.9560546875 0.0888671875 0.087890625
1 0.109375 0.5322265625 0.0283203125 0.021484375
1 0.103515625 0.568359375 0.03125 0.0263671875
1 0.111328125 0.8955078125 0.017578125 0.0185546875
1 0.095703125 0.9541015625 0.029296875 0.021484375