0 0.26953125 0.1572265625 0.208984375 0.1796875
1 0.29296875 0.2666015625 0.01171875 0.013671875
1 0.32421875 0.306640625 0.01171875 0.01171875
0 0.3203125 0.3955078125 0.2109375 0.158203125
0 0.35546875 0.603515625 0.189453125 0.13671875
1 0.34765625 0.673828125 0.0390625 0.021484375
1 0.3193359375 0.6787109375 0.013671875 0.01171875
1 0.4658203125 0.6416015625 0.013671875 0.013671875
1 0.4375 0.64453125 0.015625 0.01171875
1 0.5068359375 0.5859375 0.091796875 0.095703125
1 0.474609375 0.54296875 0.01171875 0.01171875
0 0.3984375 0.830078125 0.158203125 0.13671875
1 0.38671875 0.0380859375 0.015625 0.013671875
1 0.4150390625 0.0615234375 0.080078125 0.0625
1 0.4033203125 0.126953125 0.0390625 0.03125
1 0.3994140625 0.16015625 0.02734375 0.015625
1 0.4052734375 0.181640625 0.01953125 0.017578125
1 0.490234375 0.07421875 0.046875 0.029296875
1 0.51953125 0.103515625 0.025390625 0.015625
1 0.4462890625 0.259765625 0.06640625 0.06640625
1 0.4013671875 0.2431640625 0.013671875 0.01171875
1 0.4404296875 0.39453125 0.02734375 0.02734375
1 0.4521484375 0.361328125 0.009765625 0.009765625
1 0.453125 0.4560546875 0.013671875 0.009765625
0 0.615234375 0.4033203125 0.185546875 0.15234375
0 0.6435546875 0.580078125 0.173828125 0.14453125
1 0.6064453125 0.62890625 0.03515625 0.029296875
1 0.75390625 0.7265625 0.01171875 0.015625
1 0.5419921875 0.755859375 0.099609375 0.087890625
1 0.5361328125 0.7763671875 0.015625 0.01171875
1 0.4873046875 0.767578125 0.01953125 0.017578125
1 0.486328125 0.7861328125 0.0234375 0.013671875
1 0.529296875 0.8408203125 0.109375 0.0703125
1 0.5380859375 0.90625 0.103515625 0.083984375
1 0.5390625 0.9619140625 0.0859375 0.076171875
1 0.630859375 0.9287109375 0.064453125 0.044921875
0 0.6611328125 0.9619140625 0.119140625 0.05859375
1 0.6728515625 0.892578125 0.0234375 0.02734375
0 0.510488751953125 0.216963427734375 0.566721119140625 0.23357418359375 0.64678261328125 0.207700041015625 0.6644402265625 0.169505814453125 0.66003076953125 0.139053689453125 0.63503087109375 0.083350572265625 0.619671857421875 0.069497990234375 0.579492625 0.071020658203125 0.56312846484375 0.075286375 0.530004404296875 0.10748705078125 0.501931017578125 0.13160398046875 0.48734226171875 0.148395083984375 0.494205349609375 0.192684599609375 0.510488751953125 0.216963427734375
0 0.649673568359375 0.87705703515625 0.690544966796875 0.890836279296875 0.745173365234375 0.88048753125 0.756613234375 0.833324826171875 0.748847890625 0.80897289453125 0.735999875 0.7823821015625 0.716757333984375 0.752209615234375 0.643052087890625 0.726366408203125 0.643242359375 0.725457986328125 0.631195427734375 0.7260968203125 0.577919599609375 0.76831262890625 0.58897650390625 0.802034109375 0.59421688671875 0.845368060546875 0.649673568359375 0.87705703515625