1 0.1044921875 0.3251953125 0.0185546875 0.0185546875
0 0.169921875 0.365234375 0.1142578125 0.173828125
1 0.2197265625 0.45703125 0.015625 0.0185546875
1 0.228515625 0.2939453125 0.0126953125 0.0185546875
1 0.119140625 0.5224609375 0.0185546875 0.015625
1 0.04296875 0.49609375 0.015625 0.015625
0 0.0263671875 0.6474609375 0.052734375 0.134765625
0 0.177734375 0.650390625 0.1357421875 0.140625
0 0.400390625 0.6220703125 0.109375 0.1845703125
1 0.45703125 0.6298828125 0.0126953125 0.0185546875
1 0.419921875 0.4990234375 0.009765625 0.005859375
1 0.435546875 0.478515625 0.0078125 0.0126953125
1 0.306640625 0.501953125 0.0126953125 0.005859375
1 0.318359375 0.5048828125 0.0126953125 0.009765625
1 0.337890625 0.482421875 0.0126953125 0.0126953125
1 0.3466796875 0.453125 0.015625 0.0126953125
1 0.2744140625 0.486328125 0.005859375 0.009765625
0 0.3857421875 0.3505859375 0.1123046875 0.166015625
1 0.326171875 0.279296875 0.005859375 0.0078125
1 0.3017578125 0.3193359375 0.0078125 0.0126953125
1 0.501953125 0.453125 0.0126953125 0.0107421875
1 0.462890625 0.48046875 0.009765625 0.005859375
1 0.537109375 0.345703125 0.0107421875 0.009765625
0 0.6171875 0.337890625 0.115234375 0.1220703125
1 0.6513671875 0.4501953125 0.009765625 0.0107421875
1 0.576171875 0.494140625 0.013671875 0.0126953125
1 0.74609375 0.46484375 0.0126953125 0.017578125
1 0.7412109375 0.4892578125 0.009765625 0.0126953125
1 0.755859375 0.490234375 0.009765625 0.0126953125
1 0.779296875 0.4580078125 0.005859375 0.0078125
1 0.814453125 0.494140625 0.009765625 0.013671875
1 0.830078125 0.486328125 0.021484375 0.0126953125
0 0.841796875 0.619140625 0.142578125 0.1796875
0 0.6142578125 0.6484375 0.0966796875 0.1376953125
1 0.6083984375 0.546875 0.009765625 0.009765625
1 0.966796875 0.458984375 0.015625 0.015625
0 0.845703125 0.33203125 0.140625 0.1533203125
1 0.7626953125 0.349609375 0.0185546875 0.021484375
1 0.7021484375 0.353515625 0.0078125 0.009765625
1 0.419921875 0.244140625 0.0107421875 0.009765625
1 0.880859375 0.45703125 0.0078125 0.009765625