0 0.3623046875 0.1103515625 0.197265625 0.138671875
1 0.4150390625 0.1767578125 0.015625 0.017578125
1 0.4833984375 0.2294921875 0.01953125 0.01953125
1 0.513671875 0.1357421875 0.03125 0.013671875
1 0.49609375 0.0712890625 0.033203125 0.03125
0 0.638671875 0.09375 0.197265625 0.16796875
0 0.6689453125 0.2880859375 0.185546875 0.146484375
0 0.359375 0.3173828125 0.146484375 0.125
1 0.626953125 0.4365234375 0.04296875 0.02734375
1 0.66015625 0.3798828125 0.015625 0.01171875
0 0.6767578125 0.529296875 0.16796875 0.12890625
1 0.716796875 0.671875 0.021484375 0.01171875
0 0.643517005859375 0.759311759765625 0.683230333984375 0.76977923828125 0.7272578359375 0.767816310546875 0.747097833984375 0.752202130859375 0.75601646484375 0.725279703125 0.74084825390625 0.689468576171875 0.707213630859375 0.67027798828125 0.68761331640625 0.656031771484375 0.664456251953125 0.6932908046875 0.6410225 0.7377467265625 0.643517005859375 0.759311759765625
0 0.7119140625 0.9228515625 0.16015625 0.1328125
0 0.4287109375 0.9501953125 0.162109375 0.099609375
1 0.53515625 0.8759765625 0.01953125 0.0234375
0 0.4326171875 0.791015625 0.18359375 0.15234375
1 0.556640625 0.744140625 0.01953125 0.01953125
0 0.3798828125 0.5390625 0.1328125 0.10546875