0 0.029296875 0.646484375 0.0576171875 0.0830078125
1 0.125 0.615234375 0.025390625 0.0234375
1 0.0439453125 0.568359375 0.0078125 0.0107421875
0 0.0185546875 0.353515625 0.037109375 0.072265625
1 0 0.45341033203125 0.0165211875 0.485961076171875 0.034654908203125 0.5008734140625 0.03549689453125 0.50063662109375 0.035596306640625 0.4990408515625 0.03580780078125 0.500285859375 0.05119317578125 0.48068442578125 0.065218701171875 0.449542931640625 0.07029341015625 0.430903849609375 0.05945879296875 0.405777123046875 0.016614623046875 0.389703361328125 0 0.405952611328125 0 0.45341033203125
1 0.0029296875 0.5 0.005859375 0.0107421875
1 0.0557092734375 0.454820923828125 0.04594264453125 0.46635748828125 0.044436607421875 0.49401068359375 0.046826775390625 0.5480002578125 0.052616826171875 0.55247181640625 0.08970610546875 0.53555008984375 0.10700291796875 0.52258283984375 0.09695798828125 0.50099799609375 0.107998568359375 0.48777890234375 0.129980267578125 0.464440533203125 0.133563005859375 0.44377330859375 0.08685277734375 0.433895158203125 0.0557092734375 0.454820923828125
1 0.0546875 0.4912109375 0.015625 0.0205078125
1 0.198169849609375 0.49989819140625 0.178921923828125 0.49610044921875 0.18580005859375 0.45316652734375 0.174227994140625 0.4383278671875 0.14263840625 0.457348732421875 0.12807436328125 0.4726160625 0.097479423828125 0.49451303125 0.09743119921875 0.496563947265625 0.09814051171875 0.5067930703125 0.138324251953125 0.522573462890625 0.1596629453125 0.524969994140625 0.198617943359375 0.52442076171875 0.20539359765625 0.5173865625 0.198169849609375 0.49989819140625
1 0.1826171875 0.4853515625 0.0126953125 0.013671875
1 0.2021484375 0.455078125 0.0126953125 0.015625
1 0.278338396484375 0.459530927734375 0.27542980859375 0.431027091796875 0.267942830078125 0.416375974609375 0.259788732421875 0.426938658203125 0.24408938671875 0.455355419921875 0.21713043359375 0.475726595703125 0.194580078125 0.494713970703125 0.202918033203125 0.509086451171875 0.213875224609375 0.554607125 0.225863232421875 0.56393872265625 0.24706629296875 0.5509044921875 0.260090140625 0.522040306640625 0.278221853515625 0.48821694921875 0.278338396484375 0.459530927734375
1 0.24746917578125 0.364082326171875 0.25904425390625 0.397036287109375 0.26806238671875 0.4265086484375 0.27499678515625 0.443912626953125 0.28107016015625 0.488701880859375 0.29057155078125 0.5103269140625 0.29357960546875 0.513288751953125 0.30992496875 0.493528431640625 0.32917289453125 0.479091650390625 0.357134533203125 0.457703724609375 0.360124501953125 0.4406788515625 0.34110363671875 0.39131087109375 0.2781917109375 0.357346857421875 0.254110203125 0.35692488671875 0.24746917578125 0.364082326171875
1 0.318359375 0.498046875 0.009765625 0.0126953125
1 0.3623046875 0.4794921875 0.0126953125 0.0205078125
0 0.223401732421875 0.5678784609375 0.201783732421875 0.53414351953125 0.17783082421875 0.56736405859375 0.1514726796875 0.57040225390625 0.1358707890625 0.602985146484375 0.13225288671875 0.6466076171875 0.1291051796875 0.658361197265625 0.165010931640625 0.673111443359375 0.194897560546875 0.674168380859375 0.226519298828125 0.66826212109375 0.24022030859375 0.66139537109375 0.24190216796875 0.63113533203125 0.2451222109375 0.61544469140625 0.2386158125 0.591934853515625 0.223401732421875 0.5678784609375
1 0.266842689453125 0.52121645703125 0.2535767109375 0.5318112890625 0.23326079296875 0.56788516015625 0.228423193359375 0.58840502734375 0.24239748046875 0.613435302734375 0.265461234375 0.654408060546875 0.277126736328125 0.649605623046875 0.275397658203125 0.63520769140625 0.259893220703125 0.6115371015625 0.25847861328125 0.58879083203125 0.26836078125 0.55215165234375 0.28009058203125 0.520080482421875 0.266842689453125 0.52121645703125
1 0.2734375 0.623046875 0.0078125 0.009765625
1 0.263671875 0.59765625 0.015625 0.017578125
1 0.2861328125 0.59375 0.005859375 0.009765625
1 0.291015625 0.67578125 0.0107421875 0.0126953125
1 0.248046875 0.6455078125 0.005859375 0.0078125
1 0.306640625 0.572265625 0.0126953125 0.015625
1 0.326171875 0.615234375 0.037109375 0.048828125
1 0.3662109375 0.50390625 0.009765625 0.015625
1 0.380859375 0.501953125 0.005859375 0.0126953125
1 0.4287109375 0.484375 0.0126953125 0.033203125
1 0.443359375 0.482421875 0.009765625 0.0126953125
1 0.426005296875 0.3798024375 0.41371186328125 0.4014046953125 0.3804665390625 0.438631955078125 0.36714630859375 0.46159791796875 0.37741528515625 0.5002692578125 0.391455880859375 0.52909459765625 0.41378922265625 0.568304451171875 0.426357943359375 0.57052817578125 0.435185185546875 0.5747599453125 0.43864133203125 0.55044903125 0.426065578125 0.51473819140625 0.42681206640625 0.48966906640625 0.42943431640625 0.462054720703125 0.443178529296875 0.423118140625 0.44693508203125 0.398140111328125 0.435809099609375 0.379596138671875 0.426005296875 0.3798024375
1 0.4921875 0.4765625 0.015625 0.0185546875
1 0.486328125 0.5419921875 0.015625 0.0185546875
1 0.4765625 0.5751953125 0.005859375 0.015625
1 0.5048828125 0.5849609375 0.041015625 0.0654296875
0 0.4091796875 0.654296875 0.125 0.1591796875
1 0.552734375 0.6591796875 0.009765625 0.009765625
1 0.560546875 0.6484375 0.015625 0.013671875
1 0.5830078125 0.62109375 0.0126953125 0.0185546875
1 0.5869140625 0.544921875 0.0263671875 0.0341796875
1 0.548828125 0.478515625 0.009765625 0.005859375
1 0.5234375 0.490234375 0.0078125 0.0126953125
1 0.5400390625 0.451171875 0.037109375 0.0341796875
1 0.5615234375 0.4814453125 0.0078125 0.0126953125
1 0.576171875 0.4765625 0.009765625 0.009765625
1 0.591796875 0.4501953125 0.005859375 0.0126953125
1 0.623046875 0.45703125 0.021484375 0.052734375
1 0.6357421875 0.447265625 0.0126953125 0.0185546875
1 0.6484375 0.4501953125 0.009765625 0.015625
0 0.58754199609375 0.26210723046875 0.57385505078125 0.300031078125 0.58315048046875 0.31860451953125 0.58577273046875 0.34387458203125 0.575053650390625 0.36215733203125 0.568213693359375 0.3634044921875 0.559852630859375 0.38038516015625 0.5927181796875 0.41632105078125 0.63372978515625 0.431625888671875 0.65072418359375 0.401442205078125 0.679535791015625 0.39577037109375 0.694345984375 0.387810517578125 0.70064742578125 0.37469189453125 0.67581239453125 0.2861756796875 0.652738595703125 0.2581219453125 0.6151891640625 0.255189580078125 0.58754199609375 0.26210723046875
1 0.576171875 0.3515625 0.0107421875 0.0126953125
1 0.576171875 0.3251953125 0.009765625 0.0126953125
1 0.6640625 0.447265625 0.0126953125 0.015625
1 0.67578125 0.474609375 0.009765625 0.017578125
1 0.705078125 0.4873046875 0.0126953125 0.0234375
1 0.687801408203125 0.499409240234375 0.67232711328125 0.4764995390625 0.666923869140625 0.457475994140625 0.643272369140625 0.481146583984375 0.62870832421875 0.51448098828125 0.63137377734375 0.54974440625 0.648133078125 0.571323892578125 0.65755710546875 0.576454529296875 0.66831235546875 0.572134345703125 0.694438416015625 0.52367326953125 0.687801408203125 0.499409240234375
1 0.776470669921875 0.44493607421875 0.75969429296875 0.443510748046875 0.77076601953125 0.413304291015625 0.75744478125 0.386481642578125 0.742149322265625 0.387789083984375 0.71451320703125 0.42081940234375 0.697273662109375 0.45301783203125 0.71256208984375 0.489951720703125 0.730131173828125 0.505641021484375 0.74811318359375 0.501298064453125 0.766405646484375 0.48107960546875 0.786354849609375 0.468324009765625 0.800484865234375 0.44057972265625 0.776470669921875 0.44493607421875
1 0.755859375 0.4765625 0.015625 0.015625
1 0.765625 0.435546875 0.0107421875 0.0185546875
1 0.78125 0.416015625 0.025390625 0.0341796875
1 0.7802734375 0.490234375 0.0126953125 0.021484375
1 0.8037109375 0.4794921875 0.0205078125 0.0185546875
1 0.8427734375 0.5283203125 0.009765625 0.009765625
1 0.801221306640625 0.4535201796875 0.789833099609375 0.46991410546875 0.815371416015625 0.471473390625 0.831123005859375 0.488896123046875 0.857892072265625 0.53953403515625 0.879252869140625 0.54055614453125 0.886059669921875 0.532578875 0.9030410078125 0.49278495703125 0.916944966796875 0.454267671875 0.9186559609375 0.432006333984375 0.897803537109375 0.42637602734375 0.884184912109375 0.4500921640625 0.854444966796875 0.459679623046875 0.838166916015625 0.44799972265625 0.801221306640625 0.4535201796875
1 0.9150390625 0.4833984375 0.03125 0.0439453125
1 0.951171875 0.474609375 0.021484375 0.025390625
1 0.9755859375 0.4453125 0.0361328125 0.0654296875
1 0.9775390625 0.482421875 0.0078125 0.0126953125
1 0.9150390625 0.3486328125 0.017578125 0.025390625
1 0.828076775390625 0.35862616796875 0.802284271484375 0.353692451171875 0.787665974609375 0.322623294921875 0.739370337890625 0.293066541015625 0.72201324609375 0.298856255859375 0.723969384765625 0.36400194921875 0.735932275390625 0.3849571875 0.76034030859375 0.39682329296875 0.77950484765625 0.39961633984375 0.79217202734375 0.395435474609375 0.813324853515625 0.378586087890625 0.83580588671875 0.38106433203125 0.828076775390625 0.35862616796875
0 0.847748681640625 0.4261161484375 0.86111512890625 0.450782052734375 0.885649755859375 0.454155146484375 0.91497978515625 0.39879115234375 0.913480783203125 0.371279953125 0.905849126953125 0.334376875 0.903491111328125 0.308104798828125 0.877672486328125 0.297856919921875 0.844689388671875 0.297630529296875 0.811964498046875 0.305781947265625 0.79526748828125 0.341220849609375 0.797753103515625 0.344446587890625 0.815512072265625 0.3570467890625 0.837589216796875 0.375404556640625 0.814739462890625 0.38282589453125 0.805224005859375 0.42224740625 0.8244980546875 0.42945575 0.847748681640625 0.4261161484375
1 0.841796875 0.4345703125 0.015625 0.0205078125
1 0.947265625 0.6455078125 0.025390625 0.021484375
0 0.865381060546875 0.613605431640625 0.845716185546875 0.60473465234375 0.81738683203125 0.57544581640625 0.7792416171875 0.59568303125 0.7715195390625 0.645518529296875 0.77165718359375 0.699043263671875 0.81011787109375 0.7248129921875 0.84497974609375 0.70894820703125 0.86628226953125 0.69109278515625 0.873782310546875 0.646270041015625 0.865381060546875 0.613605431640625
1 0.8427734375 0.5830078125 0.009765625 0.0078125
1 0.8896484375 0.6005859375 0.005859375 0.0126953125
0 0.592387634765625 0.6197019140625 0.56615808984375 0.6674275546875 0.562996318359375 0.6883131328125 0.588233224609375 0.718070826171875 0.610075271484375 0.7333984375 0.673580970703125 0.73622631640625 0.673450361328125 0.73773603515625 0.69166144140625 0.651505166015625 0.6871905546875 0.638354392578125 0.68651439453125 0.616389103515625 0.671928248046875 0.60021353125 0.65911036328125 0.579444498046875 0.635892892578125 0.56049998828125 0.60803273046875 0.5682307734375 0.592387634765625 0.6197019140625
0 0.436960177734375 0.315939669921875 0.41778609765625 0.313299333984375 0.386237703125 0.3163797265625 0.366971390625 0.33850429296875 0.3629466875 0.3706693671875 0.371491609375 0.388849103515625 0.39467592578125 0.405555556640625 0.42090295703125 0.394087576171875 0.43616265234375 0.3797815390625 0.450916884765625 0.39709924609375 0.472182435546875 0.34703052734375 0.46775444921875 0.33143205078125 0.44859302734375 0.323102333984375 0.436960177734375 0.315939669921875
1 0.4482421875 0.3115234375 0.0205078125 0.021484375
0 0.11213198046875 0.368801841796875 0.106280744140625 0.40941478515625 0.1283031328125 0.40273678515625 0.135044126953125 0.388943142578125 0.140719943359375 0.39086009765625 0.13724681640625 0.425476224609375 0.195424623046875 0.40878785546875 0.21922200390625 0.39590446484375 0.23316695703125 0.355717111328125 0.22628851953125 0.31107855859375 0.17687445703125 0.292920525390625 0.139577908203125 0.301607107421875 0.119461625 0.313302951171875 0.127989365234375 0.327629484375 0.11213198046875 0.368801841796875
1 0.130859375 0.40234375 0.015625 0.021484375
1 0.08469780859375 0.395347462890625 0.097690611328125 0.395301650390625 0.10975387109375 0.375429205078125 0.109259259765625 0.37777777734375 0.12540599609375 0.345323349609375 0.130426251953125 0.336823640625 0.12939453125 0.327042341796875 0.120288990234375 0.321705005859375 0.09683430859375 0.333908419921875 0.077113173828125 0.3547212578125 0.06899956640625 0.3872781640625 0.08469780859375 0.395347462890625
1 0.09765625 0.3193359375 0.033203125 0.0205078125