0 0.19563565625 0.48298212109375 0.187954248046875 0.456110470703125 0.18059314453125 0.40537796484375 0.1703825703125 0.389756626953125 0.146377984375 0.39281334375 0.09118719140625 0.392383791015625 0.078777943359375 0.408826845703125 0.076626302734375 0.4404952421875 0.07817684375 0.443412939453125 0.086972794921875 0.463131408203125 0.096200455078125 0.481348357421875 0.112126966796875 0.490833658203125 0.13930120703125 0.50484584375 0.16974825 0.51735537109375 0.19563565625 0.48298212109375
0 0 0.496730958984375 0.005798435546875 0.500966318359375 0.020797794921875 0.51079321484375 0.036215291015625 0.513517509765625 0.031484115234375 0.485456111328125 0.03785380078125 0.46069761328125 0.031599697265625 0.448418267578125 0 0.433801880859375 0 0.496730958984375
0 0.1404370859375 0.602712296875 0.149118333984375 0.628664478515625 0.16393155859375 0.6511150859375 0.185310591796875 0.66655940234375 0.197517234375 0.6508643984375 0.1961437109375 0.616740701171875 0.20952762109375 0.59264648046875 0.215106072265625 0.576909828125 0.197406912109375 0.5783559375 0.190198419921875 0.5885333828125 0.175563326171875 0.585976560546875 0.1541584765625 0.592252275390625 0.1404370859375 0.602712296875
1 0.166874423828125 0.654488041015625 0.132132154296875 0.626346009765625 0.09042683984375 0.606723609375 0.06781183984375 0.590943439453125 0.021895857421875 0.60618938671875 0.012407109375 0.63162910546875 0.017916970703125 0.676503333984375 0.0283067890625 0.761121599609375 0.04072045703125 0.8622228125 0.04176134765625 0.8707001953125 0.04231976953125 0.869821259765625 0.07264355859375 0.85448382421875 0.08263048046875 0.8168100390625 0.062330830078125 0.790929173828125 0.088623314453125 0.78455308984375 0.11799651953125 0.781814146484375 0.14860855859375 0.81363884375 0.187066568359375 0.836259392578125 0.209117140625 0.821696580078125 0.19658087109375 0.73615320703125 0.17771152734375 0.715338966796875 0.166874423828125 0.654488041015625
1 0.12464135546875 0.618261466796875 0.12969762109375 0.58376128515625 0.1110663671875 0.56191829296875 0.08921597265625 0.567469578125 0.029817740234375 0.55906380859375 0.03504412890625 0.586896080078125 0.052983373046875 0.604852013671875 0.07115083984375 0.5981044296875 0.096360833984375 0.610735755859375 0.12464135546875 0.618261466796875
1 0.10158251953125 0.503163998046875 0.060832841796875 0.486152099609375 0.0305513125 0.48858437109375 0.016200943359375 0.521586384765625 0.029695837890625 0.556481080078125 0.047793357421875 0.55281003515625 0.054416240234375 0.521116041015625 0.068799201171875 0.51175130078125 0.10158251953125 0.503163998046875
1 0.074405029296875 0.396623876953125 0.06142116015625 0.362403923828125 0.02861487890625 0.37750303125 0.02190696484375 0.42300457421875 0.03949423828125 0.452276015625 0.07424820703125 0.485336091796875 0.089072775390625 0.501901017578125 0.058027791015625 0.52036371875 0.052052017578125 0.537263197265625 0.055964076171875 0.558768689453125 0.055753369140625 0.559289111328125 0.088566671875 0.5661350625 0.11721452734375 0.561474005859375 0.14302280078125 0.533909033203125 0.125630275390625 0.5042839765625 0.093668353515625 0.48340623828125 0.07852255078125 0.44820928515625 0.074405029296875 0.396623876953125
1 0.318723498046875 0.570135705078125 0.30940062109375 0.520631439453125 0.277938453125 0.463005326171875 0.252832685546875 0.42767085546875 0.24108924609375 0.40633044921875 0.212742068359375 0.425534296875 0.19071833203125 0.443071533203125 0.201655361328125 0.490925185546875 0.2068675078125 0.529103134765625 0.218189609375 0.56975847265625 0.205035203125 0.595584072265625 0.1958179921875 0.625227974609375 0.1948585859375 0.647548513671875 0.195850814453125 0.67519616015625 0.20646368359375 0.684413986328125 0.249327341796875 0.677972744140625 0.278007240234375 0.644233357421875 0.302555826171875 0.6367977109375 0.3192243359375 0.613369115234375 0.318723498046875 0.570135705078125
1 0.1943359375 0.7080078125 0.015625 0.01953125
0 0.27032508984375 0.384008533203125 0.238813095703125 0.4034586796875 0.251481796875 0.438588435546875 0.26984621875 0.4685609453125 0.29144232421875 0.5008349921875 0.3276093828125 0.501617390625 0.3512014140625 0.4917969375 0.364319703125 0.441499830078125 0.35622399609375 0.410660388671875 0.326659642578125 0.389096095703125 0.303171251953125 0.3757952734375 0.27032508984375 0.384008533203125
1 0.50390625 0.4873046875 0.052734375 0.03515625
0 0.518000138671875 0.39993295703125 0.510179623046875 0.36868490625 0.47333299609375 0.372606966796875 0.438922505859375 0.380333810546875 0.44040046484375 0.41307156640625 0.4476937578125 0.441953763671875 0.44159857421875 0.45874990625 0.477018994140625 0.464135673828125 0.501260970703125 0.4576053046875 0.510501337890625 0.4313510078125 0.518000138671875 0.39993295703125
1 0.556585734375 0.342992166015625 0.520446638671875 0.33293827734375 0.496690728515625 0.28929376171875 0.47721305859375 0.2217145 0.4812874296875 0.15099318359375 0.4583527734375 0.114348890625 0.420182337890625 0.10469746875 0.40849924609375 0.149554595703125 0.424090494140625 0.18376015625 0.3992108984375 0.21771419140625 0.363980525390625 0.23844792578125 0.33351783984375 0.23806076953125 0.301473296875 0.218216634765625 0.280846173828125 0.18165341796875 0.263219572265625 0.14324715234375 0.24262274609375 0.1276165546875 0.221579580078125 0.128072201171875 0.2114960078125 0.187855783203125 0.20093441015625 0.255083353515625 0.2067204453125 0.351577015625 0.22029958203125 0.391490865234375 0.245976560546875 0.4064563984375 0.28792244921875 0.352849802734375 0.343880458984375 0.387171484375 0.3962775546875 0.415210740234375 0.3742100078125 0.451455369140625 0.373196236328125 0.481558314453125 0.416701193359375 0.5252923515625 0.461123841796875 0.518122798828125 0.45544939453125 0.47726509765625 0.447390779296875 0.440881087890625 0.441900548828125 0.382484986328125 0.470679181640625 0.3810576796875 0.509835296875 0.371150658203125 0.518128775390625 0.415858017578125 0.50971153125 0.461181435546875 0.539478625 0.4785332890625 0.576355662109375 0.450569193359375 0.5835407890625 0.362297541015625 0.556585734375 0.342992166015625
1 0.39453125 0.8759765625 0.140625 0.203125
0 0.2964101796875 0.64190369921875 0.273577841796875 0.652569220703125 0.2735615625 0.652575771484375 0.295880453125 0.700405806640625 0.304260646484375 0.729221703125 0.321436869140625 0.753132837890625 0.337231923828125 0.7627253828125 0.368297517578125 0.755695123046875 0.39757551171875 0.715352923828125 0.406043154296875 0.67778911328125 0.387213380859375 0.60933194921875 0.355979560546875 0.592371541015625 0.31498408203125 0.62133751953125 0.2964101796875 0.64190369921875
0 0.54911808984375 0.5977686015625 0.525236064453125 0.579694453125 0.517143248046875 0.578603421875 0.478704177734375 0.607735314453125 0.457809333984375 0.660288275390625 0.459795498046875 0.713710787109375 0.4884124609375 0.736449486328125 0.522742697265625 0.743134556640625 0.56872905859375 0.7061340390625 0.5821274921875 0.660574953125 0.57406855859375 0.638558296875 0.5711406875 0.6123662578125 0.54911808984375 0.5977686015625
1 0.412109375 0.552734375 0.01171875 0.01171875
1 0.4765625 0.54296875 0.01171875 0.01171875
1 0.576171875 0.6376953125 0.009765625 0.013671875
1 0.58984375 0.66015625 0.015625 0.01953125
1 0.5966796875 0.6396484375 0.013671875 0.017578125
1 0.611328125 0.6416015625 0.01171875 0.01171875
1 0.6298828125 0.64453125 0.013671875 0.02734375
1 0.6083984375 0.6630859375 0.013671875 0.01953125
1 0.6171875 0.6826171875 0.015625 0.01953125
1 0.423828125 0.626953125 0.005859375 0.0078125
1 0.4228515625 0.55859375 0.0078125 0.009765625
1 0.619140625 0.4697265625 0.029296875 0.0390625
1 0.66796875 0.45703125 0.01171875 0.013671875
1 0.5966796875 0.53125 0.060546875 0.08203125
1 0.6318359375 0.529296875 0.005859375 0.009765625
1 0.665135697265625 0.583199005859375 0.67228367578125 0.57325303125 0.67043567578125 0.560312734375 0.65744942578125 0.548571333984375 0.643403095703125 0.532491396484375 0.62556744140625 0.54708329296875 0.62149694140625 0.552719861328125 0.63206297265625 0.572145072265625 0.64880766015625 0.585873263671875 0.665135697265625 0.583199005859375
1 0.6884765625 0.5390625 0.021484375 0.0234375
1 0.672684181640625 0.4782625859375 0.656396283203125 0.458353587890625 0.653242806640625 0.46733671875 0.62155366796875 0.490931224609375 0.625796931640625 0.502216974609375 0.65325128125 0.523003427734375 0.658855578125 0.55871271875 0.672561267578125 0.56079000390625 0.672285470703125 0.5603987265625 0.68192230078125 0.548018759765625 0.682260005859375 0.52993649609375 0.70257115234375 0.5255058515625 0.72703848046875 0.51180834765625 0.727822625 0.497543419921875 0.707358640625 0.489550390625 0.672684181640625 0.4782625859375
0 0.639301767578125 0.63411765234375 0.65006444921875 0.6814511171875 0.67761434765625 0.714796494140625 0.732875203125 0.718792333984375 0.74936369140625 0.68096153515625 0.756566890625 0.646774431640625 0.766032095703125 0.625478142578125 0.751816587890625 0.6037005 0.725270345703125 0.58463807421875 0.69273456640625 0.561889611328125 0.670747201171875 0.550953787109375 0.671877326171875 0.57367812890625 0.65140187890625 0.583275171875 0.639301767578125 0.63411765234375
1 0.7666015625 0.650390625 0.01171875 0.025390625
1 0.78125 0.65625 0.017578125 0.01953125
1 0.7783203125 0.62109375 0.01171875 0.013671875
1 0.7861328125 0.5654296875 0.029296875 0.046875
1 0.763671875 0.541015625 0.005859375 0.013671875
1 0.7685546875 0.521484375 0.03125 0.02734375
1 0.78125 0.5029296875 0.01171875 0.01953125
1 0.748046875 0.5107421875 0.013671875 0.013671875
1 0.7890625 0.470703125 0.009765625 0.013671875
1 0.8154296875 0.6044921875 0.015625 0.021484375
1 0.8232421875 0.650390625 0.0078125 0.01171875
1 0.896484375 0.5419921875 0.0234375 0.0234375
0 0.8857421875 0.6279296875 0.12890625 0.158203125
1 0.984375 0.580078125 0.01171875 0.017578125
1 0.9892578125 0.6669921875 0.015625 0.017578125
1 0.9501953125 0.435546875 0.021484375 0.0234375
1 0.8583984375 0.4580078125 0.052734375 0.033203125
1 0.8583984375 0.5048828125 0.025390625 0.0390625
1 0.94887918359375 0.451688162109375 0.93365387890625 0.444942765625 0.914778203125 0.4424988359375 0.889525564453125 0.44594228125 0.88074279296875 0.469432990234375 0.86814049609375 0.484511970703125 0.867000353515625 0.49310753125 0.873821853515625 0.510568537109375 0.895620412109375 0.5313516640625 0.927114302734375 0.549951005859375 0.955608171875 0.576351240234375 0.9615292890625 0.558012611328125 0.967677529296875 0.521251685546875 0.95332293359375 0.49422748046875 0.94887918359375 0.451688162109375
1 0.974609375 0.4990234375 0.05078125 0.072265625
1 0.9208984375 0.3681640625 0.037109375 0.04296875
1 0.9375 0.3896484375 0.015625 0.01953125
0 0.8447265625 0.36328125 0.138671875 0.173828125
0 0.651716171875 0.337801015625 0.607608201171875 0.379126984375 0.598301705078125 0.395763681640625 0.598468005859375 0.42151216796875 0.61172696875 0.44807975390625 0.6489224296875 0.459256416015625 0.648738259765625 0.458754013671875 0.66939555859375 0.451940568359375 0.692320681640625 0.466696837890625 0.70968271875 0.460209720703125 0.7226729140625 0.40518605078125 0.715181291015625 0.35384603125 0.69912284765625 0.33888907421875 0.667255828125 0.33396973046875 0.651716171875 0.337801015625