1 0.0263671875 0.396484375 0.0205078125 0.029296875
0 0.0283203125 0.5009765625 0.056640625 0.1044921875
0 0.185546875 0.509765625 0.140625 0.158203125
1 0.162109375 0.599609375 0.009765625 0.0185546875
0 0.4365234375 0.462890625 0.140625 0.189453125
0 0.6455078125 0.47265625 0.1298828125 0.173828125
0 0.8388671875 0.4677734375 0.1435546875 0.177734375
1 0.244140625 0.6005859375 0.0185546875 0.017578125
1 0.142578125 0.330078125 0.015625 0.0263671875
1 0.236328125 0.3740234375 0.013671875 0.0205078125
1 0.478515625 0.61328125 0.009765625 0.017578125
1 0.5673828125 0.5888671875 0.0107421875 0.0126953125
1 0.671875 0.6318359375 0.017578125 0.0234375
1 0.005859375 0.6767578125 0.01171875 0.013671875
1 0.123046875 0.6689453125 0.017578125 0.0185546875
1 0.2548828125 0.6630859375 0.013671875 0.0185546875
0 0.033203125 0.78125 0.06640625 0.13671875
1 0.0966796875 0.78515625 0.0107421875 0.013671875
0 0.212890625 0.7822265625 0.1669921875 0.1796875
1 0.19140625 0.6806640625 0.017578125 0.0205078125
0 0.421875 0.775390625 0.126953125 0.1923828125
1 0.6005859375 0.84765625 0.0205078125 0.017578125
0 0.662109375 0.791015625 0.1171875 0.171875
0 0.8701171875 0.755859375 0.142578125 0.1767578125
1 0.958984375 0.5888671875 0.017578125 0.015625
1 0.8408203125 0.11328125 0.015625 0.0263671875
1 0.95703125 0.0791015625 0.025390625 0.03125
1 0.462890625 0.115234375 0.0263671875 0.037109375
1 0.33203125 0.119140625 0.013671875 0.013671875
1 0.0322265625 0.173828125 0.0234375 0.017578125
1 0.5849609375 0.2744140625 0.0107421875 0.015625