1 0.111328125 0.3486328125 0.013671875 0.0234375
0 0.2138671875 0.2919921875 0.208984375 0.232421875
0 0.4580078125 0.3115234375 0.203125 0.259765625
0 0.6552734375 0.3896484375 0.158203125 0.1875
0 0.8935546875 0.4072265625 0.18359375 0.23046875
0 0.8984375 0.7119140625 0.1875 0.23046875
1 0.8193359375 0.5751953125 0.021484375 0.025390625
1 0.798828125 0.5869140625 0.017578125 0.017578125
1 0.7978515625 0.5615234375 0.01171875 0.013671875
1 0.783203125 0.5263671875 0.0234375 0.02734375
1 0.7509765625 0.546875 0.017578125 0.01953125
1 0.744140625 0.5595703125 0.013671875 0.01171875
1 0.7216796875 0.5595703125 0.01171875 0.01953125
1 0.732421875 0.5546875 0.01171875 0.013671875
1 0.603515625 0.5498046875 0.017578125 0.017578125
1 0.4765625 0.521484375 0.017578125 0.029296875
1 0.41796875 0.52734375 0.01171875 0.013671875
1 0.388671875 0.5029296875 0.01171875 0.01171875
1 0.3525390625 0.4931640625 0.005859375 0.009765625
1 0.333984375 0.505859375 0.009765625 0.01171875
1 0.2568359375 0.4658203125 0.01953125 0.01953125
1 0.228515625 0.482421875 0.021484375 0.02734375
1 0.232421875 0.4580078125 0.013671875 0.017578125
1 0.216796875 0.5 0.01171875 0.013671875
1 0.11328125 0.4736328125 0.021484375 0.02734375
1 0.1240234375 0.5 0.01171875 0.015625
1 0.12109375 0.44140625 0.01171875 0.013671875
1 0.037109375 0.4697265625 0.07421875 0.099609375
0 0.1640625 0.6337890625 0.20703125 0.236328125
0 0.4072265625 0.6533203125 0.169921875 0.205078125
0 0.6748046875 0.662109375 0.185546875 0.21484375
1 0.53125 0.69140625 0.015625 0.03125
1 0.80078125 0.716796875 0.01171875 0.013671875