1 0.2900390625 0.865234375 0.025390625 0.021484375
0 0.2744140625 0.755859375 0.169921875 0.125
0 0.2763671875 0.615234375 0.19921875 0.154296875
1 0.416015625 0.90625 0.029296875 0.021484375
1 0.41796875 0.8818359375 0.037109375 0.029296875
1 0.427734375 0.8408203125 0.025390625 0.01953125
1 0.4052734375 0.779296875 0.056640625 0.03125
1 0.43359375 0.732421875 0.017578125 0.009765625
1 0.3896484375 0.615234375 0.021484375 0.021484375
1 0.39453125 0.638671875 0.013671875 0.009765625
1 0.3916015625 0.5234375 0.013671875 0.013671875
0 0.2685546875 0.3740234375 0.16015625 0.1328125
0 0.2978515625 0.1611328125 0.1640625 0.130859375
1 0.462890625 0.0166015625 0.04296875 0.033203125
1 0.642578125 0.017578125 0.0234375 0.01953125
0 0.5986328125 0.1640625 0.169921875 0.134765625
0 0.6005859375 0.3955078125 0.14453125 0.103515625
1 0.44921875 0.46875 0.03515625 0.025390625
1 0.4208984375 0.421875 0.05859375 0.048828125
1 0.4345703125 0.36328125 0.033203125 0.04296875
1 0.4599609375 0.330078125 0.03515625 0.029296875
0 0.580078125 0.611328125 0.115234375 0.099609375
1 0.5859375 0.548828125 0.01953125 0.01953125
1 0.5615234375 0.71875 0.021484375 0.015625
0 0.5791015625 0.828125 0.14453125 0.119140625
1 0.5927734375 0.8056640625 0.013671875 0.013671875