0 0.216796875 0.2919921875 0.1484375 0.2060546875
0 0.46875 0.3173828125 0.150390625 0.234375
0 0.7138671875 0.31640625 0.15625 0.185546875
0 0.931640625 0.294921875 0.1357421875 0.2421875
1 0.912109375 0.509765625 0.017578125 0.0205078125
0 0.9443359375 0.6484375 0.111328125 0.2265625
1 0.90625 0.53125 0.009765625 0.015625
1 0.7548828125 0.5224609375 0.013671875 0.0205078125
0 0.751953125 0.685546875 0.15625 0.2529296875
1 0.7041015625 0.4892578125 0.0107421875 0.0185546875
1 0.630859375 0.46875 0.013671875 0.013671875
1 0.560546875 0.46484375 0.009765625 0.015625
1 0.509765625 0.490234375 0.0126953125 0.0205078125
1 0.451171875 0.5126953125 0.044921875 0.0576171875
1 0.419921875 0.64453125 0.0361328125 0.0283203125
0 0.46084966015625 0.5445050703125 0.4236330703125 0.568276703125 0.38891859765625 0.616827533203125 0.41846607421875 0.64629491796875 0.44090505078125 0.67710916796875 0.466873087890625 0.71729290625 0.49654198828125 0.71892912109375 0.53364490234375 0.708202435546875 0.570237578125 0.668750689453125 0.570072234375 0.641653232421875 0.559314544921875 0.610050154296875 0.52432234765625 0.56608073046875 0.499552513671875 0.5260131796875 0.46084966015625 0.5445050703125
0 0.240234375 0.6494140625 0.158203125 0.171875
1 0.275390625 0.5 0.025390625 0.0419921875
1 0.25 0.474609375 0.0107421875 0.0107421875
0 0.048828125 0.646484375 0.0966796875 0.1982421875
1 0.017578125 0.48046875 0.0107421875 0.0107421875
1 0.02734375 0.5166015625 0.0283203125 0.0263671875
1 0.12109375 0.498046875 0.0126953125 0.0205078125
0 0.033203125 0.3115234375 0.06640625 0.111328125
1 0.4287109375 0.4619140625 0.0126953125 0.0185546875
1 0.60546875 0.498046875 0.005859375 0.0126953125
1 0.5673828125 0.5341796875 0.0126953125 0.015625