1 0.910905294921875 0.39527292578125 0.89891863671875 0.405499052734375 0.885861595703125 0.428621638671875 0.881532375 0.476137966796875 0.900522171875 0.489261115234375 0.937935701171875 0.478494056640625 0.94343334375 0.459048013671875 0.9389417421875 0.42727305078125 0.92399196875 0.401396181640625 0.910905294921875 0.39527292578125
0 0.85973383984375 0.466411345703125 0.889199677734375 0.43362251171875 0.91541689453125 0.4086219140625 0.950094107421875 0.4089518046875 0.957595498046875 0.362604146484375 0.94616916015625 0.32070646484375 0.9202407578125 0.267126845703125 0.918063064453125 0.26432451171875 0.91821173828125 0.263557853515625 0.861770294921875 0.291746404296875 0.833211751953125 0.31743712890625 0.803547359375 0.368330154296875 0.79711348046875 0.417671130859375 0.8315878671875 0.46741901953125 0.85973383984375 0.466411345703125
0 0.884765625 0.6806640625 0.146484375 0.185546875
0 0.6201171875 0.6962890625 0.158203125 0.2265625
1 0.76171875 0.53125 0.0234375 0.025390625
1 0.81640625 0.525390625 0.029296875 0.0234375
1 0.6962890625 0.5166015625 0.080078125 0.080078125
1 0.7109375 0.6142578125 0.015625 0.017578125
0 0.6416015625 0.3828125 0.1328125 0.171875
1 0.48828125 0.544921875 0.052734375 0.07421875
1 0.525390625 0.5791015625 0.0234375 0.02734375
1 0.521484375 0.705078125 0.013671875 0.025390625
1 0.4599609375 0.677734375 0.0390625 0.0546875
1 0.5 0.7255859375 0.013671875 0.013671875
1 0.318359375 0.734375 0.015625 0.021484375
1 0.3037109375 0.7177734375 0.013671875 0.017578125
0 0.343860734375 0.756404623046875 0.36818566796875 0.791112140625 0.39642146875 0.804480275390625 0.43608159765625 0.790968765625 0.4641920234375 0.747224982421875 0.466406212890625 0.7150830625 0.44904620703125 0.6873473828125 0.458594193359375 0.631008232421875 0.453991345703125 0.614116326171875 0.42431048828125 0.61789841796875 0.394034861328125 0.633384423828125 0.35598043359375 0.65606132421875 0.33183894140625 0.68201727734375 0.32556422265625 0.7066281171875 0.343860734375 0.756404623046875
1 0.341796875 0.5390625 0.0390625 0.04296875
0 0.4150390625 0.4150390625 0.15234375 0.201171875
0 0.1845703125 0.4072265625 0.15234375 0.216796875
1 0.0546875 0.587890625 0.099609375 0.111328125
1 0.224609375 0.59765625 0.015625 0.01953125
1 0.216796875 0.5791015625 0.017578125 0.0234375
1 0.16015625 0.580078125 0.02734375 0.029296875
0 0.107171369140625 0.855637087890625 0.136046494140625 0.883697169921875 0.19060384765625 0.87973241015625 0.213303568359375 0.8553904453125 0.236822689453125 0.796480576171875 0.2399486953125 0.754537708984375 0.228642900390625 0.715631232421875 0.20942347265625 0.69760818359375 0.1806363046875 0.693316701171875 0.150272513671875 0.696087693359375 0.112895796875 0.68751552734375 0.09475419140625 0.68551705859375 0.0947771328125 0.685041564453125 0.07273518359375 0.737237390625 0.07101988671875 0.771543533203125 0.084716578125 0.82929119140625 0.107171369140625 0.855637087890625
1 0.04296875 0.73046875 0.017578125 0.021484375
1 0.4873046875 0.693359375 0.009765625 0.015625