1 0.5966796875 0.0615234375 0.029296875 0.0234375
1 0.5263733984375 0.04263033203125 0.54235635546875 0.051042189453125 0.590012310546875 0.053940154296875 0.61200443359375 0.058446529296875 0.657919953125 0.05319913671875 0.683936912109375 0.042703259765625 0.6860707890625 0.032219427734375 0.62750780859375 0.0165275234375 0.5702805703125 0.00119353125 0.53882900390625 0.032321013671875 0.5263733984375 0.04263033203125
1 0.6865234375 0.0537109375 0.01953125 0.01953125
1 0.689453125 0.072265625 0.01953125 0.017578125
1 0.6865234375 0.087890625 0.0234375 0.021484375
1 0.66015625 0.0830078125 0.01953125 0.01953125
1 0.6640625 0.060546875 0.015625 0.013671875
1 0.6689453125 0.1591796875 0.021484375 0.0234375
1 0.65193730859375 0.164968908203125 0.669687619140625 0.146190978515625 0.686188298828125 0.145818443359375 0.692688857421875 0.1237893125 0.69578825 0.102579732421875 0.67621927734375 0.093897865234375 0.659821875 0.0903214296875 0.6430406484375 0.06522180078125 0.60420935546875 0.08908467578125 0.6098022109375 0.110843767578125 0.622644224609375 0.125546322265625 0.629605283203125 0.138644998046875 0.631341353515625 0.165420826171875 0.63852818359375 0.174229837890625 0.65193730859375 0.164968908203125
0 0.5369696171875 0.19342836328125 0.57149391796875 0.193921701171875 0.59735165234375 0.17844417578125 0.6073040703125 0.1496394296875 0.60703225 0.12914228125 0.58753915234375 0.089773130859375 0.57151821875 0.074934919921875 0.5264344140625 0.0586131796875 0.4952213046875 0.057528939453125 0.481391404296875 0.08937340234375 0.473673771484375 0.11175698046875 0.476158763671875 0.142534134765625 0.480993275390625 0.1601873359375 0.504243806640625 0.175742009765625 0.5369696171875 0.19342836328125
1 0.642578125 0.189453125 0.0234375 0.02734375
0 0.839150837890625 0.138872369140625 0.830458669921875 0.1201555546875 0.7977217421875 0.09676711328125 0.737251533203125 0.085370220703125 0.715649115234375 0.113824279296875 0.690526015625 0.132387521484375 0.70468181640625 0.160530966796875 0.7173101796875 0.1906110546875 0.7325172890625 0.20428478515625 0.764803 0.2019156875 0.793041671875 0.19767584375 0.815902681640625 0.17291408203125 0.839150837890625 0.138872369140625
1 0.7265625 0.2412109375 0.05078125 0.052734375
1 0.7939453125 0.3173828125 0.015625 0.015625
1 0.8486328125 0.2236328125 0.015625 0.013671875
1 0.869140625 0.322265625 0.015625 0.015625
1 0.790729490234375 0.29736365234375 0.8182679921875 0.300949408203125 0.86434033984375 0.296067 0.880250962890625 0.2835493125 0.885515689453125 0.268787546875 0.858339966796875 0.249612400390625 0.838207365234375 0.22772716015625 0.83663231640625 0.193721744140625 0.82360887109375 0.178969638671875 0.7959774140625 0.199902228515625 0.769655341796875 0.203310416015625 0.763484720703125 0.2264838984375 0.74753230859375 0.23887805078125 0.73189650390625 0.26569094140625 0.717110794921875 0.274266609375 0.71667198828125 0.284270384765625 0.717541833984375 0.284373337890625 0.748766224609375 0.286151458984375 0.790729490234375 0.29736365234375
0 0.746174173828125 0.28973219140625 0.72859276171875 0.295288654296875 0.696200345703125 0.30213191015625 0.68253091796875 0.323120099609375 0.682080578125 0.333809771484375 0.684187654296875 0.356033416015625 0.709616607421875 0.378778947265625 0.728435158203125 0.396396291015625 0.75299742578125 0.408615994140625 0.770480671875 0.402736478515625 0.786027462890625 0.392284681640625 0.797299978515625 0.37165214453125 0.799285685546875 0.346759134765625 0.79328271484375 0.330112779296875 0.783421529296875 0.317733876953125 0.788260296875 0.300686171875 0.78647367578125 0.299206732421875 0.746174173828125 0.28973219140625
1 0.67696886328125 0.20186322265625 0.653355318359375 0.183797021484375 0.653806130859375 0.186339564453125 0.645099572265625 0.1965759609375 0.6283056015625 0.217160357421875 0.633383255859375 0.22710515234375 0.64835674609375 0.252597544921875 0.6597395234375 0.245346462890625 0.69342723046875 0.230026392578125 0.692119265625 0.218142900390625 0.67696886328125 0.20186322265625
0 0.48277209375 0.35017627734375 0.5147146484375 0.358096822265625 0.55061721484375 0.33918762890625 0.55978710546875 0.325703470703125 0.544564521484375 0.296929689453125 0.534403830078125 0.281341076171875 0.5322536171875 0.268683337890625 0.51937880078125 0.24460047265625 0.4927582578125 0.22174628515625 0.4442834765625 0.235100919921875 0.42878730859375 0.268272859375 0.419754216796875 0.296520744140625 0.448495099609375 0.318253376953125 0.46811187109375 0.333133947265625 0.48277209375 0.35017627734375
1 0.526706919921875 0.280575224609375 0.527074697265625 0.295068521484375 0.550012240234375 0.296293423828125 0.561954224609375 0.28044318359375 0.55215748828125 0.25996069140625 0.530424658203125 0.2457385078125 0.53024764453125 0.255035447265625 0.53112025390625 0.26762139453125 0.526706919921875 0.280575224609375
1 0.4560546875 0.3388671875 0.02734375 0.01953125
1 0.5029296875 0.3857421875 0.046875 0.037109375
1 0.65625 0.2490234375 0.033203125 0.02734375
1 0.627530947265625 0.2410832109375 0.61731657421875 0.236474033203125 0.60273974609375 0.23598783984375 0.589282337890625 0.24490725 0.5754240546875 0.267373525390625 0.56768905078125 0.31069537109375 0.58695788671875 0.3240935078125 0.609509451171875 0.3252543046875 0.6372417109375 0.329495771484375 0.6484998984375 0.345749162109375 0.676495376953125 0.344974271484375 0.672301384765625 0.332346490234375 0.680493357421875 0.329438720703125 0.697494408203125 0.314537775390625 0.70760882421875 0.299685337890625 0.718650169921875 0.28104283984375 0.704563099609375 0.2688581015625 0.672994462890625 0.295992544921875 0.657013197265625 0.275267392578125 0.627530947265625 0.2410832109375
1 0.6201171875 0.3427734375 0.05859375 0.041015625
1 0.663571224609375 0.33252073828125 0.63822079296875 0.3514246640625 0.614006986328125 0.361852322265625 0.598189609375 0.37491173046875 0.60542796875 0.389332560546875 0.624174537109375 0.401684587890625 0.6253857109375 0.422803203125 0.614719451171875 0.447499005859375 0.63136917578125 0.453604115234375 0.659510626953125 0.447276880859375 0.686447744140625 0.437474087890625 0.722830787109375 0.418905201171875 0.74100558203125 0.411036373046875 0.73620082421875 0.401810626953125 0.716372572265625 0.391543701171875 0.704917533203125 0.38267225 0.687703048828125 0.3644999140625 0.6667874140625 0.33188378125 0.663571224609375 0.33252073828125
1 0.5908203125 0.3818359375 0.01171875 0.009765625
1 0.5859375 0.3984375 0.017578125 0.013671875
1 0.6142578125 0.4150390625 0.017578125 0.013671875
1 0.59375 0.427734375 0.01171875 0.01171875
1 0.61328125 0.4599609375 0.03125 0.03125
1 0.576171875 0.490234375 0.015625 0.015625
1 0.6015625 0.4921875 0.0234375 0.021484375
1 0.5986328125 0.51171875 0.017578125 0.0234375
1 0.57421875 0.515625 0.013671875 0.01171875
1 0.572265625 0.529296875 0.017578125 0.021484375
1 0.596693185546875 0.52319598046875 0.575950044921875 0.53994659765625 0.54822933984375 0.56245136328125 0.5492989921875 0.5754757890625 0.57346978125 0.58132606640625 0.60138361328125 0.57460458203125 0.611272595703125 0.560258091796875 0.6213781640625 0.534892505859375 0.613424625 0.51553390625 0.596693185546875 0.52319598046875
1 0.716930154296875 0.60190962890625 0.70293034375 0.588262642578125 0.6919973125 0.57383756640625 0.680718375 0.56577155859375 0.666098734375 0.57069029296875 0.65686776953125 0.5639575078125 0.63867381640625 0.548900251953125 0.6366808046875 0.548754716796875 0.635541583984375 0.5582281953125 0.634649501953125 0.572420421875 0.620857841796875 0.59003109765625 0.59607007421875 0.594136853515625 0.573607259765625 0.597466076171875 0.563474865234375 0.604368828125 0.56327718359375 0.611274056640625 0.577914419921875 0.61754388671875 0.607905271484375 0.622146212890625 0.6355407265625 0.622202552734375 0.65530721875 0.63248569140625 0.6741361484375 0.65019006640625 0.686598060546875 0.65349178125 0.689844185546875 0.64964539453125 0.70017680078125 0.64189293359375 0.70966108203125 0.626774294921875 0.719191630859375 0.612512435546875 0.716930154296875 0.60190962890625
1 0.5830078125 0.5888671875 0.01953125 0.017578125
1 0.5654296875 0.5859375 0.017578125 0.01953125
1 0.572265625 0.62890625 0.0078125 0.0078125
1 0.5712890625 0.646484375 0.0234375 0.017578125
1 0.548828125 0.6357421875 0.017578125 0.015625
1 0.658203125 0.685546875 0.021484375 0.017578125
1 0.6572265625 0.71875 0.021484375 0.01953125
1 0.544921875 0.6875 0.0234375 0.01953125
1 0.560546875 0.7041015625 0.01171875 0.009765625
1 0.5615234375 0.71484375 0.01953125 0.013671875
1 0.556640625 0.7236328125 0.025390625 0.021484375
1 0.53125 0.7314453125 0.025390625 0.015625
1 0.5517578125 0.74609375 0.017578125 0.009765625
1 0.59823967578125 0.719059552734375 0.602173880859375 0.724882326171875 0.63020694921875 0.72151228125 0.642066705078125 0.7181035390625 0.648369775390625 0.699704197265625 0.646591958984375 0.676074724609375 0.635377228515625 0.660888923828125 0.617867447265625 0.65701536328125 0.60055180859375 0.662427732421875 0.5789835703125 0.667970935546875 0.554330357421875 0.665747115234375 0.543066361328125 0.6741992421875 0.54289428125 0.674119431640625 0.551851408203125 0.687729548828125 0.567317951171875 0.692739708984375 0.58499132421875 0.70086591015625 0.59823967578125 0.719059552734375
1 0.5517578125 0.7705078125 0.021484375 0.017578125
0 0.579737279296875 0.743294818359375 0.5669538515625 0.77580349609375 0.56706803515625 0.775591634765625 0.599411466796875 0.778918388671875 0.6356505 0.7794405703125 0.6693596015625 0.773692466796875 0.67398101171875 0.74690046484375 0.663655884765625 0.729712892578125 0.63289119921875 0.720708455078125 0.60469544140625 0.7293904609375 0.58918865234375 0.746130611328125 0.579737279296875 0.743294818359375
0 0.471882048828125 0.717344818359375 0.477562876953125 0.709792224609375 0.481722490234375 0.691776197265625 0.476165328125 0.676400724609375 0.449759478515625 0.66415790625 0.41119503125 0.65895454296875 0.392992650390625 0.67332202734375 0.38227530859375 0.69786840625 0.38185645703125 0.69782451171875 0.403343037109375 0.7211827890625 0.440158951171875 0.7388276953125 0.445313662109375 0.725464037109375 0.448172654296875 0.71200853515625 0.471882048828125 0.717344818359375
1 0.442645681640625 0.77418201953125 0.45109033984375 0.78265218359375 0.4602208671875 0.7732464609375 0.467835076171875 0.75492883203125 0.4770617109375 0.748732611328125 0.4997480859375 0.739845623046875 0.48859591015625 0.72962492578125 0.472723734375 0.7150840078125 0.470728634765625 0.715123265625 0.464532513671875 0.717947044921875 0.44177603515625 0.711826060546875 0.4446506796875 0.72869762109375 0.440333630859375 0.74627173828125 0.442645681640625 0.77418201953125
1 0.3974609375 0.7939453125 0.013671875 0.01171875
1 0.44576790234375 0.777696861328125 0.435041435546875 0.75556480859375 0.42214700390625 0.745921052734375 0.407198650390625 0.7449767734375 0.40546399609375 0.76684129296875 0.416971248046875 0.787764333984375 0.4184008359375 0.807038333984375 0.42549610546875 0.829665251953125 0.43096598046875 0.85548411328125 0.441527025390625 0.870999330078125 0.46209958984375 0.876853416015625 0.503198291015625 0.862723412109375 0.527854158203125 0.84696597265625 0.530450025390625 0.825599943359375 0.544397185546875 0.81024112109375 0.550302720703125 0.80220859375 0.542045376953125 0.790631078125 0.502834453125 0.79608542578125 0.491073109375 0.772165177734375 0.471978412109375 0.749732380859375 0.465592876953125 0.762868279296875 0.46095045703125 0.778600919921875 0.45585998828125 0.780722119140625 0.44576790234375 0.777696861328125
1 0.5517578125 0.8115234375 0.01953125 0.01953125
1 0.5390625 0.82421875 0.017578125 0.015625
1 0.5322265625 0.857421875 0.017578125 0.015625
1 0.50390625 0.90234375 0.013671875 0.01171875
1 0.521484375 0.9111328125 0.01953125 0.013671875
1 0.5283203125 0.921875 0.021484375 0.01953125
1 0.509765625 0.939453125 0.021484375 0.017578125
1 0.4921875 0.9423828125 0.015625 0.013671875
1 0.490234375 0.9619140625 0.021484375 0.01953125
1 0.5347615546875 1 0.540156947265625 0.97288794140625 0.529951396484375 0.964412134765625 0.496703080078125 0.97371366015625 0.468708455078125 0.968713841796875 0.44284019140625 0.981114318359375 0.431157650390625 0.999191837890625 0.434173751953125 1 0.5347615546875 1
0 0.412763763671875 0.822220814453125 0.395718455078125 0.81843051953125 0.33972366015625 0.84147825 0.33455252734375 0.86992124609375 0.33855713671875 0.897314287109375 0.356717994140625 0.917442072265625 0.397169236328125 0.92452429296875 0.43705244921875 0.919546837890625 0.444385248046875 0.908987275390625 0.44339723046875 0.878366904296875 0.426068962890625 0.843919552734375 0.412763763671875 0.822220814453125
0 0.44921875 0.4873046875 0.18359375 0.15625
0 0.723785056640625 0.490757857421875 0.669415841796875 0.480390517578125 0.644387587890625 0.52161366796875 0.656326546875 0.55767878125 0.670507248046875 0.569545521484375 0.68954047265625 0.57190262109375 0.70157942578125 0.585741734375 0.72475106640625 0.592218521484375 0.76554641796875 0.567678765625 0.770297623046875 0.532839765625 0.7469995703125 0.504481185546875 0.723785056640625 0.490757857421875
1 0.8134765625 0.58984375 0.01953125 0.01953125
0 0.638671875 0.935546875 0.16796875 0.12890625