1 0.0478515625 0.255859375 0.009765625 0.013671875
1 0.017578125 0.3779296875 0.0126953125 0.013671875
1 0.0546875 0.3505859375 0.0107421875 0.0205078125
0 0.16955340234375 0.34104486328125 0.16588112109375 0.307813103515625 0.15641276171875 0.29633095703125 0.15434095703125 0.29309684765625 0.1395229765625 0.27767379296875 0.116695828125 0.26226279296875 0.071759259765625 0.23456790234375 0.07035319140625 0.241458091796875 0.049552634765625 0.2912431875 0.041752568359375 0.327151451171875 0.032739708984375 0.3734733671875 0.043776900390625 0.40670060546875 0.06306966015625 0.41520634375 0.10232769921875 0.423672900390625 0.1216340234375 0.41770049609375 0.139312744140625 0.398344064453125 0.16604840234375 0.3618314765625 0.16955340234375 0.34104486328125
1 0.048828125 0.4814453125 0.0126953125 0.017578125
1 0.087890625 0.478515625 0.0126953125 0.0126953125
0 0.103515625 0.630859375 0.1201171875 0.1748046875
1 0.1533203125 0.462890625 0.083984375 0.103515625
1 0.158203125 0.4814453125 0.013671875 0.0234375
1 0.24609375 0.373046875 0.0185546875 0.03125
1 0.236328125 0.412109375 0.046875 0.0546875
1 0.1904296875 0.388671875 0.0654296875 0.09375
1 0.2021484375 0.310546875 0.009765625 0.015625
1 0.2783203125 0.439453125 0.0078125 0.013671875
1 0.2314453125 0.2626953125 0.013671875 0.0185546875
1 0.3720703125 0.423828125 0.0234375 0.0419921875
0 0.37493896484375 0.39313422265625 0.388567888671875 0.35799153515625 0.39946492578125 0.31881148828125 0.39755023046875 0.306123708984375 0.392592818359375 0.302951388671875 0.376046638671875 0.2934103125 0.35242264453125 0.279765564453125 0.329282408203125 0.27391975390625 0.312819869140625 0.2723690078125 0.279449462890625 0.2733169375 0.25082284375 0.286098150390625 0.246804697265625 0.32082489453125 0.25008476953125 0.35120533203125 0.261491564453125 0.37912025 0.27643839453125 0.418408806640625 0.297174525390625 0.437191056640625 0.32369316796875 0.435055580078125 0.351342095703125 0.420868296875 0.37493896484375 0.39313422265625
1 0.25 0.568359375 0.025390625 0.03125
0 0.3154296875 0.6435546875 0.123046875 0.1591796875
1 0.3310546875 0.484375 0.017578125 0.0234375
1 0.3154296875 0.484375 0.0126953125 0.015625
1 0.34765625 0.4951171875 0.0078125 0.013671875
1 0.3671875 0.470703125 0.0185546875 0.013671875
1 0.38671875 0.4716796875 0.0126953125 0.009765625
1 0.3916015625 0.4853515625 0.0078125 0.0126953125
1 0.4052734375 0.4814453125 0.013671875 0.013671875
1 0.4384765625 0.357421875 0.0107421875 0.013671875
1 0.416015625 0.322265625 0.009765625 0.015625
1 0.4609375 0.3427734375 0.0107421875 0.009765625
1 0.46484375 0.3642578125 0.015625 0.015625
1 0.4296875 0.4658203125 0.0830078125 0.1279296875
1 0.4921875 0.4580078125 0.076171875 0.09375
1 0.533203125 0.5205078125 0.068359375 0.091796875
1 0.5849609375 0.5595703125 0.048828125 0.109375
0 0.5234375 0.6240234375 0.115234375 0.1220703125
0 0.537109375 0.3203125 0.1201171875 0.1796875
1 0.630859375 0.4033203125 0.072265625 0.1123046875
1 0.6689453125 0.4638671875 0.046875 0.080078125
1 0.64453125 0.529296875 0.03125 0.03125
0 0.7314453125 0.6298828125 0.1513671875 0.1611328125
1 0.7890625 0.5107421875 0.064453125 0.0810546875
1 0.7314453125 0.478515625 0.0810546875 0.1484375
0 0.7314453125 0.314453125 0.138671875 0.181640625
1 0.833984375 0.3369140625 0.0595703125 0.0986328125
1 0.82421875 0.470703125 0.015625 0.017578125
1 0.841796875 0.466796875 0.009765625 0.015625
1 0.8544921875 0.4267578125 0.0185546875 0.0185546875
1 0.9013671875 0.462890625 0.0126953125 0.0185546875
1 0.9365234375 0.43359375 0.0107421875 0.015625
1 0.984375 0.4814453125 0.03125 0.0673828125
0 0.9423828125 0.603515625 0.115234375 0.13671875
0 0.94140625 0.33203125 0.1171875 0.138671875
1 0.619140625 0.466796875 0.0107421875 0.015625
1 0.568359375 0.43359375 0.0078125 0.0107421875