0 0.5380859375 0.939453125 0.150390625 0.12109375
1 0.509765625 0.873046875 0.0390625 0.025390625
1 0.4375 0.8955078125 0.080078125 0.0859375
1 0.3857421875 0.892578125 0.06640625 0.052734375
0 0.2958984375 0.908203125 0.140625 0.142578125
1 0.140625 0.8447265625 0.23828125 0.126953125
1 0.40625 0.794921875 0.01953125 0.013671875
1 0.427734375 0.7841796875 0.03515625 0.01953125
1 0.4697265625 0.765625 0.048828125 0.025390625
0 0.501909435546875 0.75919300390625 0.515696919921875 0.77821966015625 0.5575835234375 0.79780325 0.579509873046875 0.81675405078125 0.59909276953125 0.8226413515625 0.60636983203125 0.793295919921875 0.626552751953125 0.76091548828125 0.649181251953125 0.750101271484375 0.642871955078125 0.727793857421875 0.5929198203125 0.720012189453125 0.542964615234375 0.715654005859375 0.506861619140625 0.732573720703125 0.501909435546875 0.75919300390625
1 0.449126111328125 0.739379822265625 0.462958853515625 0.75009980078125 0.50845909765625 0.71108045703125 0.511388591796875 0.683208193359375 0.485788974609375 0.66356608203125 0.45863487109375 0.656753130859375 0.425075849609375 0.676853580078125 0.42623197265625 0.68791673046875 0.457736478515625 0.694646599609375 0.4470339921875 0.71252281640625 0.449126111328125 0.739379822265625
1 0.451353365234375 0.68277949609375 0.4536176484375 0.65701810546875 0.43463157421875 0.648385390625 0.3801461171875 0.680538828125 0.342354916015625 0.69809809375 0.34365304296875 0.707826646484375 0.362670294921875 0.70431565625 0.388623326171875 0.71291689453125 0.395183564453125 0.723214107421875 0.38150847265625 0.7398621875 0.390988357421875 0.747393150390625 0.445421728515625 0.75925146484375 0.4530467265625 0.754244361328125 0.442921080078125 0.73175014453125 0.463135150390625 0.70370340234375 0.451353365234375 0.68277949609375
0 0.272968744140625 0.752793626953125 0.295431609375 0.78596753515625 0.35862301953125 0.7972799375 0.391663666015625 0.7728348515625 0.38980453515625 0.77346942578125 0.389325796875 0.753143830078125 0.3940979609375 0.7254691328125 0.37445030078125 0.699568615234375 0.35125971875 0.669990111328125 0.3085545703125 0.67781875390625 0.277528857421875 0.70723205859375 0.272968744140625 0.752793626953125
1 0.341796875 0.6650390625 0.009765625 0.0078125
1 0.3935546875 0.7763671875 0.013671875 0.01171875
1 0.2314453125 0.5703125 0.09375 0.05859375
1 0.32421875 0.443359375 0.013671875 0.01171875
1 0.4482421875 0.5634765625 0.01953125 0.01953125
0 0.33667009765625 0.592076943359375 0.383127677734375 0.59649483984375 0.421684298828125 0.5648480078125 0.4611816171875 0.544501458984375 0.45931813671875 0.53695532421875 0.407664421875 0.51667637890625 0.384657486328125 0.490063001953125 0.368583048828125 0.4793334140625 0.297242046875 0.478711361328125 0.27692080859375 0.5003135625 0.290389875 0.535650369140625 0.31373195703125 0.576689091796875 0.33667009765625 0.592076943359375
1 0.5576171875 0.6484375 0.01171875 0.01171875
1 0.5048828125 0.5498046875 0.009765625 0.009765625
1 0.517578125 0.5419921875 0.046875 0.05078125
0 0.6411966171875 0.54843640625 0.5925205859375 0.527244689453125 0.548966798828125 0.528471369140625 0.536577146484375 0.567516056640625 0.51185566015625 0.59469783203125 0.50580754296875 0.610119625 0.50636734375 0.610272109375 0.545917599609375 0.638901177734375 0.567302158203125 0.641265166015625 0.600674693359375 0.635234287109375 0.625684427734375 0.619566068359375 0.646876115234375 0.60495310546875 0.6547275078125 0.582881802734375 0.6411966171875 0.54843640625
1 0.47265625 0.50390625 0.009765625 0.005859375
1 0.4755859375 0.4873046875 0.0234375 0.021484375
1 0.4697265625 0.5400390625 0.013671875 0.015625
1 0.462890625 0.455078125 0.01953125 0.01953125
1 0.5380859375 0.45703125 0.03125 0.033203125
1 0.371776630859375 0.44439424609375 0.387331296875 0.45581306640625 0.436487505859375 0.4386876953125 0.4431568046875 0.42928194140625 0.452127267578125 0.399908236328125 0.453732265625 0.384637712890625 0.43406242578125 0.38233757421875 0.42151144921875 0.4007372578125 0.404969119140625 0.398588537109375 0.389652720703125 0.421800021484375 0.371776630859375 0.44439424609375
0 0.457526802734375 0.3805650625 0.4614333671875 0.3504900078125 0.462479076171875 0.320875267578125 0.432727154296875 0.317590921875 0.400308693359375 0.316447525390625 0.371971560546875 0.3038661484375 0.339653982421875 0.314012046875 0.321039380859375 0.3405300625 0.3199169921875 0.3646806015625 0.335509498046875 0.3799493359375 0.36340681640625 0.39775333203125 0.393434630859375 0.406636466796875 0.394455609375 0.405180853515625 0.398277900390625 0.401443888671875 0.4249639140625 0.39643590234375 0.457526802734375 0.3805650625
1 0.432702529296875 0.282027498046875 0.4317321953125 0.310271501953125 0.46693394140625 0.32811707421875 0.454434091796875 0.38045548828125 0.4462581953125 0.406725337890625 0.4405454609375 0.425207607421875 0.459633037109375 0.445581255859375 0.491754685546875 0.460340625 0.518244373046875 0.426320173828125 0.53221441015625 0.387598580078125 0.553336888671875 0.356816005859375 0.596226353515625 0.349729990234375 0.617404208984375 0.342738046875 0.622146537109375 0.327933044921875 0.61040349609375 0.29235205859375 0.587217466796875 0.269315546875 0.569450279296875 0.24629851171875 0.5212984375 0.2544331484375 0.500851677734375 0.236783671875 0.5219705234375 0.21166809765625 0.523099642578125 0.183566556640625 0.493642603515625 0.165292828125 0.46560712109375 0.1887995078125 0.4324461953125 0.20328611328125 0.407123171875 0.20717537890625 0.379698603515625 0.231347857421875 0.403845248046875 0.2690432265625 0.432702529296875 0.282027498046875
1 0.4052734375 0.279296875 0.0234375 0.01953125
0 0.42890931640625 0.08709889453125 0.4007119296875 0.10822826171875 0.36519391015625 0.129585595703125 0.353935994140625 0.146559169921875 0.3809098828125 0.185813365234375 0.400767375 0.20081482421875 0.432425859375 0.198566109375 0.464463412109375 0.19246856640625 0.469514779296875 0.1876951796875 0.4676806015625 0.16956378125 0.477853021484375 0.152110615234375 0.481525419921875 0.145243869140625 0.47204974609375 0.128951466796875 0.453635841796875 0.095578498046875 0.42890931640625 0.08709889453125
1 0.524664439453125 0.2194858203125 0.536911732421875 0.233271908203125 0.576732783203125 0.23043183984375 0.5976318203125 0.21843026953125 0.62205292578125 0.199688896484375 0.604779744140625 0.1815295390625 0.58567049609375 0.141035326171875 0.567738142578125 0.1198626796875 0.524520048828125 0.102820521484375 0.514358322265625 0.14373594140625 0.52657038671875 0.170694529296875 0.525841224609375 0.192118775390625 0.524664439453125 0.2194858203125
0 0.574545767578125 0.23269319921875 0.593931359375 0.25272660546875 0.60647934375 0.274101611328125 0.651550306640625 0.305141158203125 0.686455564453125 0.3040083359375 0.712753712890625 0.2918486875 0.71492648046875 0.291695189453125 0.71603037109375 0.245021693359375 0.727344361328125 0.23029429296875 0.70974965625 0.208723443359375 0.6761302890625 0.186687578125 0.617455849609375 0.186137716796875 0.590943005859375 0.203258154296875 0.574545767578125 0.23269319921875
0 0.5640590390625 0.42194039453125 0.608855111328125 0.449729474609375 0.636102337890625 0.467997810546875 0.6803844375 0.46294433203125 0.69441766015625 0.45378028125 0.716777314453125 0.427959302734375 0.7120196484375 0.38556696875 0.701091560546875 0.35958538671875 0.654411349609375 0.342225583984375 0.611901560546875 0.340599541015625 0.57020829296875 0.349445041015625 0.5388681640625 0.36672377734375 0.5640590390625 0.42194039453125
0 0.6904296875 0.0625 0.169921875 0.10546875
0 0.44921875 0.033203125 0.16015625 0.06640625
1 0.3916015625 0.09375 0.01953125 0.01171875
1 0.48046875 0.0634765625 0.013671875 0.01171875
1 0.5751953125 0.0732421875 0.072265625 0.07421875