0 0.9306640625 0.5869140625 0.138671875 0.162109375
1 0.990234375 0.462890625 0.0185546875 0.0234375
1 0.9609375 0.478515625 0.0185546875 0.0234375
1 0.9521484375 0.458984375 0.0126953125 0.015625
1 0.8916015625 0.4638671875 0.0185546875 0.021484375
1 0.853515625 0.4716796875 0.0498046875 0.0703125
1 0.802734375 0.453125 0.0205078125 0.0234375
0 0.927734375 0.294921875 0.1435546875 0.2001953125
0 0.69921875 0.333984375 0.1513671875 0.1826171875
1 0.728515625 0.240234375 0.0126953125 0.0185546875
1 0.544921875 0.189453125 0.1298828125 0.166015625
1 0.54296875 0.421875 0.013671875 0.0234375
1 0.521484375 0.4248046875 0.015625 0.017578125
1 0.6806640625 0.5 0.1357421875 0.1435546875
0 0.689453125 0.6220703125 0.1455078125 0.109375
1 0.431640625 0.240234375 0.0185546875 0.025390625
1 0.390625 0.265625 0.005859375 0.015625
1 0.3759765625 0.2705078125 0.0078125 0.0126953125
1 0.345703125 0.2880859375 0.009765625 0.015625
0 0.421296296875 0.3677248671875 0.4569111171875 0.36005704296875 0.4940992890625 0.34450610546875 0.509535693359375 0.323359306640625 0.51010923046875 0.29716262890625 0.5030536953125 0.277648603515625 0.474207640625 0.230126005859375 0.452906693359375 0.21113901171875 0.43884341796875 0.22833650390625 0.426039599609375 0.249924216796875 0.4064450546875 0.256723986328125 0.39711345703125 0.2926948984375 0.40034670703125 0.340241609375 0.421296296875 0.3677248671875
0 0.2021484375 0.279296875 0.123046875 0.146484375
0 0.2392578125 0.62109375 0.1484375 0.146484375
1 0.322265625 0.451171875 0.0126953125 0.013671875
1 0.3232421875 0.416015625 0.013671875 0.017578125
1 0.2421875 0.40234375 0.0107421875 0.017578125
1 0.228515625 0.435546875 0.0078125 0.0078125
1 0.220703125 0.419921875 0.0126953125 0.0126953125
1 0.1728515625 0.396484375 0.0107421875 0.025390625
1 0.1494140625 0.4404296875 0.015625 0.025390625
1 0.109375 0.451171875 0.015625 0.015625
1 0.056640625 0.275390625 0.0283203125 0.0283203125
0 0.48046875 0.6142578125 0.1064453125 0.1640625
1 0.8486328125 0.4267578125 0.0107421875 0.0126953125
1 0.0517578125 0.408203125 0.0126953125 0.013671875