1 0.880859375 0.623046875 0.0234375 0.021484375
0 0.78376269921875 0.583187791015625 0.75670724609375 0.6012496171875 0.742748408203125 0.643285859375 0.734668888671875 0.6897016953125 0.748943080078125 0.7130658984375 0.78419669921875 0.7270924453125 0.82361896484375 0.738374177734375 0.85208464453125 0.7177868671875 0.85589100390625 0.709665521484375 0.85474429296875 0.689061115234375 0.85869441796875 0.652136982421875 0.860804884765625 0.603789998046875 0.8659243203125 0.568699888671875 0.84649057421875 0.57576416015625 0.829374517578125 0.56156648046875 0.814916224609375 0.55103995703125 0.78376269921875 0.583187791015625
1 0.9638671875 0.5986328125 0.05078125 0.041015625
1 0.9521484375 0.5634765625 0.052734375 0.03515625
0 1 0.352605375 0.978958068359375 0.354695734375 0.956524533203125 0.38220430078125 0.937848662109375 0.423777623046875 0.92626351953125 0.4518385859375 0.929085369140625 0.482075634765625 0.9436395234375 0.528489578125 0.9733471953125 0.52442237109375 1 0.494011875 1 0.352605375
1 0.844482720703125 0.5093379609375 0.853018267578125 0.564689376953125 0.868173666015625 0.57086832421875 0.85778058984375 0.608212275390625 0.864581033203125 0.61223780859375 0.90018329296875 0.601925466796875 0.913929818359375 0.57961040625 0.894474060546875 0.556304126953125 0.884210328125 0.523793271484375 0.86603326953125 0.50552444921875 0.844482720703125 0.5093379609375
0 0.730728708984375 0.364767474609375 0.745587251953125 0.40862574609375 0.7739530234375 0.45227261328125 0.82145348046875 0.478527203125 0.83135732421875 0.461102056640625 0.84768041015625 0.435954091796875 0.86617675390625 0.417117220703125 0.892589162109375 0.391973197265625 0.8926793125 0.373214046875 0.883669705078125 0.351141078125 0.8619107734375 0.319635740234375 0.8316267265625 0.288431521484375 0.8173370625 0.2829795078125 0.78169841796875 0.283517318359375 0.730728708984375 0.364767474609375
1 0.8603515625 0.4345703125 0.015625 0.01953125
1 0.7041015625 0.41015625 0.044921875 0.056640625
1 0.693359375 0.4951171875 0.095703125 0.126953125
1 0.6904296875 0.5673828125 0.0234375 0.0234375
1 0.7412109375 0.5693359375 0.056640625 0.060546875
1 0.67578125 0.6953125 0.015625 0.01953125
1 0.701171875 0.6884765625 0.0078125 0.009765625
0 0.624110998046875 0.7269189921875 0.646753728515625 0.702961828125 0.67471396484375 0.63956293359375 0.666525708984375 0.5803574296875 0.649104529296875 0.538518310546875 0.624896173828125 0.532340189453125 0.584652296875 0.535712775390625 0.5430124296875 0.582394984375 0.535302259765625 0.61032048828125 0.53614875 0.661704107421875 0.535837228515625 0.699896193359375 0.56114459765625 0.7202889375 0.624110998046875 0.7269189921875
1 0.54082483984375 0.570041431640625 0.53949455859375 0.52606341796875 0.517914189453125 0.525030640625 0.512616099609375 0.5778760859375 0.492968640625 0.602221162109375 0.482510357421875 0.657376396484375 0.47960255078125 0.712241375 0.50921898828125 0.707013435546875 0.53624109765625 0.684083953125 0.537947115234375 0.659071421875 0.534330642578125 0.621772619140625 0.54082483984375 0.570041431640625
1 0.4658203125 0.662109375 0.017578125 0.03515625
1 0.44921875 0.61328125 0.021484375 0.025390625
1 0.43648149609375 0.587534087890625 0.491612408203125 0.596398837890625 0.510569720703125 0.566754642578125 0.517290322265625 0.525562138671875 0.531868392578125 0.5227340703125 0.564815037109375 0.5241241796875 0.596170490234375 0.50045230859375 0.60312128515625 0.48082591796875 0.56626491796875 0.44892933984375 0.52262965625 0.439687009765625 0.4957121640625 0.42831909375 0.434065666015625 0.440634185546875 0.42203471484375 0.466548859375 0.44643638671875 0.50277897265625 0.43016558984375 0.55993838671875 0.43648149609375 0.587534087890625
0 0.383296939453125 0.7039329765625 0.43276364453125 0.70516116796875 0.46322753515625 0.6322177578125 0.438884107421875 0.618795775390625 0.44721028125 0.598701763671875 0.423845265625 0.558288330078125 0.399169931640625 0.52977858984375 0.369295169921875 0.524138119140625 0.33801790625 0.547838373046875 0.301813185546875 0.59334516796875 0.301930927734375 0.630877529296875 0.319438001953125 0.65757977734375 0.352560267578125 0.688711544921875 0.383296939453125 0.7039329765625
1 0.35462909375 0.514598123046875 0.373723236328125 0.503833681640625 0.357213546875 0.4765967734375 0.32407879296875 0.460775685546875 0.29314476953125 0.454727197265625 0.288494333984375 0.480456439453125 0.30319330859375 0.523445263671875 0.32472704296875 0.53770202734375 0.35462909375 0.514598123046875
1 0.3193359375 0.4169921875 0.033203125 0.04296875
1 0.4290042734375 0.4805554140625 0.421334693359375 0.458804697265625 0.403988880859375 0.42929359765625 0.374690455078125 0.442951201171875 0.371118921875 0.48811523046875 0.355998919921875 0.524286994140625 0.356742166015625 0.523982724609375 0.369691537109375 0.532724888671875 0.393115904296875 0.542504404296875 0.416112173828125 0.519642220703125 0.4290042734375 0.4805554140625
1 0.3603515625 0.439453125 0.04296875 0.064453125
1 0.4619140625 0.392578125 0.021484375 0.0234375
0 0.333618947265625 0.35899755078125 0.35633616796875 0.39581533984375 0.39195008203125 0.429913638671875 0.42082238671875 0.41519730859375 0.45710855078125 0.364553751953125 0.454649123046875 0.308431810546875 0.431346546875 0.264112080078125 0.38740097265625 0.22151063671875 0.351867947265625 0.23957241015625 0.3205476171875 0.329450626953125 0.333618947265625 0.35899755078125
1 0.234375 0.3857421875 0.021484375 0.03125
0 0.177800369140625 0.21926389453125 0.143649263671875 0.24925814453125 0.140418125 0.348376603515625 0.166175158203125 0.376958359375 0.21848411328125 0.3843690390625 0.23646318359375 0.355670919921875 0.280313509765625 0.354342693359375 0.2847147890625 0.34559882421875 0.263993970703125 0.27426773828125 0.249913419921875 0.246156482421875 0.22051659375 0.2203156015625 0.177800369140625 0.21926389453125
1 0.0869140625 0.3212890625 0.01171875 0.013671875
1 0.083984375 0.3037109375 0.015625 0.013671875
1 0.0517578125 0.4501953125 0.103515625 0.142578125
1 0.2158203125 0.5107421875 0.0234375 0.033203125
1 0.232421875 0.478515625 0.013671875 0.013671875
1 0.128701796875 0.453099568359375 0.104788404296875 0.446381990234375 0.098397505859375 0.491447201171875 0.1122041015625 0.5179250546875 0.133483849609375 0.513894341796875 0.15393446875 0.5051450234375 0.160154755859375 0.4948931875 0.146471123046875 0.465554140625 0.128701796875 0.453099568359375
0 0.087375046875 0.52936187890625 0.05097202734375 0.569652595703125 0.049075275390625 0.60753144921875 0.069743615234375 0.651353998046875 0.12558277734375 0.661128779296875 0.16630723046875 0.685968421875 0.1711892421875 0.683113412109375 0.201523455078125 0.6227596640625 0.222821767578125 0.592793994140625 0.2201692421875 0.561528490234375 0.211722173828125 0.521409765625 0.19047911328125 0.495283408203125 0.1781752109375 0.49104445703125 0.148503763671875 0.50782030078125 0.1180194609375 0.51650392578125 0.087375046875 0.52936187890625
1 0.274185572265625 0.700813189453125 0.294061251953125 0.662546111328125 0.305883623046875 0.615384904296875 0.295726 0.575324927734375 0.271710560546875 0.559494943359375 0.241625306640625 0.56662931640625 0.22169624609375 0.5954655859375 0.19935016015625 0.61989230078125 0.206016173828125 0.66316096875 0.2167061796875 0.6926758515625 0.274185572265625 0.700813189453125
1 0.26122654296875 0.94796855078125 0.264416822265625 0.935951650390625 0.296843025390625 0.896883025390625 0.334153154296875 0.82681323828125 0.36182894921875 0.7413153515625 0.34538326953125 0.708907927734375 0.30745756640625 0.707536369140625 0.247881517578125 0.727200353515625 0.21760829296875 0.756435158203125 0.224049578125 0.85203610546875 0.235032728515625 0.909389025390625 0.26016783203125 0.9484198046875 0.26122654296875 0.94796855078125
0 0.581863841796875 0.437398875 0.606122384765625 0.456882419921875 0.63765598828125 0.44515994140625 0.665459064453125 0.4100558359375 0.686367990234375 0.3689476640625 0.688665591796875 0.3057737109375 0.63149832421875 0.23482516796875 0.55830388671875 0.25522236328125 0.53989601953125 0.33962607421875 0.547135208984375 0.37261626953125 0.55854883203125 0.389668447265625 0.58149275 0.435760515625 0.581863841796875 0.437398875
1 0.8779296875 0.4560546875 0.015625 0.015625
1 0.8603515625 0.6826171875 0.013671875 0.01171875