1 0.5361328125 0.025390625 0.068359375 0.05078125
1 0.513671875 0.1162109375 0.03125 0.009765625
1 0.513671875 0.1748046875 0.009765625 0.0078125
1 0.482421875 0.2216796875 0.115234375 0.0810546875
0 0.568559810546875 0.14304041015625 0.58822066796875 0.17824187109375 0.615145458984375 0.20511090234375 0.63706386328125 0.21097366796875 0.67095419921875 0.19449417578125 0.68234893359375 0.17751283984375 0.69705916015625 0.150668673828125 0.707257306640625 0.11786566796875 0.68352593359375 0.083663375 0.648942359375 0.07973791015625 0.60085117578125 0.0866733125 0.56955596484375 0.125171802734375 0.568559810546875 0.14304041015625
1 0.6845703125 0.1845703125 0.015625 0.0107421875
0 0.33984375 0.1123046875 0.1904296875 0.154296875
1 0.3701171875 0.4169921875 0.0126953125 0.009765625
1 0.431640625 0.37890625 0.072265625 0.056640625
0 0.446017794921875 0.345225015625 0.447217400390625 0.310966208984375 0.447812681640625 0.31049940234375 0.42500813671875 0.298145435546875 0.382016783203125 0.27268925390625 0.32332808984375 0.264129638671875 0.28694661328125 0.27311876171875 0.266083140625 0.31575181640625 0.26949055859375 0.36016167578125 0.28661205078125 0.401153564453125 0.32302216015625 0.41497802734375 0.3580925078125 0.41090788671875 0.387844509765625 0.396293357421875 0.418544439453125 0.36853479296875 0.446017794921875 0.345225015625
1 0.322265625 0.4560546875 0.015625 0.009765625
1 0.498046875 0.306640625 0.0341796875 0.033203125
1 0.494140625 0.3369140625 0.0126953125 0.009765625
1 0.476619767578125 0.44478805078125 0.465253666015625 0.4726076484375 0.480495876953125 0.493341517578125 0.511081271484375 0.51070488671875 0.554934654296875 0.51324123828125 0.57398516015625 0.498601841796875 0.564923322265625 0.47334572265625 0.550998263671875 0.43709196875 0.5423282578125 0.391991509765625 0.527896833984375 0.37534360546875 0.518250265625 0.37580023828125 0.496277609375 0.41967434375 0.476619767578125 0.44478805078125
0 0.642578125 0.38671875 0.125 0.103515625
0 0.6240234375 0.591796875 0.140625 0.1123046875
1 0.486328125 0.533203125 0.015625 0.009765625
0 0.3427734375 0.5966796875 0.162109375 0.1220703125
1 0.47265625 0.6533203125 0.015625 0.009765625
1 0.5107421875 0.6806640625 0.0126953125 0.009765625
1 0.466796875 0.744140625 0.015625 0.0126953125
1 0.4677734375 0.7763671875 0.009765625 0.005859375
1 0.5029296875 0.8017578125 0.015625 0.009765625
1 0.4814453125 0.8115234375 0.0185546875 0.009765625
1 0.4970703125 0.876953125 0.015625 0.0126953125
1 0.376953125 0.74609375 0.009765625 0.0078125
0 0.326171875 0.830078125 0.1611328125 0.134765625
1 0.353515625 0.923828125 0.0126953125 0.009765625
1 0.4951171875 0.93359375 0.041015625 0.087890625
0 0.6142578125 0.7998046875 0.1064453125 0.115234375
1 0.775390625 0.087890625 0.029296875 0.021484375