0 0.0400390625 0.48046875 0.080078125 0.14453125
1 0.064453125 0.380859375 0.044921875 0.046875
1 0.044921875 0.3369140625 0.046875 0.02734375
1 0.1142578125 0.353515625 0.0078125 0.0078125
1 0.1357421875 0.353515625 0.021484375 0.017578125
1 0.1572265625 0.3515625 0.02734375 0.029296875
1 0.107421875 0.5244140625 0.017578125 0.015625
1 0.1064453125 0.48828125 0.0234375 0.017578125
1 0.1767578125 0.373046875 0.046875 0.05859375
1 0.220703125 0.3955078125 0.0078125 0.009765625
1 0.236328125 0.3681640625 0.01953125 0.021484375
1 0.2646484375 0.3681640625 0.033203125 0.03515625
1 0.255859375 0.4169921875 0.029296875 0.05078125
1 0.2841796875 0.3759765625 0.01171875 0.013671875
1 0.3076171875 0.3740234375 0.03125 0.033203125
1 0.3486328125 0.412109375 0.0234375 0.01953125
0 0.19140625 0.515625 0.126953125 0.130859375
1 0.169921875 0.43359375 0.08984375 0.076171875
1 0.1279296875 0.458984375 0.013671875 0.013671875
0 0.0703125 0.2412109375 0.08203125 0.138671875
1 0.15234375 0.2578125 0.048828125 0.080078125
0 0.240234375 0.232421875 0.16015625 0.1875
0 0.4111328125 0.271484375 0.150390625 0.166015625
1 0.6328125 0.376953125 0.052734375 0.072265625
1 0.486328125 0.4716796875 0.04296875 0.052734375
1 0.3876953125 0.5537109375 0.01953125 0.037109375
1 0.3095703125 0.4990234375 0.01171875 0.013671875
1 0.3232421875 0.4794921875 0.01171875 0.01171875
1 0.4951171875 0.5546875 0.025390625 0.017578125
1 0.623046875 0.5517578125 0.01953125 0.021484375
1 0.63671875 0.5576171875 0.013671875 0.02734375
1 0.646484375 0.5263671875 0.013671875 0.01953125
1 0.537109375 0.505859375 0.041015625 0.04296875
1 0.5107421875 0.544921875 0.009765625 0.01171875
1 0.453125 0.5205078125 0.0078125 0.009765625
1 0.44921875 0.4833984375 0.03125 0.02734375
1 0.4638671875 0.44921875 0.04296875 0.0546875
1 0.5361328125 0.3935546875 0.05859375 0.076171875
1 0.3955078125 0.41796875 0.07421875 0.09375
1 0.4326171875 0.4248046875 0.0546875 0.095703125
1 0.369140625 0.3857421875 0.029296875 0.04296875
1 0.3369140625 0.38671875 0.02734375 0.015625
1 0.33203125 0.37109375 0.015625 0.0234375
1 0.580078125 0.423828125 0.015625 0.017578125
1 0.6181640625 0.4296875 0.048828125 0.025390625
1 0.7158203125 0.44140625 0.05078125 0.033203125
1 0.677734375 0.46484375 0.01171875 0.017578125
1 0.69140625 0.4677734375 0.015625 0.015625
1 0.6533203125 0.4375 0.021484375 0.01953125
1 0.6748046875 0.4404296875 0.01171875 0.015625
1 0.7255859375 0.486328125 0.015625 0.021484375
1 0.83203125 0.4541015625 0.05078125 0.046875
1 0.8896484375 0.4013671875 0.0390625 0.0390625
0 0.7919921875 0.3408203125 0.1328125 0.18359375
1 0.9111328125 0.3818359375 0.01171875 0.01171875
0 0.9501953125 0.3681640625 0.099609375 0.189453125
1 0.9609375 0.623046875 0.01171875 0.017578125
1 0.97265625 0.6103515625 0.033203125 0.033203125
1 0.9873046875 0.5087890625 0.025390625 0.041015625
1 0.939453125 0.5048828125 0.072265625 0.099609375
1 0.8095703125 0.6103515625 0.013671875 0.009765625
1 0.8359375 0.580078125 0.044921875 0.052734375
1 0.759765625 0.611328125 0.01953125 0.01953125
0 0.72265625 0.5625 0.109375 0.15234375
1 0.7763671875 0.5634765625 0.025390625 0.0234375
0 0.9013671875 0.599609375 0.12109375 0.134765625
1 0.861328125 0.6162109375 0.01171875 0.01171875
1 0.8369140625 0.626953125 0.015625 0.015625
1 0.796875 0.607421875 0.01171875 0.01171875
1 0.7998046875 0.5693359375 0.01171875 0.01171875
0 0.5986328125 0.2880859375 0.12109375 0.166015625
1 0.4736328125 0.404296875 0.0234375 0.025390625
1 0.49609375 0.51171875 0.0078125 0.013671875
1 0.8642578125 0.4775390625 0.041015625 0.04296875
1 0.888671875 0.474609375 0.013671875 0.01953125
1 0.8076171875 0.4951171875 0.017578125 0.013671875
1 0.8037109375 0.4580078125 0.021484375 0.021484375
1 0.1171875 0.375 0.013671875 0.013671875
0 0.35546875 0.5302734375 0.10546875 0.150390625
0 0.5498046875 0.580078125 0.1171875 0.13671875
1 0.091796875 0.33984375 0.013671875 0.013671875
1 0.1328125 0.375 0.01171875 0.01171875
1 0.515625 0.4404296875 0.009765625 0.015625
1 0.705078125 0.41796875 0.009765625 0.01171875
1 0.6494140625 0.5576171875 0.0078125 0.01171875
1 0.6708984375 0.5322265625 0.0078125 0.009765625
1 0.7705078125 0.458984375 0.0078125 0.009765625
1 0.9658203125 0.5869140625 0.0078125 0.009765625
1 0.9736328125 0.5791015625 0.0078125 0.0078125
1 0.8857421875 0.35546875 0.009765625 0.0078125
1 0.740234375 0.302734375 0.01171875 0.01171875