0 0.1787109375 0.240234375 0.1953125 0.220703125
1 0.28515625 0.2734375 0.013671875 0.013671875
1 0.322265625 0.30859375 0.01171875 0.01171875
0 0.4111328125 0.3115234375 0.171875 0.220703125
0 0.615234375 0.365234375 0.150390625 0.197265625
1 0.6865234375 0.36328125 0.025390625 0.0390625
1 0.6943359375 0.3359375 0.01171875 0.013671875
1 0.64453125 0.478515625 0.015625 0.015625
1 0.6494140625 0.4501953125 0.01171875 0.017578125
1 0.5849609375 0.5146484375 0.1015625 0.099609375
1 0.544921875 0.478515625 0.01171875 0.01171875
0 0.837890625 0.427734375 0.1484375 0.16796875
1 0.048828125 0.3466796875 0.015625 0.015625
1 0.0703125 0.376953125 0.068359375 0.083984375
1 0.13671875 0.37109375 0.03515625 0.041015625
1 0.169921875 0.3701171875 0.017578125 0.02734375
1 0.19140625 0.3779296875 0.01953125 0.021484375
1 0.076171875 0.453125 0.033203125 0.048828125
1 0.103515625 0.484375 0.017578125 0.025390625
1 0.265625 0.42578125 0.0703125 0.0703125
1 0.2529296875 0.37890625 0.01171875 0.013671875
1 0.3994140625 0.431640625 0.029296875 0.029296875
1 0.3662109375 0.4404296875 0.01171875 0.01171875
1 0.4599609375 0.44921875 0.009765625 0.015625
0 0.3935546875 0.6064453125 0.166015625 0.1953125
0 0.5673828125 0.650390625 0.15625 0.18359375
1 0.619140625 0.6181640625 0.03125 0.037109375
1 0.7041015625 0.7724609375 0.017578125 0.01171875
1 0.7509765625 0.5634765625 0.09375 0.10546875
1 0.771484375 0.5595703125 0.013671875 0.015625
1 0.767578125 0.509765625 0.01953125 0.021484375
1 0.7861328125 0.5107421875 0.013671875 0.0234375
1 0.8369140625 0.55859375 0.078125 0.11328125
1 0.9013671875 0.5732421875 0.091796875 0.109375
1 0.9580078125 0.5791015625 0.083984375 0.08984375
1 0.916015625 0.6669921875 0.05078125 0.06640625
0 0.9462890625 0.701171875 0.068359375 0.12109375
1 0.8759765625 0.7060546875 0.029296875 0.025390625
0 0.06572481640625 0.5418021171875 0.060706091796875 0.581695748046875 0.073167333984375 0.5982036484375 0.126479599609375 0.627963259765625 0.15643153515625 0.635010015625 0.1960193828125 0.620748439453125 0.228772884765625 0.543246685546875 0.2171263125 0.485780576171875 0.19435906640625 0.46744309765625 0.1508362421875 0.456746041015625 0.132837541015625 0.46981583984375 0.106365625 0.495680470703125 0.07140053125 0.525872009765625 0.06572481640625 0.5418021171875
0 0.713037205078125 0.662236865234375 0.732358234375 0.7379140234375 0.760738806640625 0.759713046875 0.78610863671875 0.774829712890625 0.809691107421875 0.784687916015625 0.85767139453125 0.777402080078125 0.87274194140625 0.72388351171875 0.86257730859375 0.681966701171875 0.8358422890625 0.623959173828125 0.79312996484375 0.614961927734375 0.7605004765625 0.601008078125 0.71380201953125 0.650401826171875 0.712115658203125 0.66234723828125 0.713037205078125 0.662236865234375