1 0.91796875 0.2919921875 0.015625 0.015625
1 0.8916015625 0.3408203125 0.015625 0.015625
1 0.83203125 0.478515625 0.015625 0.02734375
1 0.82421875 0.4619140625 0.013671875 0.01953125
1 0.7548828125 0.3017578125 0.013671875 0.013671875
0 0.891150912109375 0.36006887109375 0.887299951171875 0.34182769140625 0.89671088671875 0.33147145703125 0.91210508203125 0.3071724609375 0.902204349609375 0.298234533203125 0.863734107421875 0.279718451171875 0.815196158203125 0.271290669921875 0.78241690234375 0.27243534765625 0.7734231953125 0.30671536328125 0.76320659765625 0.36338001171875 0.768216759765625 0.401170783203125 0.79991054296875 0.45830073828125 0.822520880859375 0.4519096015625 0.84740215625 0.425365205078125 0.87229658203125 0.3857821953125 0.891150912109375 0.36006887109375
1 0.9736328125 0.5087890625 0.052734375 0.048828125
1 0.9560546875 0.607421875 0.013671875 0.013671875
1 0.87890625 0.53125 0.013671875 0.01953125
0 0.8486328125 0.685546875 0.16796875 0.197265625
1 0.6884765625 0.6865234375 0.021484375 0.021484375
1 0.6865234375 0.7216796875 0.013671875 0.017578125
1 0.7060546875 0.673828125 0.01953125 0.021484375
1 0.705078125 0.5732421875 0.115234375 0.146484375
1 0.7197265625 0.6494140625 0.009765625 0.013671875
0 0.59375 0.6787109375 0.130859375 0.185546875
1 0.7001953125 0.3583984375 0.009765625 0.013671875
1 0.685546875 0.3662109375 0.009765625 0.01953125
1 0.4658203125 0.751953125 0.013671875 0.015625
1 0.4892578125 0.69140625 0.013671875 0.015625
1 0.474609375 0.68359375 0.021484375 0.021484375
1 0.48828125 0.6630859375 0.013671875 0.013671875
1 0.46875 0.6640625 0.01953125 0.01953125
1 0.5361328125 0.4892578125 0.009765625 0.015625
1 0.5537109375 0.515625 0.009765625 0.013671875
0 0.5869140625 0.3720703125 0.12890625 0.1953125
1 0.5146484375 0.3642578125 0.015625 0.015625
0 0.35546875 0.3740234375 0.123046875 0.1953125
1 0.427734375 0.486328125 0.06640625 0.126953125
1 0.380859375 0.498046875 0.029296875 0.02734375
1 0.386761826171875 0.51688528515625 0.35436520703125 0.497579390625 0.33614290625 0.504168482421875 0.3139448828125 0.532903234375 0.29734709375 0.57230911328125 0.308963796875 0.585534060546875 0.32375554296875 0.5883457578125 0.350079080078125 0.584649193359375 0.400185482421875 0.583754619140625 0.459067029296875 0.5806958046875 0.472906119140625 0.570592421875 0.462787611328125 0.551992392578125 0.442925556640625 0.5499998125 0.418591455078125 0.53152758984375 0.386761826171875 0.51688528515625
1 0.270365775390625 0.548590486328125 0.25058432421875 0.55843491796875 0.23763490625 0.566925552734375 0.232071251953125 0.574949166015625 0.22883081640625 0.584986708984375 0.238517279296875 0.599563173828125 0.27659334375 0.626540275390625 0.3147130078125 0.63772316015625 0.331072353515625 0.628424478515625 0.33362037109375 0.614593634765625 0.31659384765625 0.5930701328125 0.30880062109375 0.579796109375 0.304984021484375 0.548605384765625 0.3105728828125 0.5288670625 0.3112179609375 0.5185515390625 0.298402119140625 0.5120973125 0.29852603125 0.5124790234375 0.285631814453125 0.535476310546875 0.270365775390625 0.548590486328125
1 0.2802734375 0.5322265625 0.017578125 0.029296875
1 0.2451171875 0.5380859375 0.03515625 0.03515625
1 0.1904296875 0.505859375 0.0078125 0.01953125
1 0.21484375 0.51953125 0.013671875 0.013671875
1 0.2548828125 0.49609375 0.009765625 0.015625
1 0.16015625 0.517578125 0.013671875 0.013671875
1 0.130859375 0.52734375 0.013671875 0.01953125
0 0.1328125 0.7294921875 0.126953125 0.1640625
1 0.2802734375 0.6630859375 0.01953125 0.029296875
0 0.369140625 0.716796875 0.1484375 0.171875
0 0.1025390625 0.376953125 0.15625 0.171875
1 0.1015625 0.54296875 0.01953125 0.021484375
1 0.1259765625 0.5810546875 0.009765625 0.021484375
1 0.8193359375 0.513671875 0.013671875 0.009765625
1 0.79296875 0.5205078125 0.005859375 0.013671875
1 0.7822265625 0.580078125 0.01953125 0.015625
1 0.2353515625 0.3349609375 0.01171875 0.015625
1 0.244140625 0.37890625 0.01171875 0.013671875
1 0.755859375 0.7060546875 0.009765625 0.013671875
1 0.1015625 0.5107421875 0.021484375 0.021484375