0 0.037109375 0.3671875 0.0732421875 0.1591796875
1 0.0849609375 0.513671875 0.0126953125 0.0185546875
1 0.1083984375 0.513671875 0.013671875 0.015625
1 0.107421875 0.529296875 0.0126953125 0.015625
0 0.0361328125 0.6396484375 0.0703125 0.154296875
1 0.1044921875 0.69140625 0.005859375 0.0126953125
0 0.2080078125 0.6474609375 0.162109375 0.166015625
1 0.296875 0.6181640625 0.0107421875 0.015625
1 0.271484375 0.46484375 0.0517578125 0.0625
1 0.3134765625 0.48046875 0.0078125 0.0078125
0 0.208984375 0.337890625 0.169921875 0.189453125
1 0.34375 0.3681640625 0.017578125 0.015625
1 0.349609375 0.3857421875 0.005859375 0.0126953125
1 0.40625 0.7119140625 0.013671875 0.013671875
1 0.357421875 0.6708984375 0.005859375 0.0078125
1 0.521484375 0.697265625 0.0126953125 0.017578125
1 0.5078125 0.658203125 0.0078125 0.0107421875
1 0.5126953125 0.6708984375 0.0078125 0.0107421875
0 0.49474193359375 0.614384404296875 0.478668439453125 0.57236207421875 0.46936396875 0.56292317578125 0.44364691796875 0.568337673828125 0.41506528515625 0.576532359375 0.381784396484375 0.58189621875 0.35578432421875 0.628941212890625 0.3629150390625 0.6776258671875 0.3809814453125 0.699294705078125 0.40819137109375 0.70283444140625 0.4151403359375 0.72392457421875 0.43446723046875 0.74468316015625 0.452552626953125 0.742299623046875 0.484105541015625 0.7271520546875 0.511754013671875 0.68480179296875 0.5030517578125 0.657008341796875 0.49474193359375 0.614384404296875
1 0.484577546875 0.585177951171875 0.499461986328125 0.60289833984375 0.54297055859375 0.61997974609375 0.55920229296875 0.616368875 0.5637975625 0.588259548828125 0.543788880859375 0.54655430078125 0.525007234375 0.51709225390625 0.49919614453125 0.507541232421875 0.48361273828125 0.55085117578125 0.484577546875 0.585177951171875
1 0.513058810546875 0.40146363671875 0.476890732421875 0.404500626953125 0.45484573828125 0.392367138671875 0.426747865234375 0.440346498046875 0.41317093359375 0.45127194140625 0.433050310546875 0.48468846484375 0.454327619140625 0.520109953125 0.46742440625 0.52827329296875 0.491844798828125 0.509094087890625 0.51431206640625 0.51197916796875 0.52921820703125 0.52473114453125 0.554405380859375 0.525788484375 0.55383843359375 0.49984447265625 0.5163049765625 0.469492669921875 0.517945240234375 0.44261791015625 0.5304027421875 0.420613908203125 0.513058810546875 0.40146363671875
0 0.46109212109375 0.363976900390625 0.465151185546875 0.3413797265625 0.487436705078125 0.33935426171875 0.471705005859375 0.31756124609375 0.464801251953125 0.2823206015625 0.44212239453125 0.26923587109375 0.40697066796875 0.263471740234375 0.349537037109375 0.277160494140625 0.349310076171875 0.277847705078125 0.348305482421875 0.3141830625 0.35352828515625 0.363261958984375 0.38834544921875 0.36277608984375 0.3872594765625 0.383871044921875 0.38607675 0.41360556640625 0.41529948046875 0.40722415234375 0.45505823046875 0.3938741796875 0.4757360390625 0.40586540234375 0.47889087890625 0.39611786328125 0.46109212109375 0.363976900390625
1 0.5048828125 0.34765625 0.005859375 0.0205078125
1 0.49466959765625 0.3731553828125 0.501670103515625 0.351967591796875 0.5043529375 0.330461515625 0.481489619140625 0.31889829296875 0.48542299609375 0.3351900078125 0.48553873828125 0.34372226953125 0.4578369140625 0.342425009765625 0.4583251953125 0.35881317578125 0.45442401171875 0.35781012890625 0.468027525390625 0.374286265625 0.475340892578125 0.379251060546875 0.49466959765625 0.3731553828125
1 0.5458984375 0.388671875 0.0283203125 0.0263671875
1 0.57421875 0.375 0.037109375 0.03125
1 0.6015625 0.478515625 0.0595703125 0.078125
1 0.62890625 0.529296875 0.0078125 0.0107421875
1 0.6552734375 0.4619140625 0.0048828125 0.0107421875
1 0.73046875 0.4697265625 0.0078125 0.0126953125
1 0.7333984375 0.529296875 0.0830078125 0.0517578125
1 0.7353515625 0.4423828125 0.0078125 0.009765625
0 0.6591796875 0.35546875 0.1376953125 0.1640625
1 0.603515625 0.6474609375 0.0126953125 0.013671875
1 0.7001953125 0.685546875 0.0078125 0.0126953125
1 0.712890625 0.708984375 0.015625 0.017578125
1 0.7763671875 0.6611328125 0.0185546875 0.0283203125
0 0.7395091875 0.61178385546875 0.723098416015625 0.56276162109375 0.717392759765625 0.561650029296875 0.6939697265625 0.555852140625 0.66393500390625 0.5312162421875 0.635875107421875 0.55707103515625 0.602765119140625 0.594492669921875 0.597376845703125 0.614536314453125 0.62306676953125 0.66313657421875 0.64774124609375 0.68729866015625 0.678216326171875 0.7215784140625 0.69174623828125 0.7079065390625 0.696498841796875 0.682789591796875 0.73636971875 0.67389081640625 0.751893447265625 0.643371431640625 0.7395091875 0.61178385546875
1 0.8291015625 0.6123046875 0.0185546875 0.0341796875
0 0.96204155859375 0.691200087890625 0.97832212109375 0.656239150390625 0.97314453125 0.62710503515625 0.95090151171875 0.6118803046875 0.925355361328125 0.60159023046875 0.9058069296875 0.57980203515625 0.87197717578125 0.58478250390625 0.8467737265625 0.59248167578125 0.83769079296875 0.61489438671875 0.82327473828125 0.6365608125 0.82000687109375 0.670664544921875 0.831427228515625 0.699907166015625 0.862497287109375 0.74729697265625 0.88929488671875 0.764818431640625 0.905518482421875 0.75488401953125 0.92911060546875 0.72747275390625 0.96204155859375 0.691200087890625
1 0.8720703125 0.50390625 0.0234375 0.029296875
1 0.892578125 0.533203125 0.0234375 0.037109375
1 0.9443359375 0.5244140625 0.0888671875 0.09375
1 0.966796875 0.443359375 0.0654296875 0.076171875
1 0.8544921875 0.455078125 0.0107421875 0.0205078125
0 0.8720703125 0.3447265625 0.134765625 0.15625