0 0.6220703125 0.8896484375 0.1953125 0.1796875
0 0.6181640625 0.6787109375 0.17578125 0.130859375
0 0.5751953125 0.458984375 0.1484375 0.1328125
0 0.52734375 0.240234375 0.18359375 0.150390625
1 0.5068359375 0.1708984375 0.01953125 0.017578125
1 0.4189453125 0.298828125 0.015625 0.017578125
0 0.509765625 0.0498046875 0.15234375 0.099609375
0 0.2255859375 0.0625 0.08984375 0.072265625
1 0.318359375 0.095703125 0.009765625 0.0078125
1 0.2880859375 0.0732421875 0.013671875 0.017578125
1 0.181640625 0.193359375 0.013671875 0.01171875
0 0.240234375 0.2607421875 0.162109375 0.126953125
1 0.3203125 0.2314453125 0.01171875 0.009765625
1 0.3203125 0.2734375 0.009765625 0.01171875
1 0.33984375 0.248046875 0.009765625 0.0078125
1 0.3447265625 0.333984375 0.03125 0.029296875
1 0.3427734375 0.4052734375 0.01171875 0.009765625
0 0.2705078125 0.4765625 0.166015625 0.130859375
0 0.3203125 0.724609375 0.205078125 0.16015625
1 0.2890625 0.80078125 0.01171875 0.01171875
0 0.322265625 0.94140625 0.1953125 0.1171875
1 0.453125 0.9951171875 0.01171875 0.009765625
1 0.478515625 0.9853515625 0.015625 0.01171875
1 0.4775390625 0.970703125 0.0078125 0.009765625