1 0.720703125 0.93359375 0.0234375 0.013671875
1 0.708984375 0.962890625 0.021484375 0.015625
1 0.7001953125 0.931640625 0.015625 0.0107421875
1 0.697265625 0.837890625 0.03125 0.0185546875
1 0.732421875 0.873046875 0.0185546875 0.0185546875
1 0.740234375 0.7919921875 0.115234375 0.0654296875
1 0.521484375 0.9755859375 0.0546875 0.048828125
1 0.5078125 0.9150390625 0.021484375 0.0234375
1 0.53125 0.8994140625 0.0126953125 0.033203125
1 0.5 0.8388671875 0.03125 0.037109375
0 0.68492597265625 0.90283956640625 0.69867621484375 0.86617476953125 0.62776692578125 0.855390384765625 0.608289931640625 0.85634886328125 0.61488876171875 0.932752822265625 0.655126751953125 0.952944154296875 0.696755240234375 0.94020664453125 0.68492597265625 0.90283956640625
1 0.571381494140625 0.85430079296875 0.58926906640625 0.89434136328125 0.616552533203125 0.86047966015625 0.637568720703125 0.84847909375 0.63811728515625 0.847270447265625 0.57254894921875 0.82134331640625 0.571381494140625 0.85430079296875
1 0.594135802734375 0.92052469140625 0.58836483984375 0.890163845703125 0.576101546875 0.851854865234375 0.540340470703125 0.8407886640625 0.484734681640625 0.864230685546875 0.49250297265625 0.87353063671875 0.546444990234375 0.88652584765625 0.594135802734375 0.92052469140625
1 0.5927734375 0.779296875 0.087890625 0.0546875
0 0.4169921875 0.943359375 0.109375 0.1123046875
1 0.4921875 0.7109375 0.015625 0.015625
1 0.5078125 0.6943359375 0.025390625 0.025390625
1 0.333984375 0.97265625 0.015625 0.0126953125
0 0.4551418515625 0.779220662109375 0.5020736875 0.7542743984375 0.48495887109375 0.70070426171875 0.449602830078125 0.64632807421875 0.431570009765625 0.641361296875 0.388077669921875 0.69718812109375 0.3764157578125 0.72143683984375 0.396138185546875 0.76459805859375 0.431485615234375 0.776103669921875 0.4551418515625 0.779220662109375
1 0.564453125 0.6787109375 0.1064453125 0.068359375
1 0.6953125 0.673828125 0.0205078125 0.0126953125
0 0.701171875 0.7216796875 0.1279296875 0.080078125
1 0.7333984375 0.638671875 0.0185546875 0.009765625
1 0.732421875 0.62890625 0.0126953125 0.005859375
1 0.677734375 0.634765625 0.0673828125 0.0498046875
1 0.6865234375 0.6103515625 0.009765625 0.005859375
1 0.7060546875 0.595703125 0.029296875 0.009765625
1 0.685546875 0.5751953125 0.013671875 0.0126953125
1 0.677734375 0.55859375 0.015625 0.009765625
1 0.599609375 0.5986328125 0.0390625 0.03125
1 0.580078125 0.572265625 0.041015625 0.0234375
1 0.7197265625 0.552734375 0.015625 0.017578125
1 0.576171875 0.513671875 0.134765625 0.072265625
1 0.529296875 0.4755859375 0.0185546875 0.021484375
1 0.5263671875 0.431640625 0.099609375 0.0625
1 0.4658203125 0.462890625 0.0126953125 0.009765625
1 0.365234375 0.552734375 0.013671875 0.0126953125
1 0.4306640625 0.564453125 0.0107421875 0.005859375
1 0.388671875 0.552734375 0.0126953125 0.005859375
0 0.381804935546875 0.53841016796875 0.42798066796875 0.54652364453125 0.4676270390625 0.54543857421875 0.48589065234375 0.54298941796875 0.46824535546875 0.496352099609375 0.46420304296875 0.475934708984375 0.44099461328125 0.44894619140625 0.41983058984375 0.43904234765625 0.3597315234375 0.480131603515625 0.34249786328125 0.50846225 0.34283544140625 0.5246207421875 0.381804935546875 0.53841016796875
0 0.74952463671875 0.5376312421875 0.76387683203125 0.509623533203125 0.77666515234375 0.483168505859375 0.77256772265625 0.477151537109375 0.77204585546875 0.47949735546875 0.7294956328125 0.48482711328125 0.694494392578125 0.46671549609375 0.6710448359375 0.45337430859375 0.66055927734375 0.4730993203125 0.66076251171875 0.51993815234375 0.664441412109375 0.53803943359375 0.7192115859375 0.54249338671875 0.74952463671875 0.5376312421875
1 0.67330453515625 0.454199736328125 0.70387766015625 0.47537796484375 0.7355616875 0.48376529296875 0.7774677578125 0.46079669921875 0.78130511328125 0.407076720703125 0.75786761328125 0.39526625390625 0.723324515625 0.405706173828125 0.69283578515625 0.391278625 0.6544880546875 0.41505973046875 0.622909087890625 0.439264529296875 0.62755249609375 0.45414548046875 0.650874599609375 0.46432705078125 0.67330453515625 0.454199736328125
1 0.740234375 0.396484375 0.0078125 0.009765625
1 0.736328125 0.38671875 0.005859375 0.0048828125
1 0.7158203125 0.380859375 0.0126953125 0.0126953125
1 0.740234375 0.3271484375 0.015625 0.009765625
0 0.69408964453125 0.387502841796875 0.714993591796875 0.376529431640625 0.757905505859375 0.3802354609375 0.81360229296875 0.338431869140625 0.768754478515625 0.32512168359375 0.736738041015625 0.33296776953125 0.737730103515625 0.307391130859375 0.708372947265625 0.295301650390625 0.661425609375 0.304754669921875 0.6614893359375 0.33374281640625 0.67291012109375 0.38049639453125 0.69408964453125 0.387502841796875
1 0.751953125 0.287109375 0.021484375 0.0126953125
1 0.75 0.2529296875 0.0283203125 0.021484375
1 0.716796875 0.267578125 0.0361328125 0.025390625
1 0.60546875 0.392578125 0.0126953125 0.009765625
1 0.552734375 0.3798828125 0.0107421875 0.037109375
1 0.583984375 0.232421875 0.025390625 0.0185546875
1 0.548828125 0.2451171875 0.013671875 0.0205078125
1 0.4482421875 0.37109375 0.009765625 0.009765625
0 0.4365234375 0.306640625 0.1455078125 0.109375
1 0.419921875 0.1630859375 0.013671875 0.0126953125
1 0.453125 0.134765625 0.03125 0.021484375
1 0.5703125 0.03515625 0.052734375 0.0703125
1 0.566578482421875 0.094576720703125 0.558710869140625 0.064636552734375 0.527951732421875 0.059973337890625 0.502009962890625 0.071066880859375 0.49983637890625 0.079536880859375 0.51493951171875 0.09990389453125 0.5479531796875 0.11801163671875 0.56803385546875 0.09721834765625 0.566578482421875 0.094576720703125
0 0.415752107421875 0.127782427734375 0.448832947265625 0.125878388671875 0.48116973828125 0.122655474609375 0.524691357421875 0.109126984375 0.5009765625 0.078072037109375 0.482208306640625 0.0285231171875 0.4481181796875 0.004942232421875 0.41740382421875 0.003067904296875 0.38025655859375 0.02702210546875 0.35808841796875 0.089940630859375 0.370435818359375 0.12298874609375 0.415752107421875 0.127782427734375
1 0.5947265625 0.1162109375 0.0078125 0.0126953125
1 0.7216796875 0.0546875 0.025390625 0.015625
1 0.755859375 0.0546875 0.029296875 0.015625
1 0.7421875 0.041015625 0.015625 0.0126953125
1 0.7021484375 0.03125 0.015625 0.009765625
1 0.818359375 0.033203125 0.021484375 0.015625
1 0.693359375 0.08203125 0.0185546875 0.005859375
1 0.6611328125 0.0869140625 0.0126953125 0.005859375
0 0.773444388671875 0.15050558984375 0.80434819921875 0.07837172265625 0.80246913671875 0.080026455078125 0.76758329296875 0.06267309375 0.723805044921875 0.0632815078125 0.689854427734375 0.08244590234375 0.65774326171875 0.089204333984375 0.64894214453125 0.10837001953125 0.67320636328125 0.116833560546875 0.69596009765625 0.15444930078125 0.773444388671875 0.15050558984375
1 0.716796875 0.1865234375 0.0126953125 0.009765625
1 0.7431640625 0.177734375 0.025390625 0.029296875
1 0.724609375 0.197265625 0.013671875 0.009765625
1 0.7490234375 0.203125 0.03125 0.025390625
1 0.7099609375 0.24609375 0.0107421875 0.009765625
1 0.6982421875 0.205078125 0.009765625 0.0078125
1 0.7822265625 0.240234375 0.009765625 0.005859375
1 0.6884765625 0.025390625 0.0107421875 0.009765625
1 0.0830078125 0.1083984375 0.021484375 0.0185546875
1 0.013671875 0.033203125 0.02734375 0.02734375
1 0.0849609375 0.025390625 0.021484375 0.021484375
1 0.08203125 0.267578125 0.0263671875 0.025390625
1 0.0673828125 0.6669921875 0.025390625 0.021484375