0 0.8408203125 0.4892578125 0.181640625 0.193359375
1 0.5751953125 0.494140625 0.03515625 0.03515625
0 0.658063001953125 0.51803880859375 0.710110029296875 0.4671581953125 0.71288104296875 0.42286413671875 0.66538597265625 0.374462318359375 0.627559533203125 0.36323675390625 0.5923740703125 0.408892068359375 0.571461732421875 0.46207129296875 0.59123005859375 0.4899419921875 0.61746351171875 0.553365990234375 0.658063001953125 0.51803880859375
1 0.75390625 0.33203125 0.01953125 0.021484375
1 0.5478515625 0.47265625 0.01171875 0.013671875
1 0.9228515625 0.1708984375 0.0546875 0.060546875
1 0.6279296875 0.078125 0.021484375 0.021484375
1 0.6748046875 0.0361328125 0.03515625 0.025390625
1 0.3505859375 0.1240234375 0.017578125 0.03125
0 0.0546875 0.3125 0.078125 0.14453125
0 0.212890625 0.3525390625 0.14453125 0.16796875
1 0.283203125 0.3134765625 0.015625 0.013671875
0 0.4462890625 0.39453125 0.1484375 0.166015625
1 0.53515625 0.296875 0.013671875 0.01953125
0 0.01171875 0.6240234375 0.0234375 0.103515625
0 0.15625 0.6435546875 0.140625 0.166015625
1 0.3046875 0.697265625 0.015625 0.017578125
0 0.3623046875 0.6884765625 0.123046875 0.17578125
1 0.3701171875 0.7802734375 0.0234375 0.0234375
1 0.5302734375 0.6982421875 0.01953125 0.021484375
1 0.5625 0.6171875 0.015625 0.015625
0 0.58984375 0.7294921875 0.140625 0.181640625
0 0.775390625 0.779296875 0.13671875 0.185546875
1 0.8212890625 0.82421875 0.013671875 0.015625
1 0.8388671875 0.77734375 0.01171875 0.013671875
1 0.8046875 0.642578125 0.0234375 0.025390625
1 0.9267578125 0.681640625 0.025390625 0.03515625
1 0.96484375 0.646484375 0.03125 0.01953125
1 0.935546875 0.6416015625 0.015625 0.015625
1 0.916015625 0.638671875 0.01953125 0.01953125
1 0.8818359375 0.8232421875 0.015625 0.017578125
0 0.93359375 0.76953125 0.056640625 0.099609375
1 0.9912109375 0.5576171875 0.017578125 0.029296875
1 0.3095703125 0.5517578125 0.044921875 0.05078125