0 0.916015625 0.44140625 0.138671875 0.140625
1 0.8125 0.478515625 0.015625 0.015625
1 0.8740234375 0.556640625 0.01171875 0.009765625
1 0.908203125 0.5888671875 0.01953125 0.021484375
1 0.888671875 0.5869140625 0.01171875 0.009765625
1 0.974609375 0.5625 0.02734375 0.015625
0 0.931640625 0.7099609375 0.134765625 0.16796875
1 0.767578125 0.576171875 0.01171875 0.009765625
1 0.8056640625 0.580078125 0.017578125 0.013671875
1 0.755859375 0.58203125 0.01171875 0.013671875
1 0.7431640625 0.5830078125 0.009765625 0.013671875
1 0.7314453125 0.587890625 0.009765625 0.013671875
1 0.76953125 0.5537109375 0.01171875 0.013671875
1 0.7470703125 0.5478515625 0.009765625 0.009765625
1 0.7331794140625 0.659194423828125 0.740386083984375 0.652169603515625 0.74051468359375 0.623100458984375 0.7295173046875 0.59786388671875 0.721719875 0.585327986328125 0.691385111328125 0.58144235546875 0.647493087890625 0.618796349609375 0.649698390625 0.63995922265625 0.67111645703125 0.64158146875 0.688269595703125 0.64887420703125 0.71549479296875 0.64869336328125 0.7331794140625 0.659194423828125
1 0.6748046875 0.5771484375 0.01171875 0.025390625
1 0.654296875 0.5712890625 0.0234375 0.013671875
1 0.6865234375 0.5302734375 0.048828125 0.056640625
1 0.70403023046875 0.49040182421875 0.702138390625 0.506317515625 0.704033244140625 0.534085916015625 0.7096082890625 0.559519408203125 0.709619341796875 0.560013716796875 0.7227215546875 0.56011552734375 0.7381606875 0.54228823828125 0.762866111328125 0.517816572265625 0.76439826953125 0.50029337109375 0.75366110546875 0.47506885546875 0.7296107421875 0.46560731640625 0.716301560546875 0.4700413671875 0.70403023046875 0.49040182421875
0 0.660119076171875 0.421955375 0.6694486640625 0.46344789453125 0.68275483203125 0.483154630859375 0.70136578125 0.48574272265625 0.715014548828125 0.48052769140625 0.726724255859375 0.471919474609375 0.746157044921875 0.46027172265625 0.761701669921875 0.43633321484375 0.784366560546875 0.439424994140625 0.7930893125 0.431583021484375 0.79285421484375 0.39218964453125 0.77743316796875 0.35816534765625 0.727919841796875 0.337553048828125 0.69255059765625 0.35817070703125 0.67094967578125 0.3780931171875 0.659731263671875 0.40355608203125 0.660119076171875 0.421955375
1 0.7626953125 0.4384765625 0.009765625 0.009765625
1 0.65234375 0.400390625 0.01953125 0.02734375
1 0.6494140625 0.427734375 0.01953125 0.025390625
1 0.6123046875 0.4423828125 0.015625 0.021484375
1 0.623046875 0.412109375 0.015625 0.021484375
1 0.5869140625 0.43359375 0.01171875 0.015625
1 0.5791015625 0.40625 0.015625 0.025390625
1 0.5673828125 0.427734375 0.009765625 0.01953125
1 0.568359375 0.458984375 0.015625 0.037109375
1 0.4677734375 0.408203125 0.009765625 0.01171875
0 0.453449515625 0.470238287109375 0.464622716796875 0.4973395703125 0.50110817578125 0.508743515625 0.520912705078125 0.51155398046875 0.55395105859375 0.484405810546875 0.560005345703125 0.461078158203125 0.5661168984375 0.419151609375 0.5734009296875 0.403101958984375 0.53485785546875 0.35844264453125 0.50594075390625 0.348809638671875 0.505658435546875 0.347736625 0.47877583984375 0.37502143359375 0.4700993046875 0.3929130234375 0.46614080859375 0.42049923828125 0.456459580078125 0.449895244140625 0.453449515625 0.470238287109375
1 0.4267578125 0.384765625 0.017578125 0.025390625
1 0.439453125 0.44140625 0.01171875 0.021484375
1 0.4228515625 0.419921875 0.0234375 0.041015625
1 0.4052734375 0.427734375 0.015625 0.025390625
1 0.4033203125 0.458984375 0.013671875 0.017578125
1 0.3671875 0.435546875 0.017578125 0.021484375
1 0.3662109375 0.3681640625 0.01171875 0.017578125
1 0.3662109375 0.388671875 0.013671875 0.01953125
1 0.353515625 0.3818359375 0.01171875 0.025390625
1 0.2509765625 0.4033203125 0.025390625 0.041015625
1 0.2431640625 0.4580078125 0.009765625 0.015625
1 0.26171875 0.466796875 0.009765625 0.005859375
1 0.2919921875 0.5263671875 0.025390625 0.021484375
1 0.3193359375 0.52734375 0.005859375 0.009765625
1 0.6240234375 0.578125 0.009765625 0.009765625
1 0.6005859375 0.5615234375 0.03125 0.0390625
1 0.6025390625 0.587890625 0.009765625 0.01171875
1 0.444039552734375 0.57885105859375 0.47255980078125 0.59587325390625 0.49688042578125 0.62689418359375 0.52201384765625 0.62973277734375 0.56568487890625 0.61452037109375 0.562416611328125 0.578545630859375 0.549872001953125 0.54858566015625 0.52884978515625 0.515312875 0.51712902734375 0.493673107421875 0.5039313671875 0.50282251953125 0.4730993203125 0.512025517578125 0.44281181640625 0.531361185546875 0.444039552734375 0.57885105859375
1 0.5 0.6337890625 0.015625 0.017578125
0 0.490234375 0.7216796875 0.12109375 0.166015625
1 0.41898148046875 0.56035665234375 0.39267959765625 0.5373585390625 0.3578850390625 0.52028008203125 0.3267957890625 0.52811535546875 0.3069299765625 0.53959431640625 0.320640029296875 0.572190607421875 0.32930651953125 0.61273335546875 0.34031595703125 0.62459812109375 0.381782689453125 0.60370316796875 0.415557484375 0.5782937890625 0.41898148046875 0.56035665234375
0 0.3335111640625 0.42164458984375 0.348899056640625 0.39029278125 0.31610082421875 0.366598080078125 0.2797098046875 0.373535826171875 0.266116294921875 0.39399407421875 0.2540649921875 0.425995583984375 0.255801103515625 0.455753279296875 0.270266685546875 0.475827064453125 0.32603724609375 0.50107703125 0.340947908203125 0.493402509765625 0.33578478515625 0.437404888671875 0.3335111640625 0.42164458984375
1 0.1982421875 0.345703125 0.046875 0.04296875
1 0.1748046875 0.435546875 0.017578125 0.029296875
1 0.17578125 0.46484375 0.01171875 0.01171875
1 0.16015625 0.548828125 0.125 0.123046875
1 0.037109375 0.54296875 0.07421875 0.12890625
0 0.156161587890625 0.45037749609375 0.150267048828125 0.40273491015625 0.13268791796875 0.374075681640625 0.088723515625 0.362123841796875 0.05067676171875 0.38169662109375 0.037828736328125 0.416221921875 0.05581175390625 0.45368494921875 0.093447587890625 0.4860561875 0.1436702265625 0.475265775390625 0.156161587890625 0.45037749609375
1 0 0.420657310546875 0.006903251953125 0.45634001953125 0.0461576484375 0.47512913671875 0.06087038671875 0.47265625 0.046841845703125 0.43777327734375 0.03643120703125 0.401210455078125 0.04142955859375 0.345013236328125 0.0340942890625 0.33496763671875 0 0.35515528515625 0 0.420657310546875
0 0.16144627734375 0.736373669921875 0.168978466796875 0.68019252734375 0.15661570703125 0.626200275390625 0.106336806640625 0.59538430078125 0.1071275 0.5949958203125 0.059690875 0.608722619140625 0.04215193359375 0.63094108984375 0.01434301171875 0.68714634765625 0.02110058203125 0.7205825625 0.057345919921875 0.76662031640625 0.11937572265625 0.775588884765625 0.16144627734375 0.736373669921875
0 0.30902777734375 0.58384773828125 0.27641842578125 0.608997236328125 0.24472837109375 0.65299680078125 0.230182412109375 0.684727044921875 0.235065224609375 0.73293426953125 0.297596873046875 0.756395880859375 0.321714048828125 0.742030767578125 0.337527427734375 0.6905984765625 0.31479522265625 0.6038451640625 0.309445228515625 0.5837050703125 0.30902777734375 0.58384773828125
0 0.751971208984375 0.648085857421875 0.715313947265625 0.646253294921875 0.686633451171875 0.6392787109375 0.653076171875 0.6530209140625 0.641666365234375 0.73882378515625 0.658221208984375 0.785453638671875 0.704531068359375 0.820778677734375 0.74478865234375 0.7990672421875 0.7639009453125 0.73617340234375 0.76208948046875 0.69657439453125 0.751971208984375 0.648085857421875
1 0.6279296875 0.74609375 0.005859375 0.009765625