1 0.294921875 0.662109375 0.109375 0.0986328125
1 0.3125 0.623046875 0.0107421875 0.0107421875
1 0.349609375 0.5927734375 0.015625 0.013671875
1 0.443359375 0.5986328125 0.015625 0.0126953125
1 0.4404296875 0.62890625 0.0185546875 0.015625
1 0.4775390625 0.6376953125 0.0126953125 0.015625
0 0.509765625 0.734375 0.1357421875 0.1484375
1 0.5322265625 0.60546875 0.015625 0.015625
1 0.5810546875 0.6083984375 0.0107421875 0.0126953125
1 0.599609375 0.64453125 0.013671875 0.0185546875
1 0.6015625 0.5986328125 0.0126953125 0.017578125
1 0.8173828125 0.7255859375 0.072265625 0.0498046875
1 0.6357421875 0.833984375 0.0078125 0.009765625
1 0.8408203125 0.7529296875 0.0078125 0.0126953125
0 0.951171875 0.7373046875 0.0966796875 0.1845703125
0 0.9482421875 0.435546875 0.103515625 0.1767578125
0 0.75390625 0.435546875 0.1513671875 0.2060546875
0 0.529296875 0.42578125 0.0966796875 0.1279296875
0 0.74132698046875 0.851843814453125 0.78624734765625 0.81229705078125 0.80063808203125 0.761781041015625 0.78403501171875 0.72868843359375 0.75710569921875 0.683075328125 0.734614619140625 0.6712681640625 0.70049069140625 0.69289721484375 0.68778332421875 0.746933673828125 0.688657408203125 0.770576130859375 0.7118221328125 0.831112958984375 0.74132698046875 0.851843814453125