0 0.095703125 0.708984375 0.12890625 0.1640625
1 0.16796875 0.759765625 0.015625 0.013671875
1 0.1796875 0.705078125 0.013671875 0.015625
1 0.203125 0.7861328125 0.0078125 0.009765625
1 0.1796875 0.6123046875 0.009765625 0.01171875
1 0.015625 0.5625 0.03125 0.03125
1 0.0595703125 0.57421875 0.015625 0.013671875
1 0.0771484375 0.5732421875 0.013671875 0.01953125
1 0.09765625 0.556640625 0.01171875 0.013671875
1 0.146484375 0.5771484375 0.009765625 0.009765625
1 0.021484375 0.5029296875 0.025390625 0.025390625
1 0.03515625 0.4619140625 0.044921875 0.056640625
1 0.060546875 0.474609375 0.005859375 0.009765625
1 0.06640625 0.458984375 0.009765625 0.009765625
1 0.013671875 0.4091796875 0.021484375 0.025390625
0 0.1259765625 0.423828125 0.12109375 0.169921875
1 0.2392578125 0.4345703125 0.013671875 0.015625
1 0.2412109375 0.455078125 0.009765625 0.015625
1 0.24609375 0.4833984375 0.009765625 0.01953125
1 0.2744140625 0.40234375 0.005859375 0.013671875
1 0.30078125 0.4326171875 0.01953125 0.015625
1 0.267578125 0.56640625 0.0390625 0.04296875
1 0.296875 0.53125 0.04296875 0.05078125
1 0.2978515625 0.5810546875 0.029296875 0.013671875
1 0.3369140625 0.5947265625 0.048828125 0.068359375
1 0.3740234375 0.56640625 0.013671875 0.021484375
1 0.39453125 0.5595703125 0.009765625 0.01171875
1 0.3935546875 0.5830078125 0.015625 0.013671875
1 0.4150390625 0.5859375 0.02734375 0.05078125
1 0.431640625 0.623046875 0.01953125 0.021484375
1 0.4521484375 0.59375 0.02734375 0.037109375
1 0.4375 0.5625 0.01953125 0.015625
1 0.4609375 0.5673828125 0.0234375 0.01953125
1 0.4833984375 0.5859375 0.013671875 0.009765625
1 0.498046875 0.587890625 0.009765625 0.009765625
1 0.51953125 0.5703125 0.013671875 0.015625
1 0.5390625 0.5810546875 0.025390625 0.0234375
1 0.544921875 0.607421875 0.013671875 0.01171875
1 0.5576171875 0.5888671875 0.015625 0.009765625
1 0.5673828125 0.615234375 0.0078125 0.01171875
1 0.5703125 0.5703125 0.009765625 0.013671875
1 0.578125 0.5888671875 0.013671875 0.01171875
1 0.583984375 0.5654296875 0.01953125 0.03515625
1 0.6083984375 0.580078125 0.03125 0.029296875
1 0.62890625 0.6181640625 0.025390625 0.025390625
1 0.626953125 0.5888671875 0.0078125 0.009765625
1 0.6767578125 0.5947265625 0.03515625 0.03515625
1 0.642578125 0.6669921875 0.013671875 0.015625
1 0.7666015625 0.59375 0.09765625 0.119140625
1 0.748046875 0.576171875 0.02734375 0.03125
1 0.8232421875 0.580078125 0.01171875 0.009765625
1 0.357421875 0.4892578125 0.02734375 0.037109375
1 0.3974609375 0.4306640625 0.013671875 0.017578125
1 0.4365234375 0.4833984375 0.12890625 0.138671875
1 0.5126953125 0.5302734375 0.044921875 0.05078125
0 0.556640625 0.4443359375 0.119140625 0.154296875
0 0.75 0.45703125 0.115234375 0.1640625
1 0.798828125 0.4619140625 0.01171875 0.013671875
1 0.869140625 0.59765625 0.076171875 0.087890625
0 0.9345703125 0.4697265625 0.130859375 0.150390625
1 0.9443359375 0.5810546875 0.009765625 0.013671875
1 0.966796875 0.5810546875 0.033203125 0.02734375
1 0.974609375 0.619140625 0.015625 0.013671875
1 0.9912109375 0.62109375 0.009765625 0.015625
0 0.9189453125 0.751953125 0.150390625 0.181640625
0 0.7392578125 0.736328125 0.146484375 0.181640625
1 0.623046875 0.7666015625 0.013671875 0.01953125
0 0.52734375 0.7275390625 0.12890625 0.18359375
1 0.2734375 0.6630859375 0.005859375 0.013671875
0 0.346732658203125 0.484449958984375 0.350147546875 0.47462270703125 0.354673755859375 0.470194560546875 0.368085568359375 0.475419015625 0.374994671875 0.46025094921875 0.377648576171875 0.437820744140625 0.377847275390625 0.41474987109375 0.366183896484375 0.387741166015625 0.340752001953125 0.38390248828125 0.318488826171875 0.40345434765625 0.31269502734375 0.42384270703125 0.30168300390625 0.4358948046875 0.289454515625 0.447696322265625 0.301961234375 0.475665390625 0.32418098046875 0.491082603515625 0.339353076171875 0.512140779296875 0.339553958984375 0.512412189453125 0.34579494140625 0.499470669921875 0.346732658203125 0.484449958984375
0 0.258972869140625 0.679362306640625 0.230956310546875 0.687226623046875 0.22142331640625 0.72875869921875 0.2408229453125 0.797728619140625 0.29012130078125 0.8303271328125 0.351459236328125 0.807953703125 0.367489935546875 0.697246201171875 0.335874837890625 0.6603030078125 0.281914361328125 0.65981805078125 0.271706701171875 0.671830880859375 0.258972869140625 0.679362306640625