0 0.3857421875 0.6298828125 0.10546875 0.146484375
1 0.224609375 0.5654296875 0.03125 0.04296875
1 0.2431640625 0.5771484375 0.009765625 0.0078125
1 0.37890625 0.458984375 0.01171875 0.01171875
1 0.3896484375 0.447265625 0.009765625 0.013671875
1 0.3974609375 0.4853515625 0.01171875 0.013671875
1 0.41015625 0.4853515625 0.009765625 0.017578125
1 0.4033203125 0.5361328125 0.009765625 0.013671875
1 0.46875 0.5390625 0.013671875 0.01953125
1 0.455078125 0.48046875 0.005859375 0.009765625
1 0.4296875 0.462890625 0.013671875 0.015625
0 0.365234375 0.28125 0.09375 0.103515625
1 0.53125 0.5400390625 0.017578125 0.015625
1 0.5595703125 0.51171875 0.01171875 0.017578125
1 0.62109375 0.576171875 0.01171875 0.009765625
1 0.5849609375 0.5087890625 0.0234375 0.013671875
1 0.646484375 0.5361328125 0.013671875 0.01953125
1 0.7177734375 0.53515625 0.01171875 0.017578125
0 0.6424883984375 0.579461662109375 0.62919409765625 0.60697199609375 0.62097400390625 0.64687062890625 0.63327190234375 0.67114778515625 0.676151248046875 0.695731017578125 0.74543889453125 0.69672309765625 0.761035619140625 0.660836541015625 0.75104219140625 0.608102462890625 0.729421951171875 0.566783630859375 0.713123173828125 0.558964607421875 0.67541917578125 0.53639109765625 0.6424883984375 0.579461662109375
1 0.5576171875 0.27734375 0.013671875 0.015625
1 0.736328125 0.3486328125 0.021484375 0.025390625
0 0.58434620703125 0.383683623046875 0.61934287890625 0.426868650390625 0.652752546875 0.439365775390625 0.69758926953125 0.430341580078125 0.708559791015625 0.421255541015625 0.725994779296875 0.344222779296875 0.73940499609375 0.29825990234375 0.719342685546875 0.268566263671875 0.6963973671875 0.23485284375 0.661829048828125 0.219488724609375 0.615429453125 0.23961719921875 0.57974877734375 0.27782516796875 0.5723828984375 0.34676962109375 0.58434620703125 0.383683623046875
1 0.76953125 0.369140625 0.013671875 0.021484375
0 0.8916015625 0.3466796875 0.123046875 0.146484375
1 0.818359375 0.2119140625 0.02734375 0.03515625
1 0.8623046875 0.185546875 0.015625 0.021484375
1 0.8994140625 0.2333984375 0.015625 0.013671875
1 0.9794921875 0.2060546875 0.01953125 0.021484375
0 0.908203125 0.615234375 0.146484375 0.15625
1 0.255859375 0.8876953125 0.025390625 0.02734375
1 0.203125 0.9287109375 0.02734375 0.041015625