1 1 0.473796107421875 0.998651453125 0.460965544921875 0.987326556640625 0.432779416015625 0.979803703125 0.416751318359375 0.9633137890625 0.4182511171875 0.951944365234375 0.459537498046875 0.955752333984375 0.483808548828125 0.974541294921875 0.476111818359375 1 0.48243490234375 1 0.473796107421875
1 0.9482421875 0.4345703125 0.021484375 0.021484375
0 1 0.490652845703125 0.99800819921875 0.482354015625 0.974632478515625 0.475000580078125 0.958375595703125 0.48570280078125 0.9472515546875 0.51334198046875 0.950552037109375 0.54787977734375 0.92985859375 0.5744699375 0.948999556640625 0.58576890625 0.974639314453125 0.61042446875 1 0.60943763671875 1 0.490652845703125
1 1 0.608745810546875 0.999538830078125 0.608692384765625 0.96591107421875 0.601710330078125 0.9346714609375 0.56623887109375 0.947508095703125 0.53883641015625 0.953549646484375 0.4978751328125 0.94691694140625 0.462623798828125 0.92723196875 0.4623470234375 0.920232716796875 0.464373744140625 0.901833931640625 0.5204734375 0.876953494140625 0.556783625 0.878986236328125 0.57867578515625 0.878721423828125 0.622750068359375 0.88987158984375 0.667926390625 0.9043212578125 0.68799675 0.936719521484375 0.680242521484375 0.962862822265625 0.650076150390625 0.983793642578125 0.6510796640625 1 0.6513083125 1 0.608745810546875
1 0.7373046875 0.6103515625 0.017578125 0.0234375
0 0.760214232421875 0.662583361328125 0.7922935390625 0.677021505859375 0.81592691015625 0.682479447265625 0.85981656640625 0.67360228515625 0.8707299453125 0.666839384765625 0.8850659296875 0.6200193359375 0.89245610546875 0.59514411328125 0.878250775390625 0.5596325 0.846628666015625 0.56465026953125 0.825275412109375 0.53379496875 0.801530224609375 0.5066308984375 0.758583625 0.539089189453125 0.7421469453125 0.57542716796875 0.743033474609375 0.61311146875 0.760214232421875 0.662583361328125
1 0.859375 0.4873046875 0.033203125 0.041015625
1 0.9033203125 0.396484375 0.05859375 0.0625
0 0.9501953125 0.2978515625 0.07421875 0.12109375
1 0.84765625 0.21875 0.064453125 0.09765625
1 0.884765625 0.271484375 0.017578125 0.025390625
1 0.892578125 0.302734375 0.033203125 0.041015625
1 0.8603515625 0.2900390625 0.02734375 0.017578125
1 0.8505859375 0.2724609375 0.013671875 0.01953125
1 0.857421875 0.3115234375 0.02734375 0.033203125
1 0.8779296875 0.3515625 0.015625 0.0234375
1 0.908203125 0.3330078125 0.013671875 0.01953125
1 0.7333984375 0.3076171875 0.021484375 0.029296875
1 0.6767578125 0.2978515625 0.009765625 0.009765625
1 0.6640625 0.31640625 0.013671875 0.017578125
1 0.720703125 0.359375 0.02734375 0.029296875
1 0.705078125 0.3056640625 0.0078125 0.009765625
0 0.81968726953125 0.392608416015625 0.847012322265625 0.391062361328125 0.84605374609375 0.34539371875 0.850324654296875 0.321841921875 0.83571630859375 0.2838799296875 0.802527421875 0.24109725 0.76150341015625 0.27347621484375 0.74018351953125 0.330719396484375 0.746959625 0.354089017578125 0.788254501953125 0.379044859375 0.81968726953125 0.392608416015625
1 0.872214640625 0.406289982421875 0.8483163203125 0.402604044921875 0.8206922265625 0.39249218359375 0.7922196953125 0.37246975 0.757893107421875 0.3885640390625 0.775533017578125 0.41080849609375 0.788110939453125 0.4624431640625 0.81790863671875 0.47729689453125 0.839407458984375 0.50156788671875 0.84343633203125 0.454962869140625 0.866678912109375 0.43287053515625 0.872214640625 0.406289982421875
1 0.773707814453125 0.40948953515625 0.735937046875 0.420993685546875 0.742018666015625 0.44593042578125 0.77304876171875 0.479332732421875 0.78156726953125 0.4765250390625 0.7900282265625 0.453922419921875 0.791120408203125 0.419298740234375 0.773707814453125 0.40948953515625
1 0.75894979296875 0.456446376953125 0.733867173828125 0.451527171875 0.70570130859375 0.45212358984375 0.695054037109375 0.479714173828125 0.699315880859375 0.5084441484375 0.71438675390625 0.538371673828125 0.714575111328125 0.537319927734375 0.72483016796875 0.535528353515625 0.760606314453125 0.5181846015625 0.76923352734375 0.4883726953125 0.75894979296875 0.456446376953125
1 0.700837142578125 0.451237689453125 0.733443544921875 0.428638509765625 0.736160791015625 0.398563552734375 0.688017939453125 0.393695814453125 0.678946408203125 0.403795876953125 0.700837142578125 0.451237689453125
1 0.69315208984375 0.50857980078125 0.716151935546875 0.469515388671875 0.72163515234375 0.449550275390625 0.67665603515625 0.411264787109375 0.6537097890625 0.43664154296875 0.64846884765625 0.466718828125 0.664222806640625 0.493727232421875 0.69315208984375 0.50857980078125
1 0.65234375 0.443359375 0.01953125 0.029296875
1 0.596688642578125 0.506653365234375 0.6243195078125 0.543192083984375 0.648209875 0.581404408203125 0.6576524765625 0.574153587890625 0.679780509765625 0.535261119140625 0.679485408203125 0.495764435546875 0.66061195703125 0.469633974609375 0.64077393359375 0.464840896484375 0.603569662109375 0.48586549609375 0.596688642578125 0.506653365234375
1 0.619140625 0.451171875 0.01953125 0.01953125
1 0.6015625 0.4208984375 0.017578125 0.02734375
1 0.638284302734375 0.4614066484375 0.635549578125 0.45602973046875 0.635920986328125 0.458947125 0.611688328125 0.45951958984375 0.585991826171875 0.42765241796875 0.57104035546875 0.400374796875 0.557628572265625 0.405187890625 0.5341979609375 0.4522213046875 0.53988496875 0.481210630859375 0.56682877734375 0.4923759375 0.565150630859375 0.526420212890625 0.58896793359375 0.5031567265625 0.616842140625 0.488193697265625 0.6333858984375 0.475354998046875 0.638284302734375 0.4614066484375
1 0.56712955078125 0.510581466796875 0.550518591796875 0.492006611328125 0.533616587890625 0.459081748046875 0.510050591796875 0.447917525390625 0.499032181640625 0.473728708984375 0.49819275390625 0.527203953125 0.53468500390625 0.54089491015625 0.5812476640625 0.538386125 0.618334458984375 0.53470180859375 0.614316771484375 0.524309087890625 0.59986842578125 0.514891447265625 0.56712955078125 0.510581466796875
1 0.49609375 0.458984375 0.01953125 0.029296875
1 0.501953125 0.376953125 0.01171875 0.013671875
1 0.53125 0.3681640625 0.01171875 0.017578125
1 0.494140625 0.359375 0.01171875 0.017578125
1 0.4873046875 0.373046875 0.01171875 0.015625
1 0.4609375 0.3134765625 0.07421875 0.072265625
1 0.499131556640625 0.387401345703125 0.4895764296875 0.370192734375 0.468465337890625 0.352930361328125 0.450561787109375 0.342559044921875 0.433250353515625 0.356874060546875 0.428510478515625 0.3698328984375 0.425343365234375 0.39791775 0.420184224609375 0.42835163671875 0.42578210546875 0.442219640625 0.440383794921875 0.434584173828125 0.469084361328125 0.41491855859375 0.498744650390625 0.40276212109375 0.499131556640625 0.387401345703125
0 0.608815958984375 0.401524763671875 0.62558130859375 0.34797432421875 0.628020484375 0.301653068359375 0.605341453125 0.2648014921875 0.588186498046875 0.2643315390625 0.567297283203125 0.289837591796875 0.546862673828125 0.27826544921875 0.531418833984375 0.2776505 0.509240912109375 0.310629291015625 0.499999818359375 0.354107427734375 0.533489982421875 0.355433533203125 0.54692981640625 0.39524280078125 0.57939698828125 0.3992600859375 0.608815958984375 0.401524763671875
1 0.5615234375 0.2822265625 0.013671875 0.015625
0 0.357861193359375 0.29673012890625 0.33126011328125 0.335365373046875 0.328767625 0.3768325234375 0.345446771484375 0.41111885546875 0.3648569609375 0.437717212890625 0.418436169921875 0.42213304296875 0.42512337890625 0.391164263671875 0.4317736171875 0.355518474609375 0.42644980859375 0.322372275390625 0.3816637109375 0.287491173828125 0.357861193359375 0.29673012890625
1 0.34375 0.310546875 0.01171875 0.017578125
1 0.328125 0.369140625 0.013671875 0.013671875
1 0.3271484375 0.349609375 0.013671875 0.017578125
1 0.3203125 0.33203125 0.0234375 0.029296875
1 0.30078125 0.3828125 0.01953125 0.01953125
1 0.353515625 0.4384765625 0.009765625 0.017578125
0 0.56707787890625 0.616491126953125 0.5727348828125 0.646665572265625 0.564370009765625 0.66054790625 0.565369591796875 0.66867418359375 0.583754392578125 0.670562041015625 0.593997134765625 0.68650580859375 0.613492103515625 0.698047908203125 0.6407454140625 0.695851734375 0.65580365234375 0.684579955078125 0.67183634765625 0.656865818359375 0.668959037109375 0.607452892578125 0.6623895859375 0.584308552734375 0.62970068359375 0.563173021484375 0.603914205078125 0.55594719140625 0.560395146484375 0.57181052734375 0.562758451171875 0.592911791015625 0.56707787890625 0.616491126953125
1 0.5693359375 0.642578125 0.01171875 0.013671875
1 0.5537109375 0.6552734375 0.0078125 0.015625
1 0.4677734375 0.509765625 0.0546875 0.0625
0 0.356574830078125 0.599304884765625 0.3522075703125 0.642776884765625 0.372375412109375 0.67597826953125 0.403821771484375 0.725408544921875 0.41542568359375 0.70597905859375 0.422044435546875 0.682847244140625 0.439661345703125 0.681538125 0.44193690234375 0.672976693359375 0.44467399609375 0.63544796875 0.43819094140625 0.610541296875 0.431026501953125 0.584763701171875 0.414468640625 0.565255875 0.393471595703125 0.5647684765625 0.370992482421875 0.57552612109375 0.356574830078125 0.599304884765625
1 0.53372155859375 0.67978180859375 0.55029164453125 0.64145834765625 0.563898357421875 0.612105015625 0.561717783203125 0.576576677734375 0.551076787109375 0.564737400390625 0.531864177734375 0.5536975078125 0.502557728515625 0.54595062109375 0.4632341328125 0.538095826171875 0.44851655078125 0.538151609375 0.438501298828125 0.540051330078125 0.433423865234375 0.553291134765625 0.435190451171875 0.568715 0.44104740234375 0.584442373046875 0.445438875 0.604857677734375 0.447194642578125 0.62636374609375 0.446204470703125 0.656259443359375 0.44386150390625 0.689817462890625 0.42739998828125 0.740625025390625 0.427510728515625 0.7771998046875 0.44679862109375 0.79382187890625 0.489824083984375 0.7785498828125 0.517389625 0.724447705078125 0.53372155859375 0.67978180859375
1 0.29828371875 0.47523787890625 0.2836637890625 0.47256790625 0.28550618359375 0.497136466796875 0.3122568671875 0.505664162109375 0.33923678125 0.5126963671875 0.35555539453125 0.529192591796875 0.385768546875 0.5083906015625 0.411266615234375 0.507682109375 0.43045752734375 0.4999385859375 0.423549099609375 0.476661669921875 0.39994915234375 0.44474840625 0.369553634765625 0.453196794921875 0.3467191953125 0.44652746875 0.3334996796875 0.418643517578125 0.320026609375 0.4068700546875 0.30393941796875 0.419089484375 0.3122437578125 0.46159484765625 0.29828371875 0.47523787890625
1 0.298828125 0.4599609375 0.0390625 0.03125
1 0.2939453125 0.529296875 0.064453125 0.056640625
1 0.265625 0.5126953125 0.009765625 0.013671875
1 0.234375 0.513671875 0.03125 0.037109375
1 0.224609375 0.560546875 0.037109375 0.041015625
1 0.265625 0.4228515625 0.013671875 0.017578125
1 0.244140625 0.43359375 0.017578125 0.017578125
1 0.2509765625 0.4111328125 0.005859375 0.015625
1 0.255859375 0.3974609375 0.01171875 0.01171875
1 0.2900390625 0.349609375 0.025390625 0.033203125
1 0.265625 0.3583984375 0.046875 0.080078125
1 0.240234375 0.376953125 0.01171875 0.013671875
1 0.2314453125 0.3818359375 0.009765625 0.009765625
1 0.2158203125 0.3525390625 0.029296875 0.033203125
1 0.2548828125 0.310546875 0.017578125 0.013671875
1 0.267578125 0.4052734375 0.01171875 0.013671875
0 0.13828257421875 0.483582400390625 0.162609408203125 0.485592787109375 0.178721408203125 0.48264919140625 0.20229536328125 0.46788355859375 0.212253453125 0.449501408203125 0.22813455078125 0.410256298828125 0.2250846796875 0.376199802734375 0.20737512109375 0.36246221875 0.1995423515625 0.337700443359375 0.180865056640625 0.31899423828125 0.13717796875 0.33251281640625 0.10794533203125 0.3525010546875 0.093831791015625 0.386061208984375 0.09845553515625 0.427285025390625 0.116826541015625 0.47464065625 0.13828257421875 0.483582400390625
1 0.0999088515625 0.44439959765625 0.09629819140625 0.399665845703125 0.096678330078125 0.368626537109375 0.109700267578125 0.35021027734375 0.11383734765625 0.34701146875 0.104834677734375 0.32374858203125 0.081399994140625 0.326928423828125 0.043851421875 0.3365241328125 0.03458534765625 0.341583400390625 0.029347333984375 0.378252115234375 0.03825503515625 0.397097154296875 0.06652896484375 0.4051738046875 0.077476125 0.4159792578125 0.08438380859375 0.445120625 0.09752966796875 0.4576952421875 0.0999088515625 0.44439959765625
1 0.0791015625 0.4287109375 0.009765625 0.009765625
1 0.0712890625 0.4150390625 0.01953125 0.013671875
0 0.0205078125 0.3974609375 0.041015625 0.130859375
1 0.076950841796875 0.521167388671875 0.085311962890625 0.508428017578125 0.089974181640625 0.501975126953125 0.074375416015625 0.496977423828125 0.049066435546875 0.50567008203125 0.053802533203125 0.534165337890625 0.063536177734375 0.530516205078125 0.076950841796875 0.521167388671875
1 0.134488541015625 0.558481447265625 0.16069001953125 0.565557583984375 0.17491108984375 0.562042939453125 0.172474232421875 0.5153067890625 0.15678376171875 0.49025408203125 0.13164668359375 0.485032984375 0.113283158203125 0.47689210546875 0.10095687109375 0.47883015625 0.0885649140625 0.489053421875 0.087152078125 0.509358998046875 0.067598578125 0.52342778515625 0.049040572265625 0.542231943359375 0.062330984375 0.552786568359375 0.08911900390625 0.538972681640625 0.11538675390625 0.531173318359375 0.134488541015625 0.558481447265625
1 0.1522525390625 0.560745197265625 0.126995150390625 0.552843984375 0.089988119140625 0.5567032734375 0.041393251953125 0.566282572265625 0.006805662109375 0.571837814453125 0.014582107421875 0.5873482890625 0.03479871875 0.6121253046875 0.061736173828125 0.63058310546875 0.05277122265625 0.66506442578125 0.0724605703125 0.689690775390625 0.094589798828125 0.709698009765625 0.124805068359375 0.718825318359375 0.141293130859375 0.69697921875 0.171223056640625 0.668778791015625 0.172145291015625 0.66724834765625 0.16501808984375 0.6581204453125 0.145764142578125 0.647357662109375 0.124420583984375 0.615037521484375 0.1409889453125 0.58505619921875 0.1522525390625 0.560745197265625
1 0.173828125 0.6943359375 0.01171875 0.013671875
1 0.291015625 0.6767578125 0.0078125 0.01171875
1 0.310546875 0.6318359375 0.009765625 0.009765625
0 0.209587869140625 0.7148512734375 0.244412310546875 0.727671935546875 0.254856279296875 0.704883625 0.26117062109375 0.662322267578125 0.276033484375 0.64881316015625 0.268467125 0.628402720703125 0.24130712890625 0.58494698046875 0.217623361328125 0.578923052734375 0.198042115234375 0.582066109375 0.184411955078125 0.60138882421875 0.16851171484375 0.618749859375 0.161482197265625 0.652992908203125 0.1783623359375 0.681871072265625 0.209587869140625 0.7148512734375