1 0.951171875 0.3232421875 0.025390625 0.03125
0 0.96484375 0.4267578125 0.0703125 0.111328125
0 0.8125 0.4609375 0.1640625 0.177734375
1 0.849609375 0.5458984375 0.01171875 0.01953125
0 0.556640625 0.453125 0.16796875 0.208984375
0 0.3515625 0.49609375 0.154296875 0.189453125
0 0.16015625 0.521484375 0.169921875 0.197265625
1 0.7685546875 0.5595703125 0.021484375 0.01953125
1 0.826171875 0.2763671875 0.01953125 0.029296875
1 0.740234375 0.333984375 0.015625 0.01953125
1 0.5390625 0.6083984375 0.01171875 0.017578125
1 0.447265625 0.5986328125 0.01171875 0.013671875
1 0.3505859375 0.6572265625 0.01953125 0.025390625
1 0.8984375 0.607421875 0.017578125 0.021484375
1 0.767578125 0.623046875 0.015625 0.01953125
0 0.9794921875 0.7041015625 0.041015625 0.146484375
1 0.943359375 0.71875 0.01171875 0.015625
0 0.828125 0.7333984375 0.193359375 0.201171875
1 0.8330078125 0.6298828125 0.01953125 0.0234375
0 0.6201171875 0.759765625 0.15234375 0.20703125
1 0.455078125 0.859375 0.0234375 0.01953125
0 0.3857421875 0.8125 0.140625 0.1875
0 0.1748046875 0.810546875 0.16796875 0.1953125
1 0.060546875 0.6591796875 0.017578125 0.017578125
1 0.1025390625 0.1708984375 0.01953125 0.02734375
1 0.4765625 0.1142578125 0.03125 0.041015625
1 0.6064453125 0.09765625 0.015625 0.015625
1 0.9111328125 0.1044921875 0.0234375 0.021484375
1 0.380859375 0.2900390625 0.013671875 0.017578125