0 0.9658203125 0.3466796875 0.0546875 0.119140625
1 0.908203125 0.3720703125 0.005859375 0.01171875
1 0.904296875 0.400390625 0.005859375 0.009765625
1 0.9580078125 0.5166015625 0.013671875 0.01953125
1 0.9677734375 0.5341796875 0.013671875 0.013671875
1 0.9482421875 0.623046875 0.01171875 0.013671875
0 1 0.5596872734375 0.996387861328125 0.55748402734375 0.99272634765625 0.563253126953125 0.975317533203125 0.59754137890625 0.957119896484375 0.62310155859375 0.939963677734375 0.65082435546875 0.939331685546875 0.6664137265625 0.97234684375 0.721179669921875 0.990855724609375 0.72899886328125 1 0.7223851640625 1 0.5596872734375
1 0.9208984375 0.7138671875 0.01171875 0.013671875
1 0.8876953125 0.71875 0.01171875 0.013671875
1 0.8076171875 0.7255859375 0.041015625 0.041015625
0 0.849983560546875 0.57122731640625 0.806818107421875 0.594094634765625 0.770812220703125 0.611751462890625 0.764470876953125 0.673888548828125 0.7840583359375 0.698623947265625 0.8166289921875 0.712031916015625 0.831408974609375 0.7248730703125 0.850414748046875 0.75546716015625 0.860821263671875 0.753616755859375 0.86874403515625 0.735446421875 0.87699287109375 0.7101555625 0.899644986328125 0.701584685546875 0.906118216796875 0.68042548046875 0.907937171875 0.64988398828125 0.89698093359375 0.624701392578125 0.88166941796875 0.581092736328125 0.849983560546875 0.57122731640625
1 0.830078125 0.5283203125 0.0234375 0.03515625
1 0.8662109375 0.548828125 0.056640625 0.0625
0 0.8046875 0.3798828125 0.134765625 0.15625
1 0.689453125 0.4931640625 0.029296875 0.02734375
1 0.79296875 0.52734375 0.005859375 0.005859375
1 0.7587890625 0.5322265625 0.0078125 0.01953125
1 0.7568359375 0.623046875 0.017578125 0.013671875
1 0.7568359375 0.64453125 0.009765625 0.009765625
1 0.748046875 0.6669921875 0.01171875 0.01953125
1 0.69314675 0.588993642578125 0.67843375 0.601336388671875 0.667695681640625 0.620181318359375 0.664426978515625 0.635670908203125 0.67354241796875 0.651865154296875 0.684353490234375 0.673754482421875 0.6979319921875 0.68480807421875 0.705822857421875 0.68411771484375 0.7266254765625 0.6738482421875 0.72722991015625 0.6641658984375 0.72944515234375 0.652621068359375 0.73042587890625 0.639398130859375 0.726898322265625 0.623043791015625 0.720649244140625 0.599366591796875 0.710872736328125 0.590512791015625 0.69314675 0.588993642578125
1 0.658203125 0.5 0.009765625 0.013671875
0 0.6044921875 0.4111328125 0.134765625 0.1875
1 0.5908203125 0.541015625 0.0078125 0.01171875
1 0.583984375 0.533203125 0.005859375 0.009765625
1 0.5703125 0.53515625 0.01171875 0.013671875
1 0.533243775390625 0.548267013671875 0.54524546484375 0.55297003125 0.56301278125 0.546593345703125 0.56034852734375 0.53545680078125 0.552038931640625 0.515751677734375 0.53727769921875 0.4972667265625 0.519867376953125 0.478382021484375 0.50835783984375 0.4629121328125 0.50342975 0.435303169921875 0.49553055859375 0.434813728515625 0.490688146484375 0.459680890625 0.492256341796875 0.4924885703125 0.480651623046875 0.51206340234375 0.46881616796875 0.527821966796875 0.49150918359375 0.532455486328125 0.505187341796875 0.54175816796875 0.5039792265625 0.560139560546875 0.5034879296875 0.591920486328125 0.51121238671875 0.590893712890625 0.514998126953125 0.571784009765625 0.52170889453125 0.558095517578125 0.533243775390625 0.548267013671875
1 0.48828125 0.4658203125 0.005859375 0.009765625
1 0.48828125 0.48828125 0.00390625 0.005859375
1 0.455078125 0.580078125 0.01953125 0.017578125
1 0.502476814453125 0.539769572265625 0.486212572265625 0.53084387109375 0.467582548828125 0.526539220703125 0.451868091796875 0.500959857421875 0.438619681640625 0.486260421875 0.428214798828125 0.5124096953125 0.422572912109375 0.53896632421875 0.424168478515625 0.563824748046875 0.432195388671875 0.58748567578125 0.439889533203125 0.58745175 0.449010001953125 0.5740299296875 0.45920768359375 0.5630080546875 0.47687025 0.556679041015625 0.50254740234375 0.5555275078125 0.5038207265625 0.548481232421875 0.502476814453125 0.539769572265625
1 0.4189453125 0.5048828125 0.017578125 0.02734375
1 0.515625 0.6162109375 0.013671875 0.017578125
1 0.52306994921875 0.630978 0.5223045703125 0.651524388671875 0.53001532421875 0.691745927734375 0.543148517578125 0.70410978125 0.561272244140625 0.701278716796875 0.57343908984375 0.68551646484375 0.583837458984375 0.66191476171875 0.58531834765625 0.63384300390625 0.592828619140625 0.617456146484375 0.599506615234375 0.61490911328125 0.597505080078125 0.601189591796875 0.580341619140625 0.6094696328125 0.56606853515625 0.614550419921875 0.54516741015625 0.616128181640625 0.537557322265625 0.61621746484375 0.52306994921875 0.630978
0 0.600051982421875 0.601751220703125 0.588062158203125 0.6219230546875 0.585601951171875 0.648930765625 0.581022111328125 0.667150552734375 0.5704934140625 0.687291376953125 0.564387857421875 0.701644259765625 0.569962900390625 0.712323705078125 0.5933454140625 0.73459058203125 0.6165318046875 0.755738091796875 0.63323534765625 0.761781298828125 0.658326158203125 0.754595556640625 0.677689888671875 0.722005171875 0.688032802734375 0.69875048828125 0.688566556640625 0.67832008203125 0.67250160546875 0.651092451171875 0.66534456640625 0.634620146484375 0.64261294140625 0.613058775390625 0.621107232421875 0.5981718828125 0.6088368828125 0.590586697265625 0.600051982421875 0.601751220703125
1 0.5224609375 0.771484375 0.005859375 0.009765625
1 0.5087890625 0.697265625 0.005859375 0.009765625
1 0.5263671875 0.6884765625 0.005859375 0.0078125
1 0.47253166015625 0.749218013671875 0.4838603671875 0.772307314453125 0.49479982421875 0.77148996484375 0.51138243359375 0.77003917578125 0.52942185546875 0.7684609296875 0.541212701171875 0.766424869140625 0.537292310546875 0.735441396484375 0.52488686328125 0.717502890625 0.502001255859375 0.707112283203125 0.486928224609375 0.687930671875 0.48631974609375 0.70584701953125 0.503518484375 0.72211521875 0.497066095703125 0.730457162109375 0.4782373515625 0.730030556640625 0.47253166015625 0.749218013671875
0 0.415700373046875 0.781984873046875 0.446948810546875 0.79919241015625 0.46000540625 0.785177576171875 0.471643318359375 0.74368573046875 0.48144710546875 0.733358447265625 0.49926251953125 0.729153779296875 0.499586935546875 0.721015703125 0.486264853515625 0.707190783203125 0.4853242578125 0.667192193359375 0.479546720703125 0.64890706640625 0.42631261328125 0.635698033203125 0.402052033203125 0.65871146875 0.393219576171875 0.686215064453125 0.3835445703125 0.710416912109375 0.402073705078125 0.76676292578125 0.415700373046875 0.781984873046875
1 0.388671875 0.685546875 0.005859375 0.01171875
1 0.357421875 0.685546875 0.068359375 0.1015625
1 0.3193359375 0.669921875 0.005859375 0.01171875
1 0.345703125 0.578125 0.017578125 0.01953125
1 0.3984375 0.5673828125 0.00390625 0.009765625
1 0.3330078125 0.580078125 0.009765625 0.015625
1 0.3515625 0.423828125 0.005859375 0.005859375
1 0.3623046875 0.43359375 0.005859375 0.0078125
1 0.380859375 0.4326171875 0.0078125 0.013671875
1 0.4755859375 0.41796875 0.009765625 0.009765625
0 0.352463880859375 0.394766501953125 0.354722359375 0.41651602734375 0.38584811328125 0.427944958984375 0.377639724609375 0.4479531953125 0.376733921875 0.47320429296875 0.402145673828125 0.492539791015625 0.43491523046875 0.489463787109375 0.448474181640625 0.491933552734375 0.463370455078125 0.453108517578125 0.470074396484375 0.4188564765625 0.472129384765625 0.38351047265625 0.461132138671875 0.3468650078125 0.425119705078125 0.327418345703125 0.40791686328125 0.347311314453125 0.39342478515625 0.361527654296875 0.368124748046875 0.38059203515625 0.352463880859375 0.394766501953125
1 0.3212890625 0.564453125 0.00390625 0.009765625
1 0.2919921875 0.564453125 0.005859375 0.009765625
1 0.2734375 0.568359375 0.005859375 0.0078125
1 0.255859375 0.5791015625 0.017578125 0.02734375
1 0.2685546875 0.748046875 0.0078125 0.0078125
1 0.2734375 0.7724609375 0.005859375 0.005859375
1 0.2490234375 0.7490234375 0.0078125 0.009765625
1 0.25 0.724609375 0.005859375 0.0078125
0 0.193272609375 0.731286181640625 0.2061228203125 0.755675951171875 0.22703142578125 0.76643536328125 0.23928301953125 0.748755720703125 0.24633239453125 0.72110226171875 0.263236853515625 0.698977751953125 0.26201819140625 0.68446359765625 0.240954435546875 0.6651305703125 0.227242673828125 0.652293634765625 0.213782505859375 0.662054033203125 0.203676158203125 0.66474478125 0.19127792578125 0.675230833984375 0.18333521484375 0.683939708984375 0.18449062890625 0.7049649765625 0.193272609375 0.731286181640625
1 0.1826171875 0.75390625 0.0078125 0.009765625
1 0.150390625 0.7216796875 0.0234375 0.021484375
1 0.1806640625 0.6875 0.005859375 0.009765625
1 0.1640625 0.57421875 0.091796875 0.140625
1 0.2265625 0.5830078125 0.005859375 0.009765625
1 0.298828125 0.5546875 0.005859375 0.009765625
1 0.3857421875 0.5556640625 0.005859375 0.0078125
1 0.177734375 0.4775390625 0.005859375 0.005859375
1 0.1904296875 0.4794921875 0.005859375 0.005859375
0 0.2386253203125 0.49336501953125 0.253273224609375 0.483429189453125 0.258733849609375 0.467740955078125 0.259143912109375 0.4398982109375 0.25688230078125 0.398966685546875 0.23664680078125 0.3518456484375 0.214152423828125 0.347086927734375 0.197205029296875 0.355318361328125 0.173342458984375 0.36162209375 0.153058216796875 0.366959236328125 0.148247125 0.38128138671875 0.152860873046875 0.41955804296875 0.1623951171875 0.44816789453125 0.18147109375 0.464860474609375 0.19380191015625 0.478277021484375 0.197937828125 0.50980934765625 0.21162133984375 0.504280640625 0.2386253203125 0.49336501953125
1 0.111328125 0.4375 0.009765625 0.009765625
1 0.0947265625 0.466796875 0.01171875 0.013671875
1 0.10546875 0.576171875 0.005859375 0.005859375
1 0.072265625 0.5869140625 0.013671875 0.015625
1 0.0576171875 0.5888671875 0.005859375 0.0078125
1 0.052734375 0.599609375 0.009765625 0.01171875
1 0.0302734375 0.5966796875 0.005859375 0.009765625
1 0.06640625 0.6591796875 0.013671875 0.01171875
1 0.080078125 0.6953125 0.005859375 0.005859375
0 0.048343580078125 0.820764234375 0.077455294921875 0.7930916484375 0.085562466796875 0.7600426015625 0.081651302734375 0.720440328125 0.076241958984375 0.70052547265625 0.055702498046875 0.671509783203125 0.04720700390625 0.66607202734375 0.013127921875 0.67188331640625 0.02527654296875 0.810742669921875 0.031653861328125 0.8305167265625 0.048343580078125 0.820764234375
0 0.0390625 0.4638671875 0.078125 0.111328125