0 0.9189453125 0.380859375 0.150390625 0.171875
1 0.78515625 0.330078125 0.033203125 0.0341796875
1 0.8515625 0.5244140625 0.005859375 0.009765625
1 0.978515625 0.5390625 0.021484375 0.017578125
1 0.8349609375 0.5322265625 0.0078125 0.0048828125
1 0.8486328125 0.556640625 0.009765625 0.0185546875
1 0.986328125 0.712890625 0.015625 0.0205078125
0 1 0.61785361328125 0.98456827734375 0.60297610546875 0.97933281640625 0.579862619140625 0.96585648046875 0.555941357421875 0.91589242578125 0.57228672265625 0.88289501171875 0.581668052734375 0.87178208984375 0.587248625 0.873804162109375 0.61356306640625 0.8951416015625 0.631207501953125 0.89110084765625 0.64285994140625 0.87444729296875 0.65520411328125 0.870597556640625 0.67520857421875 0.889756943359375 0.714278609375 0.911383734375 0.739943515625 0.927717419921875 0.74958255078125 0.958405671875 0.71769205859375 0.9893798828125 0.7002872421875 1 0.689029646484375 1 0.63907726953125 1 0.61785361328125
1 0.871561685546875 0.66632908984375 0.89330489453125 0.64708869921875 0.89367788671875 0.62833357421875 0.8778980390625 0.60920771875 0.86380569921875 0.6010757265625 0.82887663671875 0.62167848046875 0.814644142578125 0.643390419921875 0.81970666796875 0.71572084765625 0.84041454296875 0.750776126953125 0.867166025390625 0.747867537109375 0.88722963671875 0.720798068359375 0.875065556640625 0.68613160546875 0.871561685546875 0.66632908984375
1 0.7568359375 0.77734375 0.021484375 0.0234375
1 0.697113037109375 0.766200689453125 0.7058139375 0.79952437890625 0.7163402421875 0.815431193359375 0.72359551171875 0.8037561484375 0.7253700546875 0.776950412109375 0.72551473046875 0.74650065234375 0.740824380859375 0.735347041015625 0.74131718359375 0.735262646484375 0.735734728515625 0.72223880078125 0.719920970703125 0.713318625 0.69734361328125 0.708294150390625 0.67259837890625 0.727474259765625 0.6706859453125 0.75150101171875 0.697113037109375 0.766200689453125
0 0.730217828125 0.612270025390625 0.7240024140625 0.57489842578125 0.704977529296875 0.5747055234375 0.6733816640625 0.60414707421875 0.65450032421875 0.61680621875 0.64523089453125 0.668856396484375 0.663490578125 0.705858771484375 0.686466923828125 0.715131595703125 0.708687111328125 0.7127082734375 0.73336113671875 0.726885005859375 0.74355287890625 0.74861804296875 0.7567036953125 0.762173876953125 0.75504557421875 0.75998565234375 0.768090142578125 0.71909511328125 0.78914501171875 0.67374674609375 0.801779287109375 0.64530285546875 0.785893193359375 0.62572187109375 0.775013111328125 0.62198742578125 0.756031177734375 0.627926673828125 0.742348 0.62706615234375 0.730217828125 0.612270025390625
1 0.623046875 0.380859375 0.0185546875 0.046875
1 0.595703125 0.4033203125 0.009765625 0.013671875
1 0.5888671875 0.5341796875 0.0185546875 0.0234375
1 0.555518255859375 0.5162956328125 0.58396176953125 0.52053343359375 0.60288944921875 0.526920271484375 0.5922919375 0.54459484765625 0.55867512890625 0.560224369140625 0.541290283203125 0.590167763671875 0.55045233984375 0.595730251953125 0.572977701171875 0.590191876953125 0.605698197265625 0.566098814453125 0.64142862890625 0.556171935546875 0.677235921875 0.55182713671875 0.7041015625 0.54987401171875 0.706695556640625 0.53272237890625 0.702236599609375 0.49553463671875 0.684961388671875 0.44577516015625 0.6429126875 0.45514443359375 0.601224544921875 0.45713825 0.556371619140625 0.47536289453125 0.555518255859375 0.5162956328125
1 0.764640525390625 0.40645495703125 0.749538845703125 0.42197144921875 0.744457103515625 0.44490861328125 0.7625834140625 0.45203088671875 0.77841638671875 0.45014105859375 0.78628766015625 0.43459291796875 0.77940651171875 0.40863866015625 0.764640525390625 0.40645495703125
1 0.740162037109375 0.36728394921875 0.73739171875 0.388385537109375 0.735301830078125 0.402066455078125 0.7240758828125 0.41943811328125 0.742369474609375 0.42134 0.75722814453125 0.406054083984375 0.765719943359375 0.371444890625 0.740162037109375 0.36728394921875
0 0.65824720703125 0.434862677734375 0.687556513671875 0.44075973046875 0.7008926953125 0.43276186328125 0.71655160546875 0.41484917578125 0.7375036171875 0.3938741796875 0.741518373046875 0.3668981484375 0.75406562109375 0.31768120703125 0.75286187109375 0.316251025390625 0.741186072265625 0.30193112109375 0.71477593359375 0.2961877890625 0.679663763671875 0.32787181640625 0.638901322265625 0.360735857421875 0.637444390625 0.394360955078125 0.65824720703125 0.434862677734375
1 0.544921875 0.4375 0.015625 0.0205078125
0 0.441379123046875 0.400239919921875 0.45601173828125 0.438158576171875 0.480119494140625 0.47217248828125 0.513741951171875 0.472912447265625 0.529967130859375 0.4615478515625 0.531123408203125 0.418230974609375 0.55931712890625 0.391203703125 0.557348181640625 0.37432183203125 0.5420272265625 0.33452691015625 0.519176341796875 0.31722457421875 0.49653455859375 0.31834882421875 0.465440537109375 0.341617537109375 0.440816244140625 0.369351611328125 0.441379123046875 0.400239919921875
1 0.4580078125 0.5341796875 0.009765625 0.013671875
1 0.501953125 0.533203125 0.009765625 0.015625
1 0.416015625 0.42578125 0.009765625 0.015625
1 0.3916015625 0.4091796875 0.0078125 0.005859375
1 0.3876953125 0.4404296875 0.0126953125 0.013671875
1 0.3525390625 0.556640625 0.009765625 0.013671875
1 0.3232421875 0.525390625 0.015625 0.0126953125
0 0.41442644921875 0.625699267578125 0.428860134765625 0.68340537109375 0.44055741015625 0.70578040625 0.467640064453125 0.739765685546875 0.48954942578125 0.738817755859375 0.520576759765625 0.7160493828125 0.548032408203125 0.69791666796875 0.5413083671875 0.658460830078125 0.52783316015625 0.598905587890625 0.49992087890625 0.58242006640625 0.47961199609375 0.587093400390625 0.459207041015625 0.59853485546875 0.417662443359375 0.603863751953125 0.41442644921875 0.625699267578125
1 0.49565972265625 0.52083333203125 0.470109728515625 0.541553638671875 0.44176341796875 0.54720051953125 0.43319137109375 0.559308087890625 0.449688947265625 0.595578041015625 0.475568982421875 0.595585576171875 0.497496427734375 0.5735179765625 0.50081493359375 0.539889865234375 0.49565972265625 0.52083333203125
1 0.390625 0.6845703125 0.009765625 0.009765625
1 0.369140625 0.7451171875 0.0078125 0.009765625
1 0.353515625 0.71484375 0.005859375 0.009765625
1 0.3037109375 0.6005859375 0.0126953125 0.005859375
0 0.30256935546875 0.74826690234375 0.333758318359375 0.70654296875 0.35897601171875 0.651777103515625 0.34537421484375 0.627305771484375 0.315685130859375 0.60720033984375 0.289610685546875 0.60042317578125 0.243923611328125 0.589506173828125 0.218080873046875 0.59544240625 0.196750216796875 0.61595775390625 0.185225875 0.6240083671875 0.180061623046875 0.66098512109375 0.189303927734375 0.731733158203125 0.208648681640625 0.75070830859375 0.27047842578125 0.764865451171875 0.30256935546875 0.74826690234375
1 0.21484375 0.5595703125 0.0126953125 0.0126953125
1 0.201171875 0.544921875 0.015625 0.0185546875
1 0.1552734375 0.6796875 0.025390625 0.025390625
1 0.2373046875 0.455078125 0.0419921875 0.0361328125
1 0.240234375 0.4052734375 0.0126953125 0.021484375
1 0.244140625 0.376953125 0.0126953125 0.0185546875
1 0.373046875 0.3916015625 0.005859375 0.009765625
0 0.28058878515625 0.474591291015625 0.300056740234375 0.473736798828125 0.3254744921875 0.45204897265625 0.343013056640625 0.427806712890625 0.374249494140625 0.418166171875 0.37276204296875 0.39404748828125 0.33634101171875 0.307493611328125 0.305360017578125 0.290225935546875 0.266178837890625 0.328340505859375 0.248284234375 0.36328878515625 0.259754322265625 0.41989625390625 0.28058878515625 0.474591291015625
1 0.380859375 0.3076171875 0.0126953125 0.0126953125
1 0.234375 0.3310546875 0.009765625 0.009765625
1 0.1826171875 0.3681640625 0.0126953125 0.0126953125
1 0.181640625 0.51953125 0.03125 0.0732421875
1 0.1552734375 0.443359375 0.0517578125 0.0341796875
1 0.1435546875 0.4111328125 0.015625 0.025390625
0 0.0849609375 0.3837890625 0.0908203125 0.181640625
1 0.06640625 0.568359375 0.041015625 0.037109375
1 0.0830078125 0.5390625 0.013671875 0.0185546875
1 0.041373923828125 0.55295440234375 0.05939059765625 0.546413845703125 0.08265064453125 0.53580578515625 0.0906598125 0.53587209375 0.088930482421875 0.57291516015625 0.0971227578125 0.58332278515625 0.108094392578125 0.565627109375 0.130591498046875 0.53299666015625 0.14326759765625 0.50789840234375 0.164251255859375 0.48129762109375 0.165057146484375 0.47325153125 0.141420716796875 0.469618056640625 0.114931458984375 0.474824880859375 0.07804023046875 0.48360490234375 0.058643482421875 0.50809582421875 0.031386763671875 0.53878068359375 0.041373923828125 0.55295440234375
0 0.0703125 0.681640625 0.140625 0.1904296875