1 0.015625 0.298828125 0.03125 0.0595703125
1 0.158203125 0.4013671875 0.017578125 0.0263671875
0 0.09749148046875 0.282140828125 0.069328904296875 0.26057741796875 0.027002154296875 0.2859894765625 0.03264551953125 0.312236099609375 0.03478250390625 0.35682173828125 0.06410751171875 0.379584083984375 0.091746640625 0.3932599765625 0.11848455859375 0.373972533203125 0.163388349609375 0.370549875 0.160392353515625 0.35084180078125 0.14202353515625 0.309066626953125 0.121359994140625 0.28374298046875 0.09749148046875 0.282140828125
1 0.0458984375 0.498046875 0.017578125 0.0205078125
1 0.013671875 0.4677734375 0.02734375 0.041015625
1 0.1234127890625 0.451512130859375 0.149209310546875 0.44524283984375 0.13663255078125 0.413443609375 0.1131689296875 0.372085048828125 0.080945380859375 0.390342345703125 0.064939603515625 0.40353330859375 0.07856726953125 0.430487236328125 0.1234127890625 0.451512130859375
1 0.1064453125 0.4697265625 0.0703125 0.064453125
1 0.12890625 0.505859375 0.015625 0.0126953125
1 0.1484375 0.4951171875 0.0126953125 0.025390625
1 0.1845703125 0.5185546875 0.0126953125 0.0185546875
1 0.1806640625 0.4970703125 0.009765625 0.0185546875
1 0.251953125 0.5 0.0654296875 0.0546875
1 0.291015625 0.529296875 0.0107421875 0.0205078125
1 0.208984375 0.4140625 0.015625 0.013671875
1 0.189453125 0.40234375 0.0126953125 0.015625
1 0.171875 0.3212890625 0.005859375 0.005859375
0 0.2763671875 0.3681640625 0.109375 0.138671875
1 0.353515625 0.3623046875 0.009765625 0.0126953125
1 0.3544921875 0.3984375 0.0078125 0.015625
1 0.365234375 0.380859375 0.0126953125 0.013671875
1 0.3681640625 0.3583984375 0.015625 0.013671875
1 0.4345703125 0.3525390625 0.015625 0.03125
1 0.447265625 0.33203125 0.015625 0.037109375
1 0.23046875 0.7001953125 0.013671875 0.013671875
1 0.2392578125 0.685546875 0.013671875 0.015625
1 0.2041015625 0.630859375 0.0126953125 0.0107421875
1 0.1640625 0.6630859375 0.0126953125 0.015625
1 0.1748046875 0.66796875 0.009765625 0.0126953125
1 0.009765625 0.5849609375 0.01953125 0.041015625
1 0.029296875 0.619140625 0.0126953125 0.0185546875
1 0.095703125 0.578125 0.0283203125 0.0439453125
1 0.033203125 0.712890625 0.0078125 0.0107421875
0 0 0.70364101171875 0.01875 0.74907407421875 0.02703450390625 0.705740017578125 0.044389287109375 0.703665123046875 0.06992730078125 0.71240475390625 0.115984880859375 0.72046802734375 0.12660409375 0.69134114453125 0.1272985390625 0.62363763671875 0.105856662109375 0.597381365234375 0.077709056640625 0.590286216796875 0.049696181640625 0.57685305859375 0.035902236328125 0.5801721640625 0 0.617138068359375 0 0.63404465625 0 0.70364101171875
1 0.1630859375 0.6337890625 0.0126953125 0.0107421875
0 0.3203577109375 0.62682291796875 0.2990270546875 0.62404755078125 0.274266673828125 0.620347462890625 0.25057780078125 0.61668595703125 0.228208189453125 0.604319783203125 0.23846390234375 0.64012707421875 0.240671115234375 0.674504484375 0.24534957421875 0.690444154296875 0.241318541015625 0.71787230078125 0.25395326953125 0.726813271484375 0.2776783125 0.742256220703125 0.30226869921875 0.746109423828125 0.320897533203125 0.727705439453125 0.333432798828125 0.692975984375 0.331517650390625 0.635010369140625 0.3203577109375 0.62682291796875
1 0.232421875 0.6337890625 0.009765625 0.0126953125
1 0.2578125 0.611328125 0.009765625 0.0107421875
1 0.34765625 0.658203125 0.009765625 0.009765625
1 0.3681640625 0.642578125 0.0185546875 0.0283203125
1 0.3525390625 0.673828125 0.005859375 0.0107421875
1 0.373046875 0.693359375 0.0126953125 0.0107421875
1 0.3701171875 0.708984375 0.009765625 0.0126953125
1 0.380859375 0.71484375 0.0078125 0.0126953125
1 0.392578125 0.705078125 0.0107421875 0.0126953125
1 0.4423828125 0.70703125 0.017578125 0.0234375
1 0.42236508984375 0.5897424765625 0.406466109375 0.594361255859375 0.37238950390625 0.612144337890625 0.38285951953125 0.64165219921875 0.401392505859375 0.66882354296875 0.415847439453125 0.679348716796875 0.428481263671875 0.67784891015625 0.440447771484375 0.669096017578125 0.45467845703125 0.638041330078125 0.467040111328125 0.611665701171875 0.4727086953125 0.57660951953125 0.464243345703125 0.569697626953125 0.4426441328125 0.5815465859375 0.42236508984375 0.5897424765625
1 0.509765625 0.724609375 0.0107421875 0.0126953125
0 0.5284595625 0.700030140625 0.551364474609375 0.67715446484375 0.551262296875 0.65556881640625 0.540456814453125 0.64481819140625 0.5256519453125 0.634394291015625 0.51967592578125 0.62237292578125 0.512754087890625 0.6048261484375 0.5043981484375 0.584259259765625 0.503683810546875 0.584742716796875 0.498911314453125 0.584552228515625 0.479632341796875 0.603999083984375 0.46014449609375 0.6275053046875 0.4473216875 0.65930989453125 0.441550021484375 0.6930929296875 0.44555844921875 0.698509837890625 0.45709273828125 0.70765335546875 0.484522388671875 0.717657697265625 0.499326353515625 0.71780960546875 0.5284595625 0.700030140625
1 0.529296875 0.6240234375 0.0107421875 0.015625
1 0.556640625 0.662109375 0.0048828125 0.0107421875
1 0.572265625 0.6806640625 0.005859375 0.0048828125
1 0.591796875 0.681640625 0.0048828125 0.0078125
1 0.583984375 0.689453125 0.0048828125 0.005859375
1 0.623046875 0.6884765625 0.0048828125 0.005859375
1 0.6259765625 0.669921875 0.0078125 0.017578125
1 0.65234375 0.6845703125 0.0078125 0.0126953125
1 0.525390625 0.5712890625 0.056640625 0.0439453125
1 0.470703125 0.5517578125 0.0126953125 0.013671875
1 0.41015625 0.490234375 0.009765625 0.017578125
1 0.427734375 0.513671875 0.0185546875 0.017578125
1 0.44321551953125 0.56747926171875 0.45306745703125 0.559352203125 0.46847380078125 0.54414040625 0.482407900390625 0.557118494140625 0.4948689375 0.55660883984375 0.493752630859375 0.54363184765625 0.47125387890625 0.52151287109375 0.44775226171875 0.513261958984375 0.44181808203125 0.530584708984375 0.43043718359375 0.5469955625 0.432180693359375 0.5585071640625 0.44321551953125 0.56747926171875
1 0.4921875 0.4970703125 0.025390625 0.0263671875
1 0.5390625 0.490234375 0.015625 0.015625
1 0.5576171875 0.4990234375 0.0185546875 0.0390625
1 0.5947265625 0.505859375 0.044921875 0.060546875
1 0.619140625 0.5087890625 0.0078125 0.0126953125
1 0.64297433984375 0.6514833671875 0.65630507421875 0.663889326171875 0.6532076953125 0.679865056640625 0.660277087890625 0.698643333984375 0.667349767578125 0.71109313671875 0.677862611328125 0.704992634765625 0.67415282421875 0.680204826171875 0.66561530078125 0.67491209765625 0.671085857421875 0.64895811328125 0.675383390625 0.633898666015625 0.69067218359375 0.62822013671875 0.701249966796875 0.60808497265625 0.71231849609375 0.59201279296875 0.709965048828125 0.570616099609375 0.693919994140625 0.55361119921875 0.69278971484375 0.529538001953125 0.68083915234375 0.51217908203125 0.66434198828125 0.504920078125 0.6574928984375 0.53491841015625 0.65201494140625 0.5582594609375 0.647216796875 0.570253314453125 0.632713857421875 0.57115973046875 0.618358880859375 0.562472599609375 0.608909736328125 0.55986185546875 0.595602015625 0.566691216796875 0.59735374609375 0.59418073828125 0.60719499609375 0.605040203125 0.59535130078125 0.6404408671875 0.61279050390625 0.653447451171875 0.64297433984375 0.6514833671875
1 0.680555556640625 0.500280583984375 0.681273181640625 0.5124136328125 0.68952710546875 0.524304458984375 0.697625669921875 0.536497791015625 0.70813358203125 0.52975720703125 0.699924044921875 0.510227052734375 0.680555556640625 0.500280583984375
1 0.7231856328125 0.438930318359375 0.71083063671875 0.40142527734375 0.696058896484375 0.413932072265625 0.699827869140625 0.44939411328125 0.700622763671875 0.4844199375 0.705706150390625 0.5126690078125 0.702320240234375 0.535850037109375 0.69259900390625 0.538747939453125 0.694387724609375 0.550758232421875 0.697390572265625 0.5547138046875 0.7182428125 0.53912497265625 0.73645225 0.535554109375 0.75696170703125 0.546924322265625 0.776366365234375 0.56029698046875 0.7888972734375 0.557751998046875 0.78113162890625 0.53084556640625 0.75834845703125 0.49968434375 0.75488527734375 0.48691998046875 0.770522609375 0.460438806640625 0.76112525 0.44884062109375 0.737669666015625 0.45186456640625 0.7231856328125 0.438930318359375
0 0.6819825859375 0.63661572265625 0.669913654296875 0.6431601171875 0.6666313203125 0.66835783984375 0.66374930859375 0.67495374609375 0.68126249609375 0.691826029296875 0.6942948359375 0.710846529296875 0.706555298828125 0.711452634765625 0.72492256640625 0.69171313671875 0.750072337890625 0.68576608203125 0.778312091796875 0.663806029296875 0.787654375 0.61356841015625 0.7818130859375 0.59116337109375 0.73925205859375 0.578542587890625 0.714269978515625 0.58849673046875 0.699245876953125 0.606389416015625 0.6819825859375 0.63661572265625
1 0.7333984375 0.705078125 0.017578125 0.0205078125
1 0.685546875 0.7294921875 0.0126953125 0.0126953125
1 0.8076171875 0.6298828125 0.015625 0.0185546875
1 0.84765625 0.6240234375 0.0107421875 0.015625
1 0.8515625 0.5537109375 0.068359375 0.0703125
1 0.8125 0.5048828125 0.0107421875 0.0107421875
1 0.845703125 0.4921875 0.0107421875 0.021484375
1 0.8603515625 0.5 0.009765625 0.013671875
1 0.869140625 0.482421875 0.013671875 0.0126953125
1 0.96875 0.740234375 0.015625 0.013671875
0 0.978897865234375 0.58240828515625 0.96585648046875 0.56986751171875 0.94148351953125 0.564656986328125 0.915017689453125 0.5576281484375 0.885743009765625 0.54689144140625 0.88499990234375 0.548847853515625 0.89193776953125 0.595394044921875 0.875378951171875 0.62217005078125 0.876135212890625 0.647288861328125 0.912782611328125 0.675450248046875 0.940598201171875 0.6808328515625 0.971949310546875 0.6806300859375 0.9852874453125 0.66003787890625 0.992030494140625 0.622892333984375 0.991382740234375 0.60241630859375 0.978897865234375 0.58240828515625
1 0.8681640625 0.654296875 0.015625 0.0126953125
1 0.977442064453125 0.498243064453125 0.980950455078125 0.487532662109375 0.941421046875 0.47744370703125 0.913152521484375 0.480620001953125 0.90411109765625 0.4965595625 0.8991247109375 0.52253108203125 0.899621212890625 0.547138046875 0.932342630859375 0.54791403515625 0.96052648828125 0.52903930859375 0.977442064453125 0.498243064453125
1 0.9892578125 0.525390625 0.021484375 0.080078125
1 0.9716796875 0.5419921875 0.0107421875 0.0126953125
1 0.925066912109375 0.420744994140625 0.9092544921875 0.44297795703125 0.906647859375 0.451870044921875 0.906647859375 0.475316314453125 0.915408150390625 0.48568804296875 0.92711210546875 0.4790603515625 0.93692705078125 0.46519557421875 0.954256103515625 0.44021815234375 0.9539404453125 0.42073074609375 0.941623263671875 0.41136736328125 0.925066912109375 0.420744994140625
1 1 0.371423654296875 0.988785150390625 0.375385802734375 0.969225951171875 0.38160905859375 0.947317412109375 0.3806379765625 0.941151423828125 0.386856849609375 0.959420046875 0.421878287109375 0.97539440625 0.444782021484375 0.99609210546875 0.451676048828125 1 0.439585744140625 1 0.403349904296875 1 0.371423654296875
1 0.966796875 0.3740234375 0.0185546875 0.0234375
0 0.964897181640625 0.357584087890625 0.952290646484375 0.34206978515625 0.946969697265625 0.297979798828125 0.910430806640625 0.2941141015625 0.87353351171875 0.308375640625 0.837503453125 0.32720323828125 0.83518863671875 0.373220048828125 0.853038029296875 0.411763029296875 0.86964534765625 0.432219328125 0.897002248046875 0.44347774609375 0.912767814453125 0.442952748046875 0.928373908203125 0.41194606640625 0.942693537109375 0.382419025390625 0.962245337890625 0.366608796875 0.964897181640625 0.357584087890625
1 0.806640625 0.369140625 0.0107421875 0.009765625
1 0.7333984375 0.33203125 0.013671875 0.017578125
1 0.74609375 0.3212890625 0.0107421875 0.0107421875
0 0.685546875 0.333984375 0.0810546875 0.126953125
1 0.6279296875 0.349609375 0.0126953125 0.0205078125
1 0.642578125 0.306640625 0.005859375 0.0126953125
1 0.5888671875 0.376953125 0.0126953125 0.0126953125
1 0.615234375 0.3955078125 0.0078125 0.009765625
1 0.5849609375 0.435546875 0.0341796875 0.0361328125
1 0.5654296875 0.369140625 0.0107421875 0.015625
1 0.5556640625 0.357421875 0.0126953125 0.013671875
1 0.53125 0.4423828125 0.0283203125 0.033203125
0 0.46455620703125 0.294902583984375 0.455796080078125 0.324346546875 0.44441460546875 0.35755569921875 0.432628037109375 0.370710359375 0.42237594140625 0.395887587890625 0.422886826171875 0.40814887109375 0.43803891796875 0.428162375 0.467682111328125 0.44963348828125 0.49907407421875 0.4589506171875 0.5133056640625 0.4385633671875 0.530903681640625 0.4228105703125 0.541738099609375 0.4040376640625 0.566628689453125 0.3785493828125 0.551678240234375 0.360696373046875 0.532788990234375 0.336568044921875 0.511498119140625 0.32561005078125 0.49833170703125 0.299142794921875 0.48091362890625 0.289570072265625 0.467486798828125 0.27614052734375 0.46455620703125 0.294902583984375
1 0.528302228515625 0.15641758203125 0.4991247109375 0.17015697265625 0.487507234375 0.19278308203125 0.46698043359375 0.2074857734375 0.44115306640625 0.23578558984375 0.42894965234375 0.266687162109375 0.42446469921875 0.29686173828125 0.42890444140625 0.308915654296875 0.44537037109375 0.3123456796875 0.45996907421875 0.30503472265625 0.469765443359375 0.280355419921875 0.49642017578125 0.29556809375 0.510630966796875 0.32453944921875 0.56748860546875 0.323400125 0.57573784765625 0.30338662109375 0.5761962890625 0.283262201171875 0.5914306640625 0.22480227734375 0.570242875 0.170163001953125 0.54730721875 0.15777633203125 0.528302228515625 0.15641758203125
1 0.3525390625 0.501953125 0.005859375 0.009765625
1 0.3828125 0.4970703125 0.0078125 0.0078125
1 0.380859375 0.37890625 0.0078125 0.0107421875
1 0.3359375 0.0361328125 0.0185546875 0.025390625