0 0.1220703125 0.3330078125 0.173828125 0.205078125
1 0.234375 0.3369140625 0.013671875 0.01171875
1 0.279296875 0.3603515625 0.009765625 0.01171875
0 0.365234375 0.3408203125 0.150390625 0.20703125
0 0.5771484375 0.33984375 0.130859375 0.185546875
1 0.64453125 0.3193359375 0.021484375 0.0390625
1 0.64453125 0.291015625 0.009765625 0.013671875
1 0.6337890625 0.44140625 0.013671875 0.013671875
1 0.6318359375 0.4130859375 0.01171875 0.015625
1 0.5859375 0.4921875 0.09375 0.08984375
1 0.5380859375 0.4677734375 0.009765625 0.01171875
0 0.8076171875 0.3427734375 0.1328125 0.154296875
1 0.025390625 0.46875 0.013671875 0.013671875
1 0.052734375 0.4921875 0.060546875 0.078125
1 0.1162109375 0.46875 0.03125 0.037109375
1 0.1474609375 0.4599609375 0.013671875 0.025390625
1 0.169921875 0.4619140625 0.017578125 0.01953125
1 0.0791015625 0.564453125 0.029296875 0.044921875
1 0.1123046875 0.587890625 0.013671875 0.0234375
1 0.2548828125 0.4892578125 0.064453125 0.064453125
1 0.23046875 0.447265625 0.009765625 0.013671875
1 0.3857421875 0.4599609375 0.02734375 0.02734375
1 0.35546875 0.4765625 0.009765625 0.009765625
1 0.4482421875 0.4619140625 0.0078125 0.013671875
0 0.4248046875 0.630859375 0.146484375 0.181640625
0 0.603515625 0.6279296875 0.138671875 0.169921875
1 0.6455078125 0.5830078125 0.02734375 0.03515625
1 0.767578125 0.7099609375 0.015625 0.01171875
1 0.7587890625 0.49609375 0.083984375 0.09765625
1 0.7783203125 0.4873046875 0.01171875 0.013671875
1 0.7607421875 0.4404296875 0.017578125 0.01953125
1 0.779296875 0.4365234375 0.01171875 0.021484375
1 0.8408203125 0.4697265625 0.06640625 0.107421875
1 0.9072265625 0.466796875 0.08203125 0.1015625
1 0.9619140625 0.45703125 0.076171875 0.08203125
1 0.9453125 0.5537109375 0.04296875 0.0625
0 0.9775390625 0.5791015625 0.044921875 0.119140625
1 0.916015625 0.6025390625 0.02734375 0.021484375
0 0.091341568359375 0.65277643359375 0.096819083984375 0.692609662109375 0.113128279296875 0.70532986328125 0.172326326171875 0.7202772109375 0.203081509765625 0.71933172265625 0.237629267578125 0.695310009765625 0.249207791015625 0.611971833984375 0.2230847421875 0.559478189453125 0.196347181640625 0.547658140625 0.151538759765625 0.548590115234375 0.1375360625 0.565872978515625 0.1186604140625 0.597707728515625 0.092700873046875 0.6359201484375 0.091341568359375 0.65277643359375
0 0.74776812890625 0.60157069140625 0.7860175 0.669668564453125 0.81907303125 0.683379369140625 0.847490884765625 0.691414751953125 0.87282129296875 0.694833455078125 0.917280978515625 0.675377666015625 0.9179863828125 0.61978215234375 0.897319234375 0.581924423828125 0.856481734375 0.532812986328125 0.812896138671875 0.535177078125 0.777766953125 0.530143826171875 0.745443748046875 0.58994097265625 0.746906548828125 0.601915818359375 0.74776812890625 0.60157069140625