0 0.0634765625 0.6748046875 0.09765625 0.125
0 0.2568359375 0.650390625 0.15625 0.1796875
1 0.365234375 0.833984375 0.1328125 0.134765625
1 0.1279296875 0.4736328125 0.041015625 0.041015625
1 0.11713684765625 0.515494943359375 0.107703478515625 0.56231981640625 0.124154259765625 0.5858409921875 0.16655037109375 0.600599060546875 0.189048544921875 0.58844530078125 0.19762422265625 0.534073736328125 0.195556298828125 0.4805197578125 0.162743005859375 0.437921884765625 0.162269083984375 0.43800762890625 0.14709768359375 0.4717754296875 0.11713684765625 0.515494943359375
0 0 0.462137498046875 0.01434597265625 0.48348606640625 0.04207991796875 0.480387341796875 0.06177712890625 0.47236207421875 0.08637358984375 0.448543666015625 0.08481740625 0.42499030078125 0.032187005859375 0.413366802734375 0 0.423869962890625 0 0.462137498046875
1 0 0.53935085546875 0.00292341796875 0.557808591796875 0.042805892578125 0.57358884375 0.056037796875 0.510820158203125 0.036096005859375 0.4851054140625 0 0.47745365234375 0 0.53935085546875
1 0.11551828515625 0.472314072265625 0.1384336953125 0.44720251953125 0.140690951171875 0.447877990234375 0.135173072265625 0.433176298828125 0.11428862109375 0.4252448359375 0.072638462890625 0.455354556640625 0.0364781640625 0.48334206640625 0.051583447265625 0.506250875 0.065289455078125 0.560988802734375 0.0972958203125 0.5555593984375 0.12203182421875 0.535895072265625 0.1042569296875 0.494281328125 0.11551828515625 0.472314072265625
1 0.107421875 0.4150390625 0.009765625 0.015625
1 0.10546875 0.3896484375 0.015625 0.017578125
1 0.009765625 0.3857421875 0.01953125 0.029296875
1 0.130859375 0.3837890625 0.009765625 0.013671875
1 0.275390625 0.466796875 0.021484375 0.029296875
1 0.216796875 0.5498046875 0.021484375 0.029296875
0 0.194103728515625 0.347297998046875 0.158000697265625 0.3346436796875 0.1585088515625 0.3359806875 0.152447744140625 0.378252421875 0.166010125 0.41905636328125 0.18904897265625 0.450727197265625 0.257440287109375 0.450418703125 0.255163390625 0.429655787109375 0.24598971875 0.3865256328125 0.228248326171875 0.38121362109375 0.226902896484375 0.34913565234375 0.217738931640625 0.3329592109375 0.194103728515625 0.347297998046875
1 0.328513962890625 0.314202662109375 0.3096618203125 0.246532109375 0.26902941015625 0.23486066796875 0.198150068359375 0.256352611328125 0.154253521484375 0.2731101015625 0.168392974609375 0.3317190625 0.192456876953125 0.346249671875 0.219873939453125 0.33751591015625 0.230328015625 0.370471990234375 0.246414892578125 0.38968694140625 0.269258568359375 0.409619986328125 0.30111912109375 0.4063406796875 0.3356337578125 0.37955219921875 0.328513962890625 0.314202662109375
1 0.345703125 0.3876953125 0.03125 0.044921875
1 0.34765625 0.33984375 0.0078125 0.013671875
1 0.3681640625 0.3525390625 0.017578125 0.017578125
1 0.3759765625 0.3017578125 0.029296875 0.037109375
1 0.3779296875 0.392578125 0.021484375 0.0234375
1 0.3505859375 0.5 0.046875 0.07421875
1 0.3076171875 0.4970703125 0.01171875 0.009765625
1 0.380859375 0.4814453125 0.044921875 0.076171875
1 0.384722216796875 0.45542925390625 0.407510369140625 0.48299565234375 0.42885434765625 0.478792677734375 0.433986595703125 0.456262720703125 0.403681521484375 0.41952687109375 0.38180441015625 0.428994125 0.384722216796875 0.45542925390625
1 0.4443359375 0.4619140625 0.025390625 0.03515625
1 0.46484375 0.4638671875 0.01171875 0.01953125
1 0.5126953125 0.4443359375 0.037109375 0.046875
1 0.4765625 0.36328125 0.01171875 0.03125
1 0.4580078125 0.3203125 0.01171875 0.017578125
1 0.44921875 0.2958984375 0.009765625 0.015625
0 0.395541564453125 0.395187994140625 0.41765502734375 0.439845220703125 0.429528470703125 0.436164177734375 0.449252884765625 0.3933259296875 0.461149205078125 0.354139859375 0.440763498046875 0.340390767578125 0.412188318359375 0.32192853125 0.373246283203125 0.334144720703125 0.372776453125 0.33565798828125 0.372236560546875 0.339835767578125 0.395541564453125 0.395187994140625
1 0.5283203125 0.546875 0.134765625 0.16796875
1 0.5283203125 0.6533203125 0.01953125 0.025390625
0 0.447265625 0.6279296875 0.109375 0.13671875
1 0.3681640625 0.6416015625 0.009765625 0.01171875
0 0.6572265625 0.5703125 0.1328125 0.1796875
1 0.642578125 0.4404296875 0.072265625 0.06640625
1 0.6318359375 0.3984375 0.04296875 0.03125
1 0.681640625 0.38671875 0.04296875 0.072265625
1 0.595703125 0.458984375 0.0078125 0.0078125
1 0.5849609375 0.4716796875 0.0078125 0.013671875
1 0.537109375 0.337890625 0.017578125 0.017578125
1 0.4970703125 0.35546875 0.005859375 0.0078125
1 0.501953125 0.3662109375 0.005859375 0.01171875
0 0.613202232421875 0.369403509765625 0.633607837890625 0.324926966796875 0.64874465625 0.304379828125 0.634547755859375 0.26733683984375 0.58659615625 0.20699726171875 0.5281760390625 0.251237298828125 0.51451041796875 0.289765212890625 0.563288482421875 0.3486250625 0.592400912109375 0.385544048828125 0.613202232421875 0.369403509765625
1 0.62823162890625 0.3303895234375 0.65110208984375 0.363583861328125 0.675714615234375 0.365393736328125 0.700365404296875 0.353695513671875 0.695696037109375 0.329915041015625 0.661700140625 0.292754845703125 0.6450680625 0.310508521484375 0.62823162890625 0.3303895234375
1 0.6572265625 0.2568359375 0.005859375 0.009765625
1 0.7041015625 0.2626953125 0.021484375 0.02734375
1 0.70703125 0.294921875 0.01171875 0.013671875
1 0.716796875 0.3154296875 0.021484375 0.029296875
1 0.7275390625 0.271484375 0.021484375 0.025390625
1 0.732421875 0.2919921875 0.0078125 0.0078125
1 0.802734375 0.2392578125 0.017578125 0.025390625
1 0.8115234375 0.2275390625 0.013671875 0.015625
1 0.8388671875 0.2744140625 0.06640625 0.095703125
1 0.857421875 0.2138671875 0.01171875 0.01171875
0 0.7802734375 0.291015625 0.072265625 0.12890625
1 0.8779296875 0.390625 0.0625 0.0703125
1 0.83984375 0.4169921875 0.009765625 0.017578125
1 0.8857421875 0.2333984375 0.025390625 0.029296875
1 0.9111328125 0.1796875 0.033203125 0.037109375
1 0.9169921875 0.2158203125 0.044921875 0.048828125
0 0.786070701171875 0.535837349609375 0.785506177734375 0.55229430078125 0.788718865234375 0.557492048828125 0.818659998046875 0.573140984375 0.826678828125 0.601595548828125 0.829933162109375 0.626810125 0.852206771484375 0.6373275625 0.90944730078125 0.6083922421875 0.93442423046875 0.557872642578125 0.920077005859375 0.514649455078125 0.885159916015625 0.463580775390625 0.8444339921875 0.478543712890625 0.806058125 0.4958229453125 0.786070701171875 0.535837349609375
1 0.380859375 0.2373046875 0.0234375 0.025390625
1 0.4306640625 0.25 0.009765625 0.01171875
1 0.380859375 0.2578125 0.0078125 0.01171875
1 0.693359375 0.1044921875 0.025390625 0.0390625