1 0.9052734375 0.630859375 0.013671875 0.013671875
1 0.810546875 0.701171875 0.01171875 0.017578125
0 0.8916015625 0.708984375 0.1640625 0.166015625
1 0.9794921875 0.59765625 0.03515625 0.09375
1 0.9345703125 0.546875 0.025390625 0.025390625
1 0.958984375 0.494140625 0.08203125 0.0859375
1 0.912109375 0.5185546875 0.01953125 0.02734375
1 0.8623046875 0.5478515625 0.126953125 0.150390625
1 0.8740234375 0.4990234375 0.02734375 0.029296875
1 0.9921875 0.3818359375 0.015625 0.103515625
0 0.91796875 0.3955078125 0.162109375 0.1640625
0 0.69921875 0.369140625 0.173828125 0.177734375
1 0.6884765625 0.517578125 0.13671875 0.138671875
1 0.5986328125 0.5341796875 0.03125 0.041015625
1 0.591796875 0.583984375 0.01953125 0.0234375
0 0.6708984375 0.6884765625 0.126953125 0.12890625
0 0.4443359375 0.6875 0.142578125 0.16015625
1 0.435546875 0.5126953125 0.03515625 0.0390625
1 0.4052734375 0.3974609375 0.025390625 0.03125
1 0.5986328125 0.3623046875 0.029296875 0.03125
1 0.521484375 0.3193359375 0.021484375 0.025390625
0 0.536120505859375 0.319538375 0.51942087890625 0.326792974609375 0.500997099609375 0.289720837890625 0.468032060546875 0.2789456796875 0.426109822265625 0.32844649609375 0.418640078125 0.379839716796875 0.435529701171875 0.415511681640625 0.473774638671875 0.484521015625 0.50640168359375 0.501013927734375 0.56112800390625 0.4459412421875 0.578174021484375 0.3923734765625 0.536120505859375 0.319538375
1 0.3603515625 0.357421875 0.021484375 0.025390625
0 0.244140625 0.3447265625 0.146484375 0.15625
1 0.16015625 0.4599609375 0.025390625 0.029296875
1 0.0986328125 0.2890625 0.01171875 0.017578125
0 0.046875 0.3671875 0.0859375 0.1640625
1 0.357421875 0.4677734375 0.021484375 0.021484375
1 0.287109375 0.50390625 0.169921875 0.1875
0 0.2509765625 0.66796875 0.162109375 0.171875
0 0.05078125 0.6572265625 0.1015625 0.189453125
1 0.01953125 0.52734375 0.015625 0.015625