0 0.9287109375 0.33203125 0.142578125 0.1669921875
1 0.74609375 0.43359375 0.0625 0.0625
0 0.6943359375 0.298828125 0.15625 0.234375
1 0.564453125 0.3662109375 0.0107421875 0.0185546875
0 0.462890625 0.3330078125 0.130859375 0.1533203125
1 0.466796875 0.4306640625 0.0419921875 0.0419921875
0 0.2412109375 0.3251953125 0.119140625 0.177734375
1 0.0595703125 0.2568359375 0.119140625 0.150390625
0 0.033203125 0.3681640625 0.0654296875 0.125
1 0.064453125 0.52734375 0.1279296875 0.1904296875
1 0.138671875 0.6416015625 0.0185546875 0.0185546875
1 0.068359375 0.671875 0.0185546875 0.025390625
1 0.0654296875 0.646484375 0.021484375 0.015625
0 0.0283203125 0.6767578125 0.056640625 0.1220703125
1 0.2509765625 0.6376953125 0.0126953125 0.015625
0 0.462890625 0.646484375 0.1875 0.228515625
1 0.388671875 0.4921875 0.015625 0.0126953125
1 0.609375 0.513671875 0.0107421875 0.0126953125
1 0.646484375 0.513671875 0.0439453125 0.0595703125
1 0.62100203515625 0.60391520703125 0.6157639921875 0.61261470703125 0.614336609375 0.6240647734375 0.615770451171875 0.63983444921875 0.630505435546875 0.650669642578125 0.643213666015625 0.64591944921875 0.655092591796875 0.63315696484375 0.6558934765625 0.63397851953125 0.65029116015625 0.619373138671875 0.64444341015625 0.6067122734375 0.642312025390625 0.59792665625 0.63589978125 0.59680886328125 0.628804201171875 0.59867931640625 0.62100203515625 0.60391520703125
0 0.69431526953125 0.78500812890625 0.732945033203125 0.76416618359375 0.763773923828125 0.732669890625 0.783416263671875 0.70229828125 0.779513888671875 0.66649098828125 0.777337291015625 0.6235687421875 0.771254443359375 0.60325038671875 0.7581883984375 0.580439814453125 0.743567087890625 0.57145957421875 0.704365080078125 0.57081714453125 0.679652623046875 0.56643380859375 0.65560154296875 0.56092062109375 0.648618345703125 0.60239438671875 0.643966755859375 0.63166542578125 0.629782056640625 0.657614087890625 0.623081751953125 0.692927068359375 0.624440671875 0.72485566796875 0.65925977734375 0.77393525390625 0.69431526953125 0.78500812890625
1 0.953125 0.583984375 0.009765625 0.0126953125
0 0.9208984375 0.65625 0.15625 0.1484375
1 0.8642578125 0.494140625 0.0078125 0.0126953125
1 0.865234375 0.5166015625 0.009765625 0.009765625
0 0.27164584375 0.64648954296875 0.247794984375 0.648756130859375 0.24352316796875 0.61434565234375 0.240856998046875 0.58190896484375 0.23809523828125 0.58068783203125 0.2008373125 0.596841587890625 0.185168392578125 0.616744861328125 0.17704199609375 0.66853023046875 0.18797665625 0.696215001953125 0.24396623828125 0.72199659765625 0.276319392578125 0.707918251953125 0.282937025390625 0.663413181640625 0.27164584375 0.64648954296875