0 0.302734375 0.9287109375 0.140625 0.109375
1 0.4365234375 0.931640625 0.158203125 0.13671875
1 0.5380859375 0.9453125 0.080078125 0.109375
0 0.6162109375 0.9599609375 0.111328125 0.080078125
1 0.427734375 0.810546875 0.01171875 0.01171875
1 0.4570303203125 0.842187767578125 0.4761557890625 0.858764587890625 0.501765689453125 0.879017802734375 0.515480462890625 0.874251376953125 0.524735958984375 0.854835388671875 0.536008658203125 0.8273726484375 0.545170904296875 0.799260033203125 0.527622607421875 0.791130759765625 0.505469181640625 0.792090833984375 0.474550759765625 0.800416279296875 0.443809775390625 0.800427958984375 0.419013123046875 0.82155102734375 0.4570303203125 0.842187767578125
1 0.2470703125 0.841796875 0.013671875 0.01171875
0 0.3730320703125 0.69857635546875 0.339590599609375 0.696259453125 0.29732448046875 0.69814003125 0.269635486328125 0.70789455078125 0.243788763671875 0.73186587890625 0.21760362890625 0.775165921875 0.2282812265625 0.789889328125 0.262864197265625 0.812445501953125 0.2942084296875 0.825614984375 0.329038193359375 0.835437138671875 0.34227316015625 0.830493146484375 0.363530068359375 0.813979515625 0.38141025 0.778447322265625 0.399716494140625 0.740819923828125 0.399485796875 0.7102166875 0.3730320703125 0.69857635546875
1 0.3330078125 0.66796875 0.021484375 0.01953125
1 0.3212890625 0.6640625 0.009765625 0.0078125
1 0.380826095703125 0.607752248046875 0.3717081015625 0.6146548203125 0.355341720703125 0.604656583984375 0.346719201171875 0.58884023828125 0.33263716015625 0.576249248046875 0.315997244140625 0.5886658984375 0.2995548515625 0.5863715078125 0.253558037109375 0.561329904296875 0.211846638671875 0.5548312578125 0.189644400390625 0.5596264296875 0.18780223828125 0.572069958984375 0.20471050390625 0.59374880078125 0.233096296875 0.62211691015625 0.25542780078125 0.6523969609375 0.283972919921875 0.68158853125 0.308364576171875 0.686255560546875 0.320128962890625 0.675505349609375 0.329964783203125 0.65838726953125 0.3422766875 0.64362936328125 0.370622478515625 0.628934958984375 0.402589642578125 0.629406908203125 0.41394612109375 0.613966357421875 0.39768015234375 0.60580266015625 0.380826095703125 0.607752248046875
0 0.3833261328125 0.61504494140625 0.388656912109375 0.5947670546875 0.392696501953125 0.574061796875 0.3852536484375 0.55273553125 0.39218509765625 0.53756948046875 0.38435846484375 0.512743869140625 0.359214375 0.48384325390625 0.34015110546875 0.48715241796875 0.317631880859375 0.49352833984375 0.297187748046875 0.506499966796875 0.289558765625 0.522115732421875 0.26438768359375 0.549831833984375 0.282649849609375 0.57355246875 0.31395675390625 0.58824412890625 0.332477001953125 0.579969451171875 0.343002734375 0.588559080078125 0.356988599609375 0.610903625 0.375638142578125 0.62211702734375 0.3833261328125 0.61504494140625
1 0.461162677734375 0.617544951171875 0.503076966796875 0.6094930390625 0.511469978515625 0.59808408984375 0.506856716796875 0.578536462890625 0.48697523828125 0.557334171875 0.455891396484375 0.55902992578125 0.409357640625 0.569561251953125 0.39946312890625 0.593686123046875 0.409247943359375 0.630318119140625 0.420665974609375 0.635921484375 0.442433111328125 0.62616491015625 0.461162677734375 0.617544951171875
1 0.560546875 0.6171875 0.029296875 0.029296875
1 0.56640625 0.6943359375 0.052734375 0.083984375
1 0.5126953125 0.73046875 0.0390625 0.03125
1 0.577060763671875 0.6383126015625 0.541690015625 0.6308121484375 0.519618943359375 0.63384804296875 0.498485291015625 0.6353861875 0.46115099609375 0.62674987890625 0.448237626953125 0.623899044921875 0.434245595703125 0.632962984375 0.42456095703125 0.66212891015625 0.425339427734375 0.683212013671875 0.44506024609375 0.71438603515625 0.492353908203125 0.722639103515625 0.52471500390625 0.7297466015625 0.54013225 0.714352953125 0.5452722578125 0.684681796875 0.552135556640625 0.66895626953125 0.569237654296875 0.650377533203125 0.577060763671875 0.6383126015625
1 0.5302734375 0.56640625 0.017578125 0.015625
1 0.5712890625 0.443359375 0.052734375 0.05078125
1 0.654296875 0.52734375 0.015625 0.01171875
1 0.654296875 0.6318359375 0.01171875 0.01171875
1 0.5927734375 0.767578125 0.03515625 0.033203125
0 0.6091188671875 0.7498422109375 0.606936529296875 0.76221887109375 0.606650240234375 0.775636849609375 0.600667734375 0.782097224609375 0.584741318359375 0.783472396484375 0.5651596484375 0.790320380859375 0.56909971484375 0.81081323828125 0.58165175 0.8389201484375 0.6147669921875 0.8643760390625 0.65360040234375 0.866055244140625 0.695320541015625 0.853662865234375 0.70588053515625 0.830563177734375 0.696233642578125 0.779887935546875 0.674425798828125 0.762676310546875 0.6259861640625 0.747670005859375 0.6091188671875 0.7498422109375
0 0.679347271484375 0.540240822265625 0.642551650390625 0.537627455078125 0.611925037109375 0.53610529296875 0.595488849609375 0.539347435546875 0.591748705078125 0.55162845703125 0.607535861328125 0.56974566015625 0.6159317265625 0.5813191015625 0.614432947265625 0.598220080078125 0.60104998828125 0.608360091796875 0.5905116953125 0.62227612890625 0.59056523046875 0.63290769140625 0.6121239453125 0.63369746484375 0.641139154296875 0.626202513671875 0.66151455859375 0.629207615234375 0.68501646875 0.632628576171875 0.706445775390625 0.609070814453125 0.7065984375 0.57878423046875 0.696579455078125 0.549937228515625 0.679347271484375 0.540240822265625
1 0.6183288359375 0.510097833984375 0.622469427734375 0.491084900390625 0.6104196953125 0.484420986328125 0.583496740234375 0.482445482421875 0.543215357421875 0.491521005859375 0.52813730078125 0.516689884765625 0.541666818359375 0.53429767578125 0.563408044921875 0.544093630859375 0.585854453125 0.538764212890625 0.605236943359375 0.529695853515625 0.6183288359375 0.510097833984375
1 0.5048828125 0.4794921875 0.01171875 0.01953125
1 0.4990234375 0.4072265625 0.01953125 0.015625
1 0.330078125 0.453125 0.013671875 0.013671875
1 0.3173828125 0.478515625 0.01171875 0.01171875
1 0.365234375 0.3955078125 0.0234375 0.021484375
1 0.3349609375 0.384765625 0.01171875 0.01171875
1 0.3447265625 0.365234375 0.0078125 0.009765625
1 0.486604111328125 0.496448908203125 0.49317948828125 0.479900197265625 0.482413599609375 0.45367487109375 0.44105239453125 0.4116816953125 0.399880712890625 0.40034303125 0.37688359765625 0.404317447265625 0.3460246953125 0.405588041015625 0.3397047109375 0.414248763671875 0.336770521484375 0.427912578125 0.33996468359375 0.44913814453125 0.3369545546875 0.464933654296875 0.323725857421875 0.4821398125 0.326881826171875 0.483317212890625 0.358579240234375 0.48948476953125 0.372436048828125 0.494414052734375 0.395630884765625 0.507586962890625 0.421102435546875 0.510425572265625 0.46099117578125 0.506597037109375 0.486604111328125 0.496448908203125
1 0.442402732421875 0.3879853046875 0.466735876953125 0.380590986328125 0.48840587109375 0.3701963671875 0.493988115234375 0.347537697265625 0.477957837890625 0.333585158203125 0.466897263671875 0.33836509375 0.4467661796875 0.346393609375 0.430760388671875 0.36095926953125 0.414722306640625 0.381540162109375 0.417274578125 0.388415115234375 0.426885427734375 0.39279427734375 0.442402732421875 0.3879853046875
1 0.4189453125 0.2734375 0.052734375 0.041015625
0 0.41914273046875 0.350708029296875 0.4220102421875 0.339218857421875 0.44144746484375 0.32982272265625 0.439449416015625 0.3218093984375 0.415352896484375 0.324780822265625 0.393306150390625 0.322115705078125 0.373881880859375 0.340863427734375 0.375875953125 0.340845470703125 0.378102236328125 0.352815046875 0.40120781640625 0.36920189453125 0.415744423828125 0.36965099609375 0.41914273046875 0.350708029296875
1 0.3984375 0.3076171875 0.076171875 0.041015625
0 0.712890625 0.3740234375 0.201171875 0.146484375
1 0.5595133671875 0.305322806640625 0.545598810546875 0.29380794140625 0.52981679296875 0.2885022109375 0.50657669140625 0.27289657421875 0.4950466484375 0.2708859609375 0.47248784765625 0.287936455078125 0.438623625 0.312888345703125 0.45624596875 0.3291336875 0.48238244921875 0.338334140625 0.49959051953125 0.347733373046875 0.514121873046875 0.35542619140625 0.541241759765625 0.36276782421875 0.566114890625 0.36546316796875 0.572304748046875 0.357914591796875 0.56701676171875 0.3375832109375 0.5653718046875 0.319325521484375 0.5595133671875 0.305322806640625
1 0.56263790234375 0.270029267578125 0.5772673515625 0.25257224609375 0.5808411640625 0.240319408203125 0.578463349609375 0.228887154296875 0.559529265625 0.218491888671875 0.534067951171875 0.2150205234375 0.5198454609375 0.224561193359375 0.50982326953125 0.2598535390625 0.5097392734375 0.2867748828125 0.522746498046875 0.29184843359375 0.544701431640625 0.28637675390625 0.56263790234375 0.270029267578125
1 0.59152818359375 0.23415857421875 0.574300951171875 0.252956140625 0.558228462890625 0.263307099609375 0.5465543046875 0.2809832421875 0.548261365234375 0.29188405078125 0.56952291796875 0.35005420703125 0.58226808984375 0.36085686328125 0.597940732421875 0.322725939453125 0.60913056640625 0.285532779296875 0.61355850390625 0.245400748046875 0.59152818359375 0.23415857421875
1 0.3505859375 0.1787109375 0.013671875 0.013671875
1 0.5078125 0.1552734375 0.033203125 0.029296875
1 0.5361328125 0.1533203125 0.017578125 0.015625
1 0.5810546875 0.162109375 0.041015625 0.033203125
0 0.673828125 0.1826171875 0.103515625 0.091796875
1 0.616184259765625 0.232507373046875 0.629813134765625 0.23389337890625 0.633989291015625 0.232295546875 0.63455887890625 0.2158504921875 0.627642060546875 0.196664251953125 0.6280178671875 0.1774764140625 0.608502318359375 0.1723305546875 0.590039302734375 0.179714619140625 0.56740271484375 0.202660353515625 0.566627314453125 0.202683798828125 0.584268755859375 0.217879666015625 0.616184259765625 0.232507373046875
1 0.67578125 0.07421875 0.04296875 0.04296875
1 0.755859375 0.0498046875 0.01171875 0.013671875
1 0.7578125 0.0595703125 0.0078125 0.0078125
1 0.7421875 0.0732421875 0.009765625 0.009765625
1 0.75390625 0.111328125 0.013671875 0.01171875
1 0.7587890625 0.1494140625 0.01953125 0.017578125
1 0.78125 0.1259765625 0.013671875 0.01171875
1 0.6015625 0.044921875 0.013671875 0.009765625
1 0.5859375 0.103515625 0.015625 0.017578125
1 0.5078125 0.0556640625 0.07421875 0.06640625
1 0.4248046875 0.1279296875 0.01171875 0.01171875
1 0.392578125 0.1279296875 0.046875 0.064453125
0 0.41739189453125 0.1033390546875 0.417640068359375 0.114120345703125 0.431409138671875 0.124909705078125 0.429333423828125 0.141780880859375 0.432296056640625 0.145846404296875 0.454767009765625 0.13447819921875 0.468776412109375 0.12078449609375 0.4728393359375 0.10738551171875 0.459567728515625 0.102322474609375 0.43744471484375 0.0986337890625 0.41739189453125 0.1033390546875
1 0.472271728515625 0.0675427890625 0.4827906015625 0.040611787109375 0.467780623046875 0.027456115234375 0.44688098828125 0.032859845703125 0.43589098046875 0.01521205859375 0.418400162109375 0.014644771484375 0.3823124765625 0.036569447265625 0.366901849609375 0.052130935546875 0.397334009765625 0.06862929296875 0.43478484765625 0.088214841796875 0.46771406640625 0.092403126953125 0.472271728515625 0.0675427890625
1 0.4189453125 0.01171875 0.013671875 0.0078125