0 0.103515625 0.72265625 0.123046875 0.1591796875
1 0.177734375 0.771484375 0.015625 0.0126953125
1 0.1875 0.7158203125 0.0126953125 0.015625
1 0.212890625 0.7958984375 0.0078125 0.009765625
1 0.18359375 0.623046875 0.009765625 0.0107421875
1 0.0166015625 0.580078125 0.033203125 0.029296875
1 0.0625 0.58984375 0.015625 0.0126953125
1 0.080078125 0.587890625 0.0126953125 0.0185546875
1 0.099609375 0.5703125 0.0107421875 0.013671875
1 0.1494140625 0.58984375 0.009765625 0.009765625
1 0.021484375 0.51953125 0.025390625 0.025390625
1 0.0341796875 0.478515625 0.0439453125 0.0546875
1 0.0595703125 0.490234375 0.005859375 0.009765625
1 0.0654296875 0.474609375 0.009765625 0.009765625
1 0.0107421875 0.42578125 0.021484375 0.025390625
0 0.123046875 0.4365234375 0.115234375 0.166015625
1 0.2373046875 0.443359375 0.0126953125 0.015625
1 0.240234375 0.4638671875 0.009765625 0.015625
1 0.24609375 0.4921875 0.009765625 0.0185546875
1 0.271484375 0.41015625 0.005859375 0.013671875
1 0.298828125 0.439453125 0.0185546875 0.015625
1 0.2705078125 0.57421875 0.037109375 0.041015625
1 0.2978515625 0.5380859375 0.041015625 0.0498046875
1 0.30078125 0.587890625 0.0283203125 0.0126953125
1 0.33984375 0.6005859375 0.046875 0.0673828125
1 0.3759765625 0.5703125 0.013671875 0.021484375
1 0.396484375 0.5634765625 0.009765625 0.0107421875
1 0.396484375 0.5869140625 0.015625 0.0126953125
1 0.41796875 0.5888671875 0.025390625 0.0498046875
1 0.435546875 0.625 0.0185546875 0.021484375
1 0.455078125 0.595703125 0.0263671875 0.0361328125
1 0.439453125 0.564453125 0.0185546875 0.015625
1 0.462890625 0.568359375 0.0234375 0.0185546875
1 0.486328125 0.5869140625 0.013671875 0.009765625
1 0.5009765625 0.587890625 0.009765625 0.009765625
1 0.521484375 0.5693359375 0.0126953125 0.015625
1 0.5419921875 0.580078125 0.025390625 0.0234375
1 0.548828125 0.60546875 0.0126953125 0.0107421875
1 0.560546875 0.5869140625 0.015625 0.009765625
1 0.5712890625 0.61328125 0.0078125 0.0107421875
1 0.572265625 0.5673828125 0.009765625 0.0126953125
1 0.5810546875 0.5859375 0.0126953125 0.0107421875
1 0.5859375 0.5625 0.0185546875 0.0341796875
1 0.611328125 0.576171875 0.03125 0.0283203125
1 0.6328125 0.61328125 0.025390625 0.025390625
1 0.6298828125 0.583984375 0.0078125 0.009765625
1 0.6796875 0.5888671875 0.0341796875 0.033203125
1 0.6484375 0.662109375 0.0126953125 0.015625
1 0.76953125 0.583984375 0.09375 0.115234375
1 0.7509765625 0.5673828125 0.025390625 0.03125
1 0.826171875 0.568359375 0.0107421875 0.009765625
1 0.357421875 0.494140625 0.0263671875 0.037109375
1 0.3955078125 0.4345703125 0.013671875 0.017578125
1 0.435546875 0.4853515625 0.125 0.134765625
1 0.513671875 0.5302734375 0.0439453125 0.0498046875
0 0.5546875 0.4423828125 0.1142578125 0.150390625
0 0.748046875 0.4482421875 0.109375 0.1611328125
1 0.796875 0.451171875 0.0107421875 0.0126953125
1 0.8720703125 0.5849609375 0.072265625 0.0859375
0 0.935546875 0.455078125 0.1279296875 0.1455078125
1 0.947265625 0.5654296875 0.009765625 0.0126953125
1 0.9697265625 0.564453125 0.033203125 0.025390625
1 0.978515625 0.6025390625 0.015625 0.013671875
1 0.9951171875 0.603515625 0.009765625 0.015625
0 0.927734375 0.7373046875 0.1435546875 0.1767578125
0 0.7470703125 0.7275390625 0.140625 0.1767578125
1 0.6318359375 0.76171875 0.0126953125 0.0185546875
0 0.53515625 0.7265625 0.123046875 0.1796875
1 0.279296875 0.6708984375 0.005859375 0.0126953125
0 0.3749465 0.41906487109375 0.36234763671875 0.392479666015625 0.336797267578125 0.38953088671875 0.31523000390625 0.40984780859375 0.31015127734375 0.43042594921875 0.29956657421875 0.44285501953125 0.28775740234375 0.455076115234375 0.301232609375 0.48259166796875 0.32397687109375 0.49722403125 0.33987464453125 0.517739880859375 0.340084876953125 0.518004115234375 0.34587040625 0.504852671875 0.3462833359375 0.489808384765625 0.349353177734375 0.47986794140625 0.35372208984375 0.475284529296875 0.3673080625 0.480037736328125 0.373683599609375 0.464637787109375 0.375553083984375 0.442128625 0.3749465 0.41906487109375
0 0.287624783203125 0.6673317734375 0.27784258203125 0.67969352734375 0.2653793515625 0.68766476953125 0.2376543203125 0.69650205859375 0.22957658203125 0.73834153125 0.251371408203125 0.806592400390625 0.301777404296875 0.837450568359375 0.36229715234375 0.812950103515625 0.374454451171875 0.701750578125 0.3415693125 0.665933240234375 0.287624783203125 0.6673317734375