1 0.0322265625 0.2607421875 0.021484375 0.025390625
1 0.056640625 0.248046875 0.013671875 0.013671875
1 0.029296875 0.326171875 0.03125 0.0390625
1 0.0205078125 0.3720703125 0.025390625 0.05859375
1 0.044921875 0.3642578125 0.015625 0.029296875
1 0.060546875 0.36328125 0.01171875 0.017578125
0 0.15144243359375 0.22129225390625 0.132043611328125 0.21155844921875 0.106640708984375 0.208441470703125 0.069089087890625 0.215570271484375 0.067014966796875 0.238202115234375 0.0599562890625 0.275268001953125 0.06873533203125 0.3056141171875 0.073098794921875 0.37197041796875 0.083967080078125 0.385671873046875 0.11729888671875 0.379061794921875 0.152080134765625 0.3444959765625 0.172494994140625 0.302499751953125 0.175304236328125 0.2460030234375 0.15144243359375 0.22129225390625
1 0.16796875 0.3623046875 0.015625 0.015625
1 0.1669921875 0.3818359375 0.0078125 0.0078125
1 0.1015625 0.4580078125 0.013671875 0.0234375
0 0.17024493359375 0.44110041796875 0.13773503515625 0.41731274609375 0.1079017890625 0.47800638671875 0.065728736328125 0.524639333984375 0.06809158984375 0.55285028515625 0.089969728515625 0.588757029296875 0.112627306640625 0.598606041015625 0.156444060546875 0.61177759765625 0.180691234375 0.611584822265625 0.202983 0.55696455859375 0.196010158203125 0.516591849609375 0.189802935546875 0.475638919921875 0.17024493359375 0.44110041796875
1 0.1982421875 0.51171875 0.01171875 0.017578125
1 0 0.643264658203125 0.04726003125 0.653904087890625 0.078137375 0.650015197265625 0.0988802734375 0.616478751953125 0.1019906796875 0.598195751953125 0.088382412109375 0.58065434765625 0.068812958984375 0.539639583984375 0.065555212890625 0.5094434296875 0.057950412109375 0.505846810546875 0.037034421875 0.5049683125 0.009374 0.51306853125 0 0.524379421875 0 0.643264658203125
1 0.3491542578125 0.448027294921875 0.37610226171875 0.43997948828125 0.362425857421875 0.4077533203125 0.32157778515625 0.3636550078125 0.28517906640625 0.37619655859375 0.25596659765625 0.39193766015625 0.245175171875 0.413415369140625 0.235450953125 0.43960734375 0.237970125 0.4521009296875 0.238007796875 0.451515421875 0.307312400390625 0.453955078125 0.3491542578125 0.448027294921875
1 0.2919921875 0.369140625 0.017578125 0.0234375
1 0.2607421875 0.5263671875 0.01171875 0.015625
0 0.33203125 0.5625 0.15625 0.2109375
1 0.412109375 0.552734375 0.0234375 0.03125
1 0.4267578125 0.537109375 0.009765625 0.009765625
1 0.4150390625 0.5126953125 0.03125 0.052734375
1 0.26953125 0.3203125 0.05859375 0.0703125
1 0.2431640625 0.3037109375 0.009765625 0.013671875
1 0.2255859375 0.1474609375 0.017578125 0.03515625
0 0.396537634765625 0.236931828125 0.371657951171875 0.207924154296875 0.341725412109375 0.182408638671875 0.326760173828125 0.179918947265625 0.296622291015625 0.231735515625 0.263996505859375 0.2540763125 0.261985314453125 0.2536073203125 0.2755773046875 0.282268109375 0.29740181640625 0.326297509765625 0.3084093984375 0.329774443359375 0.33818710546875 0.371425716796875 0.366226646484375 0.341455015625 0.37074649609375 0.318380138671875 0.393020955078125 0.278987244140625 0.396537634765625 0.236931828125
1 0.362365072265625 0.427773689453125 0.380416884765625 0.4298649765625 0.391062767578125 0.430803578125 0.402570318359375 0.400122697265625 0.41100394140625 0.39172460546875 0.399978990234375 0.36744626171875 0.365643015625 0.384843078125 0.362365072265625 0.427773689453125
1 0.3852126796875 0.29293710546875 0.3862724375 0.295123498046875 0.372512359375 0.30793359375 0.35502753125 0.345066421875 0.363864447265625 0.373430994140625 0.413017857421875 0.3591119453125 0.40906926953125 0.3924991640625 0.3930158046875 0.42894596484375 0.401736349609375 0.444288587890625 0.447562861328125 0.442562912109375 0.441718044921875 0.49866280078125 0.457963203125 0.498584150390625 0.47952394140625 0.461382685546875 0.498090294921875 0.422581490234375 0.5213917890625 0.411061142578125 0.54475641015625 0.38243214453125 0.54719557421875 0.352636244140625 0.5318604375 0.314817884765625 0.51846243359375 0.299211953125 0.496069482421875 0.300559833984375 0.47100869140625 0.29960887890625 0.443703146484375 0.3210389765625 0.411138048828125 0.309479869140625 0.3852126796875 0.29293710546875
1 0.4404296875 0.3115234375 0.01171875 0.013671875
1 0.4384765625 0.2890625 0.009765625 0.01171875
1 0.4599609375 0.2900390625 0.0234375 0.025390625
0 0.61023687109375 0.2852051640625 0.604067333984375 0.2691899375 0.589666287109375 0.244424916015625 0.573853771484375 0.230217134765625 0.5522978515625 0.21813694921875 0.51253957421875 0.226784041015625 0.5032866953125 0.245805552734375 0.49790648828125 0.27901037890625 0.5164187265625 0.299227482421875 0.5311423359375 0.3167539765625 0.54890730859375 0.35232478125 0.561063640625 0.3518119375 0.587590421875 0.326606189453125 0.5950290546875 0.3046384921875 0.61023687109375 0.2852051640625
1 0.59254558984375 0.253050880859375 0.61353465234375 0.286157775390625 0.600370255859375 0.30031683984375 0.6187781640625 0.30995221875 0.628997447265625 0.33827956640625 0.671399564453125 0.3424816328125 0.683852966796875 0.308357126953125 0.685480412109375 0.256521634765625 0.69070757421875 0.2092010390625 0.671050576171875 0.191169361328125 0.651432412109375 0.20408303125 0.633070458984375 0.20365094140625 0.633794724609375 0.177459787109375 0.6363827421875 0.147915255859375 0.622702060546875 0.135546689453125 0.604939708984375 0.1236812265625 0.579824306640625 0.1404163203125 0.57141495703125 0.1876597265625 0.572315470703125 0.228793880859375 0.59254558984375 0.253050880859375
1 0.609375 0.3095703125 0.01171875 0.015625
1 0.557613013671875 0.43228851953125 0.5782151328125 0.399392240234375 0.536484703125 0.39997786328125 0.537479482421875 0.3978949375 0.51945306640625 0.42458569921875 0.5057131015625 0.460541560546875 0.508633443359375 0.480170796875 0.518737033203125 0.486079126953125 0.536033642578125 0.46647619921875 0.557613013671875 0.43228851953125
1 0.591580056640625 0.469628501953125 0.61510821484375 0.455932375 0.63465186328125 0.4173820625 0.61679038671875 0.398962595703125 0.5956024765625 0.391949869140625 0.582219197265625 0.361526787109375 0.583468763671875 0.36534343359375 0.569982162109375 0.38730665234375 0.5669768203125 0.427876728515625 0.578547876953125 0.459394349609375 0.591580056640625 0.469628501953125
1 0.63671875 0.4873046875 0.03125 0.03125
0 0.490585298828125 0.591016658203125 0.517056416015625 0.60257844140625 0.5444932578125 0.61088237890625 0.564678494140625 0.61032615625 0.57590063671875 0.600084685546875 0.60548999609375 0.533564345703125 0.60328623828125 0.51147138671875 0.58528931640625 0.51102648046875 0.577297650390625 0.506150998046875 0.55811535546875 0.47603839453125 0.539740021484375 0.47923229296875 0.5138269375 0.48453531640625 0.49119559765625 0.46765922265625 0.473520603515625 0.47803065234375 0.478446580078125 0.527308734375 0.473230349609375 0.576937841796875 0.490585298828125 0.591016658203125
1 0.520281619140625 0.599074515625 0.505905369140625 0.608231521484375 0.500724515625 0.64737413671875 0.50863530078125 0.691062162109375 0.522033009765625 0.72475047265625 0.53215124609375 0.765179162109375 0.55599923828125 0.78589673046875 0.57378024609375 0.781744630859375 0.594280091796875 0.75850076953125 0.610909736328125 0.6844208984375 0.618751869140625 0.631472720703125 0.622004994140625 0.569754306640625 0.6158592421875 0.570230390625 0.59913062109375 0.5878510078125 0.570980099609375 0.616085419921875 0.554376736328125 0.61959621484375 0.53427774609375 0.610690951171875 0.520281619140625 0.599074515625
1 0.6533203125 0.58984375 0.01171875 0.013671875
0 0.78000024609375 0.58255104296875 0.789594283203125 0.5244974453125 0.7691111640625 0.488643375 0.72135645703125 0.501400125 0.68708440625 0.507581037109375 0.66771408984375 0.515589494140625 0.6645919609375 0.5210923828125 0.672083818359375 0.56149017578125 0.6706731015625 0.586753853515625 0.651331896484375 0.608777908203125 0.650531375 0.623901072265625 0.70669087109375 0.628678953125 0.72111932421875 0.6477545546875 0.74235539453125 0.6592591015625 0.7611843828125 0.635947384765625 0.78000024609375 0.58255104296875
1 0.6650390625 0.3857421875 0.015625 0.02734375
1 0.658203125 0.4111328125 0.005859375 0.0078125
1 0.7147050390625 0.415491662109375 0.70611657421875 0.378203259765625 0.699434486328125 0.36146391015625 0.67653835546875 0.358573865234375 0.676604271484375 0.380370740234375 0.662341990234375 0.41922965234375 0.640092810546875 0.443546373046875 0.634074828125 0.473564177734375 0.642519576171875 0.4737540234375 0.66852501953125 0.476463060546875 0.69010182421875 0.508255126953125 0.70737853515625 0.504124107421875 0.70889650390625 0.458722365234375 0.7147050390625 0.415491662109375
1 0.7374543203125 0.48244705859375 0.7558089296875 0.48836997265625 0.778121857421875 0.47741247265625 0.78277417578125 0.455505369140625 0.764766908203125 0.4177886953125 0.7519030859375 0.403924642578125 0.7278523359375 0.409982396484375 0.720330818359375 0.418021248046875 0.71370773828125 0.42807530859375 0.7138728046875 0.42868666796875 0.72152757421875 0.4636706015625 0.7374543203125 0.48244705859375
1 0.819007830078125 0.33968651171875 0.79166843359375 0.344748029296875 0.7719170703125 0.3724333984375 0.772138681640625 0.37136294921875 0.7629542890625 0.410121146484375 0.773938033203125 0.423418525390625 0.7918671640625 0.42584443359375 0.837026447265625 0.414252111328125 0.831691154296875 0.351442443359375 0.819007830078125 0.33968651171875
0 0.72201370703125 0.251394654296875 0.694491162109375 0.284678861328125 0.687664529296875 0.327840271484375 0.70157102734375 0.36175312109375 0.726875107421875 0.394366623046875 0.760889984375 0.40949066015625 0.766780201171875 0.4103885703125 0.769590935546875 0.383223294921875 0.78851704296875 0.35180763671875 0.823871900390625 0.349972712890625 0.8347108359375 0.32860405078125 0.8194888125 0.280102630859375 0.795465953125 0.2377693515625 0.771895220703125 0.235444177734375 0.72201370703125 0.251394654296875
1 0.8271484375 0.244140625 0.01171875 0.01953125
1 0.8427734375 0.24609375 0.013671875 0.017578125
1 0.8505859375 0.2548828125 0.01171875 0.013671875
1 0.8349609375 0.2822265625 0.015625 0.01953125
1 0.853515625 0.2666015625 0.01171875 0.01171875
0 1 0.25565751171875 0.94114356640625 0.258591142578125 0.909994251953125 0.2739404375 0.889477859375 0.3270610625 0.89667939453125 0.363540984375 0.927674505859375 0.378666861328125 0.952090859375 0.406222126953125 0.981036064453125 0.39678201171875 1 0.400568537109375 1 0.25565751171875
1 0.8994140625 0.3994140625 0.080078125 0.0625
1 0.923828125 0.4365234375 0.080078125 0.0546875
0 0.98812538671875 0.52675550390625 0.9550595 0.516356708984375 0.9289689375 0.522252603515625 0.871737451171875 0.52606887109375 0.855004376953125 0.5376572890625 0.8512300859375 0.59280023828125 0.87265146875 0.632799224609375 0.91289637890625 0.667166259765625 0.9473155390625 0.67874176171875 0.9906233203125 0.615417044921875 0.99874871875 0.5381090390625 0.98812538671875 0.52675550390625
1 0.858038158203125 0.53505187890625 0.8809605 0.52545691015625 0.907386751953125 0.517453265625 0.94094465625 0.516855919921875 0.982341318359375 0.493138708984375 0.97388373828125 0.457132904296875 0.958137888671875 0.45616625390625 0.93138628515625 0.462344228515625 0.877898046875 0.4820548671875 0.83956047265625 0.5259843203125 0.8480979765625 0.536931396484375 0.858038158203125 0.53505187890625
1 0.8203125 0.5673828125 0.01171875 0.013671875
1 0.8291015625 0.5693359375 0.01171875 0.01171875
1 0.83203125 0.5478515625 0.015625 0.017578125
1 0.837890625 0.5859375 0.01171875 0.013671875
1 0.974609375 0.4267578125 0.05078125 0.087890625