1 0.5029296875 0.025390625 0.072265625 0.05078125
1 0.4873046875 0.1162109375 0.03125 0.01171875
1 0.4912109375 0.1748046875 0.009765625 0.0078125
1 0.462890625 0.2236328125 0.12109375 0.08984375
0 0.543492560546875 0.139127455078125 0.5655610546875 0.1728716953125 0.594294546875 0.197797095703125 0.616568525390625 0.20211662890625 0.64922675390625 0.1833132109375 0.659409173828125 0.1655783828125 0.67221101171875 0.137773474609375 0.680096095703125 0.10433898828125 0.65403669921875 0.071875427734375 0.619263541015625 0.070371953125 0.571773294921875 0.0806451328125 0.5432398359375 0.12123288671875 0.543492560546875 0.139127455078125
1 0.662109375 0.1728515625 0.015625 0.01171875
0 0.3134765625 0.1240234375 0.201171875 0.16796875
1 0.3642578125 0.42578125 0.013671875 0.009765625
1 0.423828125 0.3837890625 0.076171875 0.0625
0 0.380883505859375 0.404369552734375 0.4095723125 0.374537087890625 0.435352736328125 0.3493676484375 0.43415964453125 0.31510861328125 0.4347209140625 0.314601419921875 0.411110150390625 0.303868310546875 0.3664477890625 0.281473064453125 0.30730496875 0.277028216796875 0.271639166015625 0.28853328515625 0.253800447265625 0.3325178515625 0.260297439453125 0.37658183984375 0.280236673828125 0.416279541015625 0.317522435546875 0.427530486328125 0.352223435546875 0.421023876953125 0.380883505859375 0.404369552734375
1 0.3193359375 0.46875 0.015625 0.01171875
1 0.484375 0.3076171875 0.037109375 0.03515625
1 0.482421875 0.337890625 0.013671875 0.009765625
1 0.472825330078125 0.446553466796875 0.46342751171875 0.47509815625 0.480078916015625 0.494718275390625 0.511801013671875 0.5099058203125 0.555724498046875 0.509376935546875 0.57370740625 0.4934443046875 0.56290586328125 0.468881830078125 0.54648579296875 0.43368775 0.534690857421875 0.389301943359375 0.5191332890625 0.37370127734375 0.509542072265625 0.374829708984375 0.490683443359375 0.420129673828125 0.472825330078125 0.446553466796875
0 0.634765625 0.376953125 0.1328125 0.111328125
0 0.6298828125 0.5830078125 0.1484375 0.12109375
1 0.48828125 0.5341796875 0.015625 0.01171875
0 0.349609375 0.607421875 0.169921875 0.1328125
1 0.4833984375 0.6552734375 0.015625 0.01171875
1 0.5234375 0.6796875 0.013671875 0.009765625
1 0.484375 0.74609375 0.015625 0.013671875
1 0.4873046875 0.7783203125 0.009765625 0.005859375
1 0.5244140625 0.80078125 0.015625 0.01171875
1 0.5029296875 0.8125 0.01953125 0.01171875
1 0.5234375 0.8759765625 0.015625 0.013671875
1 0.39453125 0.75390625 0.009765625 0.0078125
0 0.349609375 0.841796875 0.169921875 0.146484375
1 0.3837890625 0.9326171875 0.013671875 0.009765625
1 0.525390625 0.9326171875 0.046875 0.08984375
0 0.634765625 0.791015625 0.11328125 0.123046875
1 0.74609375 0.0693359375 0.03125 0.0234375