1 0.0234375 0.58203125 0.046875 0.06640625
0 0.24351870703125 0.48978244140625 0.236814517578125 0.438411662109375 0.223303150390625 0.412632173828125 0.200580400390625 0.3883044140625 0.178213349609375 0.377513326171875 0.137333041015625 0.385890044921875 0.12697986328125 0.40012109765625 0.12654559375 0.442120771484375 0.13927987109375 0.4740262578125 0.176209919921875 0.49309880859375 0.178144162109375 0.5033982578125 0.2118807109375 0.51780517578125 0.22663288671875 0.51691921484375 0.236777546875 0.510064046875 0.24351870703125 0.48978244140625
1 0.169921875 0.501953125 0.01953125 0.0234375
1 0.2509765625 0.64453125 0.025390625 0.025390625
0 0.242313005859375 0.649153220703125 0.228726193359375 0.6244380546875 0.1750418828125 0.644435150390625 0.155955951171875 0.660254203125 0.178194828125 0.71650989453125 0.20590216796875 0.76021571875 0.25403429296875 0.762289478515625 0.281698966796875 0.722879912109375 0.2964076484375 0.6824511484375 0.290547806640625 0.644756138671875 0.274377455078125 0.638368259765625 0.25522341015625 0.65356705078125 0.242313005859375 0.649153220703125
1 0.29296875 0.5693359375 0.080078125 0.080078125
1 0.21484375 0.5703125 0.021484375 0.01953125
1 0.193359375 0.5703125 0.013671875 0.017578125
1 0.3193359375 0.525390625 0.017578125 0.0234375
1 0.3391622890625 0.59220288671875 0.342355029296875 0.59146187109375 0.341459921875 0.5913318125 0.36928325 0.57912807421875 0.3996105 0.578707705078125 0.4086591328125 0.5703933515625 0.410233796875 0.526415939453125 0.390386826171875 0.509121076171875 0.368548376953125 0.49210441015625 0.35535689453125 0.482985755859375 0.345381251953125 0.49669666015625 0.337334380859375 0.539928720703125 0.33514841796875 0.57030006640625 0.3391622890625 0.59220288671875
1 0.32389514453125 0.464839630859375 0.33899519921875 0.478617673828125 0.35540071484375 0.48634921484375 0.368205671875 0.492369138671875 0.370415203125 0.476909517578125 0.359201 0.4509992734375 0.332355357421875 0.458917435546875 0.32491037890625 0.46261086328125 0.32389514453125 0.464839630859375
1 0.3861923359375 0.433984884765625 0.377815072265625 0.427643814453125 0.379032095703125 0.40489830078125 0.369558626953125 0.39869919140625 0.35681562109375 0.434079505859375 0.362003748046875 0.4566019296875 0.36742337890625 0.4710664453125 0.398078650390625 0.463877640625 0.40123079296875 0.44740907421875 0.3861923359375 0.433984884765625
1 0.2822265625 0.3955078125 0.021484375 0.02734375
1 0.330078125 0.36328125 0.029296875 0.029296875
0 0.371469224609375 0.303741744140625 0.34119884765625 0.3278361015625 0.339037265625 0.371173498046875 0.323752486328125 0.381312509765625 0.336349775390625 0.393366158203125 0.374613513671875 0.401384822265625 0.386929255859375 0.422683953125 0.402964654296875 0.429112576171875 0.427106681640625 0.41274825 0.4335666171875 0.384690998046875 0.41099612890625 0.325033546875 0.39118570703125 0.29949151953125 0.371469224609375 0.303741744140625
1 0.4482421875 0.3388671875 0.015625 0.017578125
1 0.517578125 0.4921875 0.013671875 0.015625
1 0.572265625 0.453125 0.015625 0.01953125
1 0.56699116015625 0.30079983203125 0.549509080078125 0.2912119609375 0.524557494140625 0.310886263671875 0.53182296484375 0.342674876953125 0.545427978515625 0.363709357421875 0.552162677734375 0.365528849609375 0.5537595 0.348594265625 0.55927522265625 0.33067548828125 0.56867007421875 0.31984120703125 0.56699116015625 0.30079983203125
0 0.564726068359375 0.2839086484375 0.566162185546875 0.322255751953125 0.554588486328125 0.3449510625 0.558085078125 0.36309725 0.5681778046875 0.395418162109375 0.593022845703125 0.41408685546875 0.617243232421875 0.406580060546875 0.638092095703125 0.386602712890625 0.63824344140625 0.335549771484375 0.62414650390625 0.29709503125 0.598638373046875 0.26546687890625 0.564726068359375 0.2839086484375
1 0.671875 0.4384765625 0.013671875 0.015625
1 0.692271029296875 0.532304779296875 0.6964582578125 0.548917298828125 0.709903029296875 0.5386548359375 0.7389721796875 0.503746333984375 0.754767578125 0.449115955078125 0.730876720703125 0.449454552734375 0.71035375390625 0.458094998046875 0.68291378125 0.4473705625 0.66756548828125 0.46083766796875 0.66522476953125 0.49152273046875 0.68371663671875 0.506169810546875 0.692271029296875 0.532304779296875
0 0.704987103515625 0.55930498828125 0.6899889375 0.529735462890625 0.684137693359375 0.515435365234375 0.64156726953125 0.542284056640625 0.6086246328125 0.55392521875 0.59210128515625 0.589830939453125 0.586023583984375 0.60135761328125 0.598806029296875 0.64296598828125 0.61844590234375 0.67793705078125 0.65098901171875 0.698935890625 0.700536982421875 0.687535400390625 0.726089080078125 0.66352578125 0.731097291015625 0.59801994921875 0.704987103515625 0.55930498828125
1 0.7998046875 0.48828125 0.03125 0.03125
0 0.8972983359375 0.493715875 0.891158158203125 0.481839767578125 0.84992738671875 0.47170834765625 0.822909984375 0.487005654296875 0.801970083984375 0.50231954296875 0.79542506640625 0.54403046484375 0.798405576171875 0.57898733203125 0.82333678125 0.619931060546875 0.84899474609375 0.640536015625 0.88786546484375 0.655784037109375 0.922663419921875 0.63987456640625 0.96149480859375 0.608996830078125 0.97113725390625 0.56401080078125 0.94663419140625 0.500660255859375 0.8972983359375 0.493715875
1 0.822265625 0.373046875 0.048828125 0.078125
1 0.7236328125 0.2939453125 0.017578125 0.0234375
1 0.730804044921875 0.180670119140625 0.698128091796875 0.180811630859375 0.69074053125 0.21325912890625 0.701626697265625 0.256531365234375 0.736080177734375 0.27934549609375 0.75612540625 0.261233521484375 0.77104854296875 0.254225353515625 0.765948072265625 0.23445194140625 0.755213333984375 0.2000953515625 0.730804044921875 0.180670119140625
0 0.87152308984375 0.279461666015625 0.858196125 0.2454673828125 0.83481026171875 0.2042608359375 0.81106220703125 0.1947814765625 0.77721966796875 0.228405685546875 0.771274931640625 0.250957828125 0.752328935546875 0.264801849609375 0.7497958046875 0.29655199609375 0.766705404296875 0.33748281640625 0.785349380859375 0.359964357421875 0.808453486328125 0.346031484375 0.834290662109375 0.331628412109375 0.872528423828125 0.304109763671875 0.87152308984375 0.279461666015625
1 0.9091796875 0.291015625 0.04296875 0.046875
1 0.9599609375 0.4150390625 0.068359375 0.056640625
1 0.95703125 0.3037109375 0.025390625 0.037109375
1 0.892578125 0.3798828125 0.017578125 0.0234375
1 0.91796875 0.3759765625 0.01953125 0.021484375
1 0.95703125 0.373046875 0.02734375 0.02734375
0 0.46484375 0.6728515625 0.15625 0.173828125