1 0.51768835546875 0.94496889453125 0.54965484375 0.942146421875 0.57627866015625 0.928571427734375 0.583078427734375 0.915823154296875 0.5734936484375 0.90331773046875 0.551086103515625 0.88906844140625 0.50386146875 0.88225833984375 0.48976245703125 0.90053530078125 0.498556685546875 0.938461060546875 0.51768835546875 0.94496889453125
0 0.569511615234375 0.919629939453125 0.567367310546875 0.95424236328125 0.613258859375 0.964159123046875 0.655697130859375 0.95494119921875 0.71056030859375 0.93185247265625 0.7134727734375 0.92982442578125 0.714230599609375 0.93001301953125 0.68903459765625 0.87217365234375 0.66487371875 0.84230969921875 0.615602955078125 0.81002242578125 0.566666322265625 0.801015056640625 0.515182361328125 0.83283859375 0.514715607421875 0.86099873046875 0.5459173828125 0.89214022265625 0.569511615234375 0.919629939453125
0 0.2998046875 0.875 0.177734375 0.1376953125
0 0.2978515625 0.609375 0.21875 0.146484375
1 0.455078125 0.759765625 0.0234375 0.021484375
1 0.4580078125 0.814453125 0.021484375 0.0283203125
1 0.47265625 0.6953125 0.076171875 0.076171875
1 0.375 0.705078125 0.017578125 0.015625
0 0.609375 0.6474609375 0.166015625 0.125
1 0.4560546875 0.486328125 0.072265625 0.0498046875
1 0.419921875 0.521484375 0.025390625 0.021484375
1 0.2939453125 0.5107421875 0.025390625 0.0126953125
1 0.32421875 0.451171875 0.052734375 0.037109375
1 0.2744140625 0.48828125 0.0126953125 0.013671875
1 0.275390625 0.306640625 0.021484375 0.013671875
1 0.29296875 0.29296875 0.017578125 0.0126953125
0 0.20135788671875 0.38062815234375 0.212775228515625 0.42094106640625 0.254987875 0.451302341796875 0.286969865234375 0.455195673828125 0.3155760859375 0.439311033203125 0.371338322265625 0.451794498046875 0.38844797265625 0.44808201171875 0.38622444140625 0.418243892578125 0.372344162109375 0.38719928125 0.351689953125 0.348010189453125 0.327033041015625 0.3225433515625 0.302784322265625 0.314989201171875 0.25211846875 0.330655537109375 0.216185447265625 0.35313068359375 0.20135788671875 0.38062815234375
1 0.4697265625 0.33984375 0.0419921875 0.037109375
0 0.5888671875 0.419921875 0.193359375 0.142578125
0 0.609375 0.189453125 0.208984375 0.140625
1 0.435546875 0.05078125 0.1064453125 0.09375
1 0.4169921875 0.2197265625 0.0185546875 0.015625
1 0.435546875 0.212890625 0.0234375 0.015625
1 0.4375 0.15625 0.0283203125 0.025390625
0 0.217699376953125 0.22166676953125 0.25942116015625 0.226983611328125 0.298866015625 0.21772951953125 0.317870232421875 0.19947968359375 0.3236624375 0.17095656640625 0.322484361328125 0.140489365234375 0.333000923828125 0.103612505859375 0.33594611328125 0.085600353515625 0.33641975390625 0.0856481484375 0.285449046875 0.060904689453125 0.25127969140625 0.057396298828125 0.192894345703125 0.068051939453125 0.16540936328125 0.089097119140625 0.135876529296875 0.11646412109375 0.13698054296875 0.171154205078125 0.16010113671875 0.19509677734375 0.217699376953125 0.22166676953125
1 0.2939453125 0.03125 0.0205078125 0.015625
1 0.3076171875 0.4775390625 0.015625 0.009765625