1 0.0263671875 0.3701171875 0.013671875 0.01953125
1 0.04296875 0.388671875 0.009765625 0.015625
1 0.0615234375 0.3779296875 0.01953125 0.0234375
1 0.078125 0.375 0.013671875 0.01953125
1 0.18359375 0.384765625 0.025390625 0.021484375
1 0.201171875 0.4267578125 0.0234375 0.037109375
1 0.107421875 0.3349609375 0.01171875 0.009765625
1 0.21875 0.39453125 0.01171875 0.0078125
1 0.2353515625 0.3759765625 0.0078125 0.0078125
1 0.25 0.3740234375 0.009765625 0.013671875
1 0.2421875 0.3857421875 0.013671875 0.017578125
1 0.2529296875 0.40625 0.017578125 0.021484375
1 0.25390625 0.427734375 0.01171875 0.015625
1 0.228515625 0.4375 0.0078125 0.01171875
1 0.279296875 0.369140625 0.009765625 0.01171875
1 0.373046875 0.4248046875 0.013671875 0.015625
1 0.3779296875 0.3759765625 0.0078125 0.0078125
1 0.388671875 0.39453125 0.005859375 0.01171875
1 0.3935546875 0.4423828125 0.009765625 0.01953125
1 0.4140625 0.3994140625 0.013671875 0.013671875
1 0.3203125 0.3623046875 0.015625 0.015625
1 0.4599609375 0.4228515625 0.01953125 0.03125
1 0.447265625 0.380859375 0.009765625 0.013671875
1 0.4658203125 0.4609375 0.017578125 0.025390625
1 0.55078125 0.3994140625 0.0078125 0.013671875
1 0.56640625 0.4111328125 0.013671875 0.013671875
1 0.57421875 0.4365234375 0.009765625 0.01171875
1 0.5927734375 0.4052734375 0.0234375 0.021484375
1 0.62109375 0.40625 0.009765625 0.009765625
1 0.630859375 0.4482421875 0.021484375 0.0234375
1 0.57421875 0.455078125 0.005859375 0.0078125
1 0.5966796875 0.47265625 0.005859375 0.0078125
1 0.638671875 0.3642578125 0.0078125 0.009765625
1 0.634765625 0.3779296875 0.0078125 0.005859375
1 0.6611328125 0.3876953125 0.009765625 0.021484375
0 0.701171875 0.427734375 0.09765625 0.142578125
1 0.7607421875 0.3818359375 0.015625 0.021484375
1 0.8193359375 0.4248046875 0.029296875 0.021484375
1 0.8193359375 0.44921875 0.025390625 0.029296875
0 0.8935546875 0.451171875 0.11328125 0.169921875
1 0.9560546875 0.421875 0.013671875 0.013671875
1 0.9541015625 0.46484375 0.009765625 0.013671875
1 0.966796875 0.44140625 0.009765625 0.013671875
1 0.837890625 0.7099609375 0.021484375 0.025390625
0 0.6943359375 0.6884765625 0.109375 0.138671875
0 0.486328125 0.6865234375 0.0859375 0.14453125
0 0.2998046875 0.693359375 0.13671875 0.15625
0 0.0869140625 0.685546875 0.1328125 0.1328125
1 0.0830078125 0.580078125 0.07421875 0.095703125
1 0.099609375 0.4990234375 0.0859375 0.056640625
1 0.2119140625 0.5556640625 0.037109375 0.03515625
1 0.2705078125 0.5673828125 0.05078125 0.05859375
1 0.3017578125 0.55078125 0.015625 0.021484375
1 0.3095703125 0.5244140625 0.015625 0.01953125
1 0.3505859375 0.58203125 0.068359375 0.080078125
1 0.4189453125 0.5595703125 0.013671875 0.025390625
1 0.4873046875 0.564453125 0.005859375 0.009765625
1 0.49609375 0.5634765625 0.01171875 0.013671875
1 0.515625 0.56640625 0.005859375 0.009765625
1 0.5205078125 0.5546875 0.0078125 0.0078125
1 0.5166015625 0.5986328125 0.0078125 0.0078125
1 0.5263671875 0.595703125 0.00390625 0.009765625
1 0.6005859375 0.5810546875 0.009765625 0.0078125
1 0.638671875 0.583984375 0.0078125 0.01171875
1 0.6591796875 0.5888671875 0.005859375 0.0078125
1 0.69921875 0.572265625 0.0078125 0.01953125
1 0.7509765625 0.5830078125 0.013671875 0.0234375
1 0.771484375 0.5869140625 0.005859375 0.009765625
1 0.791015625 0.5859375 0.01171875 0.013671875
1 0.8017578125 0.5986328125 0.0078125 0.01171875
1 0.8271484375 0.578125 0.013671875 0.013671875
1 0.8134765625 0.56640625 0.005859375 0.009765625
1 0.8125 0.583984375 0.0078125 0.0078125
1 0.8349609375 0.5869140625 0.0078125 0.009765625
1 0.853515625 0.578125 0.0078125 0.0078125
1 0.8515625 0.5947265625 0.01171875 0.013671875
1 0.8798828125 0.5859375 0.01171875 0.017578125
1 0.9033203125 0.5703125 0.015625 0.013671875
1 0.921875 0.5771484375 0.0078125 0.005859375
1 0.921875 0.5869140625 0.005859375 0.0078125
1 0.9306640625 0.5927734375 0.0078125 0.0078125
1 0.955078125 0.572265625 0.017578125 0.013671875
1 0.9677734375 0.5771484375 0.0078125 0.01171875
1 0.962890625 0.5869140625 0.009765625 0.0078125
1 0.982421875 0.5849609375 0.01171875 0.013671875
1 0.931640625 0.548828125 0.005859375 0.0078125
1 0.9580078125 0.5341796875 0.0078125 0.009765625
1 0.9951171875 0.5068359375 0.009765625 0.005859375
1 0.994140625 0.5537109375 0.005859375 0.005859375
1 0.9453125 0.638671875 0.0078125 0.013671875
1 0.9501953125 0.6044921875 0.005859375 0.015625
1 0.91015625 0.5947265625 0.005859375 0.005859375
1 0.8623046875 0.57421875 0.005859375 0.009765625
1 0.7822265625 0.4853515625 0.0078125 0.005859375
1 0.8056640625 0.373046875 0.005859375 0.0078125
1 0.1552734375 0.5615234375 0.0078125 0.0078125
0 0.126953125 0.4091796875 0.095703125 0.138671875
0 0.3115234375 0.439453125 0.111328125 0.138671875
0 0.5107421875 0.419921875 0.0859375 0.1484375
0 0.892578125 0.703125 0.09765625 0.166015625