0 0.6123046875 0.9169921875 0.1640625 0.140625
1 0.4833984375 0.9189453125 0.060546875 0.021484375
0 0.3603515625 0.9072265625 0.138671875 0.1015625
1 0.36328125 0.7900390625 0.025390625 0.015625
1 0.4853515625 0.7060546875 0.064453125 0.044921875
1 0.5732421875 0.8125 0.01953125 0.01171875
0 0.623046875 0.712890625 0.11328125 0.107421875
1 0.69921875 0.6787109375 0.017578125 0.013671875
0 0.3515625 0.7216796875 0.125 0.103515625
1 0.49609375 0.8623046875 0.013671875 0.009765625
1 0.4228515625 0.623046875 0.041015625 0.025390625
1 0.48046875 0.654296875 0.017578125 0.009765625
1 0.560951521484375 0.554749345703125 0.53315028515625 0.544958783203125 0.520945189453125 0.500421259765625 0.460744833984375 0.5144412109375 0.4222166640625 0.54942439453125 0.41414691015625 0.564026986328125 0.435204013671875 0.60026441015625 0.47091830078125 0.630830962890625 0.49494746875 0.650474158203125 0.5377582421875 0.626683689453125 0.560951521484375 0.554749345703125
1 0.455078125 0.61328125 0.021484375 0.015625
1 0.5810546875 0.4609375 0.056640625 0.0234375
0 0.62212240234375 0.577503591796875 0.695379146484375 0.505684830078125 0.636529728515625 0.467604046875 0.56398469140625 0.46604598046875 0.53760819140625 0.509214662109375 0.53237698828125 0.54160735546875 0.572298220703125 0.562061798828125 0.62212240234375 0.577503591796875
1 0.5869140625 0.375 0.04296875 0.03515625
0 0.638042375 0.243604759765625 0.57993891796875 0.24540215625 0.537222849609375 0.29111203125 0.557370634765625 0.33461217578125 0.606872634765625 0.363559044921875 0.660644203125 0.391718044921875 0.67957585546875 0.340628357421875 0.70728530859375 0.286644484375 0.671389494140625 0.2539888125 0.638042375 0.243604759765625
1 0.2333984375 0.5322265625 0.1015625 0.0625
1 0.4482421875 0.46875 0.0546875 0.044921875
1 0.486039859375 0.49668201171875 0.4916732109375 0.491489119140625 0.510382158203125 0.445283951171875 0.494253119140625 0.388147833984375 0.412401890625 0.391487484375 0.40056075390625 0.425151490234375 0.461494046875 0.470189611328125 0.486039859375 0.49668201171875
0 0.333984375 0.3330078125 0.140625 0.111328125
1 0.419921875 0.353515625 0.021484375 0.025390625
1 0.2998046875 0.2705078125 0.01953125 0.013671875
1 0.41796875 0.3037109375 0.015625 0.0078125
1 0.4873046875 0.2958984375 0.046875 0.02734375
1 0.4697265625 0.2607421875 0.04296875 0.041015625
1 0.396484375 0.212890625 0.03515625 0.033203125
1 0.3251953125 0.2119140625 0.017578125 0.009765625
1 0.48828125 0.2080078125 0.01953125 0.03125
1 0.451171875 0.1708984375 0.029296875 0.021484375
1 0.4287109375 0.171875 0.015625 0.013671875
1 0.45703125 0.1943359375 0.015625 0.01171875
1 0.46875 0.109375 0.033203125 0.02734375
0 0.3408203125 0.1201171875 0.14453125 0.11328125
0 0.533493677734375 0.166565974609375 0.6409603828125 0.192160458984375 0.630164533203125 0.128421431640625 0.640052125 0.09153226171875 0.65355271875 0.05971937890625 0.5834194296875 0.0452129921875 0.536463232421875 0.0695463203125 0.5025254453125 0.123914171875 0.53284883203125 0.167169361328125 0.533493677734375 0.166565974609375
1 0.982421875 0.8994140625 0.015625 0.013671875
1 0.9619140625 0.6904296875 0.021484375 0.01953125
1 0.92578125 0.3623046875 0.029296875 0.017578125
1 0.9375 0.326171875 0.017578125 0.015625
1 0.453125 0.685546875 0.009765625 0.009765625
0 0.3482976875 0.589393748046875 0.363543787109375 0.577545314453125 0.403396919921875 0.5618147265625 0.425546744140625 0.54152794140625 0.43128844921875 0.529246869140625 0.409978869140625 0.491030470703125 0.384233904296875 0.47234473046875 0.36660894140625 0.47217395703125 0.331906732421875 0.493700712890625 0.303278138671875 0.520880130859375 0.30380378125 0.5576273359375 0.330252396484375 0.58758462890625 0.3482976875 0.589393748046875
1 0.44140625 0.1904296875 0.013671875 0.009765625
1 0.536359794921875 0.05628954296875 0.515592150390625 0.020982974609375 0.492843708984375 0.00367642578125 0.46457316796875 0.000932359375 0.4374870546875 0.001878228515625 0.431097263671875 0.02202814453125 0.3998973515625 0.03924258203125 0.37291932421875 0.052576484375 0.369014810546875 0.060363615234375 0.36970913671875 0.05965716796875 0.401816921875 0.07866629296875 0.44501438671875 0.08729853125 0.468484373046875 0.09714715234375 0.497692916015625 0.099357216796875 0.537317625 0.090489185546875 0.5352107578125 0.073684169921875 0.536359794921875 0.05628954296875
1 0.4287109375 0.0146484375 0.015625 0.015625