0 0.1748046875 0.4716796875 0.16796875 0.203125
1 0.3310546875 0.51171875 0.041015625 0.05078125
0 0.388671875 0.4541015625 0.1328125 0.197265625
0 0.583984375 0.396484375 0.162109375 0.1875
0 0.7978515625 0.3671875 0.150390625 0.166015625
0 0.951171875 0.3544921875 0.08203125 0.13671875
0 0.9892578125 0.599609375 0.021484375 0.125
0 0.822265625 0.6513671875 0.1171875 0.142578125
0 0.6201171875 0.6923828125 0.140625 0.16796875
0 0.4052734375 0.7294921875 0.10546875 0.154296875
1 0.4736328125 0.681640625 0.109375 0.169921875
1 0.3212890625 0.619140625 0.017578125 0.015625
0 0.22265625 0.7607421875 0.10546875 0.1484375
1 0.3046875 0.7548828125 0.029296875 0.041015625
0 0.060546875 0.7783203125 0.0546875 0.107421875
1 0.048828125 0.654296875 0.025390625 0.03125
1 0.0927734375 0.779296875 0.0234375 0.01953125
1 0.0791015625 0.7470703125 0.009765625 0.01171875
1 0.2802734375 0.0703125 0.05859375 0.078125
1 0.638671875 0.033203125 0.0234375 0.0234375
1 0.7998046875 0.0283203125 0.060546875 0.056640625
1 0.791015625 0.1494140625 0.01953125 0.029296875