0 0.142578125 0.3349609375 0.119140625 0.203125
0 0.349609375 0.3349609375 0.109375 0.216796875
1 0.416015625 0.380859375 0.009765625 0.015625
0 0.541015625 0.3603515625 0.166015625 0.19921875
1 0.501953125 0.478515625 0.00390625 0.01171875
1 0.474609375 0.494140625 0.0078125 0.01171875
1 0.4951171875 0.5166015625 0.015625 0.01171875
1 0.6171875 0.498046875 0.02734375 0.0546875
0 0.7578125 0.392578125 0.134765625 0.173828125
0 0.9423828125 0.4013671875 0.115234375 0.169921875
1 0.9052734375 0.517578125 0.01171875 0.013671875
1 0.908203125 0.5537109375 0.01171875 0.013671875
1 0.7060546875 0.5400390625 0.05078125 0.05859375
1 0.7509765625 0.52734375 0.009765625 0.01171875
0 0.951171875 0.68359375 0.09765625 0.1953125
1 0.8837890625 0.712890625 0.0078125 0.01171875
0 0.771484375 0.6533203125 0.169921875 0.1640625
0 0.5400390625 0.642578125 0.13671875 0.2109375
0 0.328125 0.625 0.158203125 0.181640625
0 0.087890625 0.6201171875 0.162109375 0.2109375
0 0.2021484375 0.525390625 0.02734375 0.0234375