0 0.0546875 0.4169921875 0.109375 0.201171875
1 0.146484375 0.4072265625 0.025390625 0.0390625
1 0.158203125 0.4599609375 0.0205078125 0.021484375
1 0.0537109375 0.587890625 0.017578125 0.0205078125
0 0.0400390625 0.736328125 0.080078125 0.150390625
0 0.2685546875 0.7724609375 0.1611328125 0.216796875
1 0.205078125 0.603515625 0.03125 0.0361328125
1 0.2265625 0.587890625 0.017578125 0.03125
1 0.263671875 0.5927734375 0.015625 0.0234375
1 0.333984375 0.59765625 0.0263671875 0.017578125
0 0.2626953125 0.439453125 0.140625 0.1640625
1 0.337890625 0.44921875 0.0107421875 0.017578125
1 0.349609375 0.439453125 0.0107421875 0.017578125
1 0.3662109375 0.42578125 0.015625 0.015625
1 0.39453125 0.4375 0.0185546875 0.0205078125
1 0.396484375 0.6015625 0.0234375 0.0185546875
1 0.4501953125 0.6044921875 0.015625 0.0126953125
1 0.48828125 0.603515625 0.0205078125 0.0126953125
1 0.49609375 0.5791015625 0.0185546875 0.0185546875
1 0.51953125 0.642578125 0.0205078125 0.0234375
0 0.417458509765625 0.68267919140625 0.41171280859375 0.7530760859375 0.42111416015625 0.80099309765625 0.46759517578125 0.837255083984375 0.534732556640625 0.835141783203125 0.572160994140625 0.808710869140625 0.579906322265625 0.749910439453125 0.574809080078125 0.689024263671875 0.549335783203125 0.6784818671875 0.504567625 0.66572110546875 0.459201556640625 0.629401017578125 0.4406286171875 0.63480179296875 0.417458509765625 0.68267919140625
1 0.6767578125 0.5693359375 0.03125 0.0546875
1 0.580078125 0.5986328125 0.0107421875 0.0126953125
1 0.56640625 0.607421875 0.0126953125 0.0126953125
1 0.5673828125 0.4609375 0.0126953125 0.0205078125
1 0.5888671875 0.44921875 0.0078125 0.015625
0 0.51987485546875 0.32683152734375 0.49759088671875 0.31606178515625 0.452327990234375 0.364324982421875 0.439029431640625 0.4182839375 0.459218181640625 0.4472845703125 0.510516130859375 0.485714974609375 0.55722062109375 0.495845734375 0.56294823828125 0.476941412109375 0.5640100546875 0.442284638671875 0.566168568359375 0.40122595703125 0.55636419140625 0.35938361328125 0.53786633984375 0.335358796875 0.51987485546875 0.32683152734375
0 0.75390625 0.4189453125 0.142578125 0.193359375
1 0.7958984375 0.53515625 0.0185546875 0.0283203125
1 0.80964006640625 0.62353773828125 0.786542296875 0.597242890625 0.74461728125 0.578131888671875 0.70752469921875 0.565248841796875 0.69742451171875 0.60012607421875 0.691463087890625 0.6446173671875 0.6797210859375 0.70273230859375 0.6889273828125 0.7158013671875 0.709263392578125 0.71196401171875 0.73420965625 0.68544008984375 0.749452298828125 0.66471354296875 0.76867998828125 0.696363123046875 0.79091228515625 0.699206693359375 0.81064246484375 0.661658123046875 0.80964006640625 0.62353773828125
0 0.768647693359375 0.685517595703125 0.74739841796875 0.657341958984375 0.710047484375 0.721664185546875 0.710065568359375 0.780738466796875 0.714944505859375 0.79958939453125 0.722313935546875 0.837776951171875 0.73414765234375 0.854566248046875 0.77673275390625 0.8792558828125 0.818182404296875 0.832482501953125 0.833153779296875 0.772486771484375 0.82009677734375 0.73331059765625 0.79591135546875 0.705377810546875 0.768647693359375 0.685517595703125
0 0.943359375 0.7802734375 0.1123046875 0.1923828125
0 0.9365234375 0.4345703125 0.126953125 0.2158203125
1 0.857421875 0.41796875 0.009765625 0.009765625
1 0.6669921875 0.763671875 0.0126953125 0.015625
1 0.654296875 0.4482421875 0.0126953125 0.0234375