0 0.55917879296875 0.803096638671875 0.5315756328125 0.8055490390625 0.51420426171875 0.831468373046875 0.512271076171875 0.859114216796875 0.51219042578125 0.88524216015625 0.51596237109375 0.9132892109375 0.538876708984375 0.90998773828125 0.58047221875 0.9018526328125 0.609304974609375 0.887325287109375 0.629062515625 0.860639185546875 0.61035627734375 0.84027337109375 0.588659658203125 0.812593154296875 0.55917879296875 0.803096638671875
0 0.5791015625 0.625 0.150390625 0.12890625
0 0.2646484375 0.8232421875 0.201171875 0.1484375
1 0.3212890625 0.8974609375 0.009765625 0.0078125
1 0.2958984375 0.7392578125 0.015625 0.0078125
1 0.3642578125 0.57421875 0.009765625 0.009765625
0 0.218019060546875 0.639720060546875 0.26581194921875 0.67429093359375 0.300362060546875 0.683992365234375 0.3475535859375 0.675917720703125 0.37505012109375 0.65824679296875 0.375085318359375 0.63101888671875 0.366493474609375 0.600972625 0.352910240234375 0.567836505859375 0.3279229921875 0.554678375 0.284201263671875 0.552517287109375 0.236946376953125 0.561930154296875 0.213345134765625 0.598668345703125 0.218019060546875 0.639720060546875
1 0.2978515625 0.5205078125 0.029296875 0.01953125
1 0.3408203125 0.51171875 0.013671875 0.009765625
0 0.3125 0.412109375 0.23046875 0.158203125
0 0.31640625 0.1845703125 0.18359375 0.146484375
1 0.4658203125 0.1396484375 0.0703125 0.0859375
1 0.4658203125 0.06640625 0.015625 0.013671875
0 0.35546875 0.041015625 0.140625 0.08203125
0 0.62109375 0.0439453125 0.12109375 0.080078125
0 0.6201171875 0.2021484375 0.21484375 0.17578125
1 0.55859375 0.2978515625 0.005859375 0.0078125
1 0.50390625 0.248046875 0.013671875 0.015625
0 0.60546875 0.4228515625 0.19921875 0.150390625
1 0.4462890625 0.701171875 0.013671875 0.013671875
1 0.4794921875 0.6572265625 0.009765625 0.009765625
1 0.9423828125 0.2314453125 0.01953125 0.017578125