0 0.171875 0.3525390625 0.1513671875 0.15625
1 0.02734375 0.466796875 0.0390625 0.0419921875
1 0.0634765625 0.4833984375 0.021484375 0.0419921875
1 0.1044921875 0.4736328125 0.015625 0.021484375
1 0.11328125 0.529296875 0.0185546875 0.0283203125
1 0.0537109375 0.529296875 0.0185546875 0.0185546875
1 0.0068359375 0.51953125 0.013671875 0.0126953125
0 0.1826171875 0.6357421875 0.134765625 0.1298828125
1 0.2568359375 0.486328125 0.0234375 0.0341796875
1 0.287109375 0.5029296875 0.013671875 0.015625
1 0.310546875 0.525390625 0.0107421875 0.015625
1 0.3427734375 0.5029296875 0.015625 0.0126953125
1 0.3701171875 0.4794921875 0.015625 0.021484375
1 0.408203125 0.4736328125 0.0263671875 0.033203125
1 0.4423828125 0.4990234375 0.041015625 0.0263671875
1 0.4375 0.435546875 0.017578125 0.0205078125
0 0.396484375 0.337890625 0.1279296875 0.150390625
1 0.2724609375 0.3955078125 0.0126953125 0.013671875
0 0.6240234375 0.3525390625 0.09375 0.1279296875
1 0.7646484375 0.4609375 0.0654296875 0.0830078125
1 0.716796875 0.48046875 0.0107421875 0.0126953125
1 0.498046875 0.4765625 0.009765625 0.0107421875
1 0.5185546875 0.5048828125 0.0126953125 0.017578125
1 0.5498046875 0.5009765625 0.0107421875 0.015625
1 0.576171875 0.51171875 0.015625 0.0126953125
1 0.6025390625 0.501953125 0.0185546875 0.029296875
1 0.638671875 0.5087890625 0.0126953125 0.017578125
1 0.6787109375 0.498046875 0.015625 0.021484375
1 0.79296875 0.53515625 0.013671875 0.015625
1 0.8427734375 0.509765625 0.0185546875 0.0185546875
1 0.865234375 0.5078125 0.025390625 0.021484375
1 0.912109375 0.513671875 0.0205078125 0.017578125
1 0.9814453125 0.4833984375 0.029296875 0.017578125
1 0.9931640625 0.5078125 0.013671875 0.0234375
1 0.9111328125 0.3779296875 0.013671875 0.015625
0 0.861328125 0.369140625 0.0888671875 0.1328125
1 0.787109375 0.3916015625 0.009765625 0.015625
0 0.89453125 0.65234375 0.142578125 0.1796875
1 0.732421875 0.6220703125 0.076171875 0.0546875
1 0.681640625 0.623046875 0.009765625 0.0126953125
0 0.676440330078125 0.63868526953125 0.67156455078125 0.614703896484375 0.68969123828125 0.589854466796875 0.65865121875 0.564216017578125 0.619971505859375 0.5625026796875 0.59226104296875 0.580939482421875 0.568436736328125 0.61217474609375 0.56959615234375 0.648425443359375 0.58783637109375 0.6915294921875 0.6145773046875 0.734779556640625 0.6469877265625 0.735981169921875 0.68500233203125 0.711556390625 0.68487373046875 0.675474482421875 0.676440330078125 0.63868526953125
0 0.3916015625 0.638671875 0.130859375 0.142578125