0 0.60546875 0.0341796875 0.123046875 0.068359375
1 0.6513671875 0.0703125 0.0185546875 0.013671875
1 0.587890625 0.1015625 0.017578125 0.009765625
1 0.498046875 0.1318359375 0.0439453125 0.0341796875
1 0.49073169921875 0.03520033203125 0.48047779296875 0.03085779296875 0.45287483203125 0.05756293359375 0.43247401953125 0.086376048828125 0.431928470703125 0.1151823828125 0.44459062890625 0.13541892578125 0.45421911328125 0.14179823046875 0.4685977890625 0.13445140625 0.4951021171875 0.1096711328125 0.508487654296875 0.06684027734375 0.50795717578125 0.06729351953125 0.49073169921875 0.03520033203125
0 0.3193359375 0.0244140625 0.125 0.048828125
0 0.341796875 0.197265625 0.162109375 0.119140625
1 0.3076171875 0.326171875 0.013671875 0.0107421875
1 0.4833984375 0.21875 0.037109375 0.0283203125
0 0.615234375 0.2099609375 0.1298828125 0.1171875
1 0.48046875 0.26171875 0.0107421875 0.009765625
1 0.4248046875 0.384765625 0.0185546875 0.017578125
1 0.37109375 0.4765625 0.021484375 0.0205078125
0 0.3923490546875 0.4119002734375 0.396770712890625 0.399666115234375 0.397762345703125 0.357349537109375 0.36122715234375 0.34800663671875 0.34947976953125 0.335024232421875 0.3409423828125 0.32792041796875 0.293866947265625 0.345527931640625 0.2573860078125 0.365249068359375 0.2552957421875 0.38427847265625 0.26501916796875 0.413241916015625 0.270477671875 0.4267261640625 0.2895357109375 0.445095486328125 0.322360568359375 0.451234041015625 0.355851537109375 0.447290490234375 0.374546380859375 0.43278673046875 0.3923490546875 0.4119002734375
1 0.44541196484375 0.319080494140625 0.44651361328125 0.3189346875 0.41405798046875 0.300023962890625 0.385516130859375 0.298649541015625 0.35936595703125 0.31134372265625 0.347903404296875 0.328840466796875 0.349965037109375 0.339739763671875 0.367466302734375 0.34923751171875 0.38729142578125 0.356058755859375 0.411074037109375 0.36739094921875 0.433795693359375 0.379252115234375 0.462245611328125 0.388172291015625 0.477552626953125 0.38208346875 0.4677885078125 0.36825335546875 0.45818564453125 0.33841620703125 0.44541196484375 0.319080494140625
1 0.51634837890625 0.290130615234375 0.487444841796875 0.296478271484375 0.46935281640625 0.30566971484375 0.4583906015625 0.315580013671875 0.457441166015625 0.341412580078125 0.45799876953125 0.3571359140625 0.461437837890625 0.361328125 0.472302095703125 0.35836226953125 0.48950798046875 0.343439173828125 0.507505064453125 0.323562056640625 0.5197136015625 0.309963650390625 0.53382101171875 0.29864841015625 0.533564814453125 0.289641203125 0.51634837890625 0.290130615234375
1 0.525390625 0.3134765625 0.0205078125 0.0126953125
1 0.4619140625 0.3037109375 0.015625 0.015625
1 0.518690322265625 0.42528392578125 0.543961888671875 0.40430365625 0.555326486328125 0.38662267578125 0.58457061328125 0.378544560546875 0.59261218359375 0.361904568359375 0.58179766015625 0.355117232421875 0.550609447265625 0.346948693359375 0.51851851953125 0.32320601953125 0.5072639375 0.322524458984375 0.489116150390625 0.339077419921875 0.47153501171875 0.36172259375 0.47322741796875 0.373116951171875 0.45433967578125 0.38974790234375 0.420940634765625 0.3954659921875 0.40967550390625 0.412179451171875 0.42345588671875 0.422596119140625 0.446605541015625 0.42918678515625 0.46315586328125 0.441192626953125 0.475237810546875 0.4510430234375 0.500453619140625 0.44458573046875 0.518690322265625 0.42528392578125
1 0.4833984375 0.47265625 0.013671875 0.015625
1 0.6748046875 0.4580078125 0.0185546875 0.015625
0 0.65987594140625 0.376565439453125 0.640887224609375 0.36214192578125 0.6153549375 0.35416666796875 0.598248517578125 0.35315167578125 0.57501748046875 0.373032181640625 0.550190490234375 0.395229763671875 0.537015939453125 0.4206995078125 0.553043318359375 0.445815474609375 0.569551443359375 0.463017216796875 0.586467978515625 0.470225015625 0.60235068359375 0.47008033984375 0.631270796875 0.45434909375 0.65184793359375 0.43824259375 0.66344461328125 0.42114144921875 0.66344461328125 0.404840541015625 0.65987594140625 0.376565439453125
1 0.5244140625 0.5390625 0.041015625 0.0625
1 0.46875 0.525390625 0.09375 0.0673828125
1 0.267578125 0.55078125 0.0185546875 0.0185546875
1 0.345703125 0.6708984375 0.021484375 0.013671875
0 0.38395182421875 0.59753983203125 0.40432098828125 0.563368056640625 0.38251712109375 0.556372748046875 0.338472341796875 0.54733050390625 0.316269109375 0.55169338671875 0.292720087890625 0.564609103515625 0.26703860546875 0.57919085546875 0.2494665078125 0.595766419921875 0.24758270703125 0.610423900390625 0.26009114453125 0.6224365234375 0.2766128359375 0.647311740234375 0.29921995703125 0.64989669140625 0.3370527109375 0.6369945390625 0.36680621875 0.6343892421875 0.38395182421875 0.59753983203125
1 0.37955729296875 0.59465196484375 0.357084298828125 0.61577012890625 0.361973138671875 0.62767311328125 0.407817322265625 0.6269949453125 0.42143795703125 0.625007912109375 0.442623939453125 0.6193949375 0.442777658203125 0.59464518359375 0.44327799609375 0.5743125625 0.430615837890625 0.54227701953125 0.420322748046875 0.5320525 0.41062192578125 0.536805330078125 0.395033095703125 0.57295509765625 0.37955729296875 0.59465196484375
1 0.482421875 0.609375 0.083984375 0.099609375
1 0.380859375 0.6630859375 0.03125 0.0263671875
1 0.44637345703125 0.630787037109375 0.44431182421875 0.6313126171875 0.41935070703125 0.625135634765625 0.37767499609375 0.63523469140625 0.3368688515625 0.634821009765625 0.326951015625 0.646202935546875 0.34398509765625 0.652698658203125 0.381727431640625 0.65819860546875 0.4069070703125 0.67629552734375 0.4280403046875 0.681416830078125 0.434797875 0.6735455546875 0.439838927734375 0.65607706640625 0.446215216796875 0.64182309765625 0.44637345703125 0.630787037109375
1 0.494212962890625 0.622685185546875 0.47943793359375 0.62029012109375 0.45920289453125 0.636707447265625 0.4290455 0.66914876171875 0.40658004296875 0.683711298828125 0.37561788671875 0.725429958984375 0.385006751953125 0.7398681640625 0.4203950859375 0.749033609375 0.481724115234375 0.74896918359375 0.52651337109375 0.74264300390625 0.55806477734375 0.71906195703125 0.564180349609375 0.691145154296875 0.52498673828125 0.656216091796875 0.494212962890625 0.622685185546875
1 0.66015625 0.7373046875 0.021484375 0.015625
1 0.611328125 0.748046875 0.060546875 0.025390625
1 0.6513671875 0.5927734375 0.0126953125 0.0126953125
0 0.6647497109375 0.606427228515625 0.64664261328125 0.595061125 0.646390939453125 0.5755581328125 0.63178319140625 0.56601065234375 0.6133731796875 0.56485550390625 0.589290666015625 0.5659563984375 0.56374180078125 0.577072708984375 0.549022533203125 0.59587605859375 0.547901294921875 0.607876248046875 0.5578462578125 0.617533365234375 0.575153115234375 0.6243195703125 0.61298134765625 0.631294533203125 0.6475815 0.62221498828125 0.6647497109375 0.606427228515625
0 0.333984375 0.796875 0.166015625 0.1279296875
0 0.516924068359375 0.769586634765625 0.51697530859375 0.76967592578125 0.539948640625 0.80944711328125 0.552978515625 0.826088234375 0.558456609375 0.8316718203125 0.568225248046875 0.831428810546875 0.59766529296875 0.827362060546875 0.63758228515625 0.813727484375 0.649625048828125 0.790458396484375 0.6484390078125 0.770611798828125 0.62483874609375 0.76371934765625 0.5978838125 0.7567873359375 0.57761562109375 0.75050071484375 0.54721558984375 0.75017971484375 0.523678626953125 0.76005384765625 0.516924068359375 0.769586634765625
1 0.47265625 0.7666015625 0.0234375 0.025390625
1 0.55799394921875 0.82897723046875 0.5267936796875 0.8126118984375 0.519742236328125 0.786809849609375 0.503436052734375 0.77448866015625 0.468091423828125 0.7748153125 0.465134609375 0.78084196875 0.449276017578125 0.8060336640625 0.427814248046875 0.827072708984375 0.40880443359375 0.859466552734375 0.395430953125 0.875180845703125 0.3964708125 0.88045360546875 0.40737425390625 0.88184045703125 0.428531599609375 0.884558783203125 0.45826099609375 0.896895796875 0.499666943359375 0.8839981640625 0.5364387421875 0.86226060546875 0.58328812109375 0.845614962890625 0.59500988671875 0.836324056640625 0.59030641015625 0.829774080078125 0.55799394921875 0.82897723046875
0 0.341796875 0.9638671875 0.0966796875 0.072265625
1 0.4306640625 0.9951171875 0.021484375 0.009765625
1 0.513671875 0.990234375 0.033203125 0.0185546875
1 0.669921875 0.9248046875 0.103515625 0.0419921875
0 0.690951123046875 1 0.70339325390625 0.980535435546875 0.701664677734375 0.967415138671875 0.685162580078125 0.95645819921875 0.664889865234375 0.94513278515625 0.632661794921875 0.93580683984375 0.60392101953125 0.928282560546875 0.587920765625 0.93031367578125 0.587962962890625 0.931712962890625 0.587415908203125 0.95882500390625 0.585268373046875 0.98410825390625 0.595150041015625 1 0.64964765234375 1 0.690951123046875 1
1 0.625 0.869140625 0.0185546875 0.0126953125
1 0.634765625 0.8388671875 0.015625 0.0107421875
1 0.6015625 0.6787109375 0.0107421875 0.009765625