0 0.685546875 0.0283203125 0.125 0.056640625
0 0.69140625 0.208984375 0.1455078125 0.125
1 0.7177734375 0.287109375 0.041015625 0.0341796875
1 0.6982421875 0.310546875 0.009765625 0.005859375
0 0.6943359375 0.4267578125 0.115234375 0.0751953125
1 0.57421875 0.3779296875 0.015625 0.0126953125
1 0.6123046875 0.5439453125 0.025390625 0.015625
0 0.701171875 0.64453125 0.1591796875 0.115234375
1 0.599609375 0.7724609375 0.0908203125 0.0888671875
1 0.5615234375 0.666015625 0.0126953125 0.013671875
0 0.728515625 0.8681640625 0.171875 0.1513671875
1 0.5751953125 0.9892578125 0.037109375 0.021484375
1 0.595703125 0.9091796875 0.015625 0.0107421875
1 0.5732421875 0.919921875 0.0126953125 0.005859375
1 0.5703125 0.845703125 0.009765625 0.009765625
1 0.568359375 0.822265625 0.009765625 0.009765625
1 0.5498046875 0.880859375 0.0078125 0.005859375
1 0.5419921875 0.939453125 0.005859375 0.009765625
1 0.568359375 0.6865234375 0.009765625 0.005859375
1 0.5634765625 0.693359375 0.009765625 0.009765625
1 0.53515625 0.666015625 0.0126953125 0.0078125
1 0.560546875 0.5859375 0.009765625 0.0078125
1 0.529296875 0.578125 0.0126953125 0.0048828125
1 0.537109375 0.599609375 0.005859375 0.005859375
1 0.474609375 0.615234375 0.037109375 0.015625
1 0.4287109375 0.5673828125 0.013671875 0.005859375
1 0.423828125 0.552734375 0.0126953125 0.0078125
1 0.4638671875 0.556640625 0.009765625 0.005859375
1 0.431640625 0.4921875 0.015625 0.0126953125
1 0.359375 0.58203125 0.013671875 0.009765625
0 0.408203125 0.6552734375 0.0810546875 0.048828125
1 0.3857421875 0.69140625 0.0126953125 0.0078125
1 0.458984375 0.755859375 0.009765625 0.009765625
1 0.439453125 0.7578125 0.009765625 0.005859375
1 0.39453125 0.7763671875 0.009765625 0.005859375
1 0.3955078125 0.8037109375 0.015625 0.009765625
1 0.4775390625 0.783203125 0.005859375 0.005859375
1 0.392578125 0.923828125 0.009765625 0.005859375
1 0.404296875 0.92578125 0.005859375 0.005859375
1 0.3857421875 0.9423828125 0.009765625 0.005859375
1 0.392578125 0.982421875 0.013671875 0.0107421875
1 0.4765625 0.9658203125 0.015625 0.0107421875
1 0.494140625 0.455078125 0.0751953125 0.087890625
1 0.48046875 0.373046875 0.03125 0.021484375
1 0.365234375 0.4765625 0.025390625 0.0205078125
1 0.556640625 0.4287109375 0.0126953125 0.009765625
1 0.5576171875 0.4560546875 0.009765625 0.0078125
1 0.576171875 0.509765625 0.015625 0.0126953125
1 0.52734375 0.3486328125 0.015625 0.0107421875
1 0.515625 0.259765625 0.0595703125 0.0498046875
1 0.423828125 0.3125 0.013671875 0.0126953125
1 0.390625 0.310546875 0.0185546875 0.0107421875
1 0.3486328125 0.2724609375 0.0078125 0.009765625
1 0.4150390625 0.0712890625 0.015625 0.0126953125
1 0.310546875 0.060546875 0.013671875 0.009765625
1 0.556640625 0.3935546875 0.0078125 0.005859375
1 0.521484375 0.1337890625 0.0126953125 0.0126953125
1 0.556640625 0.1279296875 0.009765625 0.005859375
1 0.5458984375 0.1708984375 0.005859375 0.0126953125
1 0.51953125 0.01953125 0.0185546875 0.0126953125
1 0.55078125 0.017578125 0.0078125 0.009765625
0 0.503189759765625 0.81333576171875 0.451512896484375 0.78978587890625 0.42874710546875 0.8011158125 0.382294078125 0.825748181640625 0.352945533203125 0.84552873828125 0.348162615234375 0.88196898828125 0.370954240234375 0.912008619140625 0.407760486328125 0.924401662109375 0.435998126953125 0.928147734375 0.474330357421875 0.92713112890625 0.49591462890625 0.90962405078125 0.52127425 0.88557167578125 0.503189759765625 0.81333576171875
0 0.30901572265625 0.39409722265625 0.31715546484375 0.43877495703125 0.343111013671875 0.4600061484375 0.38189105078125 0.47033239453125 0.4427548359375 0.47858150390625 0.457523837890625 0.4368425 0.4612113515625 0.400190404296875 0.43803219921875 0.35889188671875 0.4132702265625 0.350087322265625 0.34239624609375 0.36896753125 0.30901572265625 0.39409722265625
0 0.341765873046875 0.12570012890625 0.326535287109375 0.169543392578125 0.327136380859375 0.21347449609375 0.353212494140625 0.251078611328125 0.402753666015625 0.261734251953125 0.4405536953125 0.255281962890625 0.474555982421875 0.21899543359375 0.501322751953125 0.17559523828125 0.47092702734375 0.114942439453125 0.410309537109375 0.106046162109375 0.341765873046875 0.12570012890625