0 0.193359375 0.3193359375 0.146484375 0.169921875
1 0.3037109375 0.3408203125 0.01171875 0.013671875
0 0.42578125 0.3115234375 0.140625 0.142578125
0 0.654296875 0.341796875 0.13671875 0.171875
1 0.724609375 0.294921875 0.013671875 0.0234375
0 0.884765625 0.3369140625 0.18359375 0.193359375
1 0.9208984375 0.5595703125 0.11328125 0.1171875
1 0.9716796875 0.6279296875 0.05078125 0.115234375
0 0.900390625 0.6904296875 0.140625 0.15234375
1 0.9755859375 0.703125 0.01171875 0.01953125
1 0.80859375 0.548828125 0.013671875 0.013671875
0 0.6572265625 0.6708984375 0.1015625 0.119140625
1 0.5859375 0.73828125 0.01171875 0.015625
1 0.5673828125 0.689453125 0.015625 0.013671875
0 0.4091796875 0.646484375 0.13671875 0.111328125
1 0.3525390625 0.697265625 0.009765625 0.01171875
1 0.31640625 0.5068359375 0.0546875 0.09765625
1 0.3466796875 0.548828125 0.091796875 0.109375
1 0.361328125 0.4990234375 0.015625 0.03515625
1 0.375 0.5224609375 0.0078125 0.013671875
1 0.2353515625 0.5205078125 0.060546875 0.095703125
0 0.1845703125 0.63671875 0.123046875 0.12109375
1 0.248046875 0.6337890625 0.013671875 0.015625
1 0.26953125 0.6279296875 0.01171875 0.013671875
1 0.296875 0.7177734375 0.01171875 0.015625
1 0.296875 0.6982421875 0.009765625 0.01171875
1 0.103515625 0.5048828125 0.11328125 0.1640625
1 0.4892578125 0.5185546875 0.01953125 0.029296875
1 0.505859375 0.5185546875 0.015625 0.01953125
1 0.46875 0.455078125 0.037109375 0.0390625
1 0.5029296875 0.4375 0.013671875 0.017578125
1 0.638671875 0.5078125 0.03515625 0.03125
1 0.6298828125 0.5419921875 0.01953125 0.0078125
1 0.9111328125 0.5234375 0.013671875 0.013671875
1 0.939453125 0.328125 0.01171875 0.015625