1 0.0185546875 0.658203125 0.009765625 0.013671875
1 0.130859375 0.685546875 0.0107421875 0.015625
1 0 0.645061728515625 0.0382848671875 0.62419050390625 0.06602518359375 0.59740306640625 0.063457185546875 0.564298115234375 0.029634021484375 0.557629244140625 0 0.575991029296875 0 0.643981826171875 0 0.645061728515625
0 0.0394383984375 0.69932553515625 0.122574095703125 0.686475212890625 0.14767278515625 0.63698743359375 0.152519427734375 0.587127630859375 0.1082705546875 0.563342220703125 0.07511393359375 0.556061921875 0.064720517578125 0.58803185546875 0.041691208984375 0.61880476953125 0.0394383984375 0.69932553515625
1 0.1953125 0.6025390625 0.0185546875 0.03125
1 0.10546875 0.505859375 0.041015625 0.03125
1 0.07421875 0.478515625 0.015625 0.0126953125
1 0.166015625 0.505859375 0.0185546875 0.017578125
0 0 0.42822868359375 0.02197265625 0.46713617578125 0.04565687890625 0.46822641015625 0.10649569140625 0.452492904296875 0.11342980078125 0.438295716796875 0.0946891015625 0.40646529296875 0.07075427734375 0.379619294921875 0.05820105859375 0.30379188671875 0.025943494140625 0.333605462890625 0 0.39054405078125 0 0.42822868359375
1 0.2336051171875 0.50268339453125 0.25032810546875 0.48568225 0.25050119921875 0.461008115234375 0.24045397265625 0.4048187421875 0.22124566015625 0.37313471484375 0.20526026171875 0.322735822265625 0.171586939453125 0.24356364453125 0.133247818359375 0.235711529296875 0.106335513671875 0.257199349609375 0.087709779296875 0.297276302734375 0.0667782734375 0.35743048828125 0.071849681640625 0.37644848046875 0.0823244765625 0.408091173828125 0.10958297265625 0.41275697265625 0.15535094140625 0.41622402734375 0.163156984375 0.48760265234375 0.19330512109375 0.49929556640625 0.2336051171875 0.50268339453125
1 0.27734375 0.453125 0.0498046875 0.0419921875
0 0.27711640234375 0.42945326171875 0.321342025390625 0.361522748046875 0.330050998046875 0.33597711328125 0.30165059765625 0.29019062890625 0.24754955078125 0.27961033984375 0.229179583984375 0.279431216796875 0.226039341796875 0.34378616796875 0.223928623046875 0.38707355078125 0.27711640234375 0.42945326171875
1 0.359375 0.328125 0.0263671875 0.0283203125
0 0.458984375 0.30859375 0.1123046875 0.1435546875
1 0.525390625 0.314453125 0.009765625 0.0126953125
1 0.53125 0.330078125 0.009765625 0.015625
1 0.337890625 0.46484375 0.0185546875 0.0126953125
1 0.2890625 0.4921875 0.0126953125 0.021484375
1 0.353515625 0.5576171875 0.0283203125 0.0341796875
1 0.357421875 0.5849609375 0.0126953125 0.013671875
1 0.240451388671875 0.640719728515625 0.24118639453125 0.601889744140625 0.263697708984375 0.586135568359375 0.23950712109375 0.53931223828125 0.22920929296875 0.5527533203125 0.21236617578125 0.589645681640625 0.21208069921875 0.62103519140625 0.240451388671875 0.640719728515625
0 0.2405121015625 0.62943328515625 0.236598099609375 0.6602578671875 0.240058697265625 0.680965470703125 0.240079365234375 0.680776013671875 0.32165979296875 0.67103105859375 0.3368649765625 0.616338390625 0.339735244140625 0.581171806640625 0.306085173828125 0.546086171875 0.27615533984375 0.546862943359375 0.264459841796875 0.556862806640625 0.25362206640625 0.59721533203125 0.2405121015625 0.62943328515625
1 0.39453125 0.5888671875 0.013671875 0.015625
1 0.361328125 0.6142578125 0.0107421875 0.0107421875
1 0.3955078125 0.626953125 0.009765625 0.017578125
1 0.4189453125 0.494140625 0.037109375 0.046875
1 0.439453125 0.443359375 0.044921875 0.037109375
1 0.482421875 0.4921875 0.0654296875 0.09375
1 0.5556640625 0.439453125 0.0673828125 0.1015625
1 0.3876953125 0.458984375 0.0126953125 0.0126953125
1 0.33203125 0.5185546875 0.005859375 0.0126953125
1 0.3232421875 0.4189453125 0.009765625 0.009765625
1 0.609375 0.349609375 0.0263671875 0.052734375
0 0.601150431640625 0.31661120703125 0.63411329296875 0.35625241015625 0.660861544921875 0.36848958203125 0.701529689453125 0.346311107421875 0.729019408203125 0.292626005859375 0.72738663671875 0.248994158203125 0.68460906640625 0.21446828125 0.65352569921875 0.21018483984375 0.6105427421875 0.23851548828125 0.5978474296875 0.2867752421875 0.601150431640625 0.31661120703125
1 0.7314453125 0.3544921875 0.0078125 0.009765625
1 0.6103515625 0.4404296875 0.005859375 0.009765625
1 0.623046875 0.4375 0.021484375 0.041015625
1 0.59765625 0.541015625 0.0283203125 0.017578125
1 0.5703125 0.529296875 0.009765625 0.009765625
1 0.576171875 0.56640625 0.009765625 0.0126953125
1 0.5400390625 0.603515625 0.0107421875 0.009765625
1 0.5654296875 0.5927734375 0.0078125 0.0126953125
1 0.6015625 0.5791015625 0.009765625 0.013671875
1 0.611328125 0.5859375 0.0048828125 0.015625
1 0.6259765625 0.560546875 0.0126953125 0.015625
1 0.6318359375 0.5869140625 0.021484375 0.03125
1 0.75 0.4833984375 0.009765625 0.0126953125
1 0.6806640625 0.427734375 0.015625 0.009765625
1 0.6982421875 0.4306640625 0.009765625 0.015625
1 0.7177734375 0.416015625 0.0078125 0.0126953125
1 0.6904296875 0.4638671875 0.013671875 0.015625
1 0.7119140625 0.4609375 0.0107421875 0.013671875
1 0.73828125 0.5556640625 0.009765625 0.013671875
1 0.734375 0.603515625 0.0078125 0.015625
1 0.7373046875 0.6328125 0.0078125 0.0126953125
1 0.650390625 0.6240234375 0.009765625 0.0205078125
1 0.775390625 0.560546875 0.009765625 0.015625
1 0.779296875 0.5322265625 0.0107421875 0.025390625
1 0.787109375 0.564453125 0.009765625 0.025390625
1 0.8154296875 0.599609375 0.013671875 0.015625
1 0.822265625 0.5771484375 0.009765625 0.015625
1 0.791015625 0.4931640625 0.0439453125 0.041015625
1 0.8330078125 0.486328125 0.021484375 0.0341796875
1 0.841796875 0.439453125 0.0185546875 0.025390625
1 0.82681775 0.42538166796875 0.802016162109375 0.420710703125 0.776382689453125 0.442246748046875 0.821759259765625 0.478835978515625 0.834011501953125 0.44931519921875 0.82681775 0.42538166796875
1 0.848039900390625 0.391406939453125 0.827051556640625 0.3596040703125 0.82198144140625 0.342229181640625 0.81150664453125 0.332826966796875 0.804996228515625 0.3555703671875 0.78220201953125 0.378627232421875 0.77119760546875 0.41035776171875 0.775238201171875 0.443901302734375 0.792466259765625 0.433173501953125 0.81042157421875 0.42436376953125 0.835216705078125 0.43149250390625 0.854348802734375 0.42053158203125 0.848039900390625 0.391406939453125
0 0.876953125 0.2861328125 0.1064453125 0.1484375
1 0.818359375 0.28125 0.013671875 0.017578125
1 0.978515625 0.3515625 0.041015625 0.0732421875
1 0.95215101953125 0.36527054296875 0.940821087890625 0.371119583984375 0.93320105859375 0.39858906640625 0.935271732421875 0.41412794921875 0.95850901171875 0.41118276171875 0.982730603515625 0.410938189453125 0.999882451171875 0.423359650390625 0.99723178125 0.4018063828125 0.96853040234375 0.382946841796875 0.95215101953125 0.36527054296875
1 1 0.465768642578125 0.9776630703125 0.40537333203125 0.94320048828125 0.4043003203125 0.9192269140625 0.36485373828125 0.920345568359375 0.36798149609375 0.915396876953125 0.381765322265625 0.89533859375 0.4482232421875 0.89465655078125 0.46832802734375 0.91943746875 0.47660555859375 0.94181444140625 0.497993482421875 1 0.465768642578125
1 0.888671875 0.41015625 0.015625 0.0126953125
1 0.955078125 0.5087890625 0.0126953125 0.025390625
1 0.970703125 0.5439453125 0.0205078125 0.0283203125
1 0.9912109375 0.5009765625 0.017578125 0.0263671875
1 0.9931640625 0.55078125 0.013671875 0.03125
1 0.970703125 0.5654296875 0.015625 0.0107421875
1 0.9404296875 0.57421875 0.009765625 0.0126953125
1 0.9140625 0.599609375 0.009765625 0.0185546875
1 0.900390625 0.591796875 0.0126953125 0.0107421875
0 0.83870442578125 0.53047839453125 0.83557839453125 0.55030244140625 0.84407551953125 0.55624965625 0.85258556640625 0.58651448046875 0.872940951171875 0.617390736328125 0.89900974609375 0.58342289453125 0.921860791015625 0.59564112109375 0.93809937109375 0.57481812109375 0.932424716796875 0.518397955078125 0.91809792578125 0.482118744140625 0.89112490625 0.4963228203125 0.87290219921875 0.49764729296875 0.83870442578125 0.53047839453125
1 0.806640625 0.630859375 0.0126953125 0.015625
0 0.65123413671875 0.601445380859375 0.658309048828125 0.634422880859375 0.681497240234375 0.64183235546875 0.7055250703125 0.63414386328125 0.72634677734375 0.592385912109375 0.7315576953125 0.546968005859375 0.730003720703125 0.516696291015625 0.6843713828125 0.498031373046875 0.644765056640625 0.496202255859375 0.63803116796875 0.536995701171875 0.641511140625 0.569678681640625 0.65123413671875 0.601445380859375
0 0.459462322265625 0.578218005859375 0.452017970703125 0.599316578125 0.44336066796875 0.628620341796875 0.44974707421875 0.650543912109375 0.4761904765625 0.68386243359375 0.512356873046875 0.64702001953125 0.532940900390625 0.633327478515625 0.555075025390625 0.6281553125 0.52228267578125 0.601342041015625 0.534255900390625 0.56190407421875 0.520174541015625 0.543125482421875 0.48829416796875 0.53388861328125 0.459462322265625 0.578218005859375
1 0.4423828125 0.580078125 0.0341796875 0.041015625
1 0.44831969140625 0.5980506640625 0.414456482421875 0.619190572265625 0.3930366953125 0.63638289453125 0.36869884765625 0.631227955078125 0.353606046875 0.65009955078125 0.35584206640625 0.69970961328125 0.404938875 0.75868572265625 0.47078062890625 0.7871128203125 0.51178462890625 0.80987688671875 0.559302919921875 0.78373532421875 0.57275648828125 0.726037189453125 0.550592654296875 0.679697833984375 0.531753783203125 0.632519703125 0.4901891640625 0.6767543671875 0.465843564453125 0.653482212890625 0.445574724609375 0.64108141796875 0.44831969140625 0.5980506640625
1 0.701171875 0.7607421875 0.083984375 0.119140625