0 0.6484375 0.9736328125 0.09765625 0.048828125
1 0.533203125 0.994140625 0.015625 0.009765625
1 0.5263671875 0.970703125 0.013671875 0.01171875
1 0.5615234375 0.931640625 0.015625 0.041015625
1 0.5732421875 0.8837890625 0.02734375 0.021484375
1 0.5634765625 0.8291015625 0.025390625 0.052734375
1 0.3798828125 0.9501953125 0.017578125 0.013671875
1 0.5234375 0.8349609375 0.01171875 0.009765625
1 0.388671875 0.76953125 0.037109375 0.0234375
1 0.359375 0.7392578125 0.005859375 0.009765625
0 0.412109375 0.841796875 0.201171875 0.138671875
1 0.4970703125 0.6826171875 0.0703125 0.072265625
1 0.4921875 0.693359375 0.015625 0.009765625
1 0.521484375 0.689453125 0.013671875 0.009765625
1 0.564453125 0.70703125 0.025390625 0.0234375
1 0.5595703125 0.6748046875 0.029296875 0.037109375
1 0.5302734375 0.5986328125 0.08984375 0.099609375
1 0.5107421875 0.541015625 0.013671875 0.01171875
1 0.4091796875 0.54296875 0.087890625 0.048828125
1 0.3125 0.541015625 0.015625 0.009765625
1 0.287109375 0.48046875 0.015625 0.013671875
1 0.3720703125 0.4814453125 0.03125 0.029296875
1 0.4287109375 0.3388671875 0.015625 0.01171875
1 0.3818359375 0.30078125 0.173828125 0.068359375
1 0.2841796875 0.267578125 0.013671875 0.01171875
1 0.5458984375 0.3828125 0.009765625 0.009765625
1 0.552734375 0.466796875 0.021484375 0.02734375
1 0.5615234375 0.4189453125 0.015625 0.01171875
1 0.52734375 0.3173828125 0.111328125 0.1015625
1 0.6611328125 0.689453125 0.013671875 0.015625
0 0.6884765625 0.611328125 0.1953125 0.150390625
0 0.66796875 0.8291015625 0.177734375 0.119140625
1 0.712890625 0.501953125 0.013671875 0.009765625
1 0.6767578125 0.3310546875 0.01953125 0.015625
1 0.6494140625 0.455078125 0.083984375 0.037109375
1 0.638671875 0.2578125 0.087890625 0.07421875
0 0.669921875 0.150390625 0.16015625 0.1484375
1 0.6279296875 0.1171875 0.009765625 0.0078125
1 0.5439453125 0.2060546875 0.009765625 0.005859375
1 0.544921875 0.171875 0.015625 0.01171875
1 0.54296875 0.140625 0.01171875 0.009765625
1 0.544921875 0.1220703125 0.01953125 0.013671875
1 0.6435546875 0.072265625 0.01171875 0.009765625
1 0.5 0.080078125 0.005859375 0.005859375
1 0.3984375 0.052734375 0.08984375 0.07421875
1 0.3544921875 0.07421875 0.0078125 0.013671875
0 0.3720703125 0.17578125 0.162109375 0.13671875
1 0.4912109375 0.1943359375 0.013671875 0.01171875
0 0.408240201171875 0.5675161171875 0.375937234375 0.563880712890625 0.336521244140625 0.54281880859375 0.297459640625 0.5867321640625 0.29925149609375 0.61834904296875 0.3257608515625 0.674505427734375 0.354828251953125 0.680215546875 0.42774353125 0.664762404296875 0.459267037109375 0.63940098046875 0.495988580078125 0.596824724609375 0.488571580078125 0.581441361328125 0.44594519140625 0.5719555625 0.408240201171875 0.5675161171875
0 0.342642646484375 0.333512078125 0.30726769921875 0.352277517578125 0.275119052734375 0.353075099609375 0.2887871640625 0.420538375 0.304143404296875 0.443788916015625 0.363206380859375 0.453185267578125 0.427905662109375 0.447481154296875 0.47100286328125 0.40186476953125 0.470989705078125 0.377820591796875 0.433524751953125 0.347608658203125 0.39861108984375 0.332700513671875 0.342642646484375 0.333512078125
0 0.634292736328125 0.435908640625 0.670697021484375 0.42232919140625 0.68503908203125 0.448565037109375 0.692141501953125 0.478180373046875 0.71032096875 0.45918667578125 0.709586861328125 0.44140680859375 0.73874338671875 0.421268048828125 0.76506108984375 0.392642955078125 0.769180869140625 0.38086084375 0.740797666015625 0.35095807421875 0.71595631640625 0.3451464140625 0.68631984765625 0.335223505859375 0.638768892578125 0.327894869140625 0.603177109375 0.33709981640625 0.57432080859375 0.39121539453125 0.573833783203125 0.434861958984375 0.616977111328125 0.43807387109375 0.634292736328125 0.435908640625