0 0.734375 0.107421875 0.1953125 0.201171875
0 0.69921875 0.384765625 0.2158203125 0.169921875
1 0.791015625 0.4833984375 0.0107421875 0.009765625
1 0.6611328125 0.53515625 0.009765625 0.0126953125
0 0.7060546875 0.642578125 0.2216796875 0.1845703125
0 0.6640625 0.8671875 0.166015625 0.15625
0 0.349609375 0.8466796875 0.1845703125 0.103515625
1 0.4716796875 0.7890625 0.0517578125 0.052734375
1 0.45703125 0.919921875 0.041015625 0.03125
1 0.2177734375 0.7900390625 0.0361328125 0.0419921875
0 0.341796875 0.6513671875 0.1904296875 0.099609375
0 0.3564453125 0.375 0.1748046875 0.1328125
0 0.375 0.1259765625 0.173828125 0.130859375
1 0.447265625 0.05078125 0.037109375 0.021484375
1 0.478515625 0.056640625 0.017578125 0.0205078125