0 0.712890625 0.9130859375 0.1953125 0.15625
0 0.6875 0.6982421875 0.2109375 0.17578125
0 0.435546875 0.9365234375 0.1328125 0.126953125
1 0.3662109375 0.9208984375 0.01953125 0.015625
1 0.3662109375 0.8720703125 0.03125 0.02734375
1 0.4404296875 0.771484375 0.01171875 0.013671875
1 0.4541015625 0.7158203125 0.013671875 0.013671875
0 0.390625 0.705078125 0.1171875 0.099609375
1 0.4912109375 0.7529296875 0.03125 0.03125
1 0.488726552734375 0.676086564453125 0.478158580078125 0.6785007421875 0.49108962109375 0.699607546875 0.507789099609375 0.712251857421875 0.51461543359375 0.736850779296875 0.525720822265625 0.754642912109375 0.525961029296875 0.75532887890625 0.54385146875 0.747787111328125 0.56131042578125 0.722802208984375 0.562711828125 0.69808958203125 0.556493396484375 0.67625833984375 0.52573200390625 0.676875064453125 0.488726552734375 0.676086564453125
1 0.4931640625 0.6689453125 0.013671875 0.013671875
1 0.47265625 0.6171875 0.015625 0.01171875
1 0.4580078125 0.6455078125 0.109375 0.05078125
1 0.5419921875 0.5419921875 0.091796875 0.10546875
1 0.47165457421875 0.51020223046875 0.450470271484375 0.4916994140625 0.41046296484375 0.48595640625 0.39634494140625 0.499329251953125 0.387775767578125 0.521485044921875 0.359266703125 0.535626794921875 0.3367001484375 0.5489259140625 0.334642494140625 0.562003041015625 0.33422274609375 0.56287684375 0.372703158203125 0.568919845703125 0.422428185546875 0.57802328125 0.472347296875 0.588868619140625 0.475557494140625 0.5811417734375 0.475035875 0.530806208984375 0.47165457421875 0.51020223046875
0 0.383037365234375 0.530711140625 0.391275025390625 0.509115849609375 0.403771783203125 0.47330785546875 0.387512982421875 0.456509173828125 0.347457224609375 0.436210234375 0.30676618359375 0.43765333203125 0.280517982421875 0.454059107421875 0.2647644765625 0.4853191484375 0.285143892578125 0.52963515625 0.296198376953125 0.542833849609375 0.349222330078125 0.542580958984375 0.383037365234375 0.530711140625
1 0.4013671875 0.4462890625 0.01171875 0.013671875
1 0.47791120703125 0.338207484375 0.430213072265625 0.33381204296875 0.391946779296875 0.33685634375 0.360180416015625 0.366824544921875 0.36653846875 0.393679169921875 0.40344897265625 0.4184971875 0.4207548359375 0.415985681640625 0.42142810546875 0.391234896484375 0.46659675 0.36473541015625 0.47923541015625 0.34953140625 0.47791120703125 0.338207484375
1 0.47515596875 0.35762072265625 0.433907263671875 0.381155078125 0.41942401171875 0.393550337890625 0.43690871484375 0.42071839453125 0.475464060546875 0.446584587890625 0.520379234375 0.473380947265625 0.5441071953125 0.47083605078125 0.557180822265625 0.43413647265625 0.56506676171875 0.397746537109375 0.539333591796875 0.38016915625 0.517579396484375 0.364067083984375 0.51324675 0.3342184296875 0.50501721875 0.3119328046875 0.484998611328125 0.325490078125 0.47515596875 0.35762072265625
1 0.5224609375 0.35546875 0.013671875 0.01171875
1 0.6181640625 0.5458984375 0.013671875 0.0078125
0 0.730810951171875 0.49375666796875 0.714466177734375 0.472055974609375 0.67915196484375 0.4485919375 0.658313349609375 0.44993300390625 0.65089231640625 0.46184957421875 0.639188029296875 0.48481316796875 0.63433169921875 0.5193738125 0.636541197265625 0.53024208203125 0.6822331484375 0.53480799609375 0.719020197265625 0.525876216796875 0.730810951171875 0.49375666796875
1 0.689225380859375 0.385715177734375 0.662562353515625 0.36743854296875 0.651503966796875 0.35487153125 0.63990876953125 0.35175402734375 0.62302555859375 0.35674483984375 0.62180911328125 0.334771482421875 0.606230798828125 0.33853874609375 0.581057283203125 0.370425255859375 0.55937122265625 0.415598638671875 0.5561201015625 0.440871462890625 0.579136708984375 0.467376021484375 0.615123646484375 0.483189984375 0.6433772421875 0.473136984375 0.65966335546875 0.454081990234375 0.696903662109375 0.45421961328125 0.740170580078125 0.454445177734375 0.74342653125 0.4514988046875 0.71784887109375 0.410860849609375 0.689225380859375 0.385715177734375
0 0.71012974609375 0.35203382421875 0.73249572265625 0.32579060546875 0.738155873046875 0.287184001953125 0.68528812109375 0.26035726171875 0.61690544140625 0.2644741875 0.58736642578125 0.28939144140625 0.590428798828125 0.31961445703125 0.58038753515625 0.35218001171875 0.606515212890625 0.337562818359375 0.637026267578125 0.351683482421875 0.675693708984375 0.374342826171875 0.71012974609375 0.35203382421875
1 0.5087890625 0.22265625 0.01953125 0.013671875
1 0.44921875 0.169921875 0.009765625 0.005859375
1 0.458984375 0.2255859375 0.009765625 0.009765625
0 0.6611328125 0.0693359375 0.166015625 0.138671875
0 0.3466796875 0.0703125 0.09375 0.123046875
0 0.3466796875 0.2861328125 0.162109375 0.130859375