0 0.150390625 0.4736328125 0.087890625 0.125
0 0.3779296875 0.400390625 0.0859375 0.107421875
0 0.6103515625 0.4150390625 0.1064453125 0.130859375
0 0.86328125 0.3857421875 0.140625 0.115234375
0 0.853515625 0.708984375 0.123046875 0.181640625
0 0.6279296875 0.7666015625 0.1142578125 0.1435546875
0 0.4140625 0.7412109375 0.103515625 0.1435546875
0 0.1650390625 0.763671875 0.087890625 0.1591796875
1 0.2783203125 0.5849609375 0.0498046875 0.0751953125
1 0.35546875 0.58984375 0.03125 0.052734375
1 0.4189453125 0.599609375 0.0732421875 0.0517578125
1 0.611328125 0.564453125 0.025390625 0.060546875
1 0.8984375 0.5478515625 0.064453125 0.0546875
1 0.68359375 0.619140625 0.029296875 0.0498046875
1 0.7177734375 0.55859375 0.025390625 0.0341796875
1 0.224609375 0.439453125 0.0234375 0.015625
1 0.25390625 0.4560546875 0.021484375 0.044921875
1 0.7548828125 0.4677734375 0.0283203125 0.033203125
1 0.166015625 0.607421875 0.048828125 0.0341796875
1 0.267578125 0.79296875 0.041015625 0.0546875
1 0.7177734375 0.798828125 0.0205078125 0.025390625
1 0.75 0.720703125 0.0517578125 0.048828125
1 0.6689453125 0.533203125 0.0234375 0.0283203125
1 0.5166015625 0.58984375 0.017578125 0.0283203125
1 0.650390625 0.591796875 0.0341796875 0.0419921875
1 0.236328125 0.6455078125 0.0341796875 0.0498046875
1 0.314453125 0.708984375 0.021484375 0.0263671875