1 0.431640625 0.89453125 0.0185546875 0.021484375
0 0.32365382421875 0.77617342578125 0.314670138671875 0.813036076171875 0.30898471875 0.85364480078125 0.33333333203125 0.87896825390625 0.3419053828125 0.881607298828125 0.362149677734375 0.87760416796875 0.39926421875 0.87637700390625 0.4474344140625 0.87173833203125 0.482895515625 0.871924345703125 0.47319533984375 0.853662884765625 0.48487275390625 0.83473746484375 0.493284626953125 0.81895487109375 0.457113921875 0.792578642578125 0.43546248046875 0.768300212890625 0.39189263671875 0.76032753515625 0.34480406640625 0.75878648046875 0.32365382421875 0.77617342578125
1 0.466796875 0.97265625 0.0341796875 0.046875
1 0.5 0.95703125 0.029296875 0.0498046875
0 0.7217210234375 1 0.71054825390625 0.954074435546875 0.68018525390625 0.93568767578125 0.636417341796875 0.9229794453125 0.607017126953125 0.91541237890625 0.577467068359375 0.922414951171875 0.533530369140625 0.943287037109375 0.541692501953125 0.97213955078125 0.58421516796875 1 0.585219287109375 1 0.7217210234375 1
1 0.529910025390625 0.883782603515625 0.545471298828125 0.8632399140625 0.53869564453125 0.84242983203125 0.485070822265625 0.858585740234375 0.481061232421875 0.87445358984375 0.4426342734375 0.869358931640625 0.43959435546875 0.876653439453125 0.45476121484375 0.91047401953125 0.47877225390625 0.920981109375 0.499144 0.8984710859375 0.529910025390625 0.883782603515625
0 0.585389798828125 0.7646445625 0.566001501953125 0.815336681640625 0.58463541796875 0.822719029296875 0.61181037890625 0.83538333984375 0.633038125 0.85107809375 0.66161334375 0.8737340859375 0.680202478515625 0.87121258984375 0.700806740234375 0.85921869921875 0.7289772109375 0.833286830078125 0.755663029296875 0.798954716796875 0.75907324609375 0.784045345703125 0.75358073046875 0.7488283828125 0.666027681640625 0.70966254296875 0.62466414453125 0.730480375 0.585389798828125 0.7646445625
1 0.615234375 0.84765625 0.0185546875 0.0126953125
1 0.6171875 0.689453125 0.052734375 0.037109375
1 0.53125 0.6904296875 0.1171875 0.0810546875
1 0.4599609375 0.6982421875 0.0205078125 0.0205078125
1 0.46484375 0.748046875 0.0546875 0.048828125
1 0.3310546875 0.701171875 0.0185546875 0.0126953125
1 0.341796875 0.7255859375 0.009765625 0.005859375
0 0.292562279296875 0.654484177734375 0.3194375546875 0.673572357421875 0.386110767578125 0.69243706640625 0.443600501953125 0.676088685546875 0.48260788671875 0.65301416796875 0.48535673046875 0.628181578125 0.4764161015625 0.588798724609375 0.42439305078125 0.554061001953125 0.395666267578125 0.550312345703125 0.34490051953125 0.558301814453125 0.30703676171875 0.56330863671875 0.29036458203125 0.591207837890625 0.292562279296875 0.654484177734375
1 0.384190365234375 0.55094401171875 0.43632192578125 0.55017541796875 0.479686810546875 0.54273752734375 0.47770612890625 0.52122344140625 0.42463762109375 0.523331576171875 0.3977950703125 0.507263505859375 0.341721091796875 0.504583126953125 0.2869853671875 0.50933934765625 0.296284240234375 0.537939970703125 0.32275132421875 0.561507935546875 0.3477578671875 0.559716279296875 0.384190365234375 0.55094401171875
1 0.3349609375 0.48828125 0.033203125 0.0126953125
1 0.380859375 0.4658203125 0.0234375 0.0185546875
1 0.477092978515625 0.520679615234375 0.4819223984375 0.53472222265625 0.48513110546875 0.56754169921875 0.512936439453125 0.595297515625 0.533339189453125 0.59944919921875 0.5597959375 0.55851237109375 0.56287546875 0.51401548046875 0.570386560546875 0.48577783984375 0.54961178515625 0.426445208984375 0.52227492578125 0.41813796875 0.48979345703125 0.447344421875 0.430925857421875 0.439187025390625 0.404477720703125 0.449282044921875 0.403371982421875 0.50511016015625 0.435366029296875 0.519757306640625 0.477092978515625 0.520679615234375
0 0.287477955078125 0.461970900390625 0.36395123828125 0.481986556640625 0.3738546484375 0.45601205859375 0.39491188671875 0.461460658203125 0.43168023828125 0.43269856640625 0.456478380859375 0.40429558203125 0.4579061953125 0.373926556640625 0.43008363671875 0.346252119140625 0.379980986328125 0.3167330625 0.342830275390625 0.322073154296875 0.318824404296875 0.3431260859375 0.292605337890625 0.3802587109375 0.2818097578125 0.412814669921875 0.287477955078125 0.461970900390625
1 0.51604352734375 0.28885711328125 0.48991746484375 0.28783275390625 0.44939270703125 0.308371568359375 0.43827160546875 0.33167989453125 0.465312224609375 0.3580755 0.478629298828125 0.37548569921875 0.50330343359375 0.35534603515625 0.5143590859375 0.320331876953125 0.51604352734375 0.28885711328125
1 0.556640625 0.3095703125 0.0390625 0.0283203125
1 0.44303385546875 0.4000715625 0.4688740078125 0.419662232421875 0.50937465625 0.42698903515625 0.529846298828125 0.41636698046875 0.556656126953125 0.395082826171875 0.53905388671875 0.36797030078125 0.493832328125 0.370719142578125 0.4559082890625 0.360780423828125 0.456313037109375 0.361474091796875 0.449458154296875 0.375514115234375 0.44303385546875 0.4000715625
1 0.541015625 0.353515625 0.060546875 0.0341796875
1 0.6005859375 0.447265625 0.0205078125 0.0185546875
0 0.73727712890625 0.31706504296875 0.643914654296875 0.298558150390625 0.616474455078125 0.315614408203125 0.5831766015625 0.343234591796875 0.55436664453125 0.38324748046875 0.57295800390625 0.40979068359375 0.6281587578125 0.4386754921875 0.68339223828125 0.4284293359375 0.724037560546875 0.399185423828125 0.760108369140625 0.34973855078125 0.73727712890625 0.31706504296875
1 0.576171875 0.220703125 0.0283203125 0.0185546875
0 0.73806595703125 0.184311962890625 0.733162478515625 0.141865080078125 0.698707216796875 0.11222072265625 0.60010368359375 0.12281565234375 0.57538476953125 0.15229983203125 0.575326208984375 0.205131087890625 0.606247244140625 0.2189411796875 0.613665330078125 0.262179904296875 0.62293664453125 0.265321439453125 0.690689759765625 0.23487490625 0.7165678046875 0.217019056640625 0.73806595703125 0.184311962890625
1 0.619140625 0.06640625 0.0126953125 0.009765625
1 0.63671875 0.060546875 0.0126953125 0.013671875
1 0.4853515625 0.046875 0.130859375 0.09375
1 0.4501953125 0.2197265625 0.03125 0.0185546875
1 0.484375 0.232421875 0.0126953125 0.0126953125
1 0.4352316875 0.138984478515625 0.44674203515625 0.158018404296875 0.457759796875 0.162751375 0.484908923828125 0.145117705078125 0.49476927734375 0.125787966796875 0.49809337890625 0.101172392578125 0.452577298828125 0.1011155546875 0.4282786328125 0.118472791015625 0.4352316875 0.138984478515625
0 0.290238853515625 0.09499524609375 0.288330509765625 0.15165137109375 0.269400353515625 0.1954365078125 0.272907021484375 0.19987366796875 0.3368951171875 0.22151305078125 0.36953331640625 0.23843367578125 0.40012538671875 0.231455646484375 0.43867807421875 0.217507337890625 0.461593708984375 0.19283492578125 0.46407903515625 0.18006081640625 0.443336984375 0.153012876953125 0.4304952734375 0.124033771484375 0.41349757421875 0.095477068359375 0.368532642578125 0.065035705078125 0.330758447265625 0.06842912890625 0.290238853515625 0.09499524609375
1 0.29751226171875 0.231584822265625 0.269772376953125 0.246278470703125 0.26971381640625 0.3043309765625 0.310374642578125 0.31868748046875 0.358722236328125 0.323831224609375 0.39697868359375 0.30819718359375 0.40931230859375 0.282212353515625 0.39806030859375 0.25341280078125 0.36673108203125 0.237690919921875 0.33943211328125 0.21896184765625 0.29751226171875 0.231584822265625
1 0.023160205078125 0.32589544140625 0.03550416015625 0.327382244140625 0.07870542578125 0.354055576171875 0.153285865234375 0.381250775390625 0.241803419921875 0.3967582265625 0.27160666015625 0.375962353515625 0.2676866328125 0.33821485546875 0.2399226328125 0.281955294921875 0.20675912109375 0.25604538671875 0.112985009765625 0.275729064453125 0.0577188046875 0.2945873125 0.022566 0.3249098359375 0.023160205078125 0.32589544140625
0 0.573385140625 0.572354755859375 0.55746734375 0.59908880078125 0.573464369140625 0.628684068359375 0.61209628515625 0.65133101953125 0.65571435546875 0.666315310546875 0.718593267578125 0.659798435546875 0.78089519921875 0.593313388671875 0.750509810546875 0.523670013671875 0.664365630859375 0.517188017578125 0.632703994140625 0.528948103515625 0.617406236328125 0.542623853515625 0.574955908203125 0.571759259765625 0.573385140625 0.572354755859375
1 0.595703125 0.8681640625 0.0126953125 0.013671875
1 0.369140625 0.8818359375 0.0107421875 0.0126953125