0 0.2900390625 0.1611328125 0.1953125 0.154296875
1 0.392578125 0.0234375 0.046875 0.029296875
0 0.5732421875 0.109375 0.21875 0.169921875
0 0.615234375 0.326171875 0.193359375 0.1484375
1 0.236328125 0.412109375 0.01953125 0.017578125
1 0.2890625 0.416015625 0.025390625 0.01953125
1 0.2978515625 0.400390625 0.0234375 0.017578125
1 0.341796875 0.44921875 0.017578125 0.015625
1 0.2578125 0.3857421875 0.0390625 0.0234375
0 0.37954681640625 0.3582424765625 0.377640181640625 0.343290021484375 0.368855765625 0.32435967578125 0.337282978515625 0.3159643125 0.306790982421875 0.320467689453125 0.274376880859375 0.33576708203125 0.274225615234375 0.336704876953125 0.2748384609375 0.367140619140625 0.276792486328125 0.388981544921875 0.2984858984375 0.397012193359375 0.32884185546875 0.39969471484375 0.356941953125 0.395454451171875 0.374328314453125 0.37551346875 0.37954681640625 0.3582424765625
1 0.358736337890625 0.43778405078125 0.4125248828125 0.437352533203125 0.459787947265625 0.43259115234375 0.47270227734375 0.4077281015625 0.467067015625 0.380387140625 0.451132431640625 0.338615796875 0.424792552734375 0.332088501953125 0.3837570234375 0.3390164609375 0.3768097890625 0.353916630859375 0.357628068359375 0.383205658203125 0.331239515625 0.39916941796875 0.319441162109375 0.417516953125 0.32711943359375 0.42657337109375 0.358736337890625 0.43778405078125
1 0.412109375 0.4833984375 0.025390625 0.03125
1 0.615234375 0.4609375 0.01953125 0.017578125
0 0.707135662109375 0.47877255078125 0.669536541015625 0.4697072265625 0.6392593515625 0.47619382421875 0.58486636328125 0.50100930859375 0.55494055859375 0.525004501953125 0.578850458984375 0.55548749609375 0.609827865234375 0.5867178359375 0.632937296875 0.600828255859375 0.673951900390625 0.5975522578125 0.71654636328125 0.57792640234375 0.738659759765625 0.550471607421875 0.733407572265625 0.51171428515625 0.707135662109375 0.47877255078125
1 0.2978515625 0.544921875 0.029296875 0.029296875
0 0.389358630859375 0.5230017578125 0.351205259765625 0.519760076171875 0.326713359375 0.532521626953125 0.3014349921875 0.558528806640625 0.29189648046875 0.593822244140625 0.307922892578125 0.619181208984375 0.324825462890625 0.636285787109375 0.373585314453125 0.640236279296875 0.426153296875 0.621233560546875 0.444365884765625 0.59571491796875 0.438006919921875 0.560149234375 0.4224082734375 0.541916333984375 0.389358630859375 0.5230017578125
0 0.369140625 0.7646484375 0.154296875 0.1328125
0 0.705078125 0.7119140625 0.16015625 0.154296875