1 0.046875 0.447265625 0.01953125 0.029296875
1 0.013671875 0.560546875 0.021484375 0.0234375
1 0.0537109375 0.5947265625 0.052734375 0.0625
1 0.076171875 0.552734375 0.015625 0.033203125
1 0.095703125 0.5556640625 0.015625 0.01953125
0 0.068359375 0.6826171875 0.111328125 0.140625
1 0.2060546875 0.525390625 0.021484375 0.02734375
1 0.1572265625 0.5146484375 0.015625 0.017578125
1 0.2373046875 0.52734375 0.0078125 0.013671875
1 0.2421875 0.546875 0.013671875 0.01171875
1 0.248046875 0.470703125 0.0390625 0.025390625
1 0.359375 0.498046875 0.01171875 0.01171875
1 0.35217644140625 0.51871094140625 0.349042517578125 0.49226504296875 0.327090669921875 0.48987779296875 0.27513205078125 0.479822798828125 0.26797503515625 0.51859285546875 0.259491986328125 0.54974305859375 0.265896322265625 0.562207203125 0.264096560546875 0.56178440234375 0.30175241796875 0.581359142578125 0.336251212890625 0.578825517578125 0.35105856640625 0.56294306640625 0.35217644140625 0.51871094140625
0 0.27790031640625 0.5790768046875 0.2487907421875 0.562032568359375 0.2300738359375 0.549974853515625 0.20517552734375 0.5395958125 0.179453130859375 0.546894470703125 0.152377224609375 0.56454880859375 0.124981810546875 0.597439841796875 0.12578544921875 0.630059625 0.13158011328125 0.67090430078125 0.14028671484375 0.70863756640625 0.157665154296875 0.743543033203125 0.197732103515625 0.776108666015625 0.1962776953125 0.777290228515625 0.22578125390625 0.762490794921875 0.25950211328125 0.7423859375 0.309806951171875 0.70420575390625 0.31093616796875 0.649000142578125 0.2993463359375 0.601807958984375 0.27790031640625 0.5790768046875
0 0.242204322265625 0.4124335546875 0.257716328125 0.37662874609375 0.255114501953125 0.323968779296875 0.24107409765625 0.288637833984375 0.226493 0.255262984375 0.199072830078125 0.211774080078125 0.149425037109375 0.2356964609375 0.12910159765625 0.27114111328125 0.10847076953125 0.311470107421875 0.114650203125 0.355045701171875 0.1294337421875 0.379840828125 0.1592102265625 0.38769996484375 0.182357033203125 0.38944247265625 0.191108951171875 0.415609826171875 0.221672544921875 0.42548066796875 0.242204322265625 0.4124335546875
1 0.1787109375 0.400390625 0.015625 0.025390625
1 0.2744140625 0.3505859375 0.015625 0.01953125
1 0.278667376953125 0.3440378984375 0.27918639453125 0.369834853515625 0.287187298828125 0.3800917890625 0.29988159765625 0.3966371640625 0.328493568359375 0.41997383984375 0.3567661796875 0.427307908203125 0.359208080078125 0.3831960625 0.366066177734375 0.34366621875 0.37088917578125 0.30357762109375 0.381191765625 0.271421400390625 0.3863275859375 0.241777138671875 0.387378205078125 0.20780869921875 0.3730736640625 0.1961150234375 0.341274466796875 0.193574693359375 0.298201904296875 0.19403235546875 0.242732298828125 0.20374800390625 0.235781529296875 0.20801125 0.23120962109375 0.243562529296875 0.237069748046875 0.28240708203125 0.25343029296875 0.308185087890625 0.278667376953125 0.3440378984375
0 0.4638347578125 0.260468953125 0.387402986328125 0.220634484375 0.38390673828125 0.219453443359375 0.386116861328125 0.258853744140625 0.3718506171875 0.296282505859375 0.36239333203125 0.34186307421875 0.359886013671875 0.382177513671875 0.37355321484375 0.398315376953125 0.41064887890625 0.422517443359375 0.437693041015625 0.41696355078125 0.459700455078125 0.366276046875 0.467754255859375 0.3476880859375 0.47331167578125 0.294692630859375 0.4638347578125 0.260468953125
1 0.4814453125 0.39453125 0.04296875 0.05859375
1 0.389948935546875 0.559141412109375 0.40506742578125 0.557706767578125 0.399337314453125 0.532216482421875 0.387730876953125 0.517895763671875 0.372959166015625 0.514311083984375 0.366897580078125 0.525402751953125 0.367159728515625 0.52519530078125 0.37510173046875 0.54668491015625 0.389948935546875 0.559141412109375
1 0.368588322265625 0.489630859375 0.3697776953125 0.50946121484375 0.390742103515625 0.5251855 0.404233328125 0.525633861328125 0.404960578125 0.500542841796875 0.386612140625 0.482826296875 0.368588322265625 0.489630859375
1 0.400762009765625 0.48952925 0.405338638671875 0.53552625390625 0.41166349609375 0.54329411328125 0.46387898828125 0.54890131640625 0.508117783203125 0.5386402265625 0.523464470703125 0.52612217578125 0.514825884765625 0.4940305859375 0.491577650390625 0.465440341796875 0.4708528203125 0.4394884765625 0.4528465703125 0.429625380859375 0.41689694921875 0.433168333984375 0.39876146484375 0.447776220703125 0.400885533203125 0.48823519140625 0.400762009765625 0.48952925
1 0.5390625 0.4775390625 0.021484375 0.0234375
0 0.466796875 0.6337890625 0.150390625 0.1875
1 0.5390625 0.611328125 0.01171875 0.017578125
1 0.6142578125 0.6435546875 0.01171875 0.017578125
1 0.6005859375 0.4755859375 0.015625 0.01953125
1 0.6435546875 0.470703125 0.029296875 0.03125
1 0.6630859375 0.4619140625 0.017578125 0.0234375
1 0.5929431875 0.468955203125 0.62781600390625 0.465757900390625 0.636243328125 0.44722298828125 0.610281447265625 0.427598888671875 0.6111895 0.3842653671875 0.602926525390625 0.359493865234375 0.576417341796875 0.337415623046875 0.555159111328125 0.337296232421875 0.547729693359375 0.37098590625 0.550348701171875 0.418708666015625 0.55811501171875 0.469219626953125 0.570256150390625 0.4869729921875 0.5929431875 0.468955203125
1 0.658209998046875 0.42343365234375 0.679904423828125 0.420141744140625 0.679745498046875 0.38772738671875 0.648036478515625 0.360111787109375 0.631359923828125 0.351294904296875 0.60912096875 0.352621673828125 0.5744679921875 0.369226419921875 0.558436783203125 0.382942560546875 0.568068935546875 0.395366109375 0.601613255859375 0.402124037109375 0.619973734375 0.414225517578125 0.658209998046875 0.42343365234375
1 0.5732421875 0.328125 0.009765625 0.01171875
1 0.7021484375 0.2880859375 0.01171875 0.01171875
0 0.572188109375 0.2292308515625 0.564150138671875 0.25985094140625 0.568929126953125 0.2982851015625 0.586345236328125 0.333942521484375 0.606961048828125 0.349742576171875 0.651163552734375 0.3553289296875 0.679920125 0.354690755859375 0.702408947265625 0.30983190234375 0.695865494140625 0.2826038359375 0.686224513671875 0.23682607421875 0.6682250703125 0.1964283828125 0.594417876953125 0.194811935546875 0.572188109375 0.2292308515625
0 0.86802455859375 0.1644674140625 0.81964084765625 0.185043427734375 0.7969785078125 0.268109869140625 0.81885246875 0.298460095703125 0.836014712890625 0.3183872578125 0.869984267578125 0.326954912109375 0.9033455390625 0.319110486328125 0.917541474609375 0.291581380859375 0.948462810546875 0.2569438203125 0.931098234375 0.224398349609375 0.903946197265625 0.186771224609375 0.86868527734375 0.16242890625 0.86802455859375 0.1644674140625
1 0.923828125 0.3134765625 0.01171875 0.015625
1 0.9296875 0.2939453125 0.01171875 0.017578125
1 0.9599609375 0.2705078125 0.017578125 0.017578125
1 0.798828125 0.291015625 0.01953125 0.033203125
1 0.77698712890625 0.2859927578125 0.7502806953125 0.288912697265625 0.74996176953125 0.287237412109375 0.75735675 0.332381669921875 0.78027156640625 0.368484916015625 0.788792509765625 0.402406037109375 0.805430861328125 0.397694263671875 0.81243146875 0.36657511328125 0.838038701171875 0.34596894921875 0.858057310546875 0.337635361328125 0.832155224609375 0.313908689453125 0.815897345703125 0.300509619140625 0.79748565234375 0.307377423828125 0.77698712890625 0.2859927578125
0 0.641334822265625 0.537956162109375 0.616265001953125 0.58444551953125 0.62255191796875 0.616749505859375 0.65322218359375 0.6745613515625 0.68013496484375 0.693386734375 0.713796220703125 0.680428083984375 0.7403192578125 0.6389799765625 0.7523023125 0.611108294921875 0.763040751953125 0.56894506640625 0.751830359375 0.54523651171875 0.718338060546875 0.5176715546875 0.68553904296875 0.4938026171875 0.641334822265625 0.537956162109375
1 0.693359375 0.44140625 0.015625 0.015625
1 0.6962890625 0.482421875 0.015625 0.01953125
1 0.736328125 0.451171875 0.015625 0.013671875
1 0.8564453125 0.43359375 0.013671875 0.013671875
1 0.875 0.4365234375 0.013671875 0.013671875
1 0.801257380859375 0.6082017578125 0.842857900390625 0.6571261640625 0.920323009765625 0.6655039453125 0.94675383203125 0.655450328125 0.93463442578125 0.609647609375 0.91715550390625 0.540191 0.90362442578125 0.491479345703125 0.869158576171875 0.469759435546875 0.850518244140625 0.4339890078125 0.884124587890625 0.37193425390625 0.87385675 0.359426509765625 0.83617869921875 0.34133511328125 0.812357642578125 0.36051248046875 0.80112526953125 0.406944376953125 0.7746534609375 0.441093302734375 0.7396095546875 0.45933164453125 0.721834150390625 0.4942287421875 0.76069951171875 0.542152828125 0.801257380859375 0.6082017578125
0 1 0.528470572265625 0.98655669140625 0.503649818359375 0.914912275390625 0.478906107421875 0.921057119140625 0.549912275390625 0.929917689453125 0.593473185546875 0.950093408203125 0.631824578125 1 0.6301141953125 1 0.528470572265625
1 0.9296875 0.4501953125 0.01953125 0.015625
1 0.916430763671875 0.407589119140625 0.922548994140625 0.43750569921875 0.9432217421875 0.453500490234375 0.9658922890625 0.4624128125 0.99868162109375 0.458681349609375 0.99700551953125 0.445030609375 0.990250060546875 0.3900118125 0.986092693359375 0.38450501953125 0.94480899609375 0.389217205078125 0.916430763671875 0.407589119140625
0 0.01953125 0.390625 0.0390625 0.14453125
1 0.111328125 0.5458984375 0.0078125 0.013671875