0 0.8408203125 0.4951171875 0.185546875 0.1953125
1 0.5751953125 0.4951171875 0.03515625 0.03515625
0 0.657724107421875 0.520794640625 0.710651197265625 0.470830123046875 0.714194826171875 0.426591171875 0.66755171875 0.377367822265625 0.629926953125 0.3654838046875 0.593950052734375 0.41051809375 0.572112796875 0.463324248046875 0.59139169921875 0.491535708984375 0.616514255859375 0.5554078828125 0.657724107421875 0.520794640625
1 0.7568359375 0.3369140625 0.01953125 0.021484375
1 0.5478515625 0.47265625 0.01171875 0.013671875
1 0.927734375 0.177734375 0.0546875 0.060546875
1 0.634765625 0.080078125 0.021484375 0.021484375
1 0.6826171875 0.0390625 0.03515625 0.025390625
1 0.357421875 0.12109375 0.01953125 0.03125
0 0.0576171875 0.3046875 0.080078125 0.14453125
0 0.2158203125 0.3466796875 0.146484375 0.169921875
1 0.2861328125 0.3095703125 0.015625 0.013671875
0 0.4482421875 0.3935546875 0.150390625 0.16796875
1 0.5390625 0.2978515625 0.013671875 0.01953125
0 0.0107421875 0.615234375 0.021484375 0.10546875
0 0.1533203125 0.6376953125 0.142578125 0.16796875
1 0.30078125 0.693359375 0.015625 0.017578125
0 0.3583984375 0.685546875 0.125 0.177734375
1 0.3662109375 0.77734375 0.025390625 0.025390625
1 0.52734375 0.69921875 0.01953125 0.021484375
1 0.560546875 0.6181640625 0.015625 0.015625
0 0.5859375 0.7314453125 0.142578125 0.181640625
0 0.7705078125 0.7841796875 0.138671875 0.185546875
1 0.8154296875 0.8291015625 0.013671875 0.015625
1 0.833984375 0.783203125 0.01171875 0.013671875
1 0.802734375 0.6484375 0.0234375 0.025390625
1 0.923828125 0.6884765625 0.025390625 0.03515625
1 0.9619140625 0.6552734375 0.03125 0.01953125
1 0.9326171875 0.6494140625 0.015625 0.015625
1 0.9130859375 0.6455078125 0.01953125 0.021484375
1 0.8759765625 0.830078125 0.015625 0.017578125
0 0.9287109375 0.77734375 0.056640625 0.099609375
1 0.990234375 0.5654296875 0.01953125 0.029296875
1 0.30859375 0.5478515625 0.046875 0.05078125