0 0.048828125 0.638671875 0.091796875 0.1640625
1 0.0439453125 0.5224609375 0.087890625 0.087890625
1 0.095703125 0.626953125 0.025390625 0.029296875
1 0.10546875 0.4775390625 0.01953125 0.01953125
1 0.126953125 0.4833984375 0.015625 0.015625
1 0.17578125 0.478515625 0.021484375 0.01953125
1 0.240234375 0.5126953125 0.044921875 0.0546875
1 0.2255859375 0.4814453125 0.021484375 0.01953125
1 0.2998046875 0.46875 0.009765625 0.013671875
1 0.3203125 0.470703125 0.01171875 0.013671875
1 0.33984375 0.5009765625 0.017578125 0.01953125
1 0.345703125 0.4580078125 0.009765625 0.013671875
1 0.3583984375 0.4677734375 0.015625 0.013671875
1 0.3896484375 0.44921875 0.01171875 0.013671875
0 0.0283203125 0.3271484375 0.056640625 0.166015625
0 0.2138671875 0.31640625 0.18359375 0.20703125
0 0.4345703125 0.259765625 0.171875 0.2109375
1 0.6025390625 0.294921875 0.03125 0.0234375
0 0.6923828125 0.2646484375 0.1875 0.232421875
0 0.91015625 0.251953125 0.16015625 0.201171875
0 0.7236328125 0.587890625 0.18359375 0.228515625
1 0.810546875 0.572265625 0.013671875 0.0234375
1 0.8583984375 0.5556640625 0.013671875 0.013671875
1 0.8912731640625 0.556607974609375 0.879771048828125 0.578096208984375 0.870581240234375 0.620652263671875 0.870139560546875 0.653445939453125 0.8746310859375 0.66651253125 0.914545427734375 0.64138694921875 0.949609091796875 0.668260310546875 0.9835003203125 0.6732005703125 0.960554109375 0.623768654296875 0.9383452890625 0.60495540234375 0.924307783203125 0.57129746484375 0.912027556640625 0.554640451171875 0.915736302734375 0.521476744140625 0.897856154296875 0.50966060546875 0.8912731640625 0.556607974609375
0 1 0.50619275 0.96630821875 0.470044517578125 0.94695727734375 0.491637873046875 0.900911330078125 0.53677806640625 0.917527001953125 0.561362322265625 0.934944013671875 0.594832287109375 0.957112357421875 0.626362599609375 0.9785250859375 0.6654199296875 1 0.64107500390625 1 0.50619275
1 0.9765625 0.4140625 0.017578125 0.01953125
0 0.4990234375 0.607421875 0.185546875 0.220703125
1 0.5908203125 0.611328125 0.01171875 0.021484375
1 0.521484375 0.4736328125 0.013671875 0.013671875
1 0.5126953125 0.443359375 0.01171875 0.015625
1 0.427734375 0.451171875 0.005859375 0.0078125
1 0.525390625 0.44921875 0.005859375 0.009765625
1 0.583984375 0.43359375 0.005859375 0.01171875
1 0.595703125 0.443359375 0.005859375 0.005859375
1 0.60546875 0.439453125 0.005859375 0.009765625
1 0.6162109375 0.4345703125 0.013671875 0.009765625
1 0.640625 0.44140625 0.0078125 0.013671875
1 0.7998046875 0.451171875 0.009765625 0.009765625
1 0.771484375 0.419921875 0.005859375 0.0078125
1 0.81640625 0.4111328125 0.009765625 0.009765625
1 0.8330078125 0.423828125 0.01171875 0.01171875
1 0.8212890625 0.46875 0.009765625 0.01171875
1 0.8740234375 0.41796875 0.0078125 0.01171875
1 0.8857421875 0.4228515625 0.005859375 0.0078125
1 0.9267578125 0.4404296875 0.0078125 0.0078125
0 0.212890625 0.63671875 0.197265625 0.220703125
1 0.845703125 0.580078125 0.009765625 0.01171875