1 0.05078125 0.6396484375 0.0341796875 0.037109375
0 0.0595703125 0.7021484375 0.1064453125 0.091796875
1 0.09375 0.5908203125 0.03125 0.0498046875
1 0.103515625 0.521484375 0.0107421875 0.0126953125
1 0.0380859375 0.544921875 0.0185546875 0.015625
1 0.068359375 0.568359375 0.0078125 0.013671875
1 0.1357421875 0.509765625 0.0107421875 0.009765625
1 0.091796875 0.4501953125 0.0107421875 0.009765625
0 0.0556640625 0.373046875 0.111328125 0.181640625
1 0.1220703125 0.4345703125 0.0126953125 0.009765625
1 0.126953125 0.41796875 0.0107421875 0.0185546875
1 0.142578125 0.42578125 0.009765625 0.0126953125
1 0.158203125 0.400390625 0.009765625 0.0126953125
0 0.2412109375 0.38671875 0.154296875 0.2158203125
1 0.1708984375 0.2763671875 0.009765625 0.0126953125
1 0.3203125 0.4345703125 0.005859375 0.0107421875
1 0.3427734375 0.4345703125 0.0126953125 0.015625
1 0.369140625 0.4287109375 0.009765625 0.0126953125
1 0.244140625 0.517578125 0.009765625 0.013671875
1 0.203125 0.54296875 0.0107421875 0.005859375
1 0.275390625 0.5126953125 0.009765625 0.009765625
1 0.310546875 0.5517578125 0.009765625 0.013671875
1 0.341796875 0.546875 0.009765625 0.0107421875
1 0.3671875 0.548828125 0.009765625 0.0107421875
1 0.3818359375 0.546875 0.005859375 0.0107421875
1 0.330078125 0.455078125 0.009765625 0.009765625
1 0.4013671875 0.55078125 0.0078125 0.0126953125
1 0.4462890625 0.5361328125 0.078125 0.0986328125
1 0.474609375 0.52734375 0.009765625 0.0107421875
1 0.4833984375 0.525390625 0.005859375 0.009765625
1 0.4970703125 0.5 0.033203125 0.0390625
1 0.5341796875 0.5556640625 0.005859375 0.009765625
1 0.55078125 0.474609375 0.0078125 0.0107421875
1 0.564453125 0.427734375 0.009765625 0.015625
0 0.5068359375 0.3935546875 0.115234375 0.1875
0 0.2734375 0.6982421875 0.1298828125 0.15625
1 0.181640625 0.7080078125 0.0078125 0.009765625
0 0.4765625 0.7216796875 0.169921875 0.212890625
1 0.62109375 0.701171875 0.0126953125 0.015625
1 0.6298828125 0.7236328125 0.005859375 0.0126953125
0 0.7265625 0.7119140625 0.134765625 0.150390625
1 0.748046875 0.6103515625 0.0078125 0.015625
0 0.943359375 0.6943359375 0.1123046875 0.146484375
1 0.9814453125 0.5625 0.037109375 0.125
0 0.9453125 0.42578125 0.109375 0.15625
1 0.8857421875 0.4775390625 0.009765625 0.0185546875
1 0.86328125 0.408203125 0.0107421875 0.013671875
0 0.7431640625 0.4091796875 0.158203125 0.193359375
1 0.6357421875 0.4658203125 0.015625 0.0234375
1 0.107421875 0.0625 0.21484375 0.125
1 0.35546875 0.07421875 0.2783203125 0.1484375
1 0.6259765625 0.0537109375 0.2548828125 0.107421875
1 0.841796875 0.046875 0.1796875 0.09375
1 0.9443359375 0.01171875 0.0078125 0.013671875
1 0.953125 0.0234375 0.0185546875 0.0205078125
1 0.404296875 0.806640625 0.0107421875 0.015625
1 0.6611328125 0.560546875 0.005859375 0.0126953125
1 0.6142578125 0.548828125 0.009765625 0.0078125
1 0.513671875 0.548828125 0.015625 0.009765625
1 0.7958984375 0.5556640625 0.009765625 0.013671875