0 0.0888671875 0.5029296875 0.177734375 0.189453125
0 0.32421875 0.43359375 0.173828125 0.224609375
0 0.556640625 0.3662109375 0.1640625 0.1875
1 0.5703125 0.46875 0.01953125 0.021484375
0 0.7822265625 0.3603515625 0.181640625 0.2109375
0 0.9189453125 0.60546875 0.162109375 0.23828125
1 0.8583984375 0.66015625 0.009765625 0.013671875
1 0.7236328125 0.6474609375 0.009765625 0.013671875
1 0.630859375 0.6162109375 0.009765625 0.013671875
0 0.63846316796875 0.585234654296875 0.63413775 0.619960552734375 0.61133133984375 0.640889251953125 0.609983794921875 0.658942517578125 0.641608623046875 0.705893466796875 0.672630970703125 0.722753775390625 0.7002218125 0.7130980859375 0.71419487890625 0.669812390625 0.716641826171875 0.63199236328125 0.702846216796875 0.595546517578125 0.671319251953125 0.586714849609375 0.63836698828125 0.584264232421875 0.63846316796875 0.585234654296875
0 0.4384765625 0.744140625 0.171875 0.197265625
1 0.51953125 0.73046875 0.021484375 0.0234375
1 0.25 0.7939453125 0.0234375 0.03125
1 0.275390625 0.8037109375 0.0390625 0.05078125
0 0.25120816796875 0.7634713203125 0.2559785 0.72888605078125 0.228811646484375 0.70349570703125 0.191742638671875 0.69575929296875 0.178023205078125 0.698254380859375 0.13056125 0.720628416015625 0.116494931640625 0.743630794921875 0.117634005859375 0.776626298828125 0.127331814453125 0.804996568359375 0.1465773515625 0.84017594921875 0.16968191015625 0.84262887109375 0.2010460234375 0.830174546875 0.226649515625 0.802352869140625 0.25120816796875 0.7634713203125
1 0.384765625 0.5947265625 0.01953125 0.0234375