1 0.701171875 0.984375 0.0595703125 0.03125
1 0.5986328125 0.841796875 0.025390625 0.0185546875
0 0.620415916015625 0.93589248828125 0.64317826171875 0.96521749609375 0.687763900390625 0.96735448046875 0.7140105234375 0.972997845703125 0.73942258203125 0.930671095703125 0.717859171875 0.90250851953125 0.71625701953125 0.878640005859375 0.690933373046875 0.85797646484375 0.64915819921875 0.839607646484375 0.629450125 0.836611650390625 0.626027466796875 0.88151544140625 0.6067400234375 0.908253359375 0.620415916015625 0.93589248828125
1 0.501953125 0.9541015625 0.021484375 0.017578125
1 0.5302734375 0.9853515625 0.041015625 0.029296875
1 0.586556390625 0.86336744921875 0.55475716015625 0.850790689453125 0.548487869140625 0.8765872109375 0.569512763671875 0.92143273046875 0.59646669140625 0.935060396484375 0.609657654296875 0.919054619140625 0.627914951171875 0.8868310703125 0.586556390625 0.86336744921875
1 0.5302734375 0.8935546875 0.064453125 0.068359375
1 0.494140625 0.87109375 0.0126953125 0.015625
1 0.5048828125 0.8515625 0.025390625 0.0126953125
1 0.4814453125 0.8154296875 0.0185546875 0.0126953125
1 0.5029296875 0.8193359375 0.0185546875 0.009765625
1 0.5 0.748046875 0.052734375 0.0654296875
1 0.470703125 0.708984375 0.0185546875 0.0107421875
1 0.5859375 0.791015625 0.0126953125 0.015625
1 0.59765625 0.810546875 0.015625 0.0126953125
1 0.6787109375 0.828125 0.005859375 0.005859375
0 0.6318359375 0.7236328125 0.1376953125 0.109375
1 0.6376953125 0.646484375 0.0126953125 0.009765625
1 0.6015625 0.6455078125 0.015625 0.0078125
1 0.619140625 0.634765625 0.0126953125 0.0126953125
1 0.6416015625 0.6318359375 0.0126953125 0.015625
1 0.6474609375 0.5654296875 0.03125 0.015625
1 0.66796875 0.552734375 0.037109375 0.015625
1 0.2998046875 0.76953125 0.013671875 0.013671875
1 0.314453125 0.7607421875 0.015625 0.0126953125
1 0.369140625 0.7958984375 0.0107421875 0.0126953125
1 0.3369140625 0.8359375 0.015625 0.0126953125
1 0.33203125 0.8251953125 0.0126953125 0.009765625
1 0.4130859375 0.9892578125 0.041015625 0.021484375
1 0.380859375 0.970703125 0.0185546875 0.0126953125
1 0.421875 0.904296875 0.0439453125 0.0283203125
1 0.287109375 0.966796875 0.009765625 0.0078125
0 0.382861931640625 1 0.4198278359375 0.964097763671875 0.42314694140625 0.950303818359375 0.409713783203125 0.922290943359375 0.402618634765625 0.894143337890625 0.37636236328125 0.8727014609375 0.30865885546875 0.87339590625 0.27953197265625 0.884015119140625 0.28759524609375 0.93007269921875 0.296334876953125 0.955610712890625 0.294259982421875 0.97296549609375 0.25092592578125 0.98125 0.29635898828125 1 0.36595534375 1 0.382861931640625 1
1 0.3662109375 0.8369140625 0.0107421875 0.0126953125
0 0.253890576171875 0.69773130078125 0.257743779296875 0.7223216875 0.273186728515625 0.74604673046875 0.28212769921875 0.758681458984375 0.309555845703125 0.75465042578125 0.325495515625 0.759328884765625 0.35987292578125 0.76153609765625 0.395680216796875 0.771791810546875 0.38331404296875 0.74942219921875 0.379652537109375 0.725733326171875 0.37595244921875 0.7009729453125 0.37317708203125 0.6796422890625 0.364989630859375 0.668482349609375 0.307024015625 0.666567201171875 0.272294560546875 0.679102466796875 0.253890576171875 0.69773130078125
1 0.3662109375 0.767578125 0.0126953125 0.009765625
1 0.388671875 0.7421875 0.0107421875 0.009765625
1 0.341796875 0.65234375 0.009765625 0.009765625
1 0.357421875 0.6318359375 0.0283203125 0.0185546875
1 0.326171875 0.6474609375 0.0107421875 0.005859375
1 0.306640625 0.626953125 0.0107421875 0.0126953125
1 0.291015625 0.6298828125 0.0126953125 0.009765625
1 0.28515625 0.619140625 0.0126953125 0.009765625
1 0.294921875 0.607421875 0.0126953125 0.0107421875
1 0.29296875 0.5576171875 0.021484375 0.015625
1 0.330903982421875 0.559552228515625 0.32215108984375 0.571518736328125 0.320651283203125 0.584152560546875 0.33117645703125 0.598607494140625 0.35834780078125 0.61714048046875 0.387855662109375 0.62761049609375 0.405638744140625 0.593533890625 0.4102575234375 0.57763491015625 0.4184534140625 0.5573558671875 0.430302373046875 0.535756654296875 0.42339048046875 0.5272913046875 0.388334298828125 0.532959888671875 0.361958669921875 0.54532154296875 0.330903982421875 0.559552228515625
1 0.275390625 0.490234375 0.0126953125 0.0107421875
0 0.28219039453125 0.500673646484375 0.282342302734375 0.515477611328125 0.29234664453125 0.54290726171875 0.301490162109375 0.55444155078125 0.3069070703125 0.558449978515625 0.34069010546875 0.5526783125 0.3724946953125 0.53985550390625 0.396000916015625 0.520367658203125 0.415447771484375 0.501088685546875 0.415257283203125 0.496316189453125 0.415740740234375 0.4956018515625 0.3951738515625 0.487245912109375 0.37762707421875 0.48032407421875 0.365605708984375 0.4743480546875 0.35518180859375 0.459543185546875 0.34443118359375 0.448737703125 0.32284553515625 0.448635525390625 0.299969859375 0.4715404375 0.28219039453125 0.500673646484375
1 0.3759765625 0.470703125 0.015625 0.009765625
1 0.337890625 0.443359375 0.0107421875 0.005859375
1 0.3193359375 0.427734375 0.005859375 0.005859375
1 0.318359375 0.408203125 0.0078125 0.0048828125
1 0.310546875 0.416015625 0.005859375 0.005859375
1 0.3115234375 0.376953125 0.005859375 0.005859375
1 0.330078125 0.3740234375 0.015625 0.0078125
1 0.3154296875 0.34765625 0.0126953125 0.0078125
1 0.4287109375 0.474609375 0.0439453125 0.056640625
1 0.4482421875 0.529296875 0.013671875 0.0126953125
1 0.509765625 0.58984375 0.017578125 0.009765625
1 0.486328125 0.572265625 0.017578125 0.0185546875
1 0.442881505859375 0.517592099609375 0.45585959375 0.53152619921875 0.440647796875 0.54693254296875 0.43252073828125 0.55678448046875 0.4414928359375 0.567819306640625 0.4530044375 0.56956281640625 0.469415291015625 0.55818191796875 0.486738041015625 0.55224773828125 0.47848712890625 0.52874612109375 0.45636815234375 0.506247369140625 0.44339116015625 0.5051310625 0.442881505859375 0.517592099609375
1 0.5029296875 0.5078125 0.0263671875 0.025390625
1 0.509765625 0.4609375 0.015625 0.015625
1 0.5009765625 0.4423828125 0.037109375 0.0185546875
1 0.494140625 0.4052734375 0.0595703125 0.044921875
1 0.4912109375 0.380859375 0.0126953125 0.005859375
1 0.37177986328125 0.30932781640625 0.366101333984375 0.324616609375 0.35104188671875 0.328914142578125 0.32508790234375 0.33438469921875 0.319795173828125 0.32584717578125 0.295007365234375 0.322137388671875 0.28890686328125 0.332650232421875 0.301356666015625 0.339722912109375 0.320134943359375 0.3467923046875 0.336110673828125 0.34369492578125 0.3485166328125 0.35702566015625 0.346552548828125 0.38720949609375 0.3595591328125 0.40464869921875 0.394959796875 0.39280500390625 0.40581926171875 0.40264625390625 0.433308783203125 0.404397984375 0.44013814453125 0.391090263671875 0.437527400390625 0.381641119140625 0.42884026953125 0.367286142578125 0.429746685546875 0.352783203125 0.4417405390625 0.34798505859375 0.46508158984375 0.3425071015625 0.495079921875 0.33565801171875 0.48782091796875 0.31916084765625 0.470461998046875 0.30721028515625 0.44638880078125 0.306080005859375 0.429383900390625 0.290034951171875 0.40798720703125 0.28768150390625 0.39191502734375 0.298750033203125 0.37177986328125 0.30932781640625
1 0.489772947265625 0.300075955078125 0.47024279296875 0.29186641796875 0.463502208984375 0.302374330078125 0.475695541015625 0.31047289453125 0.4875863671875 0.318726818359375 0.499719416015625 0.319444443359375 0.489772947265625 0.300075955078125
1 0.586067927734375 0.303941103515625 0.59857472265625 0.28916936328125 0.561069681640625 0.2768143671875 0.54813543359375 0.262330333984375 0.55115937890625 0.23887475 0.539561193359375 0.229477390625 0.51308001953125 0.24511472265625 0.50031565625 0.24165154296875 0.46915443359375 0.21886837109375 0.442248001953125 0.2111027265625 0.43970301953125 0.223633634765625 0.453075677734375 0.24303829296875 0.464445890625 0.26354775 0.46087502734375 0.2817571875 0.4452861953125 0.302609427734375 0.449241767578125 0.305612275390625 0.461252060546875 0.30740099609375 0.464149962890625 0.297679759765625 0.4873309921875 0.294293849609375 0.5155800625 0.299377236328125 0.55060588671875 0.300172130859375 0.586067927734375 0.303941103515625
0 0.40883662890625 0.2181869140625 0.38643158984375 0.212345625 0.336193970703125 0.221687908203125 0.31423391796875 0.249927662109375 0.30828686328125 0.27507743359375 0.288547365234375 0.293444701171875 0.289153470703125 0.3057051640625 0.308173970703125 0.31873750390625 0.32504625390625 0.33625069140625 0.33164216015625 0.3333686796875 0.3568398828125 0.330086345703125 0.36338427734375 0.3180174140625 0.393610583984375 0.300754123046875 0.41150326953125 0.285730021484375 0.421457412109375 0.26074794140625 0.40883662890625 0.2181869140625
1 0.294921875 0.2666015625 0.0205078125 0.017578125
1 0.2705078125 0.314453125 0.0126953125 0.0126953125
1 0.3701171875 0.1923828125 0.0185546875 0.015625
1 0.3759765625 0.15234375 0.015625 0.009765625
1 0.4462890625 0.1484375 0.068359375 0.068359375
1 0.4951171875 0.1875 0.0107421875 0.009765625
1 0.5078125 0.154296875 0.021484375 0.0107421875
1 0.5 0.1396484375 0.013671875 0.009765625
1 0.517578125 0.130859375 0.0126953125 0.0126953125
1 0.259765625 0.03125 0.013671875 0.015625
0 0.3193699140625 0.028050689453125 0.3191671484375 0.059401798828125 0.324549751953125 0.087217388671875 0.352711138671875 0.123864787109375 0.37782994921875 0.124621048828125 0.404605955078125 0.10806223046875 0.451152146484375 0.11500009765625 0.45310855859375 0.114256990234375 0.4423718515625 0.084982310546875 0.435343013671875 0.05851648046875 0.43013248828125 0.03414351953125 0.41759171484375 0.021102134765625 0.39758369140625 0.008617259765625 0.377107666015625 0.007969505859375 0.33996212109375 0.0147125546875 0.3193699140625 0.028050689453125
1 0.345703125 0.1318359375 0.0126953125 0.015625
1 0.47096069140625 0.03947351171875 0.45208596484375 0.067657369140625 0.452861953125 0.100378787109375 0.47746891796875 0.1008752890625 0.5034404375 0.09588890234375 0.519379998046875 0.086847478515625 0.52255629296875 0.058578953125 0.512467337890625 0.019049544921875 0.501756935546875 0.022557935546875 0.47096069140625 0.03947351171875
1 0.474609375 0.0107421875 0.078125 0.021484375
1 0.4580078125 0.0283203125 0.0126953125 0.009765625
1 0.55702204296875 0.0907455078125 0.579255005859375 0.074933087890625 0.58863263671875 0.058376736328125 0.57926925390625 0.0460595546875 0.55978184765625 0.045743896484375 0.53480442578125 0.06307294921875 0.5209396484375 0.07288789453125 0.51431195703125 0.084591849609375 0.524683685546875 0.093352140625 0.548129955078125 0.093352140625 0.55702204296875 0.0907455078125
1 0.560414255859375 0 0.548323951171875 0.00390789453125 0.555217978515625 0.02460559375 0.578121712890625 0.040579953125 0.613143150390625 0.058848576171875 0.6193620234375 0.052682587890625 0.61839094140625 0.030774048828125 0.624614197265625 0.011214849609375 0.628576345703125 0 0.596650095703125 0 0.560414255859375 0
1 0.6259765625 0.033203125 0.021484375 0.0185546875
0 0.55652225390625 0.102997751953125 0.567780671875 0.13035465234375 0.588236970703125 0.146961970703125 0.626779951171875 0.16481136328125 0.67279676171875 0.162496546875 0.691624359375 0.12646648828125 0.7058858984375 0.089569193359375 0.702020201171875 0.053030302734375 0.65793021484375 0.047709353515625 0.642415912109375 0.035102818359375 0.633391203125 0.037754662109375 0.617580974609375 0.057306462890625 0.58805393359375 0.071626091796875 0.557047251953125 0.087232185546875 0.55652225390625 0.102997751953125
1 0.630859375 0.193359375 0.009765625 0.009765625
1 0.66796875 0.2666015625 0.017578125 0.013671875
1 0.6787109375 0.25390625 0.009765625 0.0107421875
0 0.666015625 0.314453125 0.1279296875 0.0810546875
1 0.650390625 0.3720703125 0.0185546875 0.0126953125
1 0.693359375 0.357421875 0.0126953125 0.005859375
1 0.623046875 0.4111328125 0.0126953125 0.0126953125
1 0.6044921875 0.384765625 0.009765625 0.005859375
1 0.564453125 0.4150390625 0.0341796875 0.0341796875
1 0.630859375 0.4345703125 0.015625 0.009765625
1 0.642578125 0.4443359375 0.013671875 0.0126953125
1 0.5576171875 0.46875 0.033203125 0.0283203125
0 0.705097416015625 0.53544379296875 0.72385947265625 0.532513201171875 0.710429927734375 0.51908637109375 0.700857205078125 0.50166829296875 0.67438994921875 0.488501880859375 0.663431955078125 0.467211009765625 0.639303626953125 0.448321759765625 0.6214506171875 0.433371310546875 0.5959623359375 0.458261900390625 0.5771894296875 0.469096318359375 0.5614366328125 0.4866943359375 0.5410493828125 0.50092592578125 0.55036651171875 0.532317888671875 0.571837625 0.56196108203125 0.59185112890625 0.577113173828125 0.604112412109375 0.57762405859375 0.629289640625 0.567371962890625 0.64244430078125 0.55558539453125 0.675653453125 0.544203919921875 0.705097416015625 0.53544379296875
1 0.84358241796875 0.471697771484375 0.84222366796875 0.45269278125 0.829836998046875 0.429757125 0.77519772265625 0.4085693359375 0.716737798828125 0.4238037109375 0.69661337890625 0.42426215234375 0.676599875 0.43251139453125 0.67546055078125 0.489369033203125 0.70443190625 0.50357982421875 0.719644580078125 0.530234556640625 0.69496527734375 0.54003092578125 0.6876543203125 0.55462962890625 0.691084345703125 0.57109555859375 0.70313826171875 0.57553530078125 0.733312837890625 0.57105034765625 0.76421441015625 0.55884693359375 0.7925142265625 0.53301956640625 0.80721691796875 0.512492765625 0.82984302734375 0.5008752890625 0.84358241796875 0.471697771484375
1 0.498046875 0.6474609375 0.009765625 0.005859375
1 0.5029296875 0.6171875 0.005859375 0.005859375
1 0.62109375 0.619140625 0.009765625 0.0078125
1 0.9638671875 0.6640625 0.025390625 0.0185546875