1 0.466796875 0.0107421875 0.017578125 0.01953125
1 0.4609375 0.03125 0.017578125 0.013671875
1 0.4384765625 0.0166015625 0.033203125 0.029296875
1 0.48828125 0.0517578125 0.0078125 0.013671875
1 0.4365234375 0.0869140625 0.111328125 0.06640625
1 0.494140625 0.1025390625 0.015625 0.017578125
1 0.486328125 0.123046875 0.015625 0.01171875
1 0.5078125 0.1259765625 0.01171875 0.01171875
1 0.49609375 0.1376953125 0.015625 0.0078125
1 0.48828125 0.166015625 0.060546875 0.03515625
1 0.4736328125 0.1513671875 0.02734375 0.015625
1 0.4833984375 0.193359375 0.01171875 0.025390625
0 0.5830078125 0.162109375 0.1484375 0.125
1 0.501953125 0.2265625 0.068359375 0.029296875
1 0.46484375 0.267578125 0.01953125 0.013671875
1 0.5302734375 0.283203125 0.126953125 0.091796875
1 0.4677734375 0.3046875 0.015625 0.021484375
1 0.462890625 0.322265625 0.02734375 0.015625
1 0.4951171875 0.361328125 0.05859375 0.0390625
1 0.521484375 0.3408203125 0.013671875 0.015625
1 0.5234375 0.3515625 0.005859375 0.005859375
1 0.5244140625 0.37109375 0.009765625 0.01171875
1 0.5087890625 0.37890625 0.013671875 0.009765625
1 0.515625 0.388671875 0.013671875 0.01171875
1 0.466796875 0.4033203125 0.013671875 0.01171875
1 0.5009765625 0.416015625 0.02734375 0.015625
1 0.5068359375 0.431640625 0.017578125 0.013671875
1 0.474609375 0.4248046875 0.01171875 0.01171875
1 0.470703125 0.435546875 0.01953125 0.01171875
0 0.6181640625 0.37109375 0.1640625 0.14453125
1 0.501953125 0.4609375 0.087890625 0.048828125
1 0.4697265625 0.4990234375 0.119140625 0.064453125
1 0.4892578125 0.5380859375 0.046875 0.025390625
1 0.521484375 0.5341796875 0.0234375 0.02734375
0 0.64453125 0.6123046875 0.166015625 0.150390625
1 0.466796875 0.611328125 0.052734375 0.0390625
1 0.5234375 0.5908203125 0.013671875 0.01171875
1 0.509765625 0.6630859375 0.126953125 0.130859375
1 0.4970703125 0.751953125 0.013671875 0.01171875
1 0.525390625 0.775390625 0.013671875 0.01171875
1 0.53125 0.7900390625 0.015625 0.0234375
1 0.53515625 0.8115234375 0.017578125 0.013671875
1 0.5087890625 0.8466796875 0.013671875 0.015625
1 0.5048828125 0.904296875 0.037109375 0.052734375
1 0.48046875 0.908203125 0.017578125 0.01953125
1 0.4765625 0.9443359375 0.029296875 0.037109375
1 0.5634765625 0.9560546875 0.134765625 0.087890625
1 0.3427734375 0.771484375 0.013671875 0.01171875
1 0.3203125 0.7958984375 0.046875 0.04296875
0 0.369140625 0.859375 0.166015625 0.13671875
0 0.412109375 0.9873046875 0.0625 0.025390625
1 0.3876953125 0.7001953125 0.025390625 0.0234375
1 0.388671875 0.595703125 0.0390625 0.029296875
1 0.3720703125 0.345703125 0.09765625 0.0546875
1 0.3349609375 0.517578125 0.01171875 0.0078125
1 0.353515625 0.5087890625 0.01171875 0.01171875
1 0.390625 0.529296875 0.009765625 0.0078125
1 0.3740234375 0.51953125 0.005859375 0.005859375
1 0.32421875 0.26953125 0.099609375 0.06640625
1 0.2197265625 0.2998046875 0.025390625 0.021484375
1 0.35546875 0.2998046875 0.017578125 0.013671875
0 0.2998046875 0.189453125 0.189453125 0.13671875
1 0.333984375 0.1083984375 0.029296875 0.015625
1 0.2861328125 0.0908203125 0.025390625 0.02734375
1 0.2236328125 0.0556640625 0.044921875 0.041015625
1 0.3037109375 0.0634765625 0.015625 0.01171875
1 0.4365234375 0.0458984375 0.021484375 0.017578125
0 0.626484630859375 0.7536278125 0.594197271484375 0.78118412890625 0.58666884765625 0.81245585546875 0.5693712109375 0.843743849609375 0.57728028125 0.8618837890625 0.61511504296875 0.872442791015625 0.683732509765625 0.8780220234375 0.72491715625 0.835463859375 0.72502706640625 0.803835345703125 0.70570520703125 0.75091119140625 0.690746662109375 0.745268205078125 0.67958259375 0.73834057421875 0.626484630859375 0.7536278125
0 0.25645448828125 0.594416708984375 0.239447748046875 0.6373041640625 0.253768080078125 0.68818484765625 0.2961447734375 0.711425267578125 0.3373154765625 0.71455743359375 0.38834623046875 0.694975212890625 0.41392644921875 0.666827578125 0.4292539296875 0.640966791015625 0.3968818828125 0.6154188359375 0.370564439453125 0.606085986328125 0.358990265625 0.56624017578125 0.297272197265625 0.57466491015625 0.25645448828125 0.594416708984375
0 0.235997796875 0.469878134765625 0.290592509765625 0.499198953125 0.333692640625 0.498213546875 0.38953044140625 0.487145404296875 0.410209783203125 0.468737408203125 0.43711360546875 0.407854349609375 0.39407493359375 0.371411705078125 0.3095270859375 0.370270806640625 0.247433248046875 0.399193455078125 0.22793869140625 0.421772271484375 0.235997796875 0.469878134765625