1 0.8994140625 0.4775390625 0.025390625 0.0234375
0 0.794727138671875 0.475971037109375 0.775941478515625 0.50252901171875 0.77797422265625 0.546775625 0.7870652890625 0.59300398046875 0.808764376953125 0.609700931640625 0.84670312890625 0.61016207421875 0.88754999609375 0.60656680078125 0.9067471640625 0.577145703125 0.907390279296875 0.568199697265625 0.8989357734375 0.549374771484375 0.88939110546875 0.513487525390625 0.87403538671875 0.467595404296875 0.86623962109375 0.43300132421875 0.850628263671875 0.4465608203125 0.8295610546875 0.439439990234375 0.812290708984375 0.4347940234375 0.794727138671875 0.475971037109375
1 0.9677734375 0.42578125 0.052734375 0.04296875
1 0.9453125 0.3974609375 0.0546875 0.0390625
0 0.883988166015625 0.22642448046875 0.88145128515625 0.271929353515625 0.880691771484375 0.30227826171875 0.894162185546875 0.32949571875 0.924382927734375 0.367611125 0.950659873046875 0.35316778515625 0.9682407421875 0.305467734375 0.96801486328125 0.304489349609375 0.937308654296875 0.17148614453125 0.895073486328125 0.192703560546875 0.883988166015625 0.22642448046875
1 0.824948751953125 0.385266169921875 0.852753544921875 0.433882302734375 0.8691166640625 0.434219638671875 0.872796767578125 0.472807765625 0.880588150390625 0.47412886328125 0.910130109375 0.45174275390625 0.91496659375 0.42598353515625 0.88845085546875 0.4111975703125 0.86721798828125 0.384524265625 0.84370128125 0.37398292578125 0.824948751953125 0.385266169921875
0 0.666940802734375 0.291063787109375 0.69652984765625 0.326684185546875 0.73865321484375 0.357266662109375 0.792407515625 0.36475479296875 0.795408935546875 0.344937796875 0.801635623046875 0.315610478515625 0.81215291796875 0.29139624609375 0.827800212890625 0.258456919921875 0.821161697265625 0.240911435546875 0.804840259765625 0.223533298828125 0.773236044921875 0.201918236328125 0.733780859375 0.18363941796875 0.718486482421875 0.183670484375 0.685407673828125 0.1969443203125 0.666940802734375 0.291063787109375
1 0.8125 0.3095703125 0.015625 0.021484375
1 0.658203125 0.3427734375 0.048828125 0.060546875
1 0.6787109375 0.4267578125 0.10546875 0.1328125
1 0.7021484375 0.494140625 0.025390625 0.025390625
1 0.75 0.478515625 0.060546875 0.064453125
1 0.734375 0.619140625 0.015625 0.021484375
1 0.755859375 0.603515625 0.0078125 0.01171875
0 0.697188091796875 0.6673697265625 0.709741421875 0.636889357421875 0.713124419921875 0.567681337890625 0.684262669921875 0.515342646484375 0.653004798828125 0.48252565625 0.628190310546875 0.4854333828125 0.591828041015625 0.503004078125 0.56968328515625 0.561508068359375 0.572492826171875 0.590341849609375 0.591697333984375 0.638009236328125 0.60509332421875 0.6737762578125 0.63602789453125 0.68374517578125 0.697188091796875 0.6673697265625
1 0.563213875 0.55075899609375 0.546211640625 0.5101787109375 0.525694515625 0.516948244140625 0.539686435546875 0.5681823828125 0.53006844921875 0.597951490234375 0.540070669921875 0.65319125 0.55701784765625 0.705454185546875 0.582793646484375 0.68995990234375 0.599803767578125 0.658869529296875 0.592432783203125 0.6349069375 0.5756898203125 0.60138153125 0.563213875 0.55075899609375
1 0.525390625 0.6630859375 0.01953125 0.03515625
1 0.4931640625 0.6240234375 0.0234375 0.02734375
1 0.472069779296875 0.604483107421875 0.52671576171875 0.593001912109375 0.533790408203125 0.558532978515625 0.525302556640625 0.517668015625 0.537898869140625 0.50980347265625 0.5691553828125 0.499294228515625 0.58994498046875 0.46595784375 0.58940063671875 0.44514408984375 0.54356154296875 0.428574208984375 0.499512361328125 0.435583228515625 0.470308822265625 0.434616732421875 0.417170189453125 0.468205990234375 0.415225318359375 0.4967109296875 0.450989953125 0.521789876953125 0.456283958984375 0.58098371875 0.472069779296875 0.604483107421875
0 0.464131349609375 0.73221047265625 0.510752642578125 0.7156298046875 0.513052552734375 0.636613984375 0.48551599609375 0.632807388671875 0.4860881015625 0.611064177734375 0.449792099609375 0.581708259765625 0.41653871484375 0.56393497265625 0.386626857421875 0.569375296875 0.365920427734375 0.60271016015625 0.3484285859375 0.658169025390625 0.36198890234375 0.693166306640625 0.38790239453125 0.711821029296875 0.4299813203125 0.729015080078125 0.464131349609375 0.73221047265625
1 0.369516068359375 0.565724794921875 0.383484353515625 0.548832595703125 0.358310396484375 0.529321294921875 0.32170666796875 0.526425470703125 0.29065968359375 0.531864482421875 0.2955386640625 0.557551365234375 0.32466715625 0.59241725 0.349879794921875 0.5980100859375 0.369516068359375 0.565724794921875
1 0.3017578125 0.4873046875 0.037109375 0.044921875
1 0.426751462890625 0.507289509765625 0.411796533203125 0.48973199609375 0.385026990234375 0.4683971953125 0.362569 0.49164728125 0.37542002734375 0.5350914609375 0.37426708984375 0.574279234375 0.3748519296875 0.573728818359375 0.39007412109375 0.577249693359375 0.41544731640625 0.57798511328125 0.428723109375 0.54840030078125 0.426751462890625 0.507289509765625
1 0.34765625 0.4931640625 0.046875 0.06640625
1 0.42578125 0.4140625 0.0234375 0.0234375
0 0.2941391484375 0.42798851171875 0.328541814453125 0.45421975390625 0.374010005859375 0.47329037109375 0.39569076171875 0.4492045859375 0.411417787109375 0.388920955078125 0.38900941015625 0.33740798828125 0.35137180859375 0.304382853515625 0.29507808984375 0.280359662109375 0.2683779140625 0.3099556796875 0.271347337890625 0.40508842578125 0.2941391484375 0.42798851171875
1 0.2109375 0.48828125 0.025390625 0.03125
0 0.09859391015625 0.3533762890625 0.07746008203125 0.393616994140625 0.10996443359375 0.487309984375 0.14425348046875 0.504762857421875 0.195743849609375 0.49293546875 0.20224426953125 0.45970034375 0.24270608203125 0.442745787109375 0.2436815078125 0.433005404296875 0.19877418359375 0.373837775390625 0.17555468359375 0.35263967578125 0.138849837890625 0.339050015625 0.09859391015625 0.3533762890625
1 0.05078125 0.4814453125 0.01171875 0.013671875
1 0.041015625 0.4658203125 0.015625 0.015625
1 0.0615234375 0.6162109375 0.12109375 0.1484375
1 0.23828125 0.611328125 0.025390625 0.03515625
1 0.2431640625 0.5751953125 0.015625 0.015625
1 0.136555654296875 0.58927605078125 0.11182321484375 0.5915744453125 0.122006724609375 0.635936736328125 0.14438510546875 0.6557081015625 0.162806982421875 0.644319126953125 0.178763806640625 0.628822087890625 0.180897013671875 0.6170220234375 0.157608068359375 0.594535439453125 0.136555654296875 0.58927605078125
0 0.12530377734375 0.675283234375 0.105757533203125 0.72594353515625 0.117561328125 0.761986224609375 0.152561482421875 0.795491228515625 0.208194798828125 0.784605806640625 0.255116083984375 0.793201271484375 0.25865069140625 0.7887863359375 0.26534126953125 0.721570447265625 0.27448622265625 0.685962451171875 0.2608053203125 0.65772416796875 0.2385420390625 0.623297271484375 0.20934708203125 0.606519046875 0.196341294921875 0.60697096875 0.1746525390625 0.633265865234375 0.149304923828125 0.65229732421875 0.12530377734375 0.675283234375
1 0.361149080078125 0.768399916015625 0.36599093359375 0.72555171484375 0.360127 0.67728617578125 0.33628783203125 0.6435271328125 0.308194529296875 0.637354931640625 0.282664255859375 0.654797033203125 0.274392869140625 0.68885994921875 0.262284751953125 0.71967237109375 0.284014115234375 0.757678267578125 0.304571283203125 0.781401830078125 0.361149080078125 0.768399916015625
1 0.43721687890625 1 0.436295255859375 0.991421388671875 0.45256678125 0.943327173828125 0.46228801953125 0.86454063671875 0.457485900390625 0.77480336328125 0.43051875390625 0.750442033203125 0.39462053515625 0.7627529296875 0.3460484453125 0.80246098828125 0.3282627734375 0.840602982421875 0.368536544921875 0.9275458046875 0.3993436484375 0.977153357421875 0.430537673828125 1 0.43721687890625 1
0 0.553992244140625 0.4122194375 0.583621822265625 0.42171541015625 0.608860017578125 0.399470900390625 0.62223623828125 0.356734662109375 0.62702455078125 0.3108637890625 0.606530025390625 0.2510624375 0.5277341015625 0.205313181640625 0.46671090625 0.25058614453125 0.479773267578125 0.335980587890625 0.49835426171875 0.364185294921875 0.51512075 0.37601459765625 0.5530586640625 0.410822884765625 0.553992244140625 0.4122194375
1 0.8369140625 0.32421875 0.015625 0.015625
1 0.9013671875 0.5419921875 0.015625 0.013671875