1 0.388671875 0.84375 0.03515625 0.044921875
0 0.326171875 0.923828125 0.14453125 0.134765625
1 0.501953125 0.9365234375 0.06640625 0.06640625
1 0.58984375 0.9560546875 0.029296875 0.013671875
0 0.6103515625 0.900390625 0.1640625 0.109375
1 0.58203125 0.7841796875 0.05078125 0.03515625
1 0.630859375 0.8125 0.009765625 0.009765625
1 0.556640625 0.7099609375 0.013671875 0.009765625
0 0.6259765625 0.6650390625 0.1875 0.119140625
1 0.4541015625 0.8955078125 0.009765625 0.013671875
1 0.453125 0.849609375 0.009765625 0.009765625
1 0.453125 0.8291015625 0.009765625 0.013671875
1 0.462890625 0.802734375 0.009765625 0.009765625
1 0.4453125 0.7783203125 0.013671875 0.009765625
1 0.486328125 0.736328125 0.009765625 0.005859375
1 0.498046875 0.7353515625 0.009765625 0.005859375
1 0.478515625 0.7265625 0.009765625 0.005859375
1 0.4873046875 0.6162109375 0.009765625 0.013671875
1 0.49609375 0.662109375 0.015625 0.005859375
1 0.45703125 0.5966796875 0.021484375 0.013671875
1 0.5048828125 0.564453125 0.052734375 0.041015625
1 0.5126953125 0.6064453125 0.0078125 0.005859375
1 0.4521484375 0.52734375 0.017578125 0.013671875
1 0.455078125 0.490234375 0.005859375 0.005859375
1 0.650390625 0.5087890625 0.015625 0.009765625
0 0.6494140625 0.4580078125 0.189453125 0.126953125
1 0.6552734375 0.34375 0.095703125 0.10546875
1 0.5400390625 0.36328125 0.046875 0.03125
1 0.5107421875 0.390625 0.013671875 0.013671875
1 0.4990234375 0.34765625 0.025390625 0.029296875
1 0.4931640625 0.2646484375 0.072265625 0.05078125
1 0.470703125 0.255859375 0.015625 0.025390625
1 0.4580078125 0.232421875 0.025390625 0.03515625
1 0.4580078125 0.201171875 0.01953125 0.013671875
0 0.341796875 0.2802734375 0.134765625 0.12109375
1 0.296875 0.17578125 0.046875 0.056640625
0 0.3623046875 0.0673828125 0.181640625 0.134765625
1 0.505859375 0.138671875 0.04296875 0.078125
1 0.5009765625 0.0625 0.0546875 0.037109375
1 0.50390625 0.02734375 0.013671875 0.01171875
0 0.6484375 0.0556640625 0.142578125 0.107421875
1 0.6083984375 0.009765625 0.009765625 0.0078125
1 0.623046875 0.0322265625 0.0234375 0.013671875
1 0.6552734375 0.1171875 0.009765625 0.009765625
0 0.6162109375 0.2412109375 0.138671875 0.103515625
1 0.5791015625 0.2373046875 0.009765625 0.013671875
1 0.591796875 0.34375 0.015625 0.009765625
1 0.603515625 0.328125 0.01953125 0.015625
1 0.6484375 0.791015625 0.0078125 0.005859375
0 0.396484375 0.703125 0.03125 0.0234375
0 0.3271484375 0.45703125 0.189453125 0.130859375
1 0.333984375 0.5419921875 0.111328125 0.04296875
0 0.3037109375 0.7001953125 0.150390625 0.1328125