0 0.6484375 0.9775390625 0.099609375 0.044921875
1 0.587890625 0.947265625 0.0234375 0.0205078125
1 0.580078125 0.876953125 0.009765625 0.009765625
1 0.5869140625 0.8662109375 0.015625 0.0126953125
0 0.642578125 0.7998046875 0.171875 0.126953125
1 0.615234375 0.716796875 0.015625 0.009765625
1 0.482421875 0.646484375 0.0185546875 0.015625
0 0.646484375 0.5859375 0.1923828125 0.126953125
1 0.583984375 0.521484375 0.0107421875 0.009765625
1 0.4951171875 0.4755859375 0.185546875 0.115234375
1 0.4580078125 0.5302734375 0.0126953125 0.009765625
1 0.537109375 0.3310546875 0.0439453125 0.056640625
0 0.6435546875 0.3740234375 0.115234375 0.123046875
1 0.4873046875 0.2607421875 0.009765625 0.009765625
1 0.498046875 0.251953125 0.0107421875 0.005859375
1 0.4794921875 0.2236328125 0.009765625 0.0126953125
0 0.6298828125 0.162109375 0.1298828125 0.107421875
1 0.4560546875 0.162109375 0.015625 0.017578125
1 0.4873046875 0.123046875 0.1376953125 0.1064453125
1 0.404296875 0.056640625 0.1328125 0.11328125
0 0.33984375 0.16015625 0.1357421875 0.130859375
1 0.25 0.1328125 0.0283203125 0.017578125
0 0.3359375 0.3642578125 0.166015625 0.1123046875
1 0.31640625 0.3076171875 0.0126953125 0.009765625
0 0.341796875 0.599609375 0.1591796875 0.103515625
1 0.30078125 0.544921875 0.021484375 0.009765625
1 0.3564453125 0.63671875 0.009765625 0.009765625
1 0.4462890625 0.619140625 0.0234375 0.017578125
1 0.451171875 0.650390625 0.021484375 0.009765625
1 0.4560546875 0.685546875 0.0126953125 0.009765625
1 0.447265625 0.763671875 0.017578125 0.009765625
0 0.33203125 0.8232421875 0.146484375 0.1279296875
1 0.462890625 0.880859375 0.0419921875 0.021484375
1 0.4765625 0.986328125 0.009765625 0.0263671875
1 0.4599609375 0.953125 0.009765625 0.009765625
1 0.527417595703125 0.400331849609375 0.54190930078125 0.421275951171875 0.5670934609375 0.42301432421875 0.594907408203125 0.41666666796875 0.58329113671875 0.39404748828125 0.55645073828125 0.379743787109375 0.583866826171875 0.360469111328125 0.57691484765625 0.345909966796875 0.556187005859375 0.3595705390625 0.5335391953125 0.3801235625 0.527417595703125 0.400331849609375