1 0.8876953125 0.673828125 0.1171875 0.123046875
1 0.7421875 0.8017578125 0.0859375 0.0703125
0 0.7119140625 0.150390625 0.18359375 0.166015625
1 0.7841796875 0.072265625 0.162109375 0.068359375
1 0.5888671875 0.091796875 0.041015625 0.041015625
1 0.53515625 0.134765625 0.0546875 0.044921875
1 0.5771484375 0.1396484375 0.015625 0.013671875
1 0.6376953125 0.267578125 0.025390625 0.015625
1 0.677734375 0.2216796875 0.01953125 0.017578125
1 0.6455078125 0.2373046875 0.015625 0.013671875
0 0.4658203125 0.0673828125 0.169921875 0.134765625
0 0.3623046875 0.28515625 0.21875 0.201171875
1 0.31640625 0.388671875 0.013671875 0.009765625
1 0.423828125 0.4443359375 0.056640625 0.056640625
1 0.4750439375 0.465611109375 0.487664798828125 0.461882490234375 0.492988330078125 0.44451471484375 0.48442055859375 0.39921041796875 0.4711162578125 0.380459560546875 0.430155919921875 0.38436133203125 0.42450807421875 0.400605193359375 0.41993428125 0.41621008203125 0.43868759765625 0.426731095703125 0.453969072265625 0.446208322265625 0.4750439375 0.465611109375
1 0.5400390625 0.3232421875 0.03125 0.0234375
1 0.5390625 0.4140625 0.03515625 0.0234375
1 0.5224609375 0.423828125 0.01171875 0.01171875
1 0.516349109375 0.45153039453125 0.53781468359375 0.472389009765625 0.563341474609375 0.48284232421875 0.5750733515625 0.4802110390625 0.575329955078125 0.461562552734375 0.562141830078125 0.42966638671875 0.55040354296875 0.4227308671875 0.529079025390625 0.428280609375 0.499219044921875 0.432689509765625 0.499241224609375 0.441193361328125 0.503899271484375 0.44841498046875 0.516349109375 0.45153039453125
1 0.4973993671875 0.456964439453125 0.49219541796875 0.4866753046875 0.507017802734375 0.501701509765625 0.53777006640625 0.5122589765625 0.55131047265625 0.504829435546875 0.57755239453125 0.4874957578125 0.57919051953125 0.48794509375 0.535423109375 0.470321123046875 0.516080021484375 0.450981912109375 0.503199447265625 0.45065409765625 0.4973993671875 0.456964439453125
1 0.712890625 0.306640625 0.03125 0.029296875
1 0.744140625 0.306640625 0.015625 0.013671875
0 0.753567208984375 0.3375884375 0.70328972265625 0.31170988671875 0.67618084765625 0.284051103515625 0.627800021484375 0.278365330078125 0.606735755859375 0.28990005859375 0.56215052734375 0.328540482421875 0.561502109375 0.344712470703125 0.565555521484375 0.387325998046875 0.60819396875 0.409292708984375 0.635717619140625 0.4128940390625 0.6795913828125 0.4063331875 0.721119185546875 0.4127976015625 0.753567208984375 0.3375884375
0 0.3369140625 0.482421875 0.16015625 0.123046875
1 0.3466796875 0.5419921875 0.013671875 0.009765625
1 0.2607421875 0.6083984375 0.021484375 0.017578125
1 0.255859375 0.619140625 0.01953125 0.017578125
1 0.291015625 0.64453125 0.017578125 0.015625
1 0.275390625 0.7412109375 0.017578125 0.013671875
1 0.361328125 0.6826171875 0.046875 0.041015625
0 0.32473846484375 0.716767296875 0.319354880859375 0.69909657421875 0.2988174921875 0.661477328125 0.247717455078125 0.628772474609375 0.218120345703125 0.64043498828125 0.1897731796875 0.696561220703125 0.198508189453125 0.7312624609375 0.24201708203125 0.761781416015625 0.266460048828125 0.7550899609375 0.273786015625 0.7385354140625 0.29362291015625 0.737647322265625 0.323790658203125 0.716396837890625 0.32473846484375 0.716767296875
0 0.234375 0.8955078125 0.158203125 0.12890625
1 0.408203125 0.8330078125 0.046875 0.046875
1 0.4072265625 0.8857421875 0.033203125 0.037109375
1 0.407826123046875 0.91239581640625 0.392124138671875 0.896982470703125 0.389558203125 0.87253823046875 0.367093302734375 0.86774821875 0.346683224609375 0.885541990234375 0.3518258125 0.917688197265625 0.389631982421875 0.92768519140625 0.407826123046875 0.91239581640625
1 0.364434322265625 0.978133681640625 0.383586875 0.986445287109375 0.393579443359375 0.975549017578125 0.41683112890625 0.9415655625 0.374783203125 0.920112283203125 0.349437279296875 0.924759755859375 0.3471024140625 0.94884567578125 0.364434322265625 0.978133681640625
1 0.41777526171875 0.94630256640625 0.380100037109375 0.944129193359375 0.34505469921875 0.93200638671875 0.316975013671875 0.9125978671875 0.304605255859375 0.944441029296875 0.34213918359375 0.975339412109375 0.391097640625 0.9874405390625 0.444773359375 0.96183384765625 0.41777526171875 0.94630256640625
0 0.575007072265625 1 0.57594528515625 0.999644005859375 0.588958828125 0.95679605078125 0.5553191640625 0.897094435546875 0.500890404296875 0.8822419375 0.471277046875 0.8843381328125 0.4347656796875 0.9129026640625 0.428679431640625 0.944612369140625 0.458373109375 0.99436245703125 0.47022384765625 1 0.575007072265625 1
1 0.6337890625 0.8779296875 0.01171875 0.0078125
1 0.6162109375 0.736328125 0.015625 0.015625
0 0.592831908203125 0.81376464453125 0.61662016015625 0.800174322265625 0.62851253515625 0.766595669921875 0.5636749375 0.71076091796875 0.52565457421875 0.700636841796875 0.4782461171875 0.723029001953125 0.470235287109375 0.747491255859375 0.49076354296875 0.795765287109375 0.50793840234375 0.8057333359375 0.5495275390625 0.81372862109375 0.592831908203125 0.81376464453125
1 0.695326201171875 0.591329658203125 0.657515431640625 0.572105873046875 0.642837369140625 0.544860783203125 0.61890633203125 0.530520865234375 0.586673974609375 0.545431712890625 0.55892368359375 0.531617041015625 0.537047751953125 0.516295220703125 0.507871283203125 0.501627669921875 0.47672008984375 0.478625072265625 0.46537317578125 0.50160084765625 0.4887838984375 0.537427107421875 0.467331986328125 0.551313576171875 0.419786171875 0.555112318359375 0.38993798828125 0.582752689453125 0.41245539453125 0.612450041015625 0.469366568359375 0.6511719375 0.518340212890625 0.67882433984375 0.563542728515625 0.710728611328125 0.595819384765625 0.706359669921875 0.61789012109375 0.68573176953125 0.633317998046875 0.6713224140625 0.654824625 0.6345263125 0.68647146875 0.60798573046875 0.694498453125 0.5935404453125 0.695326201171875 0.591329658203125
1 0.75 0.4501953125 0.017578125 0.015625
1 0.7451171875 0.4697265625 0.01171875 0.009765625
1 0.0234375 0.787109375 0.046875 0.1953125
1 0.515625 0.392578125 0.01171875 0.0078125
1 0.4296875 0.732421875 0.017578125 0.01171875
1 0.431640625 0.791015625 0.01171875 0.009765625
1 0.451171875 0.669921875 0.009765625 0.0078125
1 0.380859375 0.8154296875 0.013671875 0.015625
1 0.40625 0.86328125 0.01953125 0.01171875