0 0.0439453125 0.630859375 0.087890625 0.1044921875
1 0.11328125 0.603515625 0.021484375 0.0263671875
0 0.0576171875 0.3427734375 0.115234375 0.1904296875
0 0.22265625 0.3271484375 0.134765625 0.125
1 0.1953125 0.451171875 0.056640625 0.0908203125
1 0.2041015625 0.552734375 0.015625 0.0185546875
0 0.228515625 0.685546875 0.1669921875 0.212890625
0 0.4404296875 0.638671875 0.140625 0.21875
0 0.443359375 0.33984375 0.15625 0.1845703125
1 0.626953125 0.466796875 0.0107421875 0.015625
1 0.5830078125 0.5869140625 0.0107421875 0.0185546875
1 0.740234375 0.6279296875 0.009765625 0.013671875
1 0.6259765625 0.5341796875 0.0205078125 0.0263671875
0 0.71690312109375 0.541377314453125 0.67368344921875 0.52040683984375 0.639787462890625 0.540329921875 0.620834916015625 0.55589916015625 0.59361549609375 0.60146152734375 0.593513771484375 0.6457836015625 0.6207275390625 0.71426956640625 0.66680230078125 0.74517294921875 0.69165604296875 0.73865801171875 0.735938177734375 0.70661078515625 0.750274658203125 0.68835901171875 0.736869529296875 0.64104395703125 0.738741275390625 0.612407166015625 0.746070013671875 0.589580017578125 0.71690312109375 0.541377314453125
1 0.7060546875 0.4423828125 0.044921875 0.076171875
0 0.693359375 0.318359375 0.130859375 0.181640625
1 0.7919921875 0.453125 0.0234375 0.0185546875
1 0.826171875 0.49609375 0.0439453125 0.080078125
1 0.8583984375 0.5400390625 0.0126953125 0.0107421875
0 0.9248046875 0.296875 0.150390625 0.162109375
1 0.984375 0.412109375 0.015625 0.013671875
1 0.9921875 0.4609375 0.015625 0.0283203125
1 0.9697265625 0.4921875 0.0283203125 0.025390625
1 0.970703125 0.568359375 0.015625 0.0205078125
0 1 0.597514587890625 0.97193626171875 0.582974658203125 0.9644425 0.54831723828125 0.95930311328125 0.538128134765625 0.920246265625 0.523799189453125 0.87402117578125 0.543331947265625 0.84967041015625 0.598355517578125 0.83966403515625 0.663608880859375 0.846905744140625 0.700499734375 0.87845074609375 0.72398847265625 0.9314349140625 0.731229806640625 0.973042806640625 0.72085081640625 1 0.67038905859375 1 0.597514587890625