0 0.107421875 0.7607421875 0.142578125 0.138671875
1 0.1083984375 0.66015625 0.046875 0.044921875
0 0.310546875 0.7314453125 0.15234375 0.16015625
0 0.53125 0.671875 0.140625 0.166015625
0 0.7333984375 0.61328125 0.162109375 0.1796875
0 0.9296875 0.56640625 0.140625 0.171875
0 0.8759765625 0.248046875 0.158203125 0.1484375
0 0.6865234375 0.310546875 0.140625 0.15234375
1 0.720703125 0.46875 0.06640625 0.064453125
1 0.6494140625 0.5107421875 0.078125 0.078125
1 0.5390625 0.49609375 0.0703125 0.09765625
1 0.455078125 0.5517578125 0.01953125 0.01953125
0 0.4677734375 0.357421875 0.166015625 0.19140625
1 0.2392578125 0.5595703125 0.083984375 0.095703125
0 0.2646484375 0.408203125 0.150390625 0.18359375
0 0.06640625 0.50390625 0.1328125 0.17578125
1 0.5810546875 0.5439453125 0.01171875 0.013671875
1 0.48046875 0.5732421875 0.01171875 0.013671875
1 0.87743473828125 0.446877923828125 0.867234701171875 0.409980669921875 0.85739348046875 0.3990953125 0.8322166328125 0.440184224609375 0.836497849609375 0.48409037109375 0.85643457421875 0.50321159765625 0.88199285546875 0.51330408203125 0.8945615625 0.510572654296875 0.901060556640625 0.492947775390625 0.91616671875 0.47116383203125 0.9117984453125 0.449022203125 0.87743473828125 0.446877923828125
1 0.8828125 0.435546875 0.015625 0.021484375