1 0.2548828125 0.298828125 0.0126953125 0.0126953125
1 0.283203125 0.361328125 0.0126953125 0.0205078125
1 0.2333984375 0.4248046875 0.021484375 0.03125
0 0.256634294921875 0.325665509765625 0.23572319921875 0.3138406640625 0.21056224609375 0.306726224609375 0.17777777734375 0.30617283984375 0.17777506640625 0.306356095703125 0.17167516796875 0.31318480078125 0.15997721484375 0.346393953125 0.169943576171875 0.38159722265625 0.185223162109375 0.39837601171875 0.205984158203125 0.42241030078125 0.22188766015625 0.43101128515625 0.226683666015625 0.4225549765625 0.23480631640625 0.406797357421875 0.24927300390625 0.377968267578125 0.266255244140625 0.35240403125 0.26901041796875 0.33321638671875 0.256634294921875 0.325665509765625
1 0.1552734375 0.421875 0.029296875 0.0341796875
1 0.060546875 0.4609375 0.0126953125 0.015625
1 0.0244140625 0.48828125 0.015625 0.0185546875
1 0.048828125 0.4970703125 0.0126953125 0.009765625
0 0.025390625 0.6484375 0.05078125 0.15625
1 0.0859375 0.666015625 0.0498046875 0.064453125
1 0.1103515625 0.517578125 0.046875 0.0810546875
1 0.1640625 0.517578125 0.009765625 0.0126953125
0 0.205078125 0.666015625 0.150390625 0.1875
1 0.232421875 0.509765625 0.015625 0.015625
1 0.2578125 0.455078125 0.021484375 0.0595703125
1 0.26232729296875 0.425034962890625 0.251029912109375 0.470469232421875 0.240261501953125 0.504387296875 0.25244140625 0.545713974609375 0.268694841796875 0.54537398828125 0.286355251953125 0.525385802734375 0.2989221640625 0.50085841015625 0.308329716796875 0.46347415234375 0.301580583984375 0.436828462890625 0.27777777734375 0.405864197265625 0.277454970703125 0.406433255859375 0.26232729296875 0.425034962890625
1 0.306640625 0.529296875 0.0498046875 0.0654296875
1 0.3291015625 0.515625 0.025390625 0.025390625
1 0.34765625 0.48828125 0.0341796875 0.0595703125
1 0.384765625 0.486328125 0.03125 0.0341796875
1 0.3662109375 0.462890625 0.0078125 0.009765625
1 0.310546875 0.4638671875 0.0078125 0.009765625
1 0.408203125 0.4521484375 0.021484375 0.0234375
0 0.44551013671875 0.27207513671875 0.42369507421875 0.260234099609375 0.400132275390625 0.238536154296875 0.399808044921875 0.23807284765625 0.38138382421875 0.260824859375 0.35889188671875 0.315298791015625 0.360621537109375 0.34427703515625 0.36967928515625 0.392941537109375 0.401787005859375 0.4346340390625 0.429864470703125 0.433294064453125 0.46793232421875 0.418705908203125 0.48929010546875 0.39310516015625 0.50667576171875 0.33604773046875 0.494004990234375 0.3166353203125 0.468814587890625 0.2913876484375 0.44551013671875 0.27207513671875
1 0.5126953125 0.337890625 0.0078125 0.0126953125
1 0.556640625 0.3115234375 0.015625 0.015625
1 0.564453125 0.47265625 0.078125 0.0751953125
1 0.4833984375 0.490234375 0.0517578125 0.068359375
1 0.4580078125 0.4501953125 0.009765625 0.009765625
1 0.381715099609375 0.597070970703125 0.3915900546875 0.59750828515625 0.413759173828125 0.60442642578125 0.42092720703125 0.586654302734375 0.41016200390625 0.570725703125 0.38631924609375 0.55247351953125 0.362534853515625 0.555728728515625 0.350348373046875 0.57085503515625 0.35138412109375 0.60948241015625 0.362147681640625 0.623868896484375 0.37469831640625 0.610876560546875 0.381715099609375 0.597070970703125
0 0.353067623046875 0.662624509765625 0.357112794921875 0.68477088671875 0.39240303515625 0.7216161171875 0.40703009765625 0.737386888671875 0.432424833984375 0.729601791015625 0.47446880859375 0.70264603515625 0.50299216015625 0.67247014453125 0.50407723046875 0.636680388671875 0.47671786328125 0.59116446484375 0.454787951171875 0.5633450390625 0.4363960234375 0.55272889453125 0.426724931640625 0.55950455078125 0.411984427734375 0.594975361328125 0.38623046875 0.59556283203125 0.37440403515625 0.6128910625 0.353067623046875 0.662624509765625
1 0.5966796875 0.5576171875 0.083984375 0.0546875
1 0.638671875 0.5947265625 0.044921875 0.044921875
0 0.71959494921875 0.666795267578125 0.71939300390625 0.60665294921875 0.6851540390625 0.59927581640625 0.64962404296875 0.61674811328125 0.627986955078125 0.60431937890625 0.599306962890625 0.593526287109375 0.58109387109375 0.60424168359375 0.5703074765625 0.641472962890625 0.575126994140625 0.69159379296875 0.59960334765625 0.73030398046875 0.63567587890625 0.762297453125 0.67482578515625 0.76401748828125 0.694414302734375 0.74098856640625 0.7157399375 0.699789416015625 0.71959494921875 0.666795267578125
1 0.630859375 0.4775390625 0.0126953125 0.013671875
1 0.6904296875 0.5234375 0.0439453125 0.0439453125
1 0.6953125 0.4794921875 0.0341796875 0.025390625
0 0.57319798046875 0.352919505859375 0.56303248828125 0.38745954296875 0.595517255859375 0.41580530859375 0.63553723046875 0.43548793359375 0.67944436328125 0.4301228671875 0.70020133984375 0.401707443359375 0.7158454296875 0.36674811328125 0.709166224609375 0.348899390625 0.6897123359375 0.326020501953125 0.657921810546875 0.2935528125 0.6189015078125 0.315937392578125 0.57319798046875 0.352919505859375
1 0.70691169140625 0.37869593359375 0.69375823828125 0.410357189453125 0.692145705078125 0.4472830390625 0.72138933203125 0.491849923828125 0.74462991015625 0.501091767578125 0.772624703125 0.477267125 0.7894221796875 0.422843525390625 0.77515251171875 0.373278625 0.752637322265625 0.35297576953125 0.7175845546875 0.319159111328125 0.70856240234375 0.333345388671875 0.70691169140625 0.37869593359375
1 0.7626953125 0.359375 0.0263671875 0.0283203125
1 0.8359375 0.4384765625 0.052734375 0.052734375
0 0.892578125 0.3369140625 0.1279296875 0.1826171875
1 0.923828125 0.5185546875 0.0595703125 0.048828125
1 0.966796875 0.48046875 0.013671875 0.0126953125
0 0.90625 0.6826171875 0.1611328125 0.171875
1 0.779296875 0.6943359375 0.0625 0.1044921875
1 0.900390625 0.5830078125 0.009765625 0.021484375
1 0.4140625 0.22265625 0.107421875 0.0908203125
1 0.177734375 0.2490234375 0.009765625 0.0107421875
1 0.1220703125 0.23828125 0.0107421875 0.009765625