1 0.033203125 0.501953125 0.06640625 0.20703125
1 0.0185546875 0.3935546875 0.01171875 0.01171875
1 0.0380859375 0.3935546875 0.01171875 0.013671875
1 0.04296875 0.373046875 0.0078125 0.01171875
1 0.052734375 0.3740234375 0.0078125 0.01171875
0 0.15671544140625 0.4953417734375 0.15162449609375 0.467120314453125 0.129007265625 0.455898892578125 0.10471836328125 0.44897724609375 0.076695056640625 0.45849492578125 0.062942658203125 0.477852625 0.049683705078125 0.492281248046875 0.039024134765625 0.518756849609375 0.034565630859375 0.544339970703125 0.040843349609375 0.56896643359375 0.0482431640625 0.579456998046875 0.08577928125 0.56149975390625 0.12443942578125 0.54958836328125 0.14153106640625 0.546647875 0.151756705078125 0.536753298828125 0.15671544140625 0.4953417734375
1 0.1298828125 0.560546875 0.0234375 0.021484375
1 0.140625 0.583984375 0.025390625 0.029296875
1 0.150390625 0.599609375 0.013671875 0.015625
1 0.1318359375 0.6142578125 0.0078125 0.009765625
1 0.1611328125 0.5751953125 0.01171875 0.013671875
1 0.2080078125 0.5966796875 0.0234375 0.029296875
1 0.21875 0.6162109375 0.0234375 0.025390625
1 0.2265625 0.5986328125 0.015625 0.017578125
0 0.3017578125 0.5947265625 0.150390625 0.189453125
1 0.375 0.62890625 0.017578125 0.0234375
1 0.3720703125 0.6083984375 0.025390625 0.029296875
1 0.4375 0.576171875 0.0390625 0.04296875
1 0.4072265625 0.626953125 0.017578125 0.025390625
1 0.4248046875 0.6181640625 0.02734375 0.046875
1 0.4375 0.623046875 0.017578125 0.0234375
1 0.455078125 0.6318359375 0.015625 0.0234375
1 0.5439453125 0.69140625 0.0078125 0.01171875
1 0.552734375 0.7197265625 0.017578125 0.021484375
1 0.5537109375 0.6982421875 0.009765625 0.017578125
1 0.572265625 0.6748046875 0.009765625 0.013671875
0 0.54708728125 0.708059015625 0.563015716796875 0.684842482421875 0.577011173828125 0.654860953125 0.580304978515625 0.62825741796875 0.555908642578125 0.612814798828125 0.519901876953125 0.60098876953125 0.49112128515625 0.598349255859375 0.4754258828125 0.6304652265625 0.465172890625 0.6691491484375 0.466342865234375 0.705016560546875 0.469163470703125 0.724557189453125 0.489805015625 0.7331601171875 0.51895812109375 0.72875839453125 0.54708728125 0.708059015625
1 0.13671875 0.365234375 0.068359375 0.08203125
1 0.07421875 0.3505859375 0.01953125 0.0234375
1 0.0693359375 0.2958984375 0.033203125 0.037109375
1 0.1279296875 0.265625 0.02734375 0.029296875
0 0.1611328125 0.203125 0.1484375 0.142578125
1 0.30078125 0.265625 0.0234375 0.037109375
1 0.138671875 0.7451171875 0.0234375 0.021484375
1 0.2314453125 0.888671875 0.017578125 0.029296875
1 0.22265625 0.9326171875 0.0703125 0.037109375
1 0.32421875 0.958984375 0.03515625 0.029296875
1 0.29296875 0.4443359375 0.015625 0.015625
1 0.30859375 0.453125 0.013671875 0.017578125
1 0.431640625 0.48828125 0.01171875 0.01171875
1 0.44140625 0.5009765625 0.009765625 0.01171875
1 0.599609375 0.708984375 0.025390625 0.025390625
1 0.625 0.6884765625 0.015625 0.015625
1 0.654296875 0.67578125 0.03125 0.044921875
1 0.5869140625 0.525390625 0.015625 0.015625
1 0.5693359375 0.521484375 0.0078125 0.01171875
1 0.5791015625 0.5439453125 0.021484375 0.03125
1 0.591796875 0.556640625 0.009765625 0.017578125
1 0.7041015625 0.5673828125 0.060546875 0.08203125
1 0.71875 0.5810546875 0.013671875 0.015625
1 0.7314453125 0.56640625 0.015625 0.017578125
1 0.6513671875 0.5322265625 0.10546875 0.12890625
1 0.6748046875 0.5185546875 0.119140625 0.166015625
1 0.6484375 0.4228515625 0.064453125 0.107421875
1 0.6865234375 0.3701171875 0.037109375 0.03515625
1 0.7646484375 0.4091796875 0.015625 0.013671875
1 0.7060546875 0.388671875 0.009765625 0.017578125
1 0.71875 0.4111328125 0.009765625 0.01171875
1 0.7421875 0.3837890625 0.009765625 0.017578125
1 0.4765625 0.2998046875 0.013671875 0.017578125
1 0.4501953125 0.2998046875 0.009765625 0.01171875
1 0.3818359375 0.4296875 0.025390625 0.033203125
1 0.2265625 0.1484375 0.015625 0.015625
0 0.37890625 0.3076171875 0.15625 0.1796875
1 0.4619140625 0.224609375 0.03125 0.041015625
0 0.63140368359375 0.35662393359375 0.633153005859375 0.310787380859375 0.616623916015625 0.28780604296875 0.588745671875 0.27083757421875 0.56937780859375 0.277377580078125 0.539786087890625 0.297486919921875 0.5141839921875 0.337813654296875 0.5174768046875 0.353622427734375 0.544027189453125 0.3797039765625 0.55620579296875 0.421847494140625 0.555778546875 0.4187124609375 0.586466673828125 0.44833975390625 0.607296501953125 0.45392108984375 0.6195667734375 0.402127470703125 0.63140368359375 0.35662393359375
1 0.5498046875 0.25390625 0.091796875 0.099609375
0 0.84375 0.412109375 0.15625 0.177734375
1 0.9814453125 0.4697265625 0.037109375 0.041015625
1 0.8916015625 0.642578125 0.216796875 0.2578125
1 0.8515625 0.7568359375 0.01953125 0.03125
1 0.8671875 0.7734375 0.017578125 0.021484375
0 0.904296875 0.810546875 0.078125 0.1015625
0 0.7451171875 0.72265625 0.169921875 0.208984375
1 0.6787109375 0.6552734375 0.01953125 0.01953125
1 0.162109375 0.5478515625 0.01171875 0.01171875