0 0.8408203125 0.7275390625 0.1796875 0.21484375
1 0.7001953125 0.6962890625 0.029296875 0.037109375
0 0.6279296875 0.6875 0.150390625 0.17578125
0 0.3779296875 0.6474609375 0.1640625 0.181640625
1 0.4140625 0.5068359375 0.1875 0.1875
1 0.53515625 0.5126953125 0.02734375 0.033203125
1 0.5517578125 0.5302734375 0.015625 0.015625
1 0.322265625 0.4716796875 0.03515625 0.0390625
1 0.29296875 0.4912109375 0.009765625 0.013671875
1 0.2890625 0.4580078125 0.0234375 0.01953125
1 0.2607421875 0.462890625 0.015625 0.015625
1 0.24609375 0.4619140625 0.017578125 0.015625
0 0.203125 0.6083984375 0.109375 0.130859375
1 0.1474609375 0.62890625 0.01171875 0.013671875
1 0.0517578125 0.5498046875 0.021484375 0.025390625
0 0.0595703125 0.263671875 0.05859375 0.087890625
1 0.07421875 0.4267578125 0.01171875 0.013671875
0 0.2138671875 0.32421875 0.15625 0.171875
1 0.2783203125 0.345703125 0.01171875 0.017578125
1 0.171875 0.41796875 0.0078125 0.013671875
0 0.4384765625 0.349609375 0.17578125 0.1953125
0 0.671875 0.3984375 0.16796875 0.1953125
0 0.8759765625 0.443359375 0.109375 0.150390625
1 0.5625 0.37109375 0.009765625 0.01171875