0 0.646484375 0.859375 0.1484375 0.109375
1 0.515625 0.9375 0.166015625 0.0810546875
1 0.505859375 0.8515625 0.0341796875 0.0283203125
1 0.4912109375 0.8681640625 0.009765625 0.0126953125
1 0.521484375 0.796875 0.013671875 0.0126953125
1 0.3642578125 0.958984375 0.021484375 0.0126953125
0 0.32421875 0.8564453125 0.1123046875 0.1142578125
1 0.419921875 0.724609375 0.109375 0.078125
1 0.486328125 0.7412109375 0.013671875 0.0126953125
1 0.4853515625 0.68359375 0.0078125 0.0107421875
1 0.5146484375 0.650390625 0.0185546875 0.017578125
1 0.576171875 0.6689453125 0.037109375 0.046875
1 0.4638671875 0.5693359375 0.025390625 0.0185546875
0 0.284832451171875 0.6995042265625 0.31126680859375 0.71699838671875 0.33328338671875 0.72239919140625 0.37190669140625 0.70574854296875 0.39841338671875 0.676073185546875 0.40947765234375 0.653736255859375 0.45097897265625 0.617649947265625 0.458112875 0.6021825390625 0.42436376953125 0.575905775390625 0.39447096875 0.56091373046875 0.35391865234375 0.5657900859375 0.29252438671875 0.57742874609375 0.274238384765625 0.583848740234375 0.263287794921875 0.617266296875 0.26767801953125 0.664486193359375 0.284832451171875 0.6995042265625
1 0.4111328125 0.4775390625 0.0654296875 0.044921875
1 0.353515625 0.5029296875 0.0185546875 0.0126953125
1 0.4638671875 0.482421875 0.0185546875 0.0126953125
1 0.5068359375 0.5283203125 0.017578125 0.013671875
1 0.48046875 0.517578125 0.009765625 0.017578125
1 0.5322265625 0.47265625 0.029296875 0.0185546875
1 0.51953125 0.455078125 0.021484375 0.013671875
1 0.466796875 0.447265625 0.0126953125 0.005859375
1 0.466796875 0.435546875 0.0126953125 0.009765625
1 0.4755859375 0.427734375 0.015625 0.009765625
1 0.4423828125 0.42578125 0.0185546875 0.009765625
1 0.708984375 0.6015625 0.0283203125 0.017578125
1 0.650390625 0.740234375 0.025390625 0.0205078125
0 0.587342923828125 0.649337849609375 0.618196787109375 0.66727637109375 0.67332692578125 0.68033595703125 0.71075837890625 0.66699735546875 0.713937802734375 0.63679237890625 0.6952935546875 0.606791501953125 0.66954812890625 0.57595615234375 0.6354080546875 0.55152271484375 0.60328827734375 0.556588955078125 0.57223806640625 0.582436859375 0.57413091015625 0.606866423828125 0.587342923828125 0.649337849609375
0 0.6474609375 0.4052734375 0.125 0.1064453125
1 0.51171875 0.39453125 0.017578125 0.0107421875
1 0.5068359375 0.373046875 0.015625 0.0185546875
1 0.5166015625 0.265625 0.0439453125 0.025390625
1 0.5078125 0.236328125 0.025390625 0.0185546875
1 0.427457080078125 0.25231610546875 0.41444313671875 0.2845065 0.40708877734375 0.34469426953125 0.411015693359375 0.36826740234375 0.461020171875 0.394932984375 0.49035666015625 0.379545666015625 0.500861166015625 0.363987837890625 0.5467664921875 0.387341373046875 0.588769013671875 0.383643095703125 0.589506173828125 0.3829365078125 0.564911265625 0.35217349609375 0.53666501171875 0.33593491796875 0.52578159375 0.318146236328125 0.5155199375 0.303559802734375 0.497723076171875 0.29245592578125 0.47325906640625 0.27588278125 0.451261435546875 0.25874901953125 0.427457080078125 0.25231610546875
1 0.509765625 0.294921875 0.0185546875 0.0107421875
1 0.4716796875 0.2841796875 0.0107421875 0.009765625
1 0.294921875 0.25 0.0341796875 0.0283203125
0 0.3232421875 0.4150390625 0.138671875 0.119140625
1 0.3486328125 0.3359375 0.0126953125 0.009765625
0 0.17942570703125 0.19115694140625 0.217611537109375 0.230685763671875 0.255160107421875 0.243908111328125 0.27148265234375 0.242329591796875 0.2871886015625 0.2369287890625 0.319208484375 0.23780588671875 0.367240892578125 0.23438016796875 0.38239052734375 0.20859168359375 0.388888888671875 0.154761904296875 0.34921668359375 0.134411685546875 0.321404458984375 0.1204775859375 0.29250544140625 0.1013674453125 0.2768029375 0.09293232421875 0.247394111328125 0.093284970703125 0.20570677734375 0.124882451171875 0.18130476953125 0.161203859375 0.17942570703125 0.19115694140625
1 0.40234375 0.1064453125 0.025390625 0.013671875
1 0.4970703125 0.0810546875 0.015625 0.0126953125
1 0.4619140625 0.07421875 0.03125 0.03125
1 0.486328125 0.103515625 0.0810546875 0.0283203125
1 0.498046875 0.12890625 0.0126953125 0.009765625
0 0.630859375 0.201171875 0.169921875 0.134765625
1 0.69921875 0.009765625 0.015625 0.0185546875
1 0.4130859375 0.0048828125 0.0185546875 0.009765625
1 0.466796875 0.1806640625 0.009765625 0.015625
1 0.4677734375 0.1611328125 0.0107421875 0.0078125
1 0.2998046875 0.3369140625 0.017578125 0.009765625