0 0.308917763671875 0.880771212890625 0.343001 0.916511818359375 0.38396689453125 0.932840982421875 0.41550473828125 0.931889287109375 0.457995755859375 0.908619068359375 0.47279941796875 0.878532126953125 0.4658821015625 0.831205013671875 0.452710564453125 0.805068404296875 0.41922562109375 0.804779052734375 0.391506619140625 0.80916680078125 0.37590723828125 0.826964201171875 0.34717399609375 0.8446949140625 0.297453703125 0.849826388671875 0.308917763671875 0.880771212890625
1 0.482421875 0.8212890625 0.021484375 0.0185546875
1 0.561633451171875 0.909476951171875 0.572007919921875 0.909751609375 0.595003857421875 0.899759927734375 0.59435130859375 0.885166875 0.58649359765625 0.860943830078125 0.56203432421875 0.851507115234375 0.52426034375 0.844580755859375 0.51041666796875 0.8515625 0.519213263671875 0.864766439453125 0.542524173828125 0.88441523828125 0.561633451171875 0.909476951171875
0 0.569058642578125 0.914930556640625 0.585574302734375 0.945773654296875 0.627806111328125 0.96537611328125 0.686282310546875 0.958275689453125 0.731936607421875 0.92197107421875 0.732515310546875 0.89302345703125 0.715181326171875 0.858656142578125 0.70134819921875 0.82070131640625 0.6749267578125 0.804304333984375 0.6211389609375 0.8092176640625 0.57573935546875 0.82958984375 0.578661505859375 0.84871871484375 0.59568051953125 0.872970015625 0.59543336328125 0.89709698828125 0.569058642578125 0.914930556640625
1 0.55745442578125 0.673717357421875 0.56214283203125 0.6553887265625 0.555545005859375 0.63874986328125 0.5280912421875 0.637842248046875 0.50902868359375 0.648200140625 0.4972993828125 0.673611111328125 0.518681279296875 0.673898201171875 0.544905296875 0.66654685546875 0.55056273046875 0.674976490234375 0.55745442578125 0.673717357421875
1 0.5676254453125 0.691222013671875 0.560703607421875 0.68186216015625 0.56911289453125 0.676174587890625 0.57578305859375 0.67451985546875 0.57044512109375 0.66984049609375 0.55096962890625 0.675268103515625 0.54463704296875 0.667999267578125 0.534166123046875 0.668015091796875 0.52391975390625 0.67534722265625 0.543821736328125 0.69489203515625 0.561413423828125 0.698103162109375 0.5676254453125 0.691222013671875
0 0.598616236328125 0.74086055078125 0.62944125 0.7586771640625 0.71834460546875 0.742789939453125 0.760265962890625 0.701063369140625 0.75273980078125 0.66140294921875 0.731654791015625 0.633544921875 0.6933458125 0.5933871796875 0.623196072265625 0.578469736328125 0.58856728515625 0.593885634765625 0.56435516796875 0.6450681328125 0.561764564453125 0.675560845703125 0.56354437890625 0.69373010546875 0.55787037109375 0.69820601953125 0.598616236328125 0.74086055078125
0 0.3495038828125 0.73054334765625 0.396395458984375 0.72892591796875 0.453007451171875 0.707282171875 0.47946656640625 0.686081498046875 0.47852617578125 0.632046169921875 0.453326943359375 0.600970232421875 0.39784824609375 0.58845802734375 0.380875953125 0.610943830078125 0.37792366015625 0.6351182734375 0.36548755859375 0.642068369140625 0.334034107421875 0.65515701953125 0.320606373046875 0.67464983984375 0.3495038828125 0.73054334765625
1 0.37890625 0.5732421875 0.0439453125 0.025390625
1 0.5009765625 0.4912109375 0.009765625 0.009765625
1 0.5166015625 0.455078125 0.017578125 0.0185546875
1 0.5224609375 0.494140625 0.0126953125 0.0205078125
1 0.46682098828125 0.54369212890625 0.509456681640625 0.544245966796875 0.536756728515625 0.55818006640625 0.551165544921875 0.555332890625 0.56619827734375 0.528164333984375 0.57854244921875 0.498713740234375 0.59301004296875 0.47110211328125 0.57706253515625 0.471246791015625 0.55900065234375 0.480144359375 0.543643904296875 0.50105794140625 0.52179783984375 0.51628734375 0.486935462890625 0.521783900390625 0.46713746484375 0.53254078125 0.46682098828125 0.54369212890625
1 0.54296875 0.4140625 0.025390625 0.0185546875
1 0.55818684765625 0.44901077734375 0.582454728515625 0.441549794921875 0.57873384375 0.43929375390625 0.565278982421875 0.425791421875 0.54637767578125 0.4229770234375 0.5294792265625 0.422679759765625 0.52928632421875 0.431540029296875 0.54783046484375 0.44124462109375 0.55818684765625 0.44901077734375
1 0.53603485546875 0.432464599609375 0.527468833984375 0.44113950390625 0.538097994140625 0.467358625 0.54305012890625 0.48843948828125 0.549913193359375 0.484183982421875 0.559635115234375 0.48039528125 0.59088059375 0.4650178125 0.576031720703125 0.44788501953125 0.55116253125 0.440259015625 0.53603485546875 0.432464599609375
0 0.4072265625 0.458984375 0.162109375 0.103515625
0 0.6650390625 0.47265625 0.142578125 0.099609375
1 0.6171875 0.369140625 0.03125 0.025390625
1 0.416015625 0.3505859375 0.013671875 0.009765625
1 0.417588974609375 0.35427743359375 0.40702160546875 0.36255787109375 0.4073787734375 0.36247423046875 0.4304952734375 0.377988462890625 0.45702673046875 0.404503716796875 0.48186426953125 0.4140941484375 0.51035035546875 0.41759349609375 0.52991174609375 0.39419781640625 0.532533998046875 0.37411612109375 0.531887478515625 0.36276358203125 0.50844696484375 0.3408621328125 0.47420548828125 0.321785255859375 0.458964783203125 0.32559430078125 0.439465181640625 0.34674072265625 0.417588974609375 0.35427743359375
1 0.4326171875 0.3125 0.0126953125 0.009765625
1 0.4921875 0.2763671875 0.0625 0.0390625
1 0.44483024609375 0.30729166796875 0.462397822265625 0.314483642578125 0.50146936328125 0.3280933515625 0.53017698828125 0.34049705078125 0.557237412109375 0.335254810546875 0.573519482421875 0.3099229609375 0.60277566796875 0.29675519140625 0.598667474609375 0.28824530859375 0.5744312421875 0.289311162109375 0.534710166015625 0.294573748046875 0.5059814453125 0.29729207421875 0.47766866796875 0.2933383515625 0.45568094140625 0.293028654296875 0.44483024609375 0.30729166796875
1 0.615234375 0.306640625 0.03125 0.0283203125
0 0.662769458984375 0.195089833984375 0.637570228515625 0.203499123046875 0.618946216796875 0.21529133984375 0.59837962890625 0.240451388671875 0.600376458984375 0.241287796875 0.605117609375 0.25581642578125 0.627590603515625 0.283249466796875 0.63008927734375 0.30341254296875 0.6399694375 0.31205919140625 0.66605330078125 0.316971390625 0.70591001171875 0.31128494921875 0.727016119140625 0.29413858984375 0.74573507421875 0.258575439453125 0.737958744140625 0.23840219140625 0.71953516796875 0.215715197265625 0.69074315234375 0.19538596875 0.662769458984375 0.195089833984375
0 0.3853925546875 0.280808060546875 0.3903356484375 0.306167037109375 0.41765830078125 0.307907669921875 0.450923212890625 0.292655662109375 0.45955705078125 0.268508345703125 0.45955705078125 0.246120876953125 0.456402814453125 0.20251238671875 0.40141993359375 0.19956235546875 0.356874818359375 0.20640507421875 0.332659685546875 0.228234185546875 0.332139755859375 0.24068309765625 0.344135802734375 0.279224537109375 0.3853925546875 0.280808060546875
1 0.373046875 0.2978515625 0.0283203125 0.017578125
1 0.45703125 0.1328125 0.0107421875 0.015625
1 0.5234375 0.130859375 0.0126953125 0.009765625
1 0.5283203125 0.1162109375 0.015625 0.0107421875
0 0.421875 0.056640625 0.1328125 0.0986328125
1 0.513671875 0.013671875 0.0205078125 0.0126953125
1 0.5302734375 0.052734375 0.017578125 0.0126953125
1 0.54735725390625 0.06624575 0.547655646484375 0.07873648046875 0.5620584375 0.06886008984375 0.573894736328125 0.04877726171875 0.580355419921875 0.033440484375 0.57298900390625 0.01274278515625 0.54221221484375 0.019831904296875 0.52901656640625 0.022844103515625 0.5177469140625 0.040219908203125 0.526294849609375 0.04565090625 0.542891890625 0.04661842578125 0.54735725390625 0.06624575
0 0.638671875 0.0703125 0.119140625 0.1123046875
1 0.38547242578125 0.822118689453125 0.38803590234375 0.79228380078125 0.41814356640625 0.78519919921875 0.42400595703125 0.76544189453125 0.3695068359375 0.756769251953125 0.32121823046875 0.76058846875 0.31822826171875 0.7607738359375 0.28650053125 0.777075873046875 0.286693431640625 0.792791294921875 0.30695408984375 0.806749130859375 0.33479817578125 0.82050577734375 0.34375 0.845196759765625 0.38547242578125 0.822118689453125