0 0.3759765625 0.91796875 0.146484375 0.119140625
1 0.28515625 0.951171875 0.0185546875 0.0126953125
1 0.3701171875 0.837890625 0.013671875 0.009765625
0 0.671875 0.904296875 0.1875 0.1455078125
0 0.380859375 0.6904296875 0.125 0.0888671875
1 0.37890625 0.6435546875 0.0126953125 0.005859375
1 0.55078125 0.814453125 0.015625 0.0126953125
0 0.658203125 0.685546875 0.169921875 0.1279296875
1 0.5341796875 0.599609375 0.015625 0.013671875
1 0.544921875 0.5703125 0.009765625 0.009765625
1 0.6875 0.5849609375 0.013671875 0.005859375
0 0.6767578125 0.466796875 0.1513671875 0.125
1 0.5732421875 0.396484375 0.037109375 0.0185546875
1 0.5537109375 0.462890625 0.013671875 0.0126953125
0 0.666015625 0.255859375 0.1533203125 0.1220703125
0 0.6591796875 0.052734375 0.166015625 0.1044921875
0 0.3935546875 0.48046875 0.1591796875 0.103515625
1 0.373046875 0.5390625 0.013671875 0.009765625
0 0.349609375 0.275390625 0.103515625 0.09375
0 0.3779296875 0.0498046875 0.150390625 0.099609375
1 0.03515625 0.9892578125 0.05859375 0.021484375