1 0.8935546875 0.357421875 0.01171875 0.013671875
0 1 0.303693775390625 0.997781833984375 0.2982428046875 0.97650427734375 0.284271576171875 0.942638337890625 0.281398232421875 0.910967291015625 0.286428017578125 0.884025857421875 0.3315779296875 0.879404669921875 0.345719025390625 0.889705921875 0.347345568359375 0.899588720703125 0.35358377734375 0.898895072265625 0.36845815234375 0.888276998046875 0.39182740625 0.8888758203125 0.40781602734375 0.888927326171875 0.407586162109375 0.913781169921875 0.40751743359375 0.945295248046875 0.404565734375 0.972671986328125 0.393900244140625 0.99206319921875 0.38054694140625 1 0.355983892578125 1 0.303693775390625
0 0.94921875 0.658203125 0.0859375 0.158203125
1 0.880859375 0.6669921875 0.009765625 0.01171875
1 0.85546875 0.6865234375 0.009765625 0.009765625
1 0.806640625 0.5185546875 0.09375 0.11328125
0 0.778367126953125 0.677639095703125 0.7996656875 0.65584982421875 0.8106001015625 0.62044002734375 0.8055896484375 0.598048185546875 0.76416700390625 0.571072115234375 0.743325578125 0.55183411328125 0.74435536328125 0.5532575703125 0.7113597265625 0.58951222265625 0.684244134765625 0.611043435546875 0.67618768359375 0.6202441015625 0.69335642578125 0.661429984375 0.7208466015625 0.69041769921875 0.735969056640625 0.695095275390625 0.778367126953125 0.677639095703125
1 0.646484375 0.6591796875 0.01171875 0.013671875
1 0.640625 0.63671875 0.01171875 0.013671875
1 0.619140625 0.603515625 0.01171875 0.013671875
1 0.62109375 0.521484375 0.091796875 0.11328125
1 0.638671875 0.4541015625 0.015625 0.01953125
1 0.57421875 0.4990234375 0.0078125 0.009765625
1 0.5703125 0.494140625 0.005859375 0.005859375
1 0.564453125 0.521484375 0.01171875 0.01171875
1 0.538457703125 0.534948818359375 0.551981298828125 0.51559117578125 0.564322763671875 0.50357760546875 0.5634040625 0.471735833984375 0.55262650390625 0.466560609375 0.527336388671875 0.463455375 0.500494615234375 0.453762267578125 0.4866339921875 0.486417140625 0.482915876953125 0.515643509765625 0.486220486328125 0.5443933046875 0.4923761796875 0.554720861328125 0.500766599609375 0.560747490234375 0.514370203125 0.554373875 0.538457703125 0.534948818359375
1 0.517578125 0.4501953125 0.005859375 0.005859375
0 0.7490234375 0.33203125 0.16796875 0.16015625
0 0.541015625 0.314453125 0.119140625 0.140625
1 0.4345703125 0.341796875 0.021484375 0.021484375
1 0.423828125 0.4931640625 0.01171875 0.013671875
1 0.423828125 0.4775390625 0.01171875 0.01171875
1 0.4345703125 0.515625 0.01171875 0.01171875
0 0.5068359375 0.640625 0.1796875 0.189453125
1 0.390625 0.4453125 0.046875 0.080078125
1 0.3701171875 0.4521484375 0.009765625 0.009765625
1 0.388671875 0.4921875 0.017578125 0.01171875
1 0.287109375 0.5009765625 0.083984375 0.0859375
0 0.244140625 0.6201171875 0.16015625 0.185546875
1 0.1826171875 0.6259765625 0.01171875 0.013671875
1 0.2138671875 0.4453125 0.005859375 0.005859375
1 0.1953125 0.46875 0.0078125 0.009765625
0 0.3056640625 0.2724609375 0.15234375 0.19140625
1 0.224609375 0.2470703125 0.0078125 0.013671875
1 0.185546875 0.2548828125 0.0078125 0.009765625
1 0.15234375 0.3330078125 0.005859375 0.005859375
1 0.083984375 0.4736328125 0.02734375 0.033203125
1 0.060546875 0.431640625 0.013671875 0.01171875
1 0.041610171875 0.40728294921875 0.058644576171875 0.4138580546875 0.07304647265625 0.393662150390625 0.08449030078125 0.3553483671875 0.08435412109375 0.35560832421875 0.077754265625 0.343061388671875 0.06904078515625 0.316829947265625 0.057239537109375 0.337164318359375 0.03692498046875 0.341755677734375 0.02965487109375 0.32053726171875 0.024794490234375 0.3643345859375 0.041610171875 0.40728294921875
0 0.030881322265625 0.217910501953125 0.028367029296875 0.238387775390625 0.01764246875 0.3257323046875 0.021891541015625 0.3308131484375 0.03624514453125 0.336764869140625 0.049208552734375 0.34615756640625 0.067285416015625 0.338413994140625 0.07962844140625 0.347294578125 0.0997145390625 0.37042536328125 0.120195669921875 0.353537533203125 0.13575499609375 0.31033720703125 0.12491887109375 0.274056109375 0.099598052734375 0.228933787109375 0.054220396484375 0.216658390625 0.030881322265625 0.217910501953125
0 0.0458984375 0.634765625 0.091796875 0.21484375
1 0.9560546875 0.55078125 0.01171875 0.013671875