0 0.9658203125 0.5947265625 0.068359375 0.197265625
1 0.9267578125 0.4970703125 0.01171875 0.013671875
0 0.8203125 0.60546875 0.12890625 0.18359375
1 0.7353515625 0.6826171875 0.013671875 0.013671875
1 0.697265625 0.5087890625 0.015625 0.03125
1 0.8623046875 0.4931640625 0.01171875 0.013671875
1 0.90625 0.455078125 0.021484375 0.021484375
1 0.828125 0.46875 0.01171875 0.013671875
1 0.634765625 0.4892578125 0.03125 0.025390625
0 0.6025390625 0.6171875 0.138671875 0.181640625
0 0.3857421875 0.6240234375 0.15625 0.1953125
0 0.1669921875 0.6787109375 0.1328125 0.193359375
0 0.0341796875 0.4248046875 0.068359375 0.173828125
0 0.1669921875 0.40625 0.173828125 0.189453125
0 0.3828125 0.357421875 0.15625 0.203125
0 0.5771484375 0.3759765625 0.11328125 0.146484375
1 0.6689453125 0.3154296875 0.013671875 0.01953125
0 0.767578125 0.3330078125 0.13671875 0.193359375
0 0.9404296875 0.3427734375 0.10546875 0.140625
1 0.466796875 0.9892578125 0.0234375 0.021484375
1 0.5556640625 0.9736328125 0.013671875 0.01953125
1 0.314453125 0.9951171875 0.0234375 0.009765625
1 0.3701171875 0.9873046875 0.01953125 0.01953125
1 0.26171875 0.99609375 0.0234375 0.0078125
1 0.0791015625 0.9951171875 0.013671875 0.009765625
1 0.6953125 0.9609375 0.013671875 0.01953125
1 0.6806640625 0.9658203125 0.009765625 0.009765625
1 0.646484375 0.974609375 0.01171875 0.015625
0 0.033203125 0.67578125 0.046875 0.115234375