0 0.0595703125 0.3505859375 0.11328125 0.15625
1 0.060546875 0.4658203125 0.07421875 0.052734375
1 0.0234375 0.4873046875 0.0078125 0.009765625
1 0.013671875 0.5126953125 0.01171875 0.01171875
1 0.0712890625 0.5 0.013671875 0.015625
1 0.0986328125 0.49609375 0.01171875 0.013671875
1 0.1162109375 0.4912109375 0.021484375 0.02734375
1 0.197265625 0.5 0.021484375 0.01953125
1 0.236328125 0.4873046875 0.005859375 0.015625
0 0.044921875 0.6494140625 0.08984375 0.177734375
1 0.0888671875 0.6884765625 0.013671875 0.01953125
1 0.12890625 0.5947265625 0.107421875 0.173828125
1 0.18359375 0.529296875 0.041015625 0.095703125
1 0.212890625 0.509765625 0.02734375 0.052734375
1 0.2705078125 0.513671875 0.07421875 0.0859375
1 0.2998046875 0.5009765625 0.037109375 0.037109375
1 0.33984375 0.509765625 0.01953125 0.029296875
1 0.3720703125 0.5068359375 0.013671875 0.013671875
1 0.41796875 0.5126953125 0.02734375 0.03515625
1 0.4375 0.4970703125 0.0078125 0.01171875
1 0.4892578125 0.4970703125 0.0859375 0.064453125
1 0.49609375 0.5634765625 0.0546875 0.076171875
1 0.5302734375 0.55078125 0.01953125 0.021484375
1 0.5322265625 0.51171875 0.025390625 0.05078125
1 0.5517578125 0.4931640625 0.013671875 0.0234375
1 0.5478515625 0.5302734375 0.013671875 0.015625
1 0.5771484375 0.49609375 0.005859375 0.005859375
1 0.57421875 0.53515625 0.015625 0.017578125
1 0.5888671875 0.5087890625 0.0078125 0.013671875
1 0.5966796875 0.5615234375 0.083984375 0.080078125
1 0.6142578125 0.5009765625 0.005859375 0.0078125
1 0.6201171875 0.505859375 0.005859375 0.0078125
1 0.6376953125 0.4990234375 0.00390625 0.009765625
1 0.646484375 0.5087890625 0.005859375 0.0078125
1 0.658203125 0.525390625 0.013671875 0.015625
1 0.6884765625 0.53125 0.025390625 0.05078125
0 0.4970703125 0.388671875 0.162109375 0.171875
0 0.70703125 0.390625 0.158203125 0.1875
1 0.7939453125 0.498046875 0.05859375 0.0703125
1 0.7412109375 0.5390625 0.015625 0.015625
1 0.7763671875 0.5732421875 0.029296875 0.03515625
1 0.7734375 0.5400390625 0.01171875 0.015625
1 0.7978515625 0.5439453125 0.015625 0.015625
1 0.7822265625 0.5244140625 0.01953125 0.029296875
1 0.8251953125 0.5322265625 0.009765625 0.01171875
1 0.845703125 0.5400390625 0.009765625 0.013671875
1 0.83203125 0.560546875 0.01171875 0.013671875
1 0.890625 0.5419921875 0.04296875 0.033203125
1 0.927734375 0.5576171875 0.021484375 0.02734375
1 0.9453125 0.548828125 0.021484375 0.017578125
1 0.923828125 0.5078125 0.0078125 0.013671875
1 0.98046875 0.5341796875 0.01171875 0.013671875
1 0.9912109375 0.5576171875 0.013671875 0.017578125
1 0.990234375 0.5771484375 0.013671875 0.013671875
0 0.9287109375 0.4111328125 0.142578125 0.150390625
0 0.2255859375 0.3818359375 0.17578125 0.1875
1 0.306640625 0.41796875 0.0078125 0.009765625
1 0.2587890625 0.5791015625 0.015625 0.021484375
1 0.2080078125 0.5869140625 0.013671875 0.015625
1 0.18359375 0.60546875 0.005859375 0.009765625
1 0.1904296875 0.60546875 0.005859375 0.005859375
1 0.197265625 0.720703125 0.01171875 0.013671875
0 0.2529296875 0.6884765625 0.123046875 0.17578125
1 0.3212890625 0.6494140625 0.01171875 0.009765625
1 0.3330078125 0.6416015625 0.01171875 0.015625
1 0.322265625 0.6767578125 0.0078125 0.01953125
1 0.3740234375 0.6572265625 0.017578125 0.021484375
1 0.408203125 0.642578125 0.01953125 0.017578125
1 0.4111328125 0.6826171875 0.01171875 0.017578125
1 0.4375 0.7607421875 0.017578125 0.01953125
0 0.466796875 0.69140625 0.11328125 0.18359375
0 0.7099609375 0.712890625 0.146484375 0.177734375
1 0.6181640625 0.7861328125 0.013671875 0.013671875
1 0.60546875 0.658203125 0.005859375 0.017578125
1 0.619140625 0.6728515625 0.017578125 0.021484375
1 0.63671875 0.693359375 0.01953125 0.02734375
1 0.822265625 0.69921875 0.013671875 0.013671875
1 0.845703125 0.7265625 0.013671875 0.013671875
0 0.9306640625 0.7333984375 0.125 0.201171875
1 0.34375 0.68359375 0.005859375 0.009765625