0 0.9169921875 0.2587890625 0.109375 0.171875
1 0.90625 0.4130859375 0.017578125 0.021484375
1 0.8828125 0.4189453125 0.017578125 0.017578125
1 0.8876953125 0.43359375 0.015625 0.017578125
0 0.96484375 0.5234375 0.0703125 0.16796875
1 0.9296875 0.58984375 0.0078125 0.013671875
0 0.8193359375 0.572265625 0.197265625 0.201171875
1 0.7255859375 0.5654296875 0.013671875 0.017578125
1 0.712890625 0.41015625 0.0625 0.072265625
1 0.67578125 0.435546875 0.0078125 0.009765625
0 0.7431640625 0.2724609375 0.2109375 0.22265625
1 0.6201171875 0.333984375 0.01953125 0.01953125
1 0.6181640625 0.3525390625 0.0078125 0.013671875
1 0.642578125 0.6826171875 0.015625 0.015625
1 0.6796875 0.630859375 0.0078125 0.0078125
1 0.52734375 0.6962890625 0.015625 0.017578125
1 0.5302734375 0.6552734375 0.009765625 0.01171875
1 0.529296875 0.6689453125 0.0078125 0.01171875
0 0.538203892578125 0.5650520390625 0.532773970703125 0.609714658203125 0.5350226484375 0.653082810546875 0.53330273046875 0.682155943359375 0.570375380859375 0.716559451171875 0.604655568359375 0.72362373046875 0.622780380859375 0.721561212890625 0.6365112265625 0.696743646484375 0.63815161328125 0.674598875 0.663696947265625 0.66458160546875 0.6759845390625 0.639185765625 0.671125556640625 0.590222177734375 0.634516583984375 0.550864607421875 0.60092664453125 0.553711453125 0.57121153515625 0.552674708984375 0.54494850390625 0.5536425625 0.538203892578125 0.5650520390625
1 0.46877433984375 0.555764927734375 0.459449416015625 0.601071890625 0.470708447265625 0.627234552734375 0.487331578125 0.626811353515625 0.52541539453125 0.599711662109375 0.535570751953125 0.5789167734375 0.528202501953125 0.545376240234375 0.5026043671875 0.507122755859375 0.479870578125 0.522634337890625 0.46877433984375 0.555764927734375
1 0.49931943359375 0.401746728515625 0.46349098828125 0.40754980078125 0.451295115234375 0.430327103515625 0.468705826171875 0.44866375 0.476798958984375 0.4743433984375 0.447723171875 0.5128737890625 0.453449490234375 0.53818430859375 0.477632703125 0.531065048828125 0.4890110859375 0.51508573828125 0.510113015625 0.506851033203125 0.538447888671875 0.519552705078125 0.54918075390625 0.508463453125 0.561256802734375 0.4689466875 0.57246148828125 0.431713521484375 0.556644744140625 0.424397166015625 0.5177742421875 0.384640490234375 0.49931943359375 0.401746728515625
0 0.500331498046875 0.26208869140625 0.48149178125 0.28027126171875 0.48331858203125 0.31613527734375 0.473326390625 0.341086791015625 0.495439939453125 0.337660734375 0.504845181640625 0.35860469921875 0.4953507265625 0.39409684765625 0.500769998046875 0.402791619140625 0.517932646484375 0.386154171875 0.55974004296875 0.38948908203125 0.589638537109375 0.388611322265625 0.58129751171875 0.360046169921875 0.57514046484375 0.339840544921875 0.609040953125 0.33188894921875 0.60223535546875 0.28300439453125 0.59247028515625 0.247991384765625 0.592083814453125 0.247379494140625 0.53304459765625 0.24799180859375 0.500331498046875 0.26208869140625
1 0.4580078125 0.353515625 0.009765625 0.01953125
1 0.454761291015625 0.336550603515625 0.462567224609375 0.356768822265625 0.474485576171875 0.375633669921875 0.494714814453125 0.3768722421875 0.500609849609375 0.370285658203125 0.50982334375 0.3510079453125 0.506280701171875 0.35292498046875 0.502789822265625 0.336905486328125 0.4762246953125 0.344865890625 0.474272859375 0.336559072265625 0.47414807421875 0.319799720703125 0.454761291015625 0.336550603515625
1 0.4287109375 0.4033203125 0.033203125 0.033203125
1 0.3974609375 0.396484375 0.04296875 0.0390625
1 0.396484375 0.50390625 0.076171875 0.08984375
1 0.3818359375 0.5595703125 0.009765625 0.01171875
1 0.33984375 0.5009765625 0.005859375 0.01171875
1 0.26953125 0.5263671875 0.009765625 0.013671875
1 0.2802734375 0.5849609375 0.091796875 0.068359375
1 0.2578125 0.5009765625 0.01171875 0.01171875
0 0.310546875 0.3984375 0.171875 0.19140625
1 0.435546875 0.66796875 0.015625 0.015625
1 0.3505859375 0.728515625 0.0078125 0.013671875
1 0.34375 0.75390625 0.01953125 0.01953125
1 0.2705078125 0.7236328125 0.025390625 0.03125
0 0.290273552734375 0.700051228515625 0.31271946875 0.72590852734375 0.353558818359375 0.72489733203125 0.364246587890625 0.748118439453125 0.380682130859375 0.75811101953125 0.401958947265625 0.717476931640625 0.4200551484375 0.688063267578125 0.433224505859375 0.6346916875 0.4231472890625 0.616546966796875 0.381967697265625 0.5882469453125 0.348486458984375 0.569948453125 0.325303859375 0.6011186171875 0.3039792265625 0.612410828125 0.298711970703125 0.614869724609375 0.294648220703125 0.6664059140625 0.290273552734375 0.700051228515625
1 0.2080078125 0.6884765625 0.025390625 0.037109375
0 0.07368376171875 0.7673147734375 0.097938537109375 0.79729859765625 0.138666453125 0.824527091796875 0.168189173828125 0.84541667578125 0.186334212890625 0.8511311484375 0.208096984375 0.8276472265625 0.226779498046875 0.774148572265625 0.23078619140625 0.743011748046875 0.219364953125 0.710711609375 0.20013553515625 0.693176330078125 0.18590027734375 0.673626732421875 0.159582880859375 0.672253525390625 0.125553130859375 0.67560515625 0.111856412109375 0.701475341796875 0.089558486328125 0.7176399296875 0.071659375 0.737793494140625 0.07368376171875 0.7673147734375
1 0.1396484375 0.59375 0.029296875 0.033203125
1 0.126953125 0.626953125 0.03125 0.041015625
1 0.0751953125 0.630859375 0.107421875 0.111328125
1 0.037109375 0.556640625 0.07421875 0.08984375
1 0.1455078125 0.5419921875 0.013671875 0.021484375
0 0.1015625 0.439453125 0.16796875 0.18359375