0 0.5791015625 0.6533203125 0.123046875 0.15625
1 0.7509765625 0.630859375 0.03515625 0.046875
1 0.73046875 0.6376953125 0.01171875 0.009765625
1 0.626953125 0.490234375 0.01171875 0.01171875
1 0.6201171875 0.4755859375 0.01171875 0.013671875
1 0.603515625 0.5107421875 0.013671875 0.013671875
1 0.5908203125 0.5078125 0.01171875 0.017578125
1 0.5849609375 0.55859375 0.01171875 0.013671875
1 0.5205078125 0.5458984375 0.015625 0.021484375
1 0.548828125 0.4912109375 0.0078125 0.009765625
1 0.5771484375 0.4814453125 0.015625 0.017578125
0 0.68359375 0.3212890625 0.10546875 0.115234375
1 0.4599609375 0.53125 0.017578125 0.017578125
1 0.4384765625 0.4970703125 0.013671875 0.01953125
1 0.3642578125 0.5439453125 0.01171875 0.01171875
1 0.416015625 0.4873046875 0.0234375 0.015625
1 0.3486328125 0.4990234375 0.017578125 0.021484375
1 0.2802734375 0.4814453125 0.013671875 0.017578125
0 0.348764650390625 0.57253958984375 0.3425206015625 0.542630248046875 0.320987720703125 0.49287238671875 0.278942666015625 0.505653943359375 0.261236439453125 0.5092976796875 0.23026248046875 0.544158755859375 0.207808373046875 0.59290877734375 0.214260064453125 0.6315025390625 0.281729578125 0.647302125 0.3292824453125 0.633822572265625 0.347088220703125 0.61324168359375 0.348764650390625 0.57253958984375
1 0.498046875 0.26953125 0.015625 0.017578125
1 0.306640625 0.2958984375 0.0234375 0.02734375
0 0.41083978515625 0.188671119140625 0.373581376953125 0.1952160234375 0.343161619140625 0.22237703515625 0.316511703125 0.246335134765625 0.31840415234375 0.294176943359375 0.316685333984375 0.373139408203125 0.325131873046875 0.3846095625 0.3664536015625 0.404212685546875 0.401894189453125 0.40016930859375 0.44629871484375 0.3667335234375 0.466836966796875 0.3338102109375 0.47636905859375 0.265131734375 0.450991595703125 0.21942676953125 0.41083978515625 0.188671119140625
1 0.26953125 0.3076171875 0.015625 0.021484375
0 0.1572265625 0.255859375 0.140625 0.16015625
1 0.2607421875 0.1435546875 0.03125 0.0390625
1 0.224609375 0.107421875 0.017578125 0.0234375
1 0.1767578125 0.14453125 0.017578125 0.015625
1 0.10546875 0.0986328125 0.01953125 0.021484375
0 0.078125 0.51171875 0.15625 0.171875
1 0.6435546875 0.935546875 0.02734375 0.029296875
1 0.68359375 0.9833984375 0.03125 0.033203125