0 0.1064453125 0.3447265625 0.1953125 0.1796875
0 0.3623046875 0.3720703125 0.162109375 0.21875
0 0.6025390625 0.396484375 0.154296875 0.1796875
1 0.576171875 0.4970703125 0.017578125 0.021484375
0 0.814453125 0.4765625 0.169921875 0.203125
0 0.861328125 0.7607421875 0.17578125 0.23046875
1 0.7724609375 0.7822265625 0.009765625 0.013671875
1 0.65234375 0.720703125 0.009765625 0.013671875
1 0.578125 0.65625 0.009765625 0.013671875
0 0.596451349609375 0.63089741015625 0.579432341796875 0.661474373046875 0.550446578125 0.672335693359375 0.542434283203125 0.688569591796875 0.554168177734375 0.74394862109375 0.5766156171875 0.771202404296875 0.605814484375 0.772585515625 0.63498519140625 0.73768612109375 0.65142159375 0.70353664453125 0.6522833828125 0.66457671875 0.626360490234375 0.644577931640625 0.596725701171875 0.629961623046875 0.596451349609375 0.63089741015625
0 0.3515625 0.703125 0.162109375 0.189453125
1 0.431640625 0.720703125 0.021484375 0.0234375
1 0.158203125 0.6796875 0.021484375 0.03125
1 0.177734375 0.697265625 0.03515625 0.048828125
0 0.17062613671875 0.65108729296875 0.188004982421875 0.620807388671875 0.172327705078125 0.58708898828125 0.14085603125 0.566029615234375 0.127200916015625 0.563203630859375 0.07481349609375 0.5661689140625 0.05315458984375 0.58222701171875 0.041850388671875 0.6132466171875 0.040214349609375 0.643183935546875 0.04488007421875 0.683011193359375 0.065383365234375 0.693940623046875 0.09912913671875 0.694142376953125 0.13329046484375 0.6779378046875 0.17062613671875 0.65108729296875
1 0.357421875 0.544921875 0.01953125 0.0234375