1 0.79296875 0.705078125 0.083984375 0.05859375
1 0.79296875 0.7734375 0.013671875 0.009765625
1 0.9833984375 0.7216796875 0.033203125 0.021484375
1 0.5888671875 0.7080078125 0.03515625 0.0234375
1 0.5166015625 0.6884765625 0.01953125 0.01953125
1 0.599609375 0.6591796875 0.01953125 0.009765625
0 0.671875 0.396484375 0.1484375 0.125
0 0.68359375 0.1484375 0.189453125 0.162109375
1 0.7998046875 0.2177734375 0.03125 0.0234375
0 0.3212890625 0.1533203125 0.1953125 0.166015625
0 0.3525390625 0.33984375 0.14453125 0.103515625
1 0.39453125 0.4248046875 0.013671875 0.009765625
1 0.2958984375 0.45703125 0.013671875 0.009765625
1 0.8466796875 0.2802734375 0.0234375 0.017578125
1 0.873046875 0.1494140625 0.033203125 0.03125
1 0.4833984375 0.1953125 0.017578125 0.017578125