0 0.0810546875 0.380859375 0.150390625 0.171875
1 0.21484375 0.330078125 0.033203125 0.033203125
1 0.1484375 0.5244140625 0.005859375 0.009765625
1 0.021484375 0.5390625 0.021484375 0.017578125
1 0.1650390625 0.5322265625 0.0078125 0.0048828125
1 0.1513671875 0.556640625 0.009765625 0.0185546875
1 0.013671875 0.712890625 0.017578125 0.0205078125
0 0 0.689029646484375 0.0106201171875 0.7002872421875 0.041594328125 0.71769205859375 0.072282580078125 0.74958255078125 0.088616265625 0.739943515625 0.110243056640625 0.714278609375 0.129402443359375 0.67520857421875 0.12555270703125 0.65520411328125 0.10889915234375 0.64285994140625 0.1048583984375 0.631207501953125 0.126195837890625 0.61356306640625 0.12821791015625 0.587248625 0.11710498828125 0.581668052734375 0.08410757421875 0.57228672265625 0.03414351953125 0.555941357421875 0.02066718359375 0.579862619140625 0.01543172265625 0.60297610546875 0 0.61785361328125 0 0.63907726953125 0 0.689029646484375
1 0.17112336328125 0.62167848046875 0.13619430078125 0.6010757265625 0.1221019609375 0.60920771875 0.10632211328125 0.62833357421875 0.10669510546875 0.64708869921875 0.128438314453125 0.66632908984375 0.124934443359375 0.68613160546875 0.11277036328125 0.720798068359375 0.132833974609375 0.747867537109375 0.15958545703125 0.750776126953125 0.18029333203125 0.71572084765625 0.185355857421875 0.643390419921875 0.17112336328125 0.62167848046875
1 0.2431640625 0.77734375 0.021484375 0.0234375
1 0.25868281640625 0.735262646484375 0.259175619140625 0.735347041015625 0.27448526953125 0.74650065234375 0.2746299453125 0.776950412109375 0.27640448828125 0.8037561484375 0.2836597578125 0.815431193359375 0.2941860625 0.79952437890625 0.302886962890625 0.766200689453125 0.3293140546875 0.75150101171875 0.32740162109375 0.727474259765625 0.30265638671875 0.708294150390625 0.280079029296875 0.713318625 0.264265271484375 0.72223880078125 0.25868281640625 0.735262646484375
0 0.2759975859375 0.57489842578125 0.269782171875 0.612270025390625 0.257652 0.62706615234375 0.243968822265625 0.627926673828125 0.224986888671875 0.62198742578125 0.214106806640625 0.62572187109375 0.198220712890625 0.64530285546875 0.21085498828125 0.67374674609375 0.231909857421875 0.71909511328125 0.24495442578125 0.75998565234375 0.2432963046875 0.762173876953125 0.25644712109375 0.74861804296875 0.26663886328125 0.726885005859375 0.291312888671875 0.7127082734375 0.313533076171875 0.715131595703125 0.336509421875 0.705858771484375 0.35476910546875 0.668856396484375 0.34549967578125 0.61680621875 0.3266183359375 0.60414707421875 0.295022470703125 0.5747055234375 0.2759975859375 0.57489842578125
1 0.376953125 0.380859375 0.0205078125 0.046875
1 0.404296875 0.4033203125 0.009765625 0.013671875
1 0.4111328125 0.5341796875 0.0205078125 0.0234375
1 0.443628380859375 0.47536289453125 0.398775455078125 0.45713825 0.3570873125 0.45514443359375 0.315038611328125 0.44577516015625 0.297763400390625 0.49553463671875 0.293304443359375 0.53272237890625 0.2958984375 0.54987401171875 0.322764078125 0.55182713671875 0.35857137109375 0.556171935546875 0.394301802734375 0.566098814453125 0.427022298828125 0.590191876953125 0.44954766015625 0.595730251953125 0.458709716796875 0.590167763671875 0.44132487109375 0.560224369140625 0.4077080625 0.54459484765625 0.39711055078125 0.526920271484375 0.41603823046875 0.52053343359375 0.444481744140625 0.5162956328125 0.443628380859375 0.47536289453125
1 0.255542896484375 0.44490861328125 0.250461154296875 0.42197144921875 0.235359474609375 0.40645495703125 0.22059348828125 0.40863866015625 0.21371233984375 0.43459291796875 0.22158361328125 0.45014105859375 0.2374165859375 0.45203088671875 0.255542896484375 0.44490861328125
1 0.264698169921875 0.402066455078125 0.26260828125 0.388385537109375 0.259837962890625 0.36728394921875 0.234280056640625 0.371444890625 0.24277185546875 0.406054083984375 0.257630525390625 0.42134 0.2759241171875 0.41943811328125 0.264698169921875 0.402066455078125
0 0.24713812890625 0.316251025390625 0.24593437890625 0.31768120703125 0.258481626953125 0.3668981484375 0.2624963828125 0.3938741796875 0.28344839453125 0.41484917578125 0.2991073046875 0.43276186328125 0.312443486328125 0.44075973046875 0.34175279296875 0.434862677734375 0.362555609375 0.394360955078125 0.361098677734375 0.360735857421875 0.320336236328125 0.32787181640625 0.28522406640625 0.2961877890625 0.258813927734375 0.30193112109375 0.24713812890625 0.316251025390625
1 0.455078125 0.4375 0.017578125 0.0205078125
0 0.442651818359375 0.37432183203125 0.44068287109375 0.391203703125 0.468876591796875 0.418230974609375 0.470032869140625 0.4615478515625 0.486258048828125 0.472912447265625 0.519880505859375 0.47217248828125 0.54398826171875 0.438158576171875 0.558620876953125 0.400239919921875 0.559183755859375 0.369351611328125 0.534559462890625 0.341617537109375 0.50346544140625 0.31834882421875 0.480823658203125 0.31722457421875 0.4579727734375 0.33452691015625 0.442651818359375 0.37432183203125
1 0.5419921875 0.5341796875 0.009765625 0.013671875
1 0.498046875 0.533203125 0.009765625 0.015625
1 0.583984375 0.42578125 0.009765625 0.015625
1 0.6083984375 0.4091796875 0.0078125 0.0078125
1 0.6123046875 0.4404296875 0.0126953125 0.013671875
1 0.6474609375 0.556640625 0.0107421875 0.013671875
1 0.6767578125 0.525390625 0.015625 0.0126953125
0 0.4586916328125 0.658460830078125 0.451967591796875 0.69791666796875 0.479423240234375 0.7160493828125 0.51045057421875 0.738817755859375 0.532359935546875 0.739765685546875 0.55944258984375 0.70578040625 0.571139865234375 0.68340537109375 0.58557355078125 0.625699267578125 0.582337556640625 0.603863751953125 0.540792958984375 0.59853485546875 0.52038800390625 0.587093400390625 0.50007912109375 0.58242006640625 0.47216683984375 0.598905587890625 0.4586916328125 0.658460830078125
1 0.524431017578125 0.595585576171875 0.550311052734375 0.595578041015625 0.56680862890625 0.559308087890625 0.55823658203125 0.54720051953125 0.529890271484375 0.541553638671875 0.50434027734375 0.52083333203125 0.49918506640625 0.539889865234375 0.502503572265625 0.5735179765625 0.524431017578125 0.595585576171875
1 0.609375 0.6845703125 0.009765625 0.0107421875
1 0.630859375 0.7451171875 0.0078125 0.009765625
1 0.646484375 0.71484375 0.005859375 0.0107421875
1 0.6962890625 0.6005859375 0.0126953125 0.0078125
0 0.814774125 0.6240083671875 0.803249783203125 0.61595775390625 0.781919126953125 0.59544240625 0.756076388671875 0.589506173828125 0.710389314453125 0.60042317578125 0.684314869140625 0.60720033984375 0.65462578515625 0.627305771484375 0.64102398828125 0.651777103515625 0.666241681640625 0.70654296875 0.69743064453125 0.74826690234375 0.72952157421875 0.764865451171875 0.791351318359375 0.75070830859375 0.810696072265625 0.731733158203125 0.819938376953125 0.66098512109375 0.814774125 0.6240083671875
1 0.78515625 0.5595703125 0.0126953125 0.0126953125
1 0.798828125 0.544921875 0.015625 0.0205078125
1 0.8447265625 0.6796875 0.025390625 0.025390625
1 0.7626953125 0.455078125 0.0419921875 0.0361328125
1 0.759765625 0.4052734375 0.0126953125 0.021484375
1 0.755859375 0.376953125 0.0126953125 0.017578125
1 0.626953125 0.3916015625 0.0078125 0.0107421875
0 0.656986943359375 0.427806712890625 0.6745255078125 0.45204897265625 0.699943259765625 0.473736798828125 0.71941121484375 0.474591291015625 0.740245677734375 0.41989625390625 0.751715765625 0.36328878515625 0.733821162109375 0.328340505859375 0.694639982421875 0.290225935546875 0.66365898828125 0.307493611328125 0.62723795703125 0.39404748828125 0.625750505859375 0.418166171875 0.656986943359375 0.427806712890625
1 0.619140625 0.3076171875 0.0126953125 0.0126953125
1 0.765625 0.3310546875 0.009765625 0.009765625
1 0.8173828125 0.3681640625 0.0126953125 0.0126953125
1 0.818359375 0.51953125 0.03125 0.0732421875
1 0.8447265625 0.443359375 0.0517578125 0.0341796875
1 0.8564453125 0.4111328125 0.017578125 0.0234375
0 0.9150390625 0.3837890625 0.091796875 0.181640625
1 0.93359375 0.568359375 0.041015625 0.0361328125
1 0.9169921875 0.5390625 0.013671875 0.0205078125
1 0.92195976953125 0.48360490234375 0.885068541015625 0.474824880859375 0.858579283203125 0.469618056640625 0.834942853515625 0.47325153125 0.835748744140625 0.48129762109375 0.85673240234375 0.50789840234375 0.869408501953125 0.53299666015625 0.891905607421875 0.565627109375 0.9028772421875 0.58332278515625 0.911069517578125 0.57291516015625 0.9093401875 0.53587209375 0.91734935546875 0.53580578515625 0.94060940234375 0.546413845703125 0.958626076171875 0.55295440234375 0.968613236328125 0.53878068359375 0.941356517578125 0.50809582421875 0.92195976953125 0.48360490234375
0 0.9296875 0.681640625 0.140625 0.1923828125