0 0.662109375 0.96484375 0.0966796875 0.0703125
0 0.708984375 0.8017578125 0.1435546875 0.109375
0 0.7490234375 0.62109375 0.181640625 0.1435546875
1 0.859375 0.44921875 0.029296875 0.021484375
1 0.9833984375 0.330078125 0.03125 0.0341796875
1 0.712890625 0.220703125 0.0654296875 0.0498046875
1 0.787109375 0.2470703125 0.017578125 0.0107421875
1 0.7978515625 0.236328125 0.021484375 0.015625
1 0.779296875 0.2109375 0.0185546875 0.0283203125
1 0.75390625 0.224609375 0.0126953125 0.0126953125
1 0.7666015625 0.18359375 0.013671875 0.0126953125
1 0.646484375 0.15625 0.037109375 0.0361328125
1 0.5673828125 0.19140625 0.126953125 0.025390625
1 0.5205078125 0.216796875 0.03125 0.0283203125
1 0.6240234375 0.220703125 0.0185546875 0.013671875
1 0.5029296875 0.1611328125 0.0625 0.037109375
1 0.392578125 0.1396484375 0.166015625 0.1171875
1 0.267578125 0.1806640625 0.0283203125 0.015625
1 0.279296875 0.16015625 0.0283203125 0.0205078125
1 0.291015625 0.291015625 0.0283203125 0.015625
1 0.3173828125 0.3857421875 0.0185546875 0.013671875
1 0.4013671875 0.3251953125 0.021484375 0.021484375
1 0.439453125 0.328125 0.0185546875 0.0126953125
1 0.451171875 0.3115234375 0.029296875 0.0205078125
1 0.455078125 0.291015625 0.0185546875 0.009765625
1 0.4228515625 0.2734375 0.0126953125 0.009765625
1 0.458984375 0.33203125 0.009765625 0.005859375
1 0.447265625 0.3359375 0.009765625 0.0078125
1 0.412109375 0.341796875 0.0126953125 0.0078125
1 0.494140625 0.298828125 0.009765625 0.005859375
1 0.439453125 0.2861328125 0.009765625 0.005859375
0 0.4365234375 0.5888671875 0.166015625 0.125
1 0.4970703125 0.67578125 0.0234375 0.0185546875
0 0.40625 0.7841796875 0.1279296875 0.1220703125
1 0.2978515625 0.90234375 0.0126953125 0.009765625
1 0.64453125 0.900390625 0.0107421875 0.009765625
1 0.59765625 0.5126953125 0.025390625 0.0126953125
1 0.6982421875 0.3896484375 0.0341796875 0.041015625
1 0.6953125 0.3466796875 0.015625 0.0126953125
1 0.7158203125 0.365234375 0.0107421875 0.0126953125
1 0.7958984375 0.259765625 0.0107421875 0.005859375