1 0.0791015625 0.60546875 0.076171875 0.107421875
1 0.15625 0.5986328125 0.029296875 0.025390625
1 0.1640625 0.66796875 0.056640625 0.052734375
1 0.166015625 0.626953125 0.017578125 0.0234375
1 0.2333984375 0.720703125 0.056640625 0.080078125
1 0.193359375 0.75 0.095703125 0.142578125
1 0.2275390625 0.833984375 0.0234375 0.02734375
1 0.2392578125 0.6416015625 0.04296875 0.05078125
0 0.3125 0.7021484375 0.123046875 0.177734375
1 0.3095256796875 0.5675596484375 0.271162095703125 0.546958123046875 0.23044781640625 0.524955294921875 0.19224755078125 0.50331931640625 0.192243060546875 0.502813041015625 0.190011234375 0.51792485546875 0.192640958984375 0.537135890625 0.20072221875 0.559357185546875 0.223853517578125 0.59796880078125 0.254960943359375 0.63150401171875 0.29921687109375 0.600383828125 0.3095256796875 0.5675596484375
0 0.0703125 0.48828125 0.140625 0.15234375
1 0.2119140625 0.474609375 0.01171875 0.01171875
1 0.318359375 0.4052734375 0.02734375 0.033203125
1 0.306640625 0.435546875 0.01171875 0.01171875
0 0.2726057265625 0.3957882578125 0.220255 0.3912609453125 0.20750308203125 0.412145099609375 0.2039328203125 0.444447435546875 0.2147991796875 0.47971490625 0.2285871953125 0.524323486328125 0.230552470703125 0.523139732421875 0.267616783203125 0.526590515625 0.292256404296875 0.513539802734375 0.3100483671875 0.47937707421875 0.31617882421875 0.449218203125 0.3014282578125 0.43423668359375 0.289565185546875 0.409663140625 0.2726057265625 0.3957882578125
1 0.2802734375 0.3046875 0.17578125 0.208984375
1 0.3359375 0.4775390625 0.025390625 0.02734375
1 0.3603515625 0.46484375 0.0234375 0.0234375
0 0.423828125 0.3984375 0.134765625 0.15234375
1 0.5576171875 0.455078125 0.01953125 0.021484375
1 0.5927734375 0.4326171875 0.080078125 0.12890625
0 0.6484375 0.3583984375 0.115234375 0.138671875
1 0.5703125 0.533203125 0.03125 0.05078125
1 0.54296875 0.6298828125 0.01171875 0.013671875
1 0.55078125 0.6259765625 0.0078125 0.01171875
1 0.546875 0.677734375 0.013671875 0.01953125
1 0.3984375 0.7197265625 0.015625 0.017578125
1 0.35546875 0.6650390625 0.009765625 0.013671875
1 0.3896484375 0.6513671875 0.0078125 0.01171875
1 0.3681640625 0.703125 0.0078125 0.01171875
1 0.4228515625 0.6474609375 0.0078125 0.01171875
0 0.484754708984375 0.571097982421875 0.462987564453125 0.585429537109375 0.434179068359375 0.625054392578125 0.428725484375 0.648314837890625 0.432217294921875 0.70435510546875 0.44555044140625 0.72862362109375 0.483020119140625 0.74888158984375 0.51168626953125 0.7403373515625 0.528823052734375 0.72592269140625 0.540190615234375 0.691172662109375 0.546289771484375 0.65888178515625 0.540032283203125 0.630634263671875 0.522320916015625 0.601684748046875 0.484754708984375 0.571097982421875
1 0.6181640625 0.5859375 0.013671875 0.017578125
1 0.705078125 0.6953125 0.009765625 0.013671875
1 0.6923828125 0.732421875 0.017578125 0.0234375
0 0.65814016796875 0.696177470703125 0.692998234375 0.692827640625 0.730682693359375 0.6851682421875 0.74747042578125 0.65458781640625 0.752806880859375 0.62939528515625 0.735582775390625 0.56157823046875 0.7203176875 0.542992458984375 0.681927927734375 0.5491332734375 0.645644853515625 0.56517180078125 0.623867953125 0.611930943359375 0.62784987109375 0.64737861328125 0.65814016796875 0.696177470703125
1 0.763671875 0.5361328125 0.0546875 0.05859375
1 0.80078125 0.48828125 0.033203125 0.0546875
1 0.7841796875 0.5751953125 0.0078125 0.009765625
1 0.7939453125 0.56640625 0.0078125 0.01171875
1 0.810546875 0.5595703125 0.0078125 0.009765625
1 0.8173828125 0.5849609375 0.021484375 0.025390625
1 0.775390625 0.4013671875 0.021484375 0.03125
1 0.8095703125 0.41796875 0.025390625 0.0390625
0 0.8974609375 0.5947265625 0.130859375 0.166015625
1 0.765625 0.2900390625 0.0234375 0.029296875
0 0.84375 0.3125 0.142578125 0.140625
1 0.9482421875 0.3115234375 0.02734375 0.03515625
1 0.9619140625 0.4111328125 0.009765625 0.009765625
1 0.885113916015625 0.42021143359375 0.873167236328125 0.3994338515625 0.8535078984375 0.38028701953125 0.8234676484375 0.37432646484375 0.806606462890625 0.3789299609375 0.810606046875 0.396405916015625 0.8193126875 0.4319657734375 0.814074353515625 0.456350625 0.8137884453125 0.456617357421875 0.814528203125 0.4626085546875 0.8208904140625 0.464945248046875 0.8488220546875 0.46857008984375 0.863379484375 0.45407725390625 0.885113916015625 0.42021143359375
1 0.91291626171875 0.396634896484375 0.89424619921875 0.408669005859375 0.873738498046875 0.433082880859375 0.859357701171875 0.452038875 0.85205323046875 0.46845241015625 0.851473669921875 0.496361876953125 0.85800593359375 0.512472212890625 0.865961982421875 0.51650043359375 0.865725984375 0.516576916015625 0.905737482421875 0.511734861328125 0.93610933984375 0.506099169921875 0.94617141796875 0.487418443359375 0.932568109375 0.44344913671875 0.92478719921875 0.41676730078125 0.91291626171875 0.396634896484375
1 0.9736328125 0.51171875 0.017578125 0.0234375
1 0.41796875 0.203125 0.01171875 0.01171875
1 0.349609375 0.0810546875 0.0546875 0.0625
1 0.6025390625 0.0146484375 0.025390625 0.029296875
0 0.0764953671875 0.746119138671875 0.07283376171875 0.78587370703125 0.099196912109375 0.820229060546875 0.146108626953125 0.80530832421875 0.14455073828125 0.768763271484375 0.168774435546875 0.741234416015625 0.136942716796875 0.6910131796875 0.11092733203125 0.68122546875 0.0708630859375 0.72417502734375 0.0764953671875 0.746119138671875
1 0.17124162890625 1 0.19282383984375 0.967563869140625 0.218321380859375 0.858603298828125 0.20234918359375 0.821235638671875 0.143934791015625 0.809745837890625 0.094759216796875 0.81053816796875 0.069488564453125 0.784396248046875 0.073676193359375 0.739426349609375 0.039591443359375 0.703997609375 0.038546685546875 0.702054896484375 0.032613177734375 0.698230994140625 0.0612832890625 0.822414896484375 0.09242953515625 0.95732410546875 0.105275431640625 1 0.17124162890625 1