0 0.8681640625 0.3603515625 0.1328125 0.2109375
0 0.6611328125 0.345703125 0.125 0.224609375
1 0.591796875 0.38671875 0.01171875 0.015625
0 0.46875 0.357421875 0.1796875 0.2109375
1 0.5 0.478515625 0.005859375 0.013671875
1 0.525390625 0.49609375 0.0078125 0.01171875
1 0.50390625 0.5166015625 0.015625 0.013671875
1 0.3828125 0.490234375 0.03125 0.056640625
0 0.25 0.375 0.146484375 0.18359375
0 0.064453125 0.37109375 0.125 0.177734375
1 0.0947265625 0.4892578125 0.013671875 0.013671875
1 0.0888671875 0.525390625 0.013671875 0.013671875
1 0.2919921875 0.525390625 0.056640625 0.0625
1 0.248046875 0.509765625 0.009765625 0.013671875
0 0.0458984375 0.650390625 0.091796875 0.19921875
1 0.1025390625 0.685546875 0.0078125 0.013671875
0 0.21875 0.6337890625 0.181640625 0.17578125
0 0.4501953125 0.6396484375 0.15234375 0.21875
0 0.6630859375 0.63671875 0.16796875 0.19140625
0 0.90234375 0.6484375 0.17578125 0.220703125
0 0.794921875 0.5458984375 0.029296875 0.0234375