0 0.0537109375 0.4033203125 0.107421875 0.201171875
1 0.0205078125 0.560546875 0.041015625 0.078125
1 0.0615234375 0.5673828125 0.0546875 0.0576171875
0 0.0361328125 0.6845703125 0.072265625 0.169921875
0 0.21322648046875 0.641823744140625 0.212388134765625 0.64096085546875 0.19181444140625 0.662176544921875 0.160723328125 0.706933076171875 0.1722315234375 0.7389460703125 0.20039941015625 0.74293671484375 0.232835234375 0.74860835546875 0.243870650390625 0.737628486328125 0.270271421875 0.70008508203125 0.272409267578125 0.66418823046875 0.2554201796875 0.63560956640625 0.21322648046875 0.641823744140625
1 0.275803984375 0.687882357421875 0.258769685546875 0.714790357421875 0.23697916796875 0.74096808984375 0.21519898046875 0.747003142578125 0.195129072265625 0.74214099609375 0.210248998046875 0.7863618828125 0.22607938671875 0.826953814453125 0.248098544921875 0.848562197265625 0.29788385546875 0.869413240234375 0.346615099609375 0.832744783203125 0.38150008203125 0.799672556640625 0.376858826171875 0.743262236328125 0.357821025390625 0.661413552734375 0.32836655859375 0.656365396484375 0.305363083984375 0.655578291015625 0.29664377734375 0.65662546875 0.275803984375 0.687882357421875
0 0.4765625 0.6962890625 0.1328125 0.1669921875
0 0.6630859375 0.708984375 0.1298828125 0.1748046875
1 0.603515625 0.580078125 0.025390625 0.021484375
1 0.744140625 0.541015625 0.0654296875 0.115234375
1 0.625 0.5517578125 0.009765625 0.015625
1 0.873046875 0.7509765625 0.03125 0.041015625
0 0.811529896484375 0.704773271484375 0.81877790234375 0.72705336328125 0.819113755859375 0.72795414453125 0.85127573046875 0.732094630859375 0.874816572265625 0.74117132421875 0.89366190234375 0.74301938671875 0.923325634765625 0.71884644921875 0.93417762109375 0.666296365234375 0.93049613671875 0.635625068359375 0.90549691015625 0.615782076171875 0.855555296875 0.612625041015625 0.82498346484375 0.61748201953125 0.806365482421875 0.629590015625 0.80647398828125 0.67092599609375 0.811529896484375 0.704773271484375
0 0.853515625 0.4150390625 0.1220703125 0.171875
0 0.6357421875 0.416015625 0.1279296875 0.15625
0 0.435546875 0.3935546875 0.1201171875 0.1748046875
1 0.4560546875 0.5498046875 0.013671875 0.015625
1 0.26171875 0.5556640625 0.0439453125 0.0673828125
1 0.2119140625 0.583984375 0.0205078125 0.0283203125
0 0.2490234375 0.408203125 0.158203125 0.1640625
1 0.666015625 0.546875 0.0107421875 0.017578125
1 0.798828125 0.5517578125 0.009765625 0.0107421875
1 0.916015625 0.5361328125 0.009765625 0.009765625
1 0.94921875 0.5439453125 0.0107421875 0.015625
1 0.140625 0.548828125 0.0234375 0.0126953125