1 0.638671875 0.884765625 0.015625 0.015625
0 0.61851128515625 0.89291811328125 0.638018421875 0.875909650390625 0.6747106484375 0.88901909765625 0.69567901171875 0.8768518515625 0.6967544375 0.84021809765625 0.68375771484375 0.7980848515625 0.65521315625 0.78370044921875 0.59354986328125 0.794361255859375 0.56501494921875 0.825421369140625 0.559676408203125 0.87015878125 0.571928048828125 0.88094075390625 0.61851128515625 0.89291811328125
0 0.6650390625 0.6171875 0.1904296875 0.1669921875
0 0.6533203125 0.4111328125 0.146484375 0.1376953125
1 0.7763671875 0.3369140625 0.015625 0.0078125
0 0.662109375 0.166015625 0.1171875 0.130859375
1 0.689453125 0.083984375 0.037109375 0.03125
1 0.580078125 0.041015625 0.0126953125 0.015625
1 0.5283203125 0.189453125 0.0439453125 0.021484375
1 0.4580078125 0.10546875 0.0341796875 0.021484375
0 0.3369140625 0.1669921875 0.1767578125 0.1201171875
0 0.3134765625 0.390625 0.1845703125 0.138671875
1 0.4619140625 0.4794921875 0.0341796875 0.015625
0 0.3388671875 0.623046875 0.146484375 0.1357421875
1 0.4658203125 0.607421875 0.015625 0.0185546875
1 0.4658203125 0.673828125 0.025390625 0.0185546875
1 0.3271484375 0.904296875 0.044921875 0.0205078125
0 0.3427734375 0.8369140625 0.162109375 0.1142578125
1 0.236328125 0.6787109375 0.025390625 0.021484375
1 0.486328125 0.9228515625 0.0498046875 0.017578125
1 0.4755859375 0.984375 0.015625 0.015625
1 0.1591796875 0.251953125 0.025390625 0.015625
1 0.2822265625 0.072265625 0.015625 0.0185546875