0 0.4072265625 0.0322265625 0.150390625 0.064453125
0 0.3896484375 0.18359375 0.16796875 0.15625
1 0.51953125 0.2900390625 0.072265625 0.0546875
1 0.5634765625 0.150390625 0.017578125 0.01171875
0 0.6904296875 0.2060546875 0.1796875 0.154296875
1 0.740234375 0.14453125 0.01171875 0.01171875
1 0.5703125 0.3720703125 0.091796875 0.091796875
1 0.5517578125 0.4345703125 0.015625 0.015625
1 0.5244140625 0.439453125 0.01953125 0.015625
0 0.67578125 0.3994140625 0.1640625 0.140625
1 0.6865234375 0.484375 0.015625 0.0078125
0 0.37890625 0.3798828125 0.171875 0.15234375
1 0.5009765625 0.541015625 0.119140625 0.08984375
1 0.494140625 0.59765625 0.125 0.08203125
0 0.34375 0.56640625 0.15625 0.1171875
1 0.513671875 0.6943359375 0.080078125 0.091796875
0 0.64453125 0.6318359375 0.193359375 0.154296875
0 0.603515625 0.814453125 0.19921875 0.17578125
1 0.486328125 0.7646484375 0.01953125 0.015625
1 0.4873046875 0.7373046875 0.0234375 0.01953125
1 0.4716796875 0.830078125 0.087890625 0.09375
1 0.4765625 0.8818359375 0.013671875 0.0078125
1 0.48046875 0.90625 0.013671875 0.01171875
1 0.4833984375 0.9296875 0.01953125 0.015625
1 0.466796875 0.931640625 0.017578125 0.015625
1 0.44921875 0.9697265625 0.01171875 0.01171875
0 0.546875 0.978515625 0.125 0.04296875
0 0.306640625 0.9384765625 0.15234375 0.095703125
0 0.3310546875 0.771484375 0.169921875 0.140625
0 0.666015625 0.056640625 0.1171875 0.087890625