0 0.16974825 0.48264462890625 0.13930120703125 0.49515415625 0.112126966796875 0.509166341796875 0.096200455078125 0.518651642578125 0.086972794921875 0.536868591796875 0.07817684375 0.556587060546875 0.076626302734375 0.5595047578125 0.078777943359375 0.591173154296875 0.09118719140625 0.607616208984375 0.146377984375 0.60718665625 0.1703825703125 0.610243373046875 0.18059314453125 0.59462203515625 0.187954248046875 0.543889529296875 0.19563565625 0.51701787890625 0.16974825 0.48264462890625
0 0 0.566198119140625 0.031599697265625 0.551581732421875 0.03785380078125 0.53930238671875 0.031484115234375 0.514543888671875 0.036215291015625 0.486482490234375 0.020797794921875 0.48920678515625 0.005798435546875 0.499033681640625 0 0.503269041015625 0 0.566198119140625
0 0.1961437109375 0.383259298828125 0.197517234375 0.3491356015625 0.185310591796875 0.33344059765625 0.16393155859375 0.3488849140625 0.149118333984375 0.371335521484375 0.1404370859375 0.397287703125 0.1541584765625 0.407747724609375 0.175563326171875 0.414023439453125 0.190198419921875 0.4114666171875 0.197406912109375 0.4216440625 0.215106072265625 0.423090171875 0.20952762109375 0.40735351953125 0.1961437109375 0.383259298828125
1 0.088623314453125 0.21544691015625 0.062330830078125 0.209070826171875 0.08263048046875 0.1831899609375 0.07264355859375 0.14551617578125 0.04231976953125 0.130178740234375 0.04176134765625 0.1292998046875 0.04072045703125 0.1377771875 0.0283067890625 0.238878400390625 0.017916970703125 0.323496666015625 0.012407109375 0.36837089453125 0.021895857421875 0.39381061328125 0.06781183984375 0.409056560546875 0.09042683984375 0.393276390625 0.132132154296875 0.373653990234375 0.166874423828125 0.345511958984375 0.17771152734375 0.284661033203125 0.19658087109375 0.26384679296875 0.209117140625 0.178303419921875 0.187066568359375 0.163740607421875 0.14860855859375 0.18636115625 0.11799651953125 0.218185853515625 0.088623314453125 0.21544691015625
1 0.1110663671875 0.43808170703125 0.12969762109375 0.41623871484375 0.12464135546875 0.381738533203125 0.096360833984375 0.389264244140625 0.07115083984375 0.4018955703125 0.052983373046875 0.395147986328125 0.03504412890625 0.413103919921875 0.029817740234375 0.44093619140625 0.08921597265625 0.432530421875 0.1110663671875 0.43808170703125
1 0.047793357421875 0.44718996484375 0.029695837890625 0.443518919921875 0.016200943359375 0.478413615234375 0.0305513125 0.51141562890625 0.060832841796875 0.513847900390625 0.10158251953125 0.496836001953125 0.068799201171875 0.48824869921875 0.054416240234375 0.478883958984375 0.047793357421875 0.44718996484375
1 0.052052017578125 0.462736802734375 0.058027791015625 0.47963628125 0.089072775390625 0.498098982421875 0.07424820703125 0.514663908203125 0.03949423828125 0.547723984375 0.02190696484375 0.57699542578125 0.02861487890625 0.62249696875 0.06142116015625 0.637596076171875 0.074405029296875 0.603376123046875 0.07852255078125 0.55179071484375 0.093668353515625 0.51659376171875 0.125630275390625 0.4957160234375 0.14302280078125 0.466090966796875 0.11721452734375 0.438525994140625 0.088566671875 0.4338649375 0.055753369140625 0.440710888671875 0.055964076171875 0.441231310546875 0.052052017578125 0.462736802734375
1 0.20646368359375 0.315586013671875 0.195850814453125 0.32480383984375 0.1948585859375 0.352451486328125 0.1958179921875 0.374772025390625 0.205035203125 0.404415927734375 0.218189609375 0.43024152734375 0.2068675078125 0.470896865234375 0.201655361328125 0.509074814453125 0.19071833203125 0.556928466796875 0.212742068359375 0.574465703125 0.24108924609375 0.59366955078125 0.252832685546875 0.57232914453125 0.277938453125 0.536994673828125 0.30940062109375 0.479368560546875 0.318723498046875 0.429864294921875 0.3192243359375 0.386630884765625 0.302555826171875 0.3632022890625 0.278007240234375 0.355766642578125 0.249327341796875 0.322027255859375 0.20646368359375 0.315586013671875
1 0.1943359375 0.2919921875 0.017578125 0.01953125
0 0.238813095703125 0.5965413203125 0.27032508984375 0.615991466796875 0.303171251953125 0.6242047265625 0.326659642578125 0.610903904296875 0.35622399609375 0.589339611328125 0.364319703125 0.558500169921875 0.3512014140625 0.5082030625 0.3276093828125 0.498382609375 0.29144232421875 0.4991650078125 0.26984621875 0.5314390546875 0.251481796875 0.561411564453125 0.238813095703125 0.5965413203125
1 0.50390625 0.5126953125 0.052734375 0.03515625
0 0.477018994140625 0.535864326171875 0.44159857421875 0.54125009375 0.4476937578125 0.558046236328125 0.44040046484375 0.58692843359375 0.438922505859375 0.619666189453125 0.47333299609375 0.627393033203125 0.510179623046875 0.63131509375 0.518000138671875 0.60006704296875 0.510501337890625 0.5686489921875 0.501260970703125 0.5423946953125 0.477018994140625 0.535864326171875
1 0.50971153125 0.538818564453125 0.518128775390625 0.584141982421875 0.509835296875 0.628849341796875 0.470679181640625 0.6189423203125 0.441900548828125 0.617515013671875 0.447390779296875 0.559118912109375 0.45544939453125 0.52273490234375 0.461123841796875 0.481877201171875 0.416701193359375 0.4747076484375 0.373196236328125 0.518441685546875 0.3742100078125 0.548544630859375 0.3962775546875 0.584789259765625 0.343880458984375 0.612828515625 0.28792244921875 0.647150197265625 0.245976560546875 0.5935436015625 0.22029958203125 0.608509134765625 0.2067204453125 0.648422984375 0.20093441015625 0.744916646484375 0.2114960078125 0.812144216796875 0.221579580078125 0.871927798828125 0.24262274609375 0.8723834453125 0.263219572265625 0.85675284765625 0.280846173828125 0.81834658203125 0.301473296875 0.781783365234375 0.33351783984375 0.76193923046875 0.363980525390625 0.76155207421875 0.3992108984375 0.78228580859375 0.424090494140625 0.81623984375 0.40849924609375 0.850445404296875 0.420182337890625 0.89530253125 0.4583527734375 0.885651109375 0.4812874296875 0.84900681640625 0.47721305859375 0.7782855 0.496690728515625 0.71070623828125 0.520446638671875 0.66706172265625 0.556585734375 0.657007833984375 0.5835407890625 0.637702458984375 0.576355662109375 0.549430806640625 0.539478625 0.5214667109375 0.50971153125 0.538818564453125
1 0.39453125 0.1240234375 0.140625 0.203125
0 0.406043154296875 0.32221088671875 0.39757551171875 0.284647076171875 0.368297517578125 0.244304876953125 0.337231923828125 0.2372746171875 0.321436869140625 0.246867162109375 0.304260646484375 0.270778296875 0.295880453125 0.299594193359375 0.2735615625 0.347424228515625 0.273577841796875 0.347430779296875 0.2964101796875 0.35809630078125 0.31498408203125 0.37866248046875 0.355979560546875 0.407628458984375 0.387213380859375 0.39066805078125 0.406043154296875 0.32221088671875
0 0.459795498046875 0.286289212890625 0.457809333984375 0.339711724609375 0.478704177734375 0.392264685546875 0.517143248046875 0.421396578125 0.525236064453125 0.420305546875 0.54911808984375 0.4022313984375 0.5711406875 0.3876337421875 0.57406855859375 0.361441703125 0.5821274921875 0.339425046875 0.56872905859375 0.2938659609375 0.522742697265625 0.256865443359375 0.4884124609375 0.263550513671875 0.459795498046875 0.286289212890625
1 0.412109375 0.447265625 0.01171875 0.01171875
1 0.4765625 0.45703125 0.01171875 0.01171875
1 0.576171875 0.3623046875 0.009765625 0.013671875
1 0.58984375 0.33984375 0.013671875 0.017578125
1 0.5966796875 0.3603515625 0.013671875 0.017578125
1 0.611328125 0.3583984375 0.01171875 0.01171875
1 0.6298828125 0.35546875 0.013671875 0.02734375
1 0.6083984375 0.3369140625 0.013671875 0.01953125
1 0.6171875 0.3173828125 0.015625 0.01953125
1 0.423828125 0.373046875 0.005859375 0.005859375
1 0.4228515625 0.44140625 0.0078125 0.009765625
1 0.619140625 0.5302734375 0.029296875 0.0390625
1 0.66796875 0.54296875 0.01171875 0.013671875
1 0.5966796875 0.46875 0.0625 0.08203125
1 0.6318359375 0.470703125 0.005859375 0.009765625
1 0.67043567578125 0.439687265625 0.67228367578125 0.42674696875 0.665135697265625 0.416800994140625 0.64880766015625 0.414126736328125 0.63206297265625 0.427854927734375 0.62149694140625 0.447280138671875 0.62556744140625 0.45291670703125 0.643403095703125 0.467508603515625 0.65744942578125 0.451428666015625 0.67043567578125 0.439687265625
1 0.6884765625 0.4609375 0.021484375 0.0234375
1 0.653242806640625 0.53266328125 0.656396283203125 0.541646412109375 0.672684181640625 0.5217374140625 0.707358640625 0.510449609375 0.727822625 0.502456580078125 0.72703848046875 0.48819165234375 0.70257115234375 0.4744941484375 0.682260005859375 0.47006350390625 0.68192230078125 0.451981240234375 0.672285470703125 0.4396012734375 0.672561267578125 0.43920999609375 0.658855578125 0.44128728125 0.65325128125 0.476996572265625 0.625796931640625 0.497783025390625 0.62155366796875 0.509068775390625 0.653242806640625 0.53266328125
0 0.69273456640625 0.438110388671875 0.725270345703125 0.41536192578125 0.751816587890625 0.3962995 0.766032095703125 0.374521857421875 0.756566890625 0.353225568359375 0.74936369140625 0.31903846484375 0.732875203125 0.281207666015625 0.67761434765625 0.285203505859375 0.65006444921875 0.3185488828125 0.639301767578125 0.36588234765625 0.65140187890625 0.416724828125 0.671877326171875 0.42632187109375 0.670747201171875 0.449046212890625 0.69273456640625 0.438110388671875
1 0.7666015625 0.349609375 0.01171875 0.0234375
1 0.78125 0.34375 0.017578125 0.01953125
1 0.7783203125 0.37890625 0.01171875 0.013671875
1 0.7861328125 0.4345703125 0.03125 0.046875
1 0.763671875 0.458984375 0.0078125 0.013671875
1 0.7685546875 0.478515625 0.03125 0.02734375
1 0.78125 0.4970703125 0.01171875 0.01953125
1 0.748046875 0.4892578125 0.013671875 0.013671875
1 0.7890625 0.529296875 0.009765625 0.013671875
1 0.8154296875 0.3955078125 0.015625 0.021484375
1 0.8232421875 0.349609375 0.0078125 0.009765625
1 0.896484375 0.4580078125 0.0234375 0.0234375
0 0.8857421875 0.3720703125 0.12890625 0.158203125
1 0.984375 0.419921875 0.01171875 0.017578125
1 0.9892578125 0.3330078125 0.013671875 0.017578125
1 0.9501953125 0.564453125 0.021484375 0.0234375
1 0.8583984375 0.5419921875 0.052734375 0.033203125
1 0.8583984375 0.4951171875 0.025390625 0.0390625
1 0.95332293359375 0.50577251953125 0.967677529296875 0.478748314453125 0.9615292890625 0.441987388671875 0.955608171875 0.423648759765625 0.927114302734375 0.450048994140625 0.895620412109375 0.4686483359375 0.873821853515625 0.489431462890625 0.867000353515625 0.50689246875 0.86814049609375 0.515488029296875 0.88074279296875 0.530567009765625 0.889525564453125 0.55405771875 0.914778203125 0.5575011640625 0.93365387890625 0.555057234375 0.94887918359375 0.548311837890625 0.95332293359375 0.50577251953125
1 0.974609375 0.4990234375 0.05078125 0.072265625
1 0.9208984375 0.6318359375 0.037109375 0.041015625
1 0.9375 0.6103515625 0.015625 0.01953125
0 0.8447265625 0.63671875 0.138671875 0.173828125
0 0.667255828125 0.66603026953125 0.69912284765625 0.66111092578125 0.715181291015625 0.64615396875 0.7226729140625 0.59481394921875 0.70968271875 0.539790279296875 0.692320681640625 0.533303162109375 0.66939555859375 0.548059431640625 0.648738259765625 0.541245986328125 0.6489224296875 0.540743583984375 0.61172696875 0.55192024609375 0.598468005859375 0.57848783203125 0.598301705078125 0.604236318359375 0.607608201171875 0.620873015625 0.651716171875 0.662198984375 0.667255828125 0.66603026953125