0 0.0205078125 0.73046875 0.041015625 0.15625
1 0 0.63154764453125 0.029803078125 0.6497733046875 0.046746486328125 0.684092564453125 0.0442943046875 0.685551634765625 0.055719232421875 0.67960840234375 0.06137679296875 0.63296858984375 0.061037615234375 0.58307325 0.03918115625 0.566415669921875 0 0.552902728515625 0 0.63154764453125
1 0.053651404296875 0.577585369140625 0.059005630859375 0.607052140625 0.064062783203125 0.61352866796875 0.095026515625 0.593094271484375 0.104357181640625 0.581499833984375 0.092075328125 0.558657173828125 0.09427525390625 0.513289427734375 0.08408794921875 0.5006494609375 0.041690326171875 0.510827845703125 0.0222753359375 0.543991669921875 0.034237869140625 0.567679296875 0.053651404296875 0.577585369140625
1 0.1201171875 0.5771484375 0.05078125 0.07421875
0 0.0478515625 0.4267578125 0.095703125 0.169921875
0 0.2236328125 0.4326171875 0.10546875 0.162109375
1 0.2900390625 0.43359375 0.015625 0.01953125
1 0.224609375 0.5595703125 0.029296875 0.033203125
1 0.1708984375 0.6884765625 0.03125 0.0390625
1 0.1005859375 0.6884765625 0.01171875 0.013671875
1 0.1162109375 0.701171875 0.009765625 0.009765625
0 0.2198930078125 0.7084963203125 0.206809845703125 0.696041119140625 0.193866580078125 0.6949975859375 0.175890068359375 0.709611373046875 0.146795904296875 0.72957481640625 0.101508970703125 0.748214263671875 0.08117705078125 0.775290580078125 0.0802210234375 0.827633724609375 0.1208184609375 0.850206755859375 0.1465216796875 0.873284974609375 0.1739714375 0.888175755859375 0.209397841796875 0.860811494140625 0.2309977109375 0.8342045625 0.233428818359375 0.794921587890625 0.232205921875 0.753660330078125 0.2198930078125 0.7084963203125
1 0.2587890625 0.765625 0.005859375 0.013671875
1 0.3525390625 0.6455078125 0.09375 0.17578125
1 0.3359375 0.720703125 0.009765625 0.009765625
1 0.255859375 0.5830078125 0.005859375 0.005859375
1 0.271484375 0.615234375 0.005859375 0.013671875
0 0.431640625 0.435546875 0.14453125 0.20703125
1 0.5146484375 0.662109375 0.015625 0.01953125
0 0.367443923828125 0.717314185546875 0.33011726171875 0.7660142421875 0.325386587890625 0.797797158203125 0.35936565625 0.830747064453125 0.4160316640625 0.86377373046875 0.457111884765625 0.83350948046875 0.478049279296875 0.7987458046875 0.487858552734375 0.761907927734375 0.465739115234375 0.71364034765625 0.440317986328125 0.678614203125 0.41459166796875 0.662866025390625 0.3921607265625 0.673864455078125 0.367443923828125 0.717314185546875
1 0.349609375 0.8447265625 0.009765625 0.01171875
1 0.6044921875 0.634765625 0.01953125 0.021484375
1 0.5908203125 0.68359375 0.0078125 0.01953125
1 0.586725029296875 0.77340039453125 0.60667962890625 0.767561615234375 0.601398443359375 0.724477451171875 0.580887947265625 0.686240728515625 0.553883392578125 0.66901001953125 0.527119216796875 0.689759580078125 0.499365642578125 0.72874014453125 0.48105825 0.772862310546875 0.477734013671875 0.836292515625 0.500700107421875 0.887129205078125 0.50038657421875 0.88851171875 0.525225580078125 0.85415473828125 0.5553876953125 0.812301798828125 0.57851844140625 0.80535729296875 0.586725029296875 0.77340039453125
1 0.5517578125 0.8798828125 0.013671875 0.021484375
0 0.715833841796875 0.85357429296875 0.716676068359375 0.7856285390625 0.686462677734375 0.733758591796875 0.639067333984375 0.718228458984375 0.61236911328125 0.7224506953125 0.59960890234375 0.7436142421875 0.58917358984375 0.777711966796875 0.574442078125 0.802756251953125 0.54832446484375 0.81509925 0.546992072265625 0.838298375 0.5574249453125 0.875256921875 0.552649560546875 0.901090095703125 0.58942677734375 0.907946259765625 0.624046150390625 0.938979953125 0.644737478515625 0.944913107421875 0.675562896484375 0.934784712890625 0.70094328125 0.909685814453125 0.715833841796875 0.85357429296875
0 0.642578125 0.4931640625 0.146484375 0.18359375
1 0.695474359375 0.651042744140625 0.7079591953125 0.64128872265625 0.71530309375 0.658317564453125 0.733531697265625 0.64154990625 0.73057201171875 0.597146208984375 0.707275810546875 0.581763826171875 0.694306611328125 0.59026405078125 0.675966369140625 0.62879324609375 0.6806417578125 0.673243095703125 0.695474359375 0.651042744140625
1 0.7285909609375 0.63382390234375 0.7158709375 0.645365966796875 0.698937669921875 0.6314564296875 0.689881685546875 0.638824666015625 0.695393197265625 0.66606770703125 0.71373745703125 0.700890478515625 0.7451258203125 0.68762245703125 0.770938978515625 0.670592810546875 0.773496845703125 0.65370562109375 0.766025193359375 0.63121012890625 0.753550978515625 0.619337666015625 0.740975271484375 0.622618884765625 0.7285909609375 0.63382390234375
1 0.7626953125 0.6953125 0.013671875 0.015625
1 0.7509765625 0.60546875 0.021484375 0.02734375
1 0.8251953125 0.677734375 0.013671875 0.015625