1 0.0634765625 0.423828125 0.01171875 0.01171875
1 0.1083984375 0.4521484375 0.013671875 0.015625
1 0.046875 0.4267578125 0.015625 0.015625
0 0 0.513924041015625 0.03941827734375 0.51534796875 0.0594858671875 0.502453662109375 0.07823751171875 0.461828580078125 0.072732783203125 0.445704859375 0.058842685546875 0.43233290625 0.04385533984375 0.434810990234375 0.03348180078125 0.421195763671875 0.018224259765625 0.420533044921875 0 0.4238803359375 0 0.513924041015625
1 0.0322265625 0.626953125 0.046875 0.078125
0 0.056640625 0.744140625 0.0703125 0.171875
1 0.21484375 0.611328125 0.015625 0.021484375
1 0.1591796875 0.5849609375 0.009765625 0.009765625
1 0.1337890625 0.5966796875 0.009765625 0.009765625
0 0.2275390625 0.7001953125 0.171875 0.1875
0 0.2820078828125 0.453208251953125 0.281664666015625 0.40605151953125 0.264625451171875 0.38650156640625 0.232797767578125 0.38443771484375 0.216696095703125 0.374966546875 0.18736148828125 0.334003181640625 0.18700777734375 0.333356857421875 0.17116891015625 0.345400787109375 0.149716173828125 0.368167234375 0.129023560546875 0.41120758984375 0.139545896484375 0.458408537109375 0.178479751953125 0.500414771484375 0.22684626953125 0.509308625 0.26572183984375 0.490071388671875 0.2820078828125 0.453208251953125
1 0.3447265625 0.501953125 0.021484375 0.03125
1 0.2978515625 0.5693359375 0.009765625 0.01171875
1 0.33984375 0.5498046875 0.005859375 0.009765625
1 0.31640625 0.5625 0.01171875 0.009765625
1 0.3347594140625 0.6604175234375 0.3680949765625 0.64810962890625 0.402250416015625 0.622359291015625 0.415217935546875 0.600939388671875 0.41023455078125 0.580326029296875 0.38556226953125 0.564346013671875 0.35659553125 0.546049044921875 0.34848286328125 0.5494042890625 0.31551113671875 0.568224875 0.31919680078125 0.594074166015625 0.32599376171875 0.63395816796875 0.335347529296875 0.65956976171875 0.3347594140625 0.6604175234375
1 0.3046875 0.6611328125 0.009765625 0.013671875
1 0.4521484375 0.5322265625 0.0078125 0.0078125
1 0.47265625 0.5400390625 0.03515625 0.04296875
1 0.5576171875 0.5517578125 0.05078125 0.09375
1 0.53125 0.6904296875 0.0625 0.115234375
0 0.50305951171875 0.768396916015625 0.510880380859375 0.7453123359375 0.5119121875 0.714580380859375 0.5035947109375 0.678275353515625 0.51212280859375 0.63020865234375 0.50375959765625 0.608016197265625 0.4531693671875 0.6011780390625 0.422786669921875 0.60379712890625 0.396590822265625 0.652557873046875 0.3878294140625 0.685056759765625 0.4038205 0.71335842578125 0.45194269140625 0.734798845703125 0.493223673828125 0.764525693359375 0.50305951171875 0.768396916015625
1 0.609375 0.66015625 0.009765625 0.015625
1 0.5595703125 0.6630859375 0.009765625 0.01171875
1 0.5908203125 0.509765625 0.013671875 0.017578125
1 0.6220703125 0.50390625 0.015625 0.015625
1 0.63894263671875 0.4891834921875 0.62192571484375 0.517267177734375 0.606444755859375 0.552464869140625 0.606404365234375 0.58213104296875 0.61839243359375 0.589957982421875 0.640843806640625 0.592850814453125 0.659622080078125 0.58039741015625 0.670669166015625 0.57191211328125 0.669475349609375 0.557793666015625 0.6612741484375 0.528223171875 0.638504984375 0.491596224609375 0.63894263671875 0.4891834921875
0 0.75767965625 0.63233478515625 0.74239434765625 0.5970543359375 0.715550529296875 0.558674271484375 0.671495419921875 0.53233664453125 0.667914119140625 0.53861183203125 0.666042046875 0.55364903125 0.6639806796875 0.577651056640625 0.64053439453125 0.60009297265625 0.62682880859375 0.639671865234375 0.63689496875 0.690655869140625 0.66954925 0.707075669921875 0.713671525390625 0.722934275390625 0.75141343359375 0.694334328125 0.75767965625 0.63233478515625
1 0.5771484375 0.375 0.013671875 0.015625
1 0.69140625 0.3671875 0.013671875 0.017578125
0 0.63043688671875 0.258096296875 0.5910282265625 0.244559630859375 0.585547962890625 0.261715732421875 0.570993525390625 0.29835515625 0.579834134765625 0.344500541015625 0.597189439453125 0.3941067734375 0.632323666015625 0.408246146484375 0.664053025390625 0.407142974609375 0.675664998046875 0.38450389453125 0.683219015625 0.348843107421875 0.68456145703125 0.298338087890625 0.66272333203125 0.2762717578125 0.63043688671875 0.258096296875
0 0.435546875 0.3896484375 0.123046875 0.1640625
1 0.34765625 0.38671875 0.0078125 0.0078125
1 0.734719515625 0.4291276796875 0.728134830078125 0.451360482421875 0.757732015625 0.51589161328125 0.77797945703125 0.5392817421875 0.80967484375 0.51340203125 0.8071626875 0.494989107421875 0.7766440859375 0.464222884765625 0.775951564453125 0.449568517578125 0.795566482421875 0.437439599609375 0.795210890625 0.399302193359375 0.78257567578125 0.392873447265625 0.745504193359375 0.41758046484375 0.734719515625 0.4291276796875
1 0.79790403515625 0.482177083984375 0.81894452734375 0.482073119140625 0.836048720703125 0.468428140625 0.839360857421875 0.441591154296875 0.82590712890625 0.435033322265625 0.790546248046875 0.439019892578125 0.7761787109375 0.44801931640625 0.776998392578125 0.464334521484375 0.79790403515625 0.482177083984375
0 0.8466796875 0.3271484375 0.146484375 0.181640625
1 0.951122095703125 0.27468303125 0.966036548828125 0.265704890625 0.951498322265625 0.252817208984375 0.917639765625 0.25556901953125 0.89582285546875 0.26505147265625 0.896890482421875 0.274242197265625 0.897086486328125 0.273103109375 0.915017986328125 0.295457005859375 0.92598894140625 0.30122430859375 0.94224238671875 0.291548939453125 0.951122095703125 0.27468303125
1 0.8798828125 0.224609375 0.01953125 0.0234375
1 0.9892578125 0.4619140625 0.021484375 0.029296875
1 0.9228515625 0.455078125 0.01171875 0.01171875
1 0.9404296875 0.669921875 0.015625 0.01953125
0 0.925362845703125 0.664198296875 0.954719546875 0.64431617578125 0.9651482890625 0.611761337890625 0.952899857421875 0.584521826171875 0.9322070390625 0.5375281484375 0.909610419921875 0.50647367578125 0.8654774453125 0.522283748046875 0.83358509765625 0.552016431640625 0.807555759765625 0.581569544921875 0.810837986328125 0.5960760546875 0.833588318359375 0.644237224609375 0.85977227734375 0.692107173828125 0.87562548828125 0.697843359375 0.908179673828125 0.67868559765625 0.925362845703125 0.664198296875
1 0.6943359375 0.4990234375 0.009765625 0.01171875