0 0.5126953125 0.0146484375 0.111328125 0.029296875
1 0.470703125 0.0400390625 0.08984375 0.080078125
1 0.3994140625 0.029296875 0.0546875 0.044921875
0 0.2890625 0.06640625 0.123046875 0.08203125
1 0.36328125 0.0771484375 0.01171875 0.01171875
1 0.4306640625 0.1005859375 0.015625 0.01171875
1 0.416015625 0.1376953125 0.01953125 0.009765625
0 0.5322265625 0.1728515625 0.134765625 0.12109375
1 0.5703125 0.21875 0.025390625 0.0234375
1 0.638671875 0.4052734375 0.025390625 0.01953125
1 0.6298828125 0.4208984375 0.021484375 0.01953125
0 0.603515625 0.35546875 0.150390625 0.12890625
1 0.5419921875 0.5 0.056640625 0.064453125
1 0.466796875 0.5185546875 0.0625 0.0546875
1 0.45703125 0.4912109375 0.017578125 0.013671875
1 0.4892578125 0.4423828125 0.01171875 0.0078125
1 0.5107421875 0.4248046875 0.009765625 0.0078125
1 0.3408203125 0.333984375 0.017578125 0.017578125
1 0.326171875 0.328125 0.013671875 0.017578125
0 0.283203125 0.23828125 0.14453125 0.1328125
1 0.357421875 0.2314453125 0.05078125 0.0390625
1 0.26953125 0.171875 0.015625 0.01171875
1 0.2490234375 0.1689453125 0.017578125 0.013671875
0 0.345703125 0.4130859375 0.162109375 0.14453125
1 0.4150390625 0.3896484375 0.01953125 0.021484375
0 0.3583984375 0.6298828125 0.154296875 0.138671875
0 0.4140625 0.828125 0.21875 0.16796875
0 0.4541015625 0.96875 0.142578125 0.0625
1 0.546875 0.95703125 0.017578125 0.013671875
1 0.55859375 0.9921875 0.0234375 0.015625
1 0.5732421875 0.958984375 0.0234375 0.021484375
1 0.5810546875 0.904296875 0.015625 0.015625
1 0.5625 0.8603515625 0.021484375 0.017578125
0 0.6904296875 0.93359375 0.13671875 0.09375
0 0.6728515625 0.78125 0.203125 0.173828125
1 0.65625 0.689453125 0.015625 0.015625
0 0.654296875 0.5703125 0.205078125 0.169921875
1 0.5478515625 0.6025390625 0.017578125 0.017578125
1 0.505859375 0.6220703125 0.021484375 0.017578125
1 0.4833984375 0.572265625 0.044921875 0.056640625
1 0.4658203125 0.55859375 0.015625 0.017578125
1 0.4375 0.1884765625 0.029296875 0.021484375
1 0.8779296875 0.037109375 0.048828125 0.046875
1 0.853515625 0.0712890625 0.06640625 0.056640625
1 0.923828125 0.1669921875 0.01953125 0.01953125
1 0.9404296875 0.3603515625 0.029296875 0.0234375
1 0.4189453125 0.1455078125 0.01171875 0.009765625