0 0.9599609375 0.3935546875 0.080078125 0.1591796875
1 0.95703125 0.509765625 0.0859375 0.0830078125
1 0.912109375 0.4013671875 0.0234375 0.0283203125
1 0.8916015625 0.5498046875 0.0185546875 0.015625
1 0.87109375 0.54296875 0.013671875 0.015625
1 0.822265625 0.5439453125 0.0185546875 0.0185546875
1 0.759765625 0.505859375 0.041015625 0.0498046875
1 0.7724609375 0.5380859375 0.0185546875 0.0185546875
1 0.697265625 0.544921875 0.009765625 0.0126953125
1 0.6767578125 0.5419921875 0.009765625 0.0126953125
1 0.66015625 0.509765625 0.015625 0.015625
1 0.6513671875 0.552734375 0.009765625 0.0126953125
1 0.638671875 0.5419921875 0.015625 0.0126953125
1 0.6064453125 0.55859375 0.0107421875 0.0126953125
0 0.966796875 0.7060546875 0.0654296875 0.162109375
0 0.7724609375 0.703125 0.169921875 0.193359375
0 0.548828125 0.744140625 0.1591796875 0.201171875
1 0.3837890625 0.697265625 0.029296875 0.0185546875
0 0.2919921875 0.7216796875 0.171875 0.2216796875
0 0.0732421875 0.71875 0.146484375 0.1904296875
0 0.283203125 0.396484375 0.1689453125 0.216796875
1 0.1953125 0.40625 0.0126953125 0.0234375
1 0.146484375 0.419921875 0.0126953125 0.0126953125
1 0.13789682421875 0.307760140625 0.0963270390625 0.330040234375 0.06322337890625 0.30078641796875 0.029759322265625 0.293494060546875 0.04920144140625 0.344406208984375 0.07004381640625 0.364722841796875 0.08169926953125 0.399277998046875 0.092787646484375 0.416751060546875 0.086774552734375 0.4495752734375 0.103786892578125 0.462609884765625 0.11362873046875 0.416236083984375 0.12660176953125 0.395602541015625 0.13873775390625 0.35379119921875 0.141465927734375 0.321108216796875 0.13789682421875 0.307760140625
0 0 0.45690551953125 0.032738095703125 0.49735449609375 0.05354817578125 0.47716359375 0.10263077734375 0.43534536328125 0.0877704921875 0.40966194140625 0.072730654296875 0.37505855859375 0.05281575390625 0.34205866796875 0.0341796875 0.301602802734375 0 0.33528990234375 0 0.45690551953125
1 0.0185546875 0.552734375 0.015625 0.015625
0 0.5087890625 0.392578125 0.171875 0.208984375
1 0.4169921875 0.3828125 0.0107421875 0.0205078125
1 0.4765625 0.5244140625 0.013671875 0.0126953125
1 0.4833984375 0.5556640625 0.009765625 0.015625
1 0.568359375 0.5537109375 0.0029296875 0.0078125
1 0.470703125 0.548828125 0.005859375 0.009765625
1 0.4111328125 0.560546875 0.005859375 0.0107421875
1 0.400390625 0.5498046875 0.005859375 0.005859375
1 0.390625 0.552734375 0.005859375 0.009765625
1 0.3798828125 0.5576171875 0.0126953125 0.009765625
1 0.35546875 0.548828125 0.0078125 0.0126953125
1 0.197265625 0.52734375 0.009765625 0.009765625
1 0.2236328125 0.560546875 0.0048828125 0.005859375
1 0.177734375 0.56640625 0.009765625 0.009765625
1 0.162109375 0.552734375 0.009765625 0.0107421875
1 0.177734375 0.5087890625 0.009765625 0.009765625
1 0.12109375 0.5556640625 0.0078125 0.0107421875
1 0.109375 0.5498046875 0.005859375 0.0078125
1 0.0703125 0.529296875 0.0078125 0.0078125
0 0.7958984375 0.3837890625 0.1826171875 0.2080078125
1 0.1611328125 0.396484375 0.009765625 0.0107421875