0 0.8310546875 0.4189453125 0.1513671875 0.166015625
1 0.572265625 0.478515625 0.029296875 0.029296875
0 0.56201430078125 0.448042396484375 0.58714528515625 0.47119398828125 0.625992064453125 0.52777777734375 0.65835942578125 0.484781470703125 0.69869042578125 0.424191537109375 0.6921916328125 0.380289283203125 0.635671140625 0.34281994140625 0.596337373046875 0.339704240234375 0.5714130703125 0.391677345703125 0.56201430078125 0.448042396484375
1 0.7138671875 0.283203125 0.015625 0.0185546875
1 0.541015625 0.462890625 0.009765625 0.0126953125
1 0.8447265625 0.08984375 0.044921875 0.052734375
1 0.537109375 0.060546875 0.0185546875 0.0185546875
1 0.57421875 0.009765625 0.03125 0.0185546875
1 0.275390625 0.1630859375 0.0126953125 0.0283203125
1 0.1337890625 0.029296875 0.076171875 0.05859375
0 0.025390625 0.4091796875 0.0498046875 0.1376953125
0 0.1884765625 0.4150390625 0.1171875 0.146484375
1 0.2490234375 0.3623046875 0.013671875 0.0107421875
0 0.42578125 0.408203125 0.1220703125 0.1435546875
1 0.4921875 0.2939453125 0.0107421875 0.017578125
0 0.025390625 0.7275390625 0.05078125 0.095703125
0 0.193359375 0.7119140625 0.1123046875 0.146484375
1 0.349609375 0.7333984375 0.0126953125 0.015625
0 0.404296875 0.712890625 0.0908203125 0.1611328125
1 0.431640625 0.80078125 0.0205078125 0.0205078125
1 0.5712890625 0.6875 0.015625 0.0185546875
1 0.5859375 0.6015625 0.0126953125 0.013671875
0 0.6357421875 0.7060546875 0.109375 0.162109375
0 0.8271484375 0.7158203125 0.1044921875 0.1669921875
1 0.8818359375 0.75 0.0107421875 0.0126953125
1 0.8896484375 0.701171875 0.009765625 0.0126953125
1 0.828125 0.576171875 0.0185546875 0.021484375
1 0.955078125 0.5888671875 0.0185546875 0.03125
1 0.9853515625 0.546875 0.029296875 0.013671875
1 0.955078125 0.5478515625 0.013671875 0.0126953125
1 0.935546875 0.548828125 0.015625 0.017578125
1 0.9404296875 0.7373046875 0.0126953125 0.015625
0 0.98046875 0.673828125 0.037109375 0.09375
1 0.9931640625 0.4541015625 0.013671875 0.0263671875
1 0.32421875 0.58984375 0.037109375 0.0439453125