1 0.873046875 0.310546875 0.009765625 0.0126953125
0 0.98369883984375 0.264577439453125 0.96948342578125 0.239082326171875 0.9466618046875 0.2278083203125 0.912698125 0.22908361328125 0.881876125 0.23793563671875 0.860637900390625 0.28603234375 0.8577745234375 0.30063121484375 0.868197216796875 0.3009902265625 0.87876659765625 0.30597752734375 0.879890849609375 0.320825564453125 0.87219991796875 0.34531464453125 0.874742798828125 0.361111111328125 0.87476590625 0.36087668359375 0.899426119140625 0.357779544921875 0.93034557421875 0.351009248046875 0.956218453125 0.33708687109375 0.97383776953125 0.321469908203125 0.97930230078125 0.29311074609375 0.98369883984375 0.264577439453125
0 0.96484375 0.6025390625 0.068359375 0.150390625
1 0.8984375 0.619140625 0.0078125 0.0107421875
1 0.8759765625 0.6416015625 0.0078125 0.009765625
1 0.806640625 0.4814453125 0.0810546875 0.103515625
0 0.81642533984375 0.61816808203125 0.8229628828125 0.581689654296875 0.8152608984375 0.56007533984375 0.770859455078125 0.53834849609375 0.74782885546875 0.5217938203125 0.74902444140625 0.52308116796875 0.720693078125 0.563086740234375 0.69640359765625 0.5877620234375 0.6895284765625 0.597875943359375 0.71158854296875 0.63666248828125 0.7424065234375 0.662083923828125 0.7579863125 0.664883669921875 0.79794098046875 0.64239058203125 0.81642533984375 0.61816808203125
1 0.6650390625 0.6396484375 0.009765625 0.0126953125
1 0.65625 0.6181640625 0.009765625 0.0126953125
1 0.630859375 0.587890625 0.009765625 0.0126953125
1 0.623046875 0.5068359375 0.080078125 0.103515625
1 0.6318359375 0.4375 0.0126953125 0.0185546875
1 0.5732421875 0.490234375 0.005859375 0.009765625
1 0.5693359375 0.4853515625 0.005859375 0.005859375
1 0.56640625 0.513671875 0.009765625 0.009765625
1 0.553493923828125 0.50914003515625 0.5642793125 0.49571196484375 0.559486923828125 0.4642195 0.548158998046875 0.4603963046875 0.52267895703125 0.4603963046875 0.494855966796875 0.454046638671875 0.48507828515625 0.488147291015625 0.48494968359375 0.517608935546875 0.49173337890625 0.545741705078125 0.499101802734375 0.55524208984375 0.508164142578125 0.56020126171875 0.52088959765625 0.55221729296875 0.542430234375 0.5300015 0.553493923828125 0.50914003515625
1 0.51171875 0.4482421875 0.0048828125 0.005859375
0 0.7265625 0.302734375 0.1513671875 0.1435546875
0 0.517578125 0.310546875 0.103515625 0.1298828125
1 0.416015625 0.3505859375 0.0185546875 0.0185546875
1 0.423828125 0.5029296875 0.0107421875 0.0126953125
1 0.421875 0.4873046875 0.009765625 0.009765625
1 0.4365234375 0.5234375 0.009765625 0.009765625
0 0.5234375 0.638671875 0.1591796875 0.171875
1 0.384765625 0.458984375 0.037109375 0.0751953125
1 0.365234375 0.46875 0.0078125 0.009765625
1 0.388671875 0.505859375 0.015625 0.0107421875
1 0.2890625 0.52734375 0.0751953125 0.078125
0 0.2607421875 0.650390625 0.140625 0.1689453125
1 0.2001953125 0.6640625 0.009765625 0.0126953125
1 0.208984375 0.48046875 0.005859375 0.005859375
1 0.193359375 0.505859375 0.005859375 0.009765625
0 0.279296875 0.2978515625 0.130859375 0.1767578125
1 0.1953125 0.2822265625 0.005859375 0.0126953125
1 0.158203125 0.294921875 0.005859375 0.009765625
1 0.134765625 0.376953125 0.005859375 0.005859375
1 0.083984375 0.5244140625 0.0234375 0.03125
1 0.0556640625 0.4853515625 0.0126953125 0.009765625
1 0.01180314453125 0.423258798828125 0.03372757421875 0.46383771484375 0.051436310546875 0.46828783984375 0.063269595703125 0.446487322265625 0.06995884765625 0.40706447265625 0.06985536328125 0.407339087890625 0.061775615234375 0.39568999609375 0.049930275390625 0.370715986328125 0.04069512890625 0.392336998046875 0.0210915390625 0.39936985546875 0.01128974609375 0.3791956015625 0.01180314453125 0.423258798828125
0 0 0.385815865234375 0.00483659765625 0.390341005859375 0.019808544921875 0.394499099609375 0.0338200078125 0.40224194140625 0.050818423828125 0.39235307421875 0.064151716796875 0.3996632265625 0.086907029296875 0.42017371875 0.105177388671875 0.40091574609375 0.115355943359375 0.356141224609375 0.10017903515625 0.32145115234375 0.069547927734375 0.27975099609375 0.023012513671875 0.273097244140625 0 0.27718433984375 0 0.29781539453125 0 0.385815865234375
0 0.05078125 0.6923828125 0.1015625 0.203125
1 0.958984375 0.4951171875 0.0107421875 0.0126953125