0 0.2861328125 0.1904296875 0.212890625 0.1533203125
0 0.39934976171875 0.383377640625 0.3592263046875 0.352647568359375 0.33026298828125 0.33177957421875 0.28224263671875 0.32916937890625 0.233898775390625 0.34197018359375 0.2042703515625 0.37397069140625 0.190029818359375 0.42567425 0.18415637890625 0.462962962890625 0.23169045703125 0.44915093359375 0.25523847265625 0.451034734375 0.28135649609375 0.45996998046875 0.29308328515625 0.47688801953125 0.307808080078125 0.48827220703125 0.353105708984375 0.483689296875 0.399526587890625 0.456096884765625 0.39934976171875 0.383377640625
0 0.322265625 0.642578125 0.197265625 0.162109375
1 0.3544921875 0.759765625 0.03125 0.017578125
0 0.31640625 0.869140625 0.203125 0.166015625
0 0.587890625 0.865234375 0.140625 0.126953125
1 0.580078125 0.705078125 0.037109375 0.025390625
0 0.675604423828125 0.73925178515625 0.702355404296875 0.707918896484375 0.71773927734375 0.68466826953125 0.718669625 0.645854431640625 0.699455857421875 0.622759029296875 0.658295556640625 0.60162880859375 0.618553884765625 0.59379069140625 0.58310225390625 0.610277716796875 0.562552244140625 0.62412441015625 0.5538315 0.66193305078125 0.56497556640625 0.680513357421875 0.56787511328125 0.68537055078125 0.578412341796875 0.6910098984375 0.607723283203125 0.696903935546875 0.6231955703125 0.717441888671875 0.63918426953125 0.73164876171875 0.655444236328125 0.74454601953125 0.675604423828125 0.73925178515625
1 0.5087890625 0.5849609375 0.015625 0.015625
1 0.734375 0.45703125 0.025390625 0.0205078125
1 0.5185546875 0.482421875 0.087890625 0.0810546875
0 0.599609375 0.40234375 0.1591796875 0.1142578125
1 0.7109375 0.3115234375 0.025390625 0.013671875
1 0.52892513671875 0.178203064453125 0.52349778125 0.1614538125 0.48045267578125 0.165509259765625 0.471906748046875 0.209257150390625 0.490632234375 0.237169052734375 0.540155607421875 0.239658685546875 0.564073349609375 0.222469376953125 0.57326830859375 0.203429421875 0.559262876953125 0.19228636328125 0.52282664453125 0.19840042578125 0.52892513671875 0.178203064453125
0 0.6949729140625 0.18528163671875 0.701513470703125 0.134260765625 0.653941212890625 0.09812192578125 0.60485789453125 0.091839072265625 0.566008390625 0.09503851953125 0.520061728515625 0.136188271484375 0.53151323046875 0.18476170703125 0.547749083984375 0.19388533203125 0.57888655859375 0.21082598046875 0.58101851953125 0.26792323828125 0.61266637890625 0.269502615234375 0.661968716796875 0.2340223515625 0.6949729140625 0.18528163671875