1 0.9775390625 0.38671875 0.015625 0.01953125
1 0.9609375 0.404296875 0.009765625 0.015625
1 0.9423828125 0.3935546875 0.01953125 0.025390625
1 0.92578125 0.390625 0.013671875 0.01953125
1 0.8203125 0.396484375 0.025390625 0.021484375
1 0.80078125 0.4365234375 0.0234375 0.037109375
1 0.8984375 0.3486328125 0.009765625 0.009765625
1 0.78515625 0.404296875 0.01171875 0.0078125
1 0.7685546875 0.3857421875 0.0078125 0.009765625
1 0.75390625 0.3828125 0.009765625 0.013671875
1 0.76171875 0.3955078125 0.013671875 0.015625
1 0.7509765625 0.4140625 0.017578125 0.01953125
1 0.748046875 0.435546875 0.01171875 0.015625
1 0.7734375 0.447265625 0.0078125 0.01171875
1 0.724609375 0.376953125 0.009765625 0.01171875
1 0.62890625 0.4287109375 0.013671875 0.015625
1 0.6259765625 0.3798828125 0.0078125 0.009765625
1 0.615234375 0.3984375 0.005859375 0.009765625
1 0.6083984375 0.4462890625 0.009765625 0.01953125
1 0.58984375 0.4033203125 0.013671875 0.013671875
1 0.68359375 0.3681640625 0.015625 0.015625
1 0.5419921875 0.4248046875 0.01953125 0.03125
1 0.556640625 0.3828125 0.009765625 0.013671875
1 0.5361328125 0.462890625 0.017578125 0.025390625
1 0.453125 0.3974609375 0.0078125 0.013671875
1 0.4375 0.4091796875 0.013671875 0.013671875
1 0.427734375 0.4345703125 0.009765625 0.009765625
1 0.4111328125 0.4013671875 0.0234375 0.021484375
1 0.3828125 0.40234375 0.009765625 0.009765625
1 0.37109375 0.4443359375 0.01953125 0.0234375
1 0.427734375 0.453125 0.005859375 0.0078125
1 0.4052734375 0.46875 0.005859375 0.005859375
1 0.365234375 0.3603515625 0.005859375 0.009765625
1 0.369140625 0.3740234375 0.005859375 0.005859375
1 0.3427734375 0.3818359375 0.009765625 0.01953125
0 0.30078125 0.419921875 0.09765625 0.142578125
1 0.2431640625 0.3720703125 0.015625 0.021484375
1 0.1826171875 0.4130859375 0.029296875 0.021484375
1 0.1826171875 0.4375 0.025390625 0.029296875
0 0.1083984375 0.4375 0.11328125 0.169921875
1 0.046875 0.40625 0.013671875 0.013671875
1 0.0478515625 0.44921875 0.009765625 0.013671875
1 0.03515625 0.42578125 0.009765625 0.013671875
1 0.154296875 0.6982421875 0.021484375 0.025390625
0 0.2998046875 0.681640625 0.109375 0.138671875
0 0.5078125 0.6865234375 0.0859375 0.14453125
0 0.693359375 0.7001953125 0.13671875 0.15625
0 0.90625 0.69921875 0.1328125 0.1328125
1 0.9140625 0.59375 0.07421875 0.095703125
1 0.900390625 0.5126953125 0.087890625 0.0546875
1 0.7861328125 0.5654296875 0.037109375 0.03515625
1 0.7275390625 0.5751953125 0.05078125 0.056640625
1 0.6962890625 0.55859375 0.015625 0.01953125
1 0.689453125 0.5302734375 0.015625 0.01953125
1 0.646484375 0.587890625 0.068359375 0.080078125
1 0.5791015625 0.5615234375 0.013671875 0.025390625
1 0.5107421875 0.564453125 0.005859375 0.009765625
1 0.501953125 0.5634765625 0.01171875 0.013671875
1 0.482421875 0.56640625 0.005859375 0.009765625
1 0.4775390625 0.5546875 0.0078125 0.005859375
1 0.4794921875 0.5986328125 0.005859375 0.0078125
1 0.4697265625 0.5947265625 0.00390625 0.009765625
1 0.3974609375 0.5771484375 0.009765625 0.0078125
1 0.359375 0.5791015625 0.009765625 0.009765625
1 0.3369140625 0.5830078125 0.005859375 0.0078125
1 0.298828125 0.564453125 0.0078125 0.01953125
1 0.2470703125 0.57421875 0.013671875 0.025390625
1 0.2255859375 0.5771484375 0.005859375 0.009765625
1 0.20703125 0.576171875 0.01171875 0.013671875
1 0.1943359375 0.5888671875 0.0078125 0.01171875
1 0.1708984375 0.56640625 0.013671875 0.013671875
1 0.1845703125 0.5546875 0.005859375 0.009765625
1 0.185546875 0.572265625 0.0078125 0.0078125
1 0.162109375 0.5751953125 0.005859375 0.009765625
1 0.14453125 0.56640625 0.005859375 0.0078125
1 0.14453125 0.5830078125 0.009765625 0.013671875
1 0.1181640625 0.572265625 0.01171875 0.017578125
1 0.0947265625 0.556640625 0.015625 0.013671875
1 0.076171875 0.5615234375 0.0078125 0.005859375
1 0.076171875 0.5712890625 0.005859375 0.0078125
1 0.06640625 0.5771484375 0.005859375 0.009765625
1 0.04296875 0.556640625 0.017578125 0.013671875
1 0.0302734375 0.5615234375 0.005859375 0.009765625
1 0.03515625 0.5712890625 0.009765625 0.005859375
1 0.015625 0.5673828125 0.01171875 0.013671875
1 0.06640625 0.533203125 0.005859375 0.005859375
1 0.041015625 0.5185546875 0.0078125 0.009765625
1 0.0048828125 0.4892578125 0.009765625 0.005859375
1 0.00390625 0.5361328125 0.005859375 0.005859375
1 0.05078125 0.623046875 0.0078125 0.013671875
1 0.0458984375 0.5888671875 0.005859375 0.015625
1 0.0859375 0.5810546875 0.005859375 0.005859375
1 0.1357421875 0.5615234375 0.005859375 0.009765625
1 0.2177734375 0.4755859375 0.005859375 0.005859375
1 0.1982421875 0.36328125 0.005859375 0.009765625
1 0.8427734375 0.5732421875 0.005859375 0.009765625
0 0.8759765625 0.4228515625 0.095703125 0.138671875
0 0.6904296875 0.4453125 0.111328125 0.138671875
0 0.4912109375 0.419921875 0.0859375 0.1484375
0 0.1005859375 0.689453125 0.095703125 0.16796875