0 0.2900390625 0.958984375 0.169921875 0.06640625
1 0.3515625 0.9189453125 0.123046875 0.056640625
1 0.4013671875 0.875 0.03125 0.03125
0 0.30078125 0.791015625 0.19921875 0.1640625
1 0.32421875 0.669921875 0.009765625 0.009765625
1 0.2744140625 0.599609375 0.0234375 0.017578125
1 0.5205078125 0.7353515625 0.015625 0.015625
1 0.482421875 0.7275390625 0.033203125 0.02734375
0 0.5859375 0.814453125 0.107421875 0.115234375
1 0.6435546875 0.771484375 0.01953125 0.01171875
1 0.6455078125 0.822265625 0.013671875 0.01171875
1 0.685546875 0.7880859375 0.021484375 0.017578125
0 0.58203125 0.978515625 0.10546875 0.04296875
0 0.385013513671875 0.49150916796875 0.34289212109375 0.483325578125 0.28353946484375 0.47930415234375 0.2406655 0.488661796875 0.230741826171875 0.510034462890625 0.22584412109375 0.552094896484375 0.240563505859375 0.572466439453125 0.260115158203125 0.588200580078125 0.290005361328125 0.60241978125 0.3091301015625 0.615041193359375 0.340895517578125 0.628503216796875 0.37263605859375 0.627553240234375 0.399798615234375 0.60865000390625 0.419643892578125 0.573462158203125 0.41614833203125 0.529121794921875 0.385013513671875 0.49150916796875
1 0.3671875 0.453125 0.009765625 0.005859375
0 0.3369140625 0.353515625 0.2109375 0.1484375
0 0.333984375 0.1279296875 0.19921875 0.193359375
1 0.6708984375 0.0341796875 0.01953125 0.01953125
0 0.672490498046875 0.150186638671875 0.669381357421875 0.12013853125 0.623962515625 0.09030334765625 0.57459726171875 0.08854037890625 0.54026886328125 0.14664326953125 0.556585470703125 0.15615665234375 0.5721794765625 0.177578375 0.586568158203125 0.1925395625 0.616049001953125 0.19527182421875 0.642182994140625 0.1859118984375 0.672490498046875 0.150186638671875
1 0.5107421875 0.244140625 0.052734375 0.044921875
1 0.5400390625 0.2939453125 0.0234375 0.01171875
1 0.612658626953125 0.403820408203125 0.63253003125 0.400598224609375 0.6350081484375 0.39509825 0.63049664453125 0.389425759765625 0.621737013671875 0.3857021484375 0.59035875 0.37242632421875 0.5746659453125 0.359330830078125 0.547994947265625 0.349561720703125 0.53047248046875 0.353605826171875 0.510414873046875 0.380557478515625 0.500154060546875 0.3929631015625 0.563263140625 0.40379567578125 0.612658626953125 0.403820408203125
0 0.566005296875 0.357417943359375 0.600619146484375 0.378519953125 0.638078345703125 0.395092375 0.6818090234375 0.400522154296875 0.69823633203125 0.38558067578125 0.7086188984375 0.35729984765625 0.692363791015625 0.310093240234375 0.659179443359375 0.2898646796875 0.626716505859375 0.287606736328125 0.58587985546875 0.29957334765625 0.5645076796875 0.318016345703125 0.54622938671875 0.34492926171875 0.566005296875 0.357417943359375
1 0.53125 0.4453125 0.013671875 0.013671875
1 0.52734375 0.50390625 0.015625 0.01171875
1 0.55859375 0.533203125 0.041015625 0.0234375
0 0.576462181640625 0.64570582421875 0.598595439453125 0.646106392578125 0.646750396484375 0.6182048125 0.66491987890625 0.587854951171875 0.653627970703125 0.540437443359375 0.625732349609375 0.534911419921875 0.5889180859375 0.535943712890625 0.5583849453125 0.538926947265625 0.5233312109375 0.546411259765625 0.52082665234375 0.58092227734375 0.54202333203125 0.62125620703125 0.576462181640625 0.64570582421875
1 0.669921875 0.62109375 0.013671875 0.009765625
1 0.5341796875 0.6923828125 0.005859375 0.005859375
1 0.7333984375 0.994140625 0.013671875 0.01171875
1 0.6650390625 0.8974609375 0.013671875 0.0078125