0 0.314453125 0.0283203125 0.125 0.056640625
0 0.30859375 0.208984375 0.1455078125 0.125
1 0.2822265625 0.287109375 0.041015625 0.0341796875
1 0.3017578125 0.310546875 0.009765625 0.005859375
0 0.3056640625 0.4267578125 0.115234375 0.0751953125
1 0.42578125 0.3779296875 0.015625 0.0126953125
1 0.3876953125 0.5439453125 0.025390625 0.015625
0 0.298828125 0.64453125 0.1591796875 0.115234375
1 0.400390625 0.7724609375 0.0908203125 0.0888671875
1 0.4384765625 0.666015625 0.0126953125 0.013671875
0 0.271484375 0.8681640625 0.171875 0.1513671875
1 0.4228515625 0.9892578125 0.037109375 0.021484375
1 0.404296875 0.9091796875 0.015625 0.0107421875
1 0.4267578125 0.919921875 0.0126953125 0.005859375
1 0.4296875 0.845703125 0.009765625 0.009765625
1 0.431640625 0.822265625 0.009765625 0.009765625
1 0.4501953125 0.880859375 0.0078125 0.005859375
1 0.4580078125 0.939453125 0.005859375 0.009765625
1 0.431640625 0.6865234375 0.009765625 0.005859375
1 0.4365234375 0.693359375 0.009765625 0.009765625
1 0.46484375 0.666015625 0.0126953125 0.0078125
1 0.439453125 0.5859375 0.009765625 0.0078125
1 0.470703125 0.578125 0.0126953125 0.0048828125
1 0.462890625 0.599609375 0.005859375 0.005859375
1 0.525390625 0.615234375 0.037109375 0.015625
1 0.5712890625 0.5673828125 0.013671875 0.005859375
1 0.576171875 0.552734375 0.0126953125 0.0078125
1 0.5361328125 0.556640625 0.009765625 0.005859375
1 0.568359375 0.4921875 0.015625 0.0126953125
1 0.640625 0.58203125 0.013671875 0.009765625
0 0.591796875 0.6552734375 0.0810546875 0.048828125
1 0.6142578125 0.69140625 0.0126953125 0.0078125
1 0.541015625 0.755859375 0.009765625 0.009765625
1 0.560546875 0.7578125 0.009765625 0.005859375
1 0.60546875 0.7763671875 0.009765625 0.005859375
1 0.6044921875 0.8037109375 0.015625 0.009765625
1 0.5224609375 0.783203125 0.005859375 0.005859375
1 0.607421875 0.923828125 0.009765625 0.005859375
1 0.595703125 0.92578125 0.005859375 0.005859375
1 0.6142578125 0.9423828125 0.009765625 0.005859375
1 0.607421875 0.982421875 0.013671875 0.0107421875
1 0.5234375 0.9658203125 0.015625 0.0107421875
1 0.505859375 0.455078125 0.0751953125 0.087890625
1 0.51953125 0.373046875 0.03125 0.021484375
1 0.634765625 0.4765625 0.025390625 0.0205078125
1 0.443359375 0.4287109375 0.0126953125 0.009765625
1 0.4423828125 0.4560546875 0.009765625 0.0078125
1 0.423828125 0.509765625 0.015625 0.0126953125
1 0.47265625 0.3486328125 0.015625 0.0107421875
1 0.484375 0.259765625 0.0595703125 0.0498046875
1 0.576171875 0.3125 0.013671875 0.0126953125
1 0.609375 0.310546875 0.0185546875 0.0107421875
1 0.6513671875 0.2724609375 0.0078125 0.009765625
1 0.5849609375 0.0712890625 0.015625 0.0126953125
1 0.689453125 0.060546875 0.013671875 0.009765625
1 0.443359375 0.3935546875 0.0078125 0.005859375
1 0.478515625 0.1337890625 0.0126953125 0.0126953125
1 0.443359375 0.1279296875 0.009765625 0.005859375
1 0.4541015625 0.1708984375 0.005859375 0.0126953125
1 0.48046875 0.01953125 0.0185546875 0.0126953125
1 0.44921875 0.017578125 0.0078125 0.009765625
0 0.617705921875 0.825748181640625 0.57125289453125 0.8011158125 0.548487103515625 0.78978587890625 0.496810240234375 0.81333576171875 0.47872575 0.88557167578125 0.50408537109375 0.90962405078125 0.525669642578125 0.92713112890625 0.564001873046875 0.928147734375 0.592239513671875 0.924401662109375 0.629045759765625 0.912008619140625 0.651837384765625 0.88196898828125 0.647054466796875 0.84552873828125 0.617705921875 0.825748181640625
0 0.65760375390625 0.36896753125 0.5867297734375 0.350087322265625 0.56196780078125 0.35889188671875 0.5387886484375 0.400190404296875 0.542476162109375 0.4368425 0.5572451640625 0.47858150390625 0.61810894921875 0.47033239453125 0.656888986328125 0.4600061484375 0.68284453515625 0.43877495703125 0.69098427734375 0.39409722265625 0.65760375390625 0.36896753125
0 0.589690462890625 0.106046162109375 0.52907297265625 0.114942439453125 0.498677248046875 0.17559523828125 0.525444017578125 0.21899543359375 0.5594463046875 0.255281962890625 0.597246333984375 0.261734251953125 0.646787505859375 0.251078611328125 0.672863619140625 0.21347449609375 0.673464712890625 0.169543392578125 0.658234126953125 0.12570012890625 0.589690462890625 0.106046162109375