1 0.044921875 0.400390625 0.01171875 0.017578125
1 0.109375 0.341796875 0.00390625 0.009765625
0 0.1884765625 0.37890625 0.15234375 0.181640625
1 0.0576171875 0.5361328125 0.01171875 0.01171875
1 0.021484375 0.521484375 0.009765625 0.009765625
1 0.111328125 0.529296875 0.005859375 0.01171875
1 0.154296875 0.529296875 0.01953125 0.01953125
1 0.181640625 0.552734375 0.009765625 0.015625
1 0.228515625 0.53515625 0.021484375 0.0234375
0 0.1328125 0.6650390625 0.17578125 0.197265625
1 0.3310546875 0.5673828125 0.05078125 0.08984375
1 0.296875 0.5361328125 0.009765625 0.01171875
0 0.421875 0.369140625 0.119140625 0.171875
1 0.3505859375 0.333984375 0.009765625 0.01171875
1 0.259765625 0.7353515625 0.01171875 0.013671875
0 0.4150390625 0.69921875 0.13671875 0.193359375
1 0.416015625 0.544921875 0.0078125 0.017578125
1 0.435546875 0.5087890625 0.01171875 0.01171875
1 0.431640625 0.541015625 0.01953125 0.01953125
1 0.521484375 0.544921875 0.009765625 0.01171875
1 0.5380859375 0.697265625 0.015625 0.01953125
1 0.568359375 0.662109375 0.00390625 0.01171875
1 0.6044921875 0.56640625 0.029296875 0.048828125
1 0.619140625 0.552734375 0.009765625 0.015625
1 0.6318359375 0.552734375 0.009765625 0.015625
1 0.5556640625 0.54296875 0.01171875 0.015625
1 0.58203125 0.548828125 0.005859375 0.01171875
0 0.6494140625 0.7197265625 0.16015625 0.23828125
0 0.626953125 0.3876953125 0.11328125 0.181640625
1 0.703125 0.564453125 0.009765625 0.015625
1 0.787109375 0.720703125 0.017578125 0.01953125
1 0.775390625 0.75390625 0.015625 0.025390625
1 0.80859375 0.724609375 0.009765625 0.01171875
0 0.896484375 0.7119140625 0.130859375 0.1875
1 0.9912109375 0.755859375 0.017578125 0.025390625
1 0.912109375 0.5595703125 0.01171875 0.01953125
1 0.9853515625 0.5625 0.029296875 0.0546875
1 0.787109375 0.388671875 0.021484375 0.0234375
0 0.93124615625 0.484662845703125 0.94187531640625 0.458591037109375 0.948012740234375 0.43273172265625 0.9503241640625 0.38378303515625 0.94766913671875 0.318326220703125 0.91544822265625 0.3126220703125 0.888916015625 0.310028453125 0.861747458984375 0.31607922265625 0.835804126953125 0.3212272734375 0.8153776953125 0.33676938671875 0.799721046875 0.383746865234375 0.787216751953125 0.419665677734375 0.801861798828125 0.485889576171875 0.832492404296875 0.511735328125 0.89551233203125 0.49711100390625 0.93124615625 0.484662845703125
1 0.861328125 0.556640625 0.013671875 0.01171875
1 0.9462890625 0.5341796875 0.005859375 0.01171875
1 0.61328125 0.017578125 0.0546875 0.03515625