0 0.654296875 0.9560546875 0.1376953125 0.087890625
1 0.509765625 0.982421875 0.015625 0.0185546875
1 0.537109375 0.9541015625 0.0703125 0.0419921875
1 0.458984375 0.9306640625 0.0185546875 0.013671875
1 0.46484375 0.9091796875 0.0126953125 0.005859375
0 0.3466796875 0.9658203125 0.09375 0.068359375
1 0.458984375 0.7734375 0.0107421875 0.0126953125
1 0.447265625 0.775390625 0.0126953125 0.009765625
0 0.42577991015625 0.719082552734375 0.39471343359375 0.7064274296875 0.337983056640625 0.6933041171875 0.302115484375 0.690731095703125 0.285221890625 0.70001547265625 0.26836714453125 0.73061342578125 0.25635100390625 0.76007607421875 0.2533221875 0.78178751171875 0.26341601171875 0.813453455078125 0.2857376328125 0.826468259765625 0.3259628984375 0.83268932421875 0.410463017578125 0.821057982421875 0.408421478515625 0.803409529296875 0.40825001171875 0.77957015234375 0.391415359375 0.75858410546875 0.4041481796875 0.7578677578125 0.41286088671875 0.7511955859375 0.421014982421875 0.74128026171875 0.42577991015625 0.719082552734375
1 0.404296875 0.7626953125 0.025390625 0.013671875
1 0.3125 0.681640625 0.0126953125 0.0107421875
1 0.4443359375 0.728515625 0.015625 0.009765625
1 0.4375 0.71484375 0.015625 0.009765625
1 0.509765625 0.728515625 0.0126953125 0.009765625
1 0.49609375 0.7119140625 0.0126953125 0.009765625
1 0.5078125 0.841796875 0.017578125 0.0107421875
0 0.6552734375 0.794921875 0.134765625 0.138671875
1 0.4287109375 0.69140625 0.0732421875 0.044921875
1 0.4541015625 0.634765625 0.0185546875 0.013671875
1 0.45809756640625 0.68720160546875 0.451873822265625 0.70504898828125 0.453485349609375 0.715706783203125 0.45938357421875 0.717253005859375 0.504442087890625 0.702329283203125 0.53478384375 0.691353001953125 0.52909459765625 0.669964072265625 0.49368114453125 0.66449451953125 0.464735244140625 0.669345181640625 0.45809756640625 0.68720160546875
1 0.439943416015625 0.644757306640625 0.434370712890625 0.6568035859375 0.4478470078125 0.670851216796875 0.477267125 0.6689453125 0.5099089609375 0.6708984375 0.52962507421875 0.67160172265625 0.538810748046875 0.667086498046875 0.55194267578125 0.650587544921875 0.547363951171875 0.635715060546875 0.52123253125 0.62173675390625 0.4764593515625 0.636313857421875 0.439943416015625 0.644757306640625
1 0.53875171484375 0.6100823046875 0.516420716796875 0.592262048828125 0.479378322265625 0.58926605078125 0.461695708984375 0.59997508203125 0.456441830078125 0.6178546171875 0.4670058515625 0.63751547265625 0.49476889453125 0.629023798828125 0.53301022265625 0.615162037109375 0.53875171484375 0.6100823046875
1 0.443359375 0.5947265625 0.017578125 0.0126953125
1 0.416015625 0.658203125 0.0126953125 0.009765625
0 0.257429376953125 0.5566556953125 0.25544812109375 0.588456267578125 0.28232301171875 0.625665107421875 0.302802693359375 0.65486653515625 0.318374111328125 0.66947980859375 0.33198436328125 0.668366609375 0.355894740234375 0.643149794921875 0.37649632421875 0.635062009765625 0.410642521484375 0.62621065625 0.418014294921875 0.616162712890625 0.42455418359375 0.5774176953125 0.3938668125 0.555741423828125 0.38857542578125 0.525257 0.383597501953125 0.506441091796875 0.3702859765625 0.49798659375 0.316040541015625 0.503889169921875 0.29681605859375 0.514268662109375 0.26982998046875 0.54205648828125 0.257429376953125 0.5566556953125
1 0.3017578125 0.505859375 0.005859375 0.0078125
1 0.3154296875 0.48828125 0.0126953125 0.005859375
1 0.3076171875 0.474609375 0.0107421875 0.009765625
1 0.359375 0.4794921875 0.009765625 0.005859375
1 0.41154674609375 0.53166393359375 0.42570221484375 0.563095783203125 0.455853748046875 0.577860765625 0.491703908203125 0.583129380859375 0.502383134765625 0.57525961328125 0.507107875 0.5573378828125 0.50418488671875 0.53584948828125 0.5038888359375 0.50415641796875 0.503086419921875 0.50360082421875 0.483555169921875 0.49572000390625 0.463918091796875 0.487060546875 0.44115842578125 0.48007189453125 0.4153337734375 0.4739523046875 0.39715015234375 0.475225251953125 0.3814863046875 0.480926890625 0.387663162109375 0.50795215234375 0.41154674609375 0.53166393359375
1 0.4521484375 0.443359375 0.0341796875 0.0439453125
1 0.513671875 0.431640625 0.03125 0.03125
1 0.50642468359375 0.458154498046875 0.49046478515625 0.474995177734375 0.489289962890625 0.48932914453125 0.50854391796875 0.510769314453125 0.505821865234375 0.53607253125 0.507720068359375 0.547010634765625 0.538163634765625 0.54351329296875 0.56494475390625 0.51999039453125 0.613854595703125 0.51286008203125 0.61360944921875 0.485537431640625 0.614721310546875 0.463763705078125 0.578964923828125 0.441702634765625 0.546636552734375 0.410022625 0.51930619921875 0.39157744921875 0.51116416015625 0.41204306640625 0.523223166015625 0.433377740234375 0.50642468359375 0.458154498046875
1 0.6083984375 0.4814453125 0.0185546875 0.015625
1 0.6064453125 0.4296875 0.0126953125 0.0126953125
0 0.67765266015625 0.52492645703125 0.630848658203125 0.49513627734375 0.614725330078125 0.490650318359375 0.611605419921875 0.51115612109375 0.59450419140625 0.51534469140625 0.56287374609375 0.523741921875 0.557705599609375 0.540235982421875 0.548276212890625 0.563284666015625 0.5449245546875 0.59696501953125 0.54568812109375 0.5968484765625 0.560954111328125 0.604609736328125 0.59637426171875 0.61246744921875 0.6486062890625 0.614469802734375 0.683482564453125 0.58826236328125 0.707730517578125 0.54757125390625 0.67765266015625 0.52492645703125
0 0.630859375 0.3544921875 0.181640625 0.1171875
1 0.4599609375 0.376953125 0.015625 0.0107421875
1 0.4853515625 0.3720703125 0.015625 0.009765625
1 0.4501953125 0.3466796875 0.046875 0.033203125
1 0.40625 0.31640625 0.0498046875 0.0234375
0 0.25582320703125 0.38384331640625 0.27509859375 0.40314047265625 0.31320328515625 0.42093962890625 0.348833751953125 0.4134255234375 0.385606888671875 0.393781748046875 0.42978796875 0.3666339140625 0.4303345234375 0.36687202734375 0.409274798828125 0.347464353515625 0.38281116015625 0.32011256640625 0.386268646484375 0.298838171875 0.350348830078125 0.27862373046875 0.315701625 0.270907681640625 0.278503837890625 0.28405711328125 0.2545278203125 0.32336476171875 0.25582320703125 0.38384331640625
1 0.470703125 0.255859375 0.015625 0.009765625
1 0.47265625 0.310546875 0.0078125 0.005859375
1 0.462890625 0.3056640625 0.0078125 0.0048828125
1 0.353515625 0.236328125 0.0126953125 0.0078125
1 0.2744140625 0.232421875 0.009765625 0.0107421875
1 0.373046875 0.208984375 0.033203125 0.0341796875
1 0.3564453125 0.048828125 0.0126953125 0.009765625
1 0.318359375 0.0263671875 0.009765625 0.009765625
1 0.3056640625 0.025390625 0.009765625 0.009765625
1 0.2744140625 0.03125 0.0126953125 0.0078125
0 0.23545069140625 0.16335921484375 0.254608197265625 0.184125232421875 0.28023191015625 0.1970767421875 0.301414876953125 0.199755255859375 0.336735896484375 0.1916654609375 0.364954400390625 0.18292261328125 0.37635834765625 0.16245498828125 0.38731352734375 0.134807822265625 0.387601541015625 0.122327513671875 0.37776491796875 0.097519611328125 0.36728394921875 0.078703703125 0.34567901171875 0.05925182421875 0.326745220703125 0.04128588671875 0.28623194140625 0.038866583984375 0.24734358984375 0.036044400390625 0.22924034375 0.039936583984375 0.20728711328125 0.100085599609375 0.211762689453125 0.132600509765625 0.23545069140625 0.16335921484375
1 0.396484375 0.0107421875 0.048828125 0.021484375
1 0.466796875 0.0869140625 0.0390625 0.0185546875
1 0.405923138671875 0.115629220703125 0.433432998046875 0.12238578515625 0.468830375 0.125435033203125 0.48858667578125 0.11382076953125 0.50122706640625 0.092054076171875 0.490661705078125 0.08771078515625 0.474251705078125 0.09599147265625 0.44705798828125 0.09619040234375 0.4229091640625 0.075756935546875 0.399134087890625 0.08043177734375 0.397531935546875 0.0973367578125 0.405923138671875 0.115629220703125
0 0.5986328125 0.1337890625 0.1533203125 0.140625
1 0.5888671875 0.01953125 0.0126953125 0.013671875