0 0.69921875 0.0634765625 0.125 0.09765625
1 0.599609375 0.087890625 0.083984375 0.119140625
1 0.6845703125 0.130859375 0.021484375 0.015625
1 0.5556640625 0.0966796875 0.01953125 0.017578125
1 0.529296875 0.0927734375 0.01171875 0.013671875
1 0.5078125 0.0087890625 0.02734375 0.017578125
1 0.50390625 0.02734375 0.0234375 0.015625
0 0.38671875 0.037109375 0.14453125 0.07421875
1 0.4541015625 0.201171875 0.017578125 0.0234375
1 0.50390625 0.203125 0.08984375 0.087890625
0 0.37890625 0.20703125 0.154296875 0.1328125
1 0.4169921875 0.28515625 0.01953125 0.017578125
1 0.3544921875 0.326171875 0.01171875 0.009765625
1 0.484375 0.3154296875 0.05859375 0.052734375
1 0.5400390625 0.3271484375 0.0625 0.052734375
1 0.5263671875 0.36328125 0.017578125 0.01171875
1 0.6357421875 0.2958984375 0.0234375 0.017578125
0 0.640315732421875 0.31189230859375 0.646398474609375 0.3249456875 0.6704637734375 0.294414220703125 0.705909509765625 0.248911759765625 0.692482099609375 0.220546912109375 0.6006768984375 0.20028813671875 0.597833498046875 0.253138392578125 0.64228615625 0.2890608359375 0.640315732421875 0.31189230859375
1 0.6240234375 0.34765625 0.013671875 0.0078125
1 0.6162109375 0.3837890625 0.017578125 0.013671875
1 0.4619140625 0.4091796875 0.0078125 0.01171875
0 0.629816072265625 0.525559728515625 0.6706295078125 0.5040643515625 0.6941736875 0.496163591796875 0.711986146484375 0.451603896484375 0.712670943359375 0.45013925390625 0.648101078125 0.415179953125 0.60606969921875 0.416463927734375 0.58738084375 0.448304962890625 0.577322548828125 0.485154294921875 0.59846969140625 0.516095119140625 0.629816072265625 0.525559728515625
1 0.4248046875 0.4951171875 0.056640625 0.048828125
1 0.4892578125 0.4912109375 0.068359375 0.10546875
1 0.4228515625 0.529296875 0.046875 0.03515625
1 0.4228515625 0.5712890625 0.087890625 0.068359375
1 0.3642578125 0.3681640625 0.009765625 0.01171875
0 0.3268886953125 0.494878681640625 0.3682425703125 0.49847655078125 0.42065548828125 0.447944970703125 0.405805802734375 0.3737428125 0.36336881640625 0.37657776953125 0.31346246484375 0.364325416015625 0.28512462109375 0.3790168125 0.254578025390625 0.416968529296875 0.2607436015625 0.4477903671875 0.3268886953125 0.494878681640625
1 0.2724609375 0.5751953125 0.015625 0.01171875
1 0.26953125 0.595703125 0.013671875 0.009765625
1 0.2294921875 0.615234375 0.017578125 0.017578125
0 0.392385880859375 0.69398271875 0.378449927734375 0.65685653515625 0.38613183984375 0.617427470703125 0.31890073046875 0.573531015625 0.29695607421875 0.577477849609375 0.2587860078125 0.59717382421875 0.240644576171875 0.61699550390625 0.2236763125 0.659541392578125 0.228323111328125 0.682028369140625 0.2686461953125 0.71136208984375 0.319186962890625 0.718150763671875 0.3925375078125 0.6950372890625 0.392385880859375 0.69398271875
1 0.42578125 0.642578125 0.095703125 0.09375
1 0.3037109375 0.7529296875 0.02734375 0.01953125
1 0.2841796875 0.744140625 0.01171875 0.009765625
1 0.3125 0.8232421875 0.021484375 0.03125
1 0.3701171875 0.8798828125 0.044921875 0.037109375
0 0.3254570859375 0.856857435546875 0.30567318359375 0.83441587890625 0.289230048828125 0.799774765625 0.2629788984375 0.78962781640625 0.19296584765625 0.78068380859375 0.1663964765625 0.8077817265625 0.162588271484375 0.871669546875 0.176088966796875 0.8900534609375 0.2135306953125 0.9219941953125 0.244735078125 0.92549244140625 0.29962415625 0.89350341796875 0.325912033203125 0.8577735546875 0.3254570859375 0.856857435546875
1 0.28125 0.9599609375 0.078125 0.04296875
1 0.3662109375 0.931640625 0.017578125 0.01953125
1 0.40625 0.9248046875 0.013671875 0.01171875
1 0.4482421875 0.9033203125 0.02734375 0.021484375
0 0.5498046875 0.8798828125 0.15625 0.134765625
1 0.5498046875 0.94140625 0.013671875 0.013671875
1 0.578125 0.806640625 0.017578125 0.01171875
0 0.59375 0.6787109375 0.169921875 0.119140625
1 0.5322265625 0.7333984375 0.013671875 0.009765625
1 0.597322029296875 0.601206998046875 0.634356078125 0.58587325390625 0.684081626953125 0.542064267578125 0.69226911328125 0.50428374609375 0.6938652890625 0.50459686328125 0.6773090859375 0.496682765625 0.6310743359375 0.517940662109375 0.606448890625 0.51503156640625 0.5819129921875 0.4979671796875 0.570187478515625 0.46598763671875 0.53251333203125 0.464671421875 0.525271580078125 0.49650200390625 0.534452224609375 0.523387548828125 0.5506952421875 0.58465908984375 0.597322029296875 0.601206998046875
1 0.4453125 0.7685546875 0.01171875 0.01171875
1 0.4423828125 0.697265625 0.01171875 0.01171875