0 0.1357421875 0.29296875 0.130859375 0.19140625
1 0.052734375 0.28125 0.0078125 0.015625
1 0.2529296875 0.310546875 0.021484375 0.025390625
1 0.388671875 0.353515625 0.005859375 0.01171875
0 0.271315962890625 0.3353874296875 0.29624882421875 0.364397966796875 0.315607142578125 0.38318473828125 0.333183005859375 0.39528326171875 0.36481051953125 0.376614041015625 0.38380488671875 0.35651162109375 0.404288962890625 0.33820559765625 0.40523048828125 0.29564826953125 0.38696401953125 0.24567479296875 0.35953323828125 0.216519580078125 0.3114850078125 0.196391541015625 0.291328712890625 0.215990607421875 0.280099375 0.272136923828125 0.271315962890625 0.3353874296875
1 0.2919921875 0.40625 0.009765625 0.015625
0 0.5322265625 0.2841796875 0.12109375 0.177734375
1 0.6220703125 0.26171875 0.01171875 0.021484375
0 0.7568359375 0.298828125 0.1484375 0.17578125
0 0.9267578125 0.2978515625 0.146484375 0.169921875
0 0.9267578125 0.5673828125 0.146484375 0.177734375
0 0.751953125 0.5703125 0.13671875 0.203125
1 0.796875 0.4228515625 0.015625 0.015625
1 0.6455078125 0.4345703125 0.01171875 0.01171875
1 0.595703125 0.4267578125 0.013671875 0.01171875
1 0.556640625 0.4287109375 0.01171875 0.01171875
1 0.5048828125 0.412109375 0.01171875 0.01171875
1 0.642578125 0.6240234375 0.01171875 0.01171875
0 0.541015625 0.548828125 0.126953125 0.1484375
1 0.47265625 0.4599609375 0.0078125 0.009765625
1 0.353515625 0.46875 0.037109375 0.029296875
0 0.3544921875 0.560546875 0.08203125 0.123046875
1 0.1357421875 0.55859375 0.009765625 0.01171875
1 0.1328125 0.607421875 0.01171875 0.015625
1 0.17578125 0.50390625 0.01953125 0.01171875
0 0.19388382421875 0.53398829296875 0.152370876953125 0.540659962890625 0.13895218359375 0.54893964453125 0.129457826171875 0.57828323828125 0.129367404296875 0.59792299609375 0.141378896484375 0.609194154296875 0.157609728515625 0.6263593515625 0.180267333984375 0.63639172265625 0.19489203515625 0.631534529296875 0.20947152734375 0.606778369140625 0.21439841796875 0.580736701171875 0.20631804296875 0.543194806640625 0.19388382421875 0.53398829296875
1 0.205078125 0.4912109375 0.01953125 0.03515625
1 0.216796875 0.9267578125 0.009765625 0.021484375