0 0.476883583984375 0.82989855859375 0.488859833984375 0.86055928515625 0.50239562890625 0.88797393359375 0.511601529296875 0.904063560546875 0.529654658203125 0.913607744140625 0.54921661328125 0.922746490234375 0.5521068046875 0.924347716796875 0.5838079296875 0.92274909375 0.60046505078125 0.910628705078125 0.60099877734375 0.855438822265625 0.60447396484375 0.831491240234375 0.589033205078125 0.82100958984375 0.53843689453125 0.812764203125 0.511703396484375 0.8046149921875 0.476883583984375 0.82989855859375
0 0.556985353515625 1 0.5433991640625 0.9692291875 0.531230837890625 0.962761734375 0.506364943359375 0.968698353515625 0.478390388671875 0.963478158203125 0.480845197265625 0.9789408515625 0.490408822265625 0.9941094296875 0.49455578515625 1 0.556985353515625 1
0 0.3779740546875 0.80177260546875 0.34387952734375 0.799803748046875 0.327973876953125 0.8117346171875 0.3430427265625 0.833379935546875 0.365231388671875 0.84858271875 0.391028109375 0.85771557421875 0.4017260078125 0.84417882421875 0.40837433203125 0.822886763671875 0.406073318359375 0.808209275390625 0.41637501953125 0.801179501953125 0.41812980078125 0.783508275390625 0.4022981875 0.788811234375 0.3779740546875 0.80177260546875
1 0.208310736328125 0.90634789453125 0.201476755859375 0.932525095703125 0.175954111328125 0.911776853515625 0.138111767578125 0.9211047578125 0.1222474453125 0.951156251953125 0.121358896484375 0.95169925 0.129816822265625 0.95288793359375 0.23068598828125 0.967064169921875 0.3151100390625 0.978929197265625 0.3598812734375 0.9852213828125 0.38548271875 0.976178064453125 0.4015276875 0.930535154296875 0.386144607421875 0.9076481953125 0.367253052734375 0.865606775390625 0.339721646484375 0.83037865234375 0.27906912109375 0.818481205078125 0.2585873671875 0.799251474609375 0.17327580859375 0.78522417578125 0.15833037890625 0.807017234375 0.180276298828125 0.845864169921875 0.21156189453125 0.87702696484375 0.208310736328125 0.90634789453125
1 0.43130330859375 0.887793771484375 0.4097888046875 0.86878414453125 0.3752056328125 0.87323752734375 0.382236634765625 0.901645083984375 0.394426060546875 0.927071685546875 0.387362439453125 0.945118625 0.4050025546875 0.963368509765625 0.432739375 0.96907984375 0.42537152734375 0.909543955078125 0.43130330859375 0.887793771484375
1 0.439305912109375 0.951216107421875 0.43531958203125 0.96924680078125 0.4699734453125 0.98334863671875 0.503220880859375 0.96957641796875 0.506181267578125 0.939341951171875 0.489883140625 0.898301580078125 0.48072499609375 0.93093003515625 0.471110666015625 0.945147369140625 0.439305912109375 0.951216107421875
1 0.454924708984375 0.94722942578125 0.471925904296875 0.941549498046875 0.490927603515625 0.9108314609375 0.50723128125 0.925942869140625 0.53967978125 0.9612685234375 0.568639826171875 0.979363974609375 0.6142515078125 0.9734511953125 0.62992086328125 0.940913423828125 0.59593272265625 0.9273343125 0.54442703125 0.92231712890625 0.50949976953125 0.906559361328125 0.4891830234375 0.874237939453125 0.459866021484375 0.85633103515625 0.431854828125 0.881654302734375 0.4266945078125 0.910216447265625 0.43296674609375 0.943144232421875 0.433490765625 0.942942638671875 0.454924708984375 0.94722942578125
1 0.310491185546875 0.790273140625 0.319522388671875 0.801045267578125 0.347148505859375 0.80251986328125 0.369482390625 0.801950150390625 0.399282640625 0.79325169921875 0.425333880859375 0.780550015625 0.4657854296875 0.79257992578125 0.5038666015625 0.798457576171875 0.5515220859375 0.8102281015625 0.56944101953125 0.788513787109375 0.589136669921875 0.760506080078125 0.56800446484375 0.74839198828125 0.53311353125 0.72267337109375 0.47604528515625 0.69021028125 0.426711265625 0.680024857421875 0.3834931796875 0.678769568359375 0.359777248046875 0.69502665234375 0.351914302734375 0.71944173046875 0.317679521484375 0.747528427734375 0.310491185546875 0.790273140625
1 0.287109375 0.802734375 0.021484375 0.017578125
0 0.59196827734375 0.762832001953125 0.611965421875 0.731664259765625 0.62075067578125 0.69896644140625 0.607861806640625 0.675249498046875 0.586816767578125 0.645313298828125 0.5561233125 0.6366806015625 0.505604919921875 0.6489190859375 0.495374224609375 0.672336134765625 0.495525302734375 0.70851133984375 0.527417529296875 0.7306674140625 0.557064970703125 0.7495521328125 0.59196827734375 0.762832001953125
1 0.5126953125 0.49609375 0.03515625 0.052734375
0 0.535457791015625 0.52360342578125 0.540224564453125 0.559112443359375 0.557124525390625 0.553311322265625 0.585875037109375 0.561107568359375 0.618582013671875 0.563156654296875 0.626908228515625 0.528886255859375 0.631472751953125 0.492113693359375 0.60036594921875 0.48374901171875 0.568821810546875 0.4906983515625 0.542410244140625 0.499479111328125 0.535457791015625 0.52360342578125
1 0.538982142578125 0.49096742578125 0.58444555859375 0.48334246484375 0.6290013671875 0.492414931640625 0.618412486328125 0.53139218359375 0.616483140625 0.560141521484375 0.55819175 0.553632974609375 0.521953923828125 0.54494059765625 0.481201478515625 0.53855394921875 0.473257736328125 0.58284470703125 0.516225845703125 0.627106302734375 0.546341900390625 0.626618052734375 0.582966140625 0.605186423828125 0.610086669921875 0.658064892578125 0.643426521484375 0.714613375 0.58909603515625 0.7556173125 0.603611162109375 0.781551564453125 0.6432819453125 0.795825224609375 0.7396599296875 0.80329442578125 0.807061587890625 0.793907720703125 0.867012046875 0.78486905078125 0.867834876953125 0.76383704296875 0.852566125 0.742970560546875 0.8144733359375 0.724676361328125 0.7782756796875 0.703414265625 0.758993822265625 0.6710282734375 0.759138373046875 0.640563470703125 0.780483802734375 0.605700318359375 0.814866875 0.581417091796875 0.848795123046875 0.59760293359375 0.893849314453125 0.586704486328125 0.884865529296875 0.548371421875 0.84862708203125 0.524800728515625 0.7778454296875 0.52764022265625 0.710616392578125 0.506986099609375 0.667393123046875 0.482472103515625 0.657971478515625 0.446163048828125 0.639139474609375 0.418875173828125 0.550755869140625 0.42451865234375 0.5221524375 0.460902033203125 0.538982142578125 0.49096742578125
1 0.1220703125 0.5986328125 0.205078125 0.14453125
0 0.32059819140625 0.5908396875 0.282892322265625 0.5986504609375 0.242045294921875 0.6272199296875 0.2344739375 0.658158095703125 0.243789359375 0.674118158203125 0.2673970859375 0.691709072265625 0.296062337890625 0.70059089453125 0.3434955703125 0.723741134765625 0.34350240625 0.723724974609375 0.35456478125 0.701082251953125 0.375451986328125 0.682870107421875 0.4051290234375 0.6423863984375 0.3887163046875 0.610861333984375 0.32059819140625 0.5908396875
0 0.28562009765625 0.536468611328125 0.33899980859375 0.53938682421875 0.391909431640625 0.519412337890625 0.421707740234375 0.481487544921875 0.420758115234375 0.47337691796875 0.40310351953125 0.44918309375 0.388892431640625 0.4269090859375 0.36275548046875 0.423524546875 0.340882826171875 0.41508259765625 0.29509684375 0.427683875 0.257299388671875 0.473017484375 0.263384296875 0.507459162109375 0.28562009765625 0.536468611328125
1 0.4453125 0.5869140625 0.01171875 0.01171875
1 0.4560546875 0.5224609375 0.01171875 0.01171875
1 0.3642578125 0.421875 0.013671875 0.009765625
1 0.341796875 0.4072265625 0.017578125 0.015625
1 0.3623046875 0.400390625 0.017578125 0.015625
1 0.3603515625 0.38671875 0.01171875 0.01171875
1 0.357421875 0.3671875 0.02734375 0.013671875
1 0.3388671875 0.388671875 0.01953125 0.013671875
1 0.3193359375 0.3798828125 0.01953125 0.015625
1 0.37109375 0.5732421875 0.005859375 0.005859375
1 0.4404296875 0.576171875 0.009765625 0.0078125
1 0.5322265625 0.380859375 0.0390625 0.029296875
1 0.5458984375 0.3330078125 0.013671875 0.01171875
1 0.470703125 0.4033203125 0.08203125 0.0625
1 0.4736328125 0.3681640625 0.009765625 0.005859375
1 0.442670962890625 0.328537681640625 0.429764890625 0.32646412109375 0.419695681640625 0.333437431640625 0.4167368671875 0.34971630859375 0.430170732421875 0.366698037109375 0.44940858203125 0.377601474609375 0.45511533203125 0.373629966796875 0.47001628125 0.35605169140625 0.454183935546875 0.3417268671875 0.442670962890625 0.328537681640625
1 0.46484375 0.310546875 0.0234375 0.021484375
1 0.53533276171875 0.3473505859375 0.544369560546875 0.3443543671875 0.524747857421875 0.32772148828125 0.51406692578125 0.2928553125 0.506432259765625 0.272254947265625 0.492155818359375 0.272790015625 0.478033388671875 0.2970145625 0.473248939453125 0.3172452890625 0.455163537109375 0.31726736328125 0.44261726953125 0.326686666015625 0.442230865234375 0.32640408203125 0.444068634765625 0.3401439375 0.4796746796875 0.346370595703125 0.499978822265625 0.37418353515625 0.511188796875 0.3786231171875 0.53533276171875 0.3473505859375
0 0.44148349609375 0.306214666015625 0.419306326171875 0.273286826171875 0.400710099609375 0.24641194140625 0.379183869140625 0.23181852734375 0.3577256328125 0.240910619140625 0.323418021484375 0.24751607421875 0.285305220703125 0.2633418125 0.288336017578125 0.31866398828125 0.321195505859375 0.3467916484375 0.36833392578125 0.3583787734375 0.419379837890625 0.347167828125 0.429332765625 0.326862990234375 0.452033923828125 0.328389537109375 0.44148349609375 0.306214666015625
1 0.3544921875 0.2314453125 0.0234375 0.01171875
1 0.3486328125 0.216796875 0.01953125 0.017578125
1 0.3837890625 0.2197265625 0.013671875 0.01171875
1 0.439453125 0.212890625 0.046875 0.03125
1 0.462890625 0.2353515625 0.013671875 0.0078125
1 0.4833984375 0.2314453125 0.02734375 0.03125
1 0.501953125 0.2177734375 0.01953125 0.01171875
1 0.4931640625 0.251953125 0.013671875 0.013671875
1 0.5341796875 0.2119140625 0.013671875 0.009765625
1 0.400390625 0.1826171875 0.021484375 0.015625
1 0.35546875 0.173828125 0.009765625 0.0078125
1 0.46484375 0.1025390625 0.0234375 0.0234375
0 0.37890625 0.1123046875 0.16015625 0.130859375
1 0.427734375 0.0146484375 0.017578125 0.01171875
1 0.3408203125 0.0078125 0.017578125 0.015625
1 0.572265625 0.05078125 0.0234375 0.021484375
1 0.548828125 0.1416015625 0.03515625 0.052734375
1 0.5009765625 0.1416015625 0.0390625 0.025390625
1 0.513683216796875 0.04684685546875 0.486913650390625 0.032022806640625 0.450051021484375 0.037528544921875 0.43161184765625 0.04312870703125 0.4575107734375 0.072078982421875 0.475557640625 0.103892681640625 0.495957162109375 0.126050634765625 0.513296458984375 0.13317583203125 0.521910607421875 0.132185876953125 0.53720723046875 0.1198486640625 0.56084764453125 0.11147719921875 0.56473128515625 0.08628850390625 0.56261715234375 0.06737305078125 0.556138501953125 0.05203233984375 0.513683216796875 0.04684685546875
1 0.5078125 0.025390625 0.07421875 0.05078125
1 0.6396484375 0.08203125 0.041015625 0.037109375
1 0.6181640625 0.0654296875 0.01953125 0.015625
0 0.642578125 0.158203125 0.173828125 0.140625
0 0.668924 0.3356672734375 0.664561560546875 0.303719251953125 0.649887140625 0.287402220703125 0.5986856875 0.27901573046875 0.5434436875 0.291043654296875 0.536654548828125 0.308289830078125 0.55100847265625 0.331468994140625 0.543835544921875 0.352004234375 0.54333643359375 0.351811326171875 0.553862244140625 0.3891961796875 0.580194380859375 0.40291679296875 0.605936044921875 0.40353244140625 0.62273262890625 0.394517712890625 0.66482209375 0.351137697265625 0.668924 0.3356672734375