0 0.0625 0.5263671875 0.125 0.220703125
1 0.134765625 0.4951171875 0.033203125 0.044921875
1 0.158203125 0.5439453125 0.025390625 0.025390625
1 0.087890625 0.693359375 0.021484375 0.0234375
0 0.111328125 0.8408203125 0.11328125 0.166015625
0 0.341796875 0.8203125 0.208984375 0.25
1 0.2392578125 0.671875 0.0390625 0.04296875
1 0.255859375 0.6513671875 0.025390625 0.03515625
1 0.29296875 0.6474609375 0.021484375 0.02734375
1 0.3623046875 0.634765625 0.029296875 0.0234375
0 0.2548828125 0.4990234375 0.17578125 0.193359375
1 0.330078125 0.490234375 0.015625 0.01953125
1 0.33984375 0.4775390625 0.015625 0.01953125
1 0.3525390625 0.4599609375 0.01953125 0.01953125
1 0.3828125 0.46484375 0.0234375 0.0234375
1 0.423828125 0.6240234375 0.02734375 0.0234375
1 0.4765625 0.61328125 0.017578125 0.015625
1 0.513671875 0.603515625 0.0234375 0.017578125
1 0.515625 0.578125 0.0234375 0.0234375
1 0.5537109375 0.6337890625 0.025390625 0.02734375
0 0.46410444140625 0.697221431640625 0.475559962890625 0.76691725 0.4962742265625 0.81113652734375 0.550147126953125 0.835076603515625 0.614778986328125 0.81678407421875 0.644701423828125 0.78208351171875 0.6379915703125 0.723155943359375 0.6183160390625 0.66531148046875 0.591048970703125 0.661244787109375 0.54452351171875 0.65969347265625 0.491718384765625 0.635427291015625 0.47500370703125 0.645160841796875 0.46410444140625 0.697221431640625
1 0.6884765625 0.5244140625 0.04296875 0.060546875
1 0.6015625 0.576171875 0.013671875 0.015625
1 0.5908203125 0.587890625 0.015625 0.015625
1 0.5556640625 0.4453125 0.017578125 0.0234375
1 0.57421875 0.4296875 0.01171875 0.017578125
0 0.4773912421875 0.327167208984375 0.453163765625 0.322108353515625 0.420921294921875 0.379888013671875 0.42107161328125 0.435461369140625 0.44767655859375 0.458716458984375 0.506747896484375 0.48359521875 0.554515916015625 0.482126212890625 0.555500029296875 0.46239779296875 0.548146072265625 0.42851359765625 0.540307474609375 0.388152341796875 0.520671751953125 0.3499247890625 0.496911236328125 0.3310886484375 0.4773912421875 0.327167208984375
0 0.7265625 0.3603515625 0.185546875 0.22265625
1 0.7958984375 0.462890625 0.025390625 0.03125
1 0.830463408203125 0.6229113515625 0.8405236953125 0.58170497265625 0.830328916015625 0.544959427734375 0.801555951171875 0.525033505859375 0.75625291796875 0.51663276171875 0.717145453125 0.513105904296875 0.715782849609375 0.54939058984375 0.720761923828125 0.5940025 0.723427986328125 0.653231826171875 0.7355225078125 0.663685474609375 0.754326111328125 0.65504237890625 0.772114646484375 0.623271283203125 0.7818903125 0.599472873046875 0.808203583984375 0.6255307265625 0.830463408203125 0.6229113515625
0 0.8055484765625 0.615015171875 0.778114091796875 0.59281713671875 0.757433595703125 0.6642647265625 0.771742505859375 0.721579875 0.78103696875 0.73869052734375 0.79742590234375 0.773960923828125 0.8129698046875 0.787388671875 0.86026291015625 0.801042650390625 0.88916582421875 0.745631060546875 0.889178205078125 0.683795556640625 0.8670314765625 0.648941857421875 0.836806912109375 0.627689775390625 0.8055484765625 0.615015171875
0 0.9599609375 0.6650390625 0.080078125 0.212890625
0 0.908203125 0.3310546875 0.17578125 0.240234375
1 0.8271484375 0.333984375 0.01171875 0.01171875
1 0.7255859375 0.7158203125 0.015625 0.017578125
1 0.63671875 0.412109375 0.017578125 0.025390625