0 0.529296875 0.890625 0.185546875 0.171875
1 0.373046875 0.841796875 0.033203125 0.03125
1 0.3173828125 0.8916015625 0.134765625 0.095703125
0 0.2895041484375 0.79328262109375 0.28251201953125 0.776106923828125 0.251525322265625 0.763782115234375 0.2011032109375 0.765762185546875 0.157240279296875 0.7727814296875 0.140564388671875 0.80211986328125 0.127763845703125 0.871930361328125 0.167495638671875 0.9044295078125 0.189269216796875 0.918709052734375 0.23730130859375 0.92736138671875 0.267536314453125 0.92723955078125 0.26708466796875 0.907646609375 0.261262966796875 0.884063490234375 0.260870107421875 0.859612501953125 0.2987815078125 0.850854267578125 0.325572880859375 0.8387853203125 0.3256335546875 0.83733968359375 0.28999125390625 0.8157733125 0.2895041484375 0.79328262109375
1 0.388671875 0.80078125 0.017578125 0.0234375
1 0.37890625 0.7822265625 0.01171875 0.015625
1 0.427734375 0.748046875 0.015625 0.01171875
1 0.40625 0.7216796875 0.013671875 0.01171875
1 0.4013671875 0.7431640625 0.01953125 0.01953125
1 0.4375 0.6875 0.015625 0.015625
1 0.443359375 0.673828125 0.017578125 0.01953125
1 0.455078125 0.66015625 0.029296875 0.021484375
1 0.392578125 0.6962890625 0.013671875 0.009765625
1 0.40873127734375 0.67156288671875 0.440168259765625 0.656833736328125 0.46642183203125 0.640225115234375 0.47973527734375 0.628048095703125 0.473532734375 0.616925126953125 0.453341025390625 0.610635025390625 0.411733083984375 0.605183794921875 0.366381609375 0.60599467578125 0.34519412890625 0.6217638046875 0.346279220703125 0.626357228515625 0.3601317421875 0.63316707421875 0.3637729765625 0.64098269140625 0.36954029296875 0.656741712890625 0.362195162109375 0.687509607421875 0.37450559765625 0.69230646484375 0.389717607421875 0.688088345703125 0.40873127734375 0.67156288671875
0 0.206828775390625 0.57770525390625 0.188957970703125 0.6293409921875 0.206903755859375 0.648713064453125 0.260277291015625 0.672029251953125 0.311577736328125 0.67570235546875 0.36304566796875 0.66101206640625 0.359664599609375 0.630680068359375 0.344055171875 0.616813310546875 0.34515435546875 0.588788873046875 0.31889912109375 0.5358896953125 0.281522349609375 0.527278869140625 0.230707205078125 0.545842064453125 0.206828775390625 0.57770525390625
1 0.396484375 0.568359375 0.07421875 0.0546875
1 0.45703125 0.6044921875 0.015625 0.017578125
1 0.447265625 0.568359375 0.044921875 0.0390625
1 0.468950755859375 0.566329947265625 0.462750841796875 0.5983665390625 0.472710580078125 0.60980073828125 0.495053369140625 0.5953657265625 0.513005408203125 0.564528255859375 0.537783759765625 0.56608976171875 0.575913009765625 0.572361572265625 0.577478404296875 0.547519345703125 0.556585072265625 0.51027344921875 0.53813742578125 0.49102669921875 0.512872501953125 0.494543912109375 0.484735845703125 0.507299044921875 0.46160604296875 0.49346299609375 0.427201623046875 0.467685517578125 0.409242734375 0.471514642578125 0.403989869140625 0.500674791015625 0.4096463203125 0.52910688671875 0.4205376875 0.5488273671875 0.4390811328125 0.553686072265625 0.466176658203125 0.5575842890625 0.468950755859375 0.566329947265625
0 0.5751953125 0.677734375 0.16796875 0.140625
1 0.462890625 0.46484375 0.017578125 0.015625
1 0.4599609375 0.4453125 0.01953125 0.015625
1 0.48828125 0.4755859375 0.01171875 0.015625
1 0.51171875 0.4345703125 0.03515625 0.0390625
0 0.6572265625 0.4482421875 0.16796875 0.14453125
1 0.4990234375 0.244140625 0.02734375 0.025390625
1 0.51953125 0.326171875 0.017578125 0.015625
1 0.490094109375 0.283911671875 0.463009484375 0.273410123046875 0.40140532421875 0.269232189453125 0.3855043359375 0.28415619921875 0.378445888671875 0.295615419921875 0.39239789453125 0.327230623046875 0.408478146484375 0.340012611328125 0.426129591796875 0.365430423828125 0.45039312109375 0.37912978515625 0.4936888828125 0.3647608359375 0.521518619140625 0.34711937890625 0.525213966796875 0.3364401171875 0.505713173828125 0.3287562265625 0.496535560546875 0.306666150390625 0.490094109375 0.283911671875
0 0.38376419140625 0.320931015625 0.342184234375 0.301936845703125 0.314144232421875 0.291112060546875 0.273147443359375 0.308220890625 0.241975228515625 0.3279306953125 0.23732773046875 0.35967755078125 0.24743625390625 0.384581109375 0.27546705078125 0.409745634765625 0.288019685546875 0.435997115234375 0.346038013671875 0.443811228515625 0.362975939453125 0.436520626953125 0.39308144921875 0.4041575 0.38982139453125 0.3851387265625 0.390887822265625 0.359793505859375 0.415281185546875 0.34399895703125 0.38376419140625 0.320931015625
1 0.2861328125 0.263671875 0.0390625 0.03515625
0 0.3876953125 0.1669921875 0.1640625 0.14453125
1 0.513671875 0.1875 0.0234375 0.01953125
1 0.525390625 0.1630859375 0.015625 0.01171875
1 0.5595703125 0.1484375 0.021484375 0.01953125
1 0.66796875 0.1630859375 0.01953125 0.01953125
0 0.74547160546875 0.274301662109375 0.774838517578125 0.25149163671875 0.79093951171875 0.23263825390625 0.768360908203125 0.190789080078125 0.73104019140625 0.163894251953125 0.69043503125 0.1507893125 0.67401739453125 0.156902640625 0.668697208984375 0.16905851953125 0.649893068359375 0.181828216796875 0.615839173828125 0.211812537109375 0.60651875390625 0.22268215625 0.622112623046875 0.24243584765625 0.654073189453125 0.27709313671875 0.677837044921875 0.298272271484375 0.706611703125 0.297796814453125 0.74547160546875 0.274301662109375
1 0.6396484375 0.3115234375 0.01171875 0.01171875
1 0.662109375 0.0791015625 0.015625 0.01171875
1 0.5966796875 0.037109375 0.029296875 0.01953125