1 0.3271484375 0.3037109375 0.103515625 0.115234375
1 0.3671875 0.3193359375 0.009765625 0.01171875
1 0.3994140625 0.3544921875 0.013671875 0.015625
1 0.3984375 0.4482421875 0.013671875 0.015625
1 0.3681640625 0.447265625 0.015625 0.01953125
1 0.361328125 0.484375 0.015625 0.013671875
0 0.2666015625 0.5224609375 0.154296875 0.142578125
1 0.396484375 0.5380859375 0.015625 0.015625
1 0.3955078125 0.5869140625 0.013671875 0.009765625
1 0.361328125 0.607421875 0.01953125 0.013671875
1 0.4072265625 0.6064453125 0.017578125 0.013671875
1 0.291015625 0.8291015625 0.052734375 0.072265625
1 0.173828125 0.6533203125 0.009765625 0.005859375
1 0.265625 0.853515625 0.013671875 0.0078125
0 0.2861328125 0.955078125 0.189453125 0.08984375
0 0.5869140625 0.943359375 0.181640625 0.11328125
0 0.578125 0.75 0.212890625 0.162109375
0 0.5751953125 0.525390625 0.1328125 0.103515625
0 0.330631443359375 0.766334767578125 0.341245333984375 0.7432565703125 0.317860015625 0.71031138671875 0.263232560546875 0.700449484375 0.23966825 0.702559720703125 0.180426734375 0.728860951171875 0.161268453125 0.75941033203125 0.203111970703125 0.802199419921875 0.25431190234375 0.81392662890625 0.286490220703125 0.79561437890625 0.330631443359375 0.766334767578125