0 0.0390625 0.2900390625 0.0625 0.126953125
0 0.2197265625 0.2939453125 0.1328125 0.15234375
1 0.298828125 0.271484375 0.03515625 0.04296875
1 0.3212890625 0.2919921875 0.005859375 0.0078125
0 0.4375 0.3017578125 0.08203125 0.12109375
1 0.3818359375 0.419921875 0.013671875 0.017578125
1 0.5498046875 0.390625 0.017578125 0.025390625
0 0.6552734375 0.306640625 0.125 0.16796875
1 0.77734375 0.4150390625 0.09375 0.095703125
1 0.6689453125 0.447265625 0.013671875 0.013671875
0 0.8798828125 0.291015625 0.16015625 0.1796875
1 0.990234375 0.4482421875 0.01953125 0.041015625
1 0.9140625 0.42578125 0.01171875 0.017578125
1 0.9228515625 0.44921875 0.0078125 0.013671875
1 0.8486328125 0.4482421875 0.009765625 0.009765625
1 0.8251953125 0.4482421875 0.01171875 0.009765625
1 0.8828125 0.4697265625 0.005859375 0.0078125
1 0.94140625 0.4814453125 0.01171875 0.0078125
1 0.689453125 0.44140625 0.005859375 0.009765625
1 0.6962890625 0.4462890625 0.009765625 0.009765625
1 0.66796875 0.4736328125 0.0078125 0.013671875
1 0.5888671875 0.4443359375 0.0078125 0.01171875
1 0.5791015625 0.474609375 0.005859375 0.013671875
1 0.6015625 0.4677734375 0.005859375 0.0078125
1 0.61328125 0.53125 0.017578125 0.037109375
1 0.5634765625 0.5751953125 0.0078125 0.013671875
1 0.548828125 0.5791015625 0.0078125 0.013671875
1 0.5546875 0.5390625 0.005859375 0.0078125
1 0.48828125 0.5673828125 0.013671875 0.017578125
1 0.57421875 0.64453125 0.009765625 0.013671875
0 0.650390625 0.599609375 0.052734375 0.083984375
1 0.685546875 0.6240234375 0.0078125 0.013671875
1 0.7529296875 0.5546875 0.009765625 0.01171875
1 0.75390625 0.57421875 0.0078125 0.009765625
1 0.7705078125 0.6201171875 0.005859375 0.009765625
1 0.7978515625 0.6201171875 0.0078125 0.015625
1 0.78125 0.537109375 0.005859375 0.0078125
1 0.91796875 0.6298828125 0.005859375 0.009765625
1 0.919921875 0.6181640625 0.005859375 0.005859375
1 0.935546875 0.6376953125 0.0078125 0.009765625
1 0.9765625 0.6328125 0.01171875 0.013671875
1 0.9638671875 0.5478515625 0.01171875 0.015625
1 0.455078125 0.50390625 0.091796875 0.080078125
1 0.3720703125 0.5126953125 0.0234375 0.033203125
1 0.4697265625 0.6337890625 0.021484375 0.02734375
1 0.431640625 0.439453125 0.01171875 0.013671875
1 0.458984375 0.4404296875 0.0078125 0.01171875
1 0.513671875 0.4248046875 0.013671875 0.015625
1 0.3505859375 0.46484375 0.01171875 0.015625
1 0.2607421875 0.4716796875 0.052734375 0.0625
1 0.30859375 0.56640625 0.013671875 0.013671875
1 0.3046875 0.599609375 0.01171875 0.01953125
1 0.2646484375 0.6396484375 0.009765625 0.0078125
1 0.0673828125 0.5625 0.013671875 0.015625
1 0.05078125 0.666015625 0.009765625 0.013671875
1 0.396484375 0.4375 0.005859375 0.0078125
1 0.1357421875 0.458984375 0.013671875 0.013671875
1 0.1318359375 0.423828125 0.005859375 0.01171875
1 0.173828125 0.4365234375 0.013671875 0.0078125
1 0.021484375 0.455078125 0.013671875 0.01953125
1 0.0205078125 0.423828125 0.009765625 0.0078125
0 0.90884886328125 0.525517837890625 0.886156671875 0.49893416796875 0.81307328515625 0.513213337890625 0.786851119140625 0.563586875 0.7969740546875 0.5869144296875 0.81914150390625 0.634592953125 0.837358966796875 0.664936509765625 0.873498958984375 0.671620009765625 0.9046902421875 0.650431771484375 0.918992591796875 0.6143245703125 0.924211373046875 0.586321681640625 0.925202314453125 0.547988779296875 0.90884886328125 0.525517837890625
0 0.384247013671875 0.685180017578125 0.42928951953125 0.679389681640625 0.4518500234375 0.654580859375 0.464191708984375 0.61639440234375 0.475614876953125 0.55604575390625 0.434706025390625 0.539112541015625 0.3982971484375 0.533511859375 0.355842126953125 0.55449784765625 0.3457536875 0.57876508984375 0.360898763671875 0.6505300546875 0.384247013671875 0.685180017578125
0 0.117931759765625 0.638427931640625 0.160917830078125 0.65593222265625 0.2048201875 0.65763112890625 0.243737484375 0.633558798828125 0.256971306640625 0.5846431953125 0.252506162109375 0.546557283203125 0.218048904296875 0.51070250390625 0.17610905078125 0.48170102734375 0.1139485859375 0.5088807734375 0.101892025390625 0.56894959375 0.117931759765625 0.638427931640625