1 0.052734375 0.2255859375 0.041015625 0.064453125
1 0.177734375 0.3486328125 0.021484375 0.029296875
0 0.1365277109375 0.22185683203125 0.112085123046875 0.1961533046875 0.0663041640625 0.21463113671875 0.067772173828125 0.2414374375 0.0629081171875 0.28580844921875 0.088311271484375 0.31287799609375 0.113470736328125 0.3307092265625 0.142896685546875 0.3158419765625 0.18778305859375 0.31948595703125 0.187906970703125 0.299551845703125 0.17629937890625 0.2554174765625 0.159851732421875 0.2271731171875 0.1365277109375 0.22185683203125
1 0.0517578125 0.4267578125 0.021484375 0.0234375
1 0.0244140625 0.392578125 0.033203125 0.044921875
1 0.085386634765625 0.336662533203125 0.094629998046875 0.36541644921875 0.135634376953125 0.39319787890625 0.162094033203125 0.39104123828125 0.154646609375 0.3576660703125 0.13794176953125 0.313146181640625 0.103258875 0.326137828125 0.085386634765625 0.336662533203125
1 0.1162109375 0.408203125 0.080078125 0.07421875
1 0.1328125 0.447265625 0.017578125 0.015625
1 0.1533203125 0.4404296875 0.015625 0.02734375
1 0.185546875 0.46875 0.015625 0.01953125
1 0.1845703125 0.447265625 0.01171875 0.01953125
1 0.2548828125 0.4609375 0.072265625 0.064453125
1 0.2890625 0.49609375 0.013671875 0.021484375
1 0.2255859375 0.369140625 0.017578125 0.015625
1 0.208984375 0.3544921875 0.015625 0.017578125
1 0.2041015625 0.2724609375 0.005859375 0.005859375
0 0.2998046875 0.3349609375 0.12890625 0.154296875
1 0.376953125 0.3408203125 0.01171875 0.013671875
1 0.3720703125 0.376953125 0.009765625 0.017578125
1 0.3857421875 0.361328125 0.015625 0.015625
1 0.3916015625 0.33984375 0.017578125 0.015625
1 0.4580078125 0.34375 0.01953125 0.033203125
1 0.474609375 0.326171875 0.021484375 0.0390625
1 0.2021484375 0.6552734375 0.015625 0.015625
1 0.2138671875 0.642578125 0.015625 0.017578125
1 0.1875 0.5830078125 0.013671875 0.01171875
1 0.142578125 0.6083984375 0.015625 0.017578125
1 0.15234375 0.615234375 0.01171875 0.013671875
1 0.0078125 0.505859375 0.015625 0.04296875
1 0.0166015625 0.5439453125 0.015625 0.01953125
1 0.0888671875 0.513671875 0.03515625 0.046875
1 0.005859375 0.6376953125 0.009765625 0.01171875
0 0 0.63108494921875 0.0006726640625 0.629218912109375 0.0181383671875 0.62988444921875 0.04199478515625 0.642511505859375 0.086223947265625 0.6576805 0.1012688671875 0.630573427734375 0.11254592578125 0.56381209765625 0.09547541796875 0.5345248359375 0.068784283203125 0.52311378515625 0.043217701171875 0.50546383203125 0.029074359375 0.5065842265625 0 0.528363365234375 0 0.63108494921875
1 0.146484375 0.5791015625 0.013671875 0.01171875
0 0.287481603515625 0.696884208984375 0.305295421875 0.664543279296875 0.312471671875 0.606991720703125 0.3027299296875 0.597159271484375 0.282096052734375 0.591081224609375 0.258219333984375 0.583553314453125 0.235394896484375 0.576231130859375 0.2152351875 0.560517826171875 0.219763142578125 0.5974886171875 0.216565369140625 0.631788068359375 0.21869271484375 0.6482633671875 0.2104206015625 0.674723236328125 0.221501099609375 0.685530634765625 0.24251823828125 0.70449487109375 0.266203103515625 0.71214741796875 0.287481603515625 0.696884208984375
1 0.21484375 0.58984375 0.01171875 0.013671875
1 0.2431640625 0.572265625 0.01171875 0.01171875
1 0.3251953125 0.6328125 0.01171875 0.01171875
1 0.34765625 0.6201171875 0.0234375 0.03125
1 0.3271484375 0.6484375 0.0078125 0.01171875
1 0.3447265625 0.6708984375 0.013671875 0.01171875
1 0.3388671875 0.6865234375 0.01171875 0.013671875
1 0.3486328125 0.693359375 0.009765625 0.013671875
1 0.3623046875 0.685546875 0.01171875 0.013671875
1 0.4111328125 0.6953125 0.021484375 0.025390625
1 0.43059358203125 0.571570177734375 0.409282087890625 0.576492822265625 0.392856314453125 0.578567587890625 0.356417361328125 0.590800974609375 0.362142427734375 0.62158341796875 0.37619670703125 0.65131943359375 0.38882717578125 0.663976275390625 0.401540078125 0.664471298828125 0.414728513671875 0.65769814453125 0.43364201953125 0.6292519609375 0.449977537109375 0.60513484765625 0.461060328125 0.571397029296875 0.453780458984375 0.5632459609375 0.43059358203125 0.571570177734375
1 0.474609375 0.7236328125 0.01171875 0.013671875
0 0.4230486875 0.649107822265625 0.412063248046875 0.681572044921875 0.415174935546875 0.687549318359375 0.42513685546875 0.698384623046875 0.45066377734375 0.71255673828125 0.46526171875 0.715022626953125 0.4968175703125 0.702019494140625 0.523019029296875 0.68300857421875 0.52629484765625 0.6616726953125 0.51730416796875 0.649364080078125 0.504312228515625 0.6367525234375 0.50029033984375 0.6239443046875 0.496198640625 0.605530744140625 0.491162947265625 0.58390991015625 0.490381775390625 0.58427566796875 0.4856978359375 0.58334094140625 0.463614060546875 0.599532478515625 0.440688958984375 0.619700728515625 0.4230486875 0.649107822265625
1 0.509765625 0.626953125 0.013671875 0.017578125
1 0.5302734375 0.6689453125 0.005859375 0.01171875
1 0.54296875 0.689453125 0.005859375 0.005859375
1 0.5625 0.693359375 0.005859375 0.0078125
1 0.5537109375 0.7001953125 0.005859375 0.005859375
1 0.591796875 0.705078125 0.005859375 0.005859375
1 0.59765625 0.6875 0.009765625 0.01953125
1 0.6220703125 0.7060546875 0.009765625 0.013671875
1 0.513671875 0.57421875 0.0625 0.052734375
1 0.462890625 0.546875 0.015625 0.015625
1 0.4130859375 0.4765625 0.01171875 0.01953125
1 0.4267578125 0.501953125 0.021484375 0.01953125
1 0.444360544921875 0.551279611328125 0.461956859375 0.5386651796875 0.4736891875 0.553663259765625 0.48607653515625 0.555109216796875 0.487004021484375 0.54211736328125 0.4682424375 0.516751126953125 0.446320890625 0.5049253359375 0.43774989453125 0.52110650390625 0.423941892578125 0.535534947265625 0.423863125 0.54717756640625 0.433358548828125 0.5577654296875 0.444360544921875 0.551279611328125
1 0.4931640625 0.49609375 0.029296875 0.029296875
1 0.5400390625 0.49609375 0.017578125 0.017578125
1 0.556640625 0.5078125 0.025390625 0.041015625
1 0.5927734375 0.5205078125 0.0546875 0.06640625
1 0.6162109375 0.52734375 0.009765625 0.013671875
1 0.69531053125 0.624093892578125 0.69633323828125 0.60259246875 0.68314587890625 0.583286927734375 0.685795392578125 0.559333296875 0.676707494140625 0.54031861328125 0.66154899609375 0.53056825390625 0.65009145703125 0.55912582421875 0.64102959765625 0.58132256640625 0.6344142734375 0.59241816015625 0.619948095703125 0.591044658203125 0.607128818359375 0.5802188671875 0.598204419921875 0.57616209375 0.58399219140625 0.580825587890625 0.581422046875 0.60825069921875 0.58944333984375 0.6205159765625 0.572207576171875 0.653628037109375 0.587397396484375 0.669202580078125 0.617516869140625 0.671984470703125 0.628742759765625 0.686323078125 0.623184361328125 0.701617583984375 0.627229146484375 0.721270564453125 0.632267171875 0.734673501953125 0.6436049140625 0.730292677734375 0.64381846875 0.705229708984375 0.636214021484375 0.698666580078125 0.64567732421875 0.673887916015625 0.652277763671875 0.659686158203125 0.66826664453125 0.656469234375 0.68186403125 0.638236697265625 0.69531053125 0.624093892578125
1 0.678288724609375 0.5285222421875 0.67709948828125 0.540618173828125 0.683391658203125 0.553653802734375 0.689483056640625 0.566963908203125 0.70091605859375 0.561950111328125 0.69586278515625 0.54137615234375 0.678288724609375 0.5285222421875
1 0.7464575 0.5865442734375 0.763531310546875 0.602787849609375 0.77630606640625 0.60223446484375 0.772845123046875 0.574444482421875 0.755217138671875 0.54010283203125 0.7537933828125 0.526953859375 0.77338076171875 0.5032449296875 0.765913455078125 0.490319466796875 0.742273599609375 0.489636919921875 0.72999125 0.47459611328125 0.7236554453125 0.43562007421875 0.707109076171875 0.445662080078125 0.705284162109375 0.48127712109375 0.7005900234375 0.515996068359375 0.701191697265625 0.5446925625 0.69422116015625 0.567058521484375 0.68416627734375 0.568400009765625 0.68405415234375 0.58054225390625 0.6864012421875 0.584918875 0.70943538671875 0.5727839765625 0.7279792421875 0.57210566015625 0.7464575 0.5865442734375
0 0.724019701171875 0.615002865234375 0.697788021484375 0.6209263984375 0.680149857421875 0.6362485078125 0.658370669921875 0.66340210546875 0.64542655859375 0.6679779296875 0.63824284375 0.69235195703125 0.634364486328125 0.698415810546875 0.64902265234375 0.717820033203125 0.658919080078125 0.73864506640625 0.67093378125 0.741161669921875 0.692162853515625 0.724538470703125 0.717933314453125 0.72259892578125 0.74926069921875 0.705326908203125 0.766346859375 0.657169251953125 0.76408240625 0.63412627734375 0.724019701171875 0.615002865234375
1 0.6982421875 0.7392578125 0.021484375 0.0234375
1 0.6474609375 0.755859375 0.013671875 0.013671875
1 0.783203125 0.6767578125 0.017578125 0.021484375
1 0.82421875 0.6767578125 0.013671875 0.017578125
1 0.8388671875 0.6083984375 0.078125 0.080078125
1 0.8076171875 0.5537109375 0.01171875 0.01171875
1 0.8427734375 0.5458984375 0.013671875 0.0234375
1 0.85546875 0.556640625 0.01171875 0.015625
1 0.8671875 0.5400390625 0.015625 0.015625
1 0.92578125 0.810546875 0.017578125 0.015625
0 0.9542773125 0.733983228515625 0.966748185546875 0.698349853515625 0.9693115625 0.67802458984375 0.960110341796875 0.656309833984375 0.949191328125 0.6418833359375 0.92593354296875 0.632924189453125 0.900893103515625 0.621841720703125 0.873658435546875 0.606657630859375 0.872618427734375 0.608473708984375 0.87218944921875 0.655532162109375 0.851645806640625 0.679388140625 0.848463310546875 0.704316001953125 0.880254107421875 0.737863591796875 0.90688521484375 0.7475312421875 0.937882060546875 0.7522353671875 0.9542773125 0.733983228515625
1 0.83984375 0.7099609375 0.017578125 0.015625
1 0.91109762890625 0.545489896484375 0.899674021484375 0.55981882421875 0.890686185546875 0.584690546875 0.887327197265625 0.60907223046875 0.919524369140625 0.614957421875 0.95031389453125 0.600724001953125 0.9718388046875 0.57295308984375 0.976979478515625 0.5629233828125 0.939515001953125 0.546774876953125 0.91109762890625 0.545489896484375
1 0.9794921875 0.6015625 0.033203125 0.08203125
1 0.958984375 0.615234375 0.01171875 0.013671875
1 0.909170533203125 0.516076345703125 0.905502728515625 0.539233951171875 0.912532669921875 0.5508483984375 0.925129330078125 0.54613320703125 0.936992365234375 0.5339745234375 0.9580153984375 0.5120154765625 0.96075212890625 0.49271861328125 0.95005134765625 0.481543677734375 0.93223184765625 0.488215869140625 0.913136103515625 0.5077015 0.909170533203125 0.516076345703125
1 1 0.453726861328125 0.981969423828125 0.4564697578125 0.96048252734375 0.452083380859375 0.95341960546875 0.4572611171875 0.965984751953125 0.494709224609375 0.9781795078125 0.519829916015625 0.997543919921875 0.529876900390625 1 0.525038248046875 1 0.453726861328125
1 0.98046875 0.4482421875 0.021484375 0.025390625
0 0.955636962890625 0.453119169921875 0.9774213125 0.440562166015625 0.981452283203125 0.43206340625 0.971427927734375 0.414768013671875 0.973069681640625 0.37038846875 0.937585373046875 0.360854421875 0.89891134765625 0.369168369140625 0.86037959375 0.382127826171875 0.850894662109375 0.427215974609375 0.86249484765625 0.4680766875 0.8756976328125 0.49087909375 0.90095651953125 0.506278462890625 0.91661011328125 0.50822620703125 0.936874583984375 0.480042599609375 0.955636962890625 0.453119169921875
1 0.8232421875 0.4189453125 0.01171875 0.01171875
1 0.7568359375 0.37109375 0.015625 0.01953125
1 0.771484375 0.3623046875 0.01171875 0.01171875
0 0.708984375 0.365234375 0.099609375 0.138671875
1 0.6494140625 0.37109375 0.015625 0.021484375
1 0.6708984375 0.3310546875 0.0078125 0.013671875
1 0.607421875 0.392578125 0.013671875 0.013671875
1 0.6298828125 0.4150390625 0.009765625 0.01171875
1 0.59375 0.44921875 0.0390625 0.041015625
1 0.5849609375 0.380859375 0.013671875 0.017578125
1 0.5771484375 0.3681640625 0.015625 0.015625
1 0.5400390625 0.4482421875 0.033203125 0.037109375
0 0.58480744140625 0.3904676640625 0.5728338828125 0.370495689453125 0.557951693359375 0.3437094921875 0.53863715625 0.329555783203125 0.529773236328125 0.301354701171875 0.514067107421875 0.289175046875 0.502906427734375 0.273810423828125 0.4970768828125 0.29188304296875 0.48381855859375 0.319594115234375 0.46738215234375 0.350613953125 0.453682853515625 0.36176283203125 0.439618392578125 0.385026306640625 0.438204900390625 0.397216552734375 0.450039642578125 0.419353966796875 0.475959056640625 0.445197951171875 0.50550701171875 0.45931115625 0.52275265625 0.44140121875 0.54259829296875 0.42859530078125 0.55623605078125 0.411748396484375 0.58480744140625 0.3904676640625
1 0.53794816015625 0.328362708984375 0.594284015625 0.33613190625 0.605562498046875 0.317655267578125 0.609163447265625 0.297850328125 0.63335541015625 0.24249332421875 0.620975943359375 0.18521225 0.600260365234375 0.16939015234375 0.581701912109375 0.165075095703125 0.5507343046875 0.174080962890625 0.53572035546875 0.1946111328125 0.513146265625 0.2059217109375 0.483209810546875 0.229832818359375 0.466322568359375 0.25844490625 0.457172490234375 0.2875463828125 0.459671923828125 0.300146423828125 0.475398556640625 0.30611005859375 0.4909612109375 0.3011728515625 0.5044976640625 0.2783298828125 0.5284444453125 0.297524982421875 0.53794816015625 0.328362708984375
1 0.3544921875 0.478515625 0.0078125 0.009765625
1 0.384765625 0.478515625 0.009765625 0.009765625
1 0.4013671875 0.361328125 0.009765625 0.01171875
1 0.41015625 0.0166015625 0.021484375 0.02734375