0 0.521484375 0.9111328125 0.18359375 0.17578125
1 0.4150390625 0.81640625 0.02734375 0.02734375
0 0.236328125 0.8662109375 0.21484375 0.201171875
0 0.3037109375 0.626953125 0.1875 0.162109375
0 0.564453125 0.693359375 0.234375 0.205078125
1 0.4296875 0.7353515625 0.0078125 0.0078125
1 0.4638671875 0.5712890625 0.015625 0.015625
1 0.458984375 0.59375 0.009765625 0.0078125
1 0.4541015625 0.5771484375 0.0078125 0.009765625
1 0.453125 0.4951171875 0.015625 0.01171875
1 0.513671875 0.4033203125 0.033203125 0.03125
1 0.4677734375 0.4482421875 0.12890625 0.1171875
1 0.4794921875 0.3798828125 0.015625 0.015625
1 0.517578125 0.361328125 0.01171875 0.0078125
0 0.3310546875 0.37890625 0.232421875 0.2265625
1 0.5361328125 0.294921875 0.013671875 0.009765625
1 0.52734375 0.283203125 0.013671875 0.01171875
0 0.6416015625 0.458984375 0.185546875 0.18359375
0 0.6767578125 0.24609375 0.22265625 0.171875
1 0.5439453125 0.18359375 0.013671875 0.009765625
1 0.546875 0.158203125 0.015625 0.01171875
1 0.640625 0.11328125 0.029296875 0.0234375
1 0.5556640625 0.12109375 0.015625 0.01171875
1 0.5576171875 0.0986328125 0.046875 0.03515625
1 0.5322265625 0.0517578125 0.0390625 0.033203125
0 0.34375 0.150390625 0.25390625 0.212890625
0 0.71875 0.0615234375 0.1015625 0.0625