1 0.9853515625 0.576171875 0.02734375 0.0234375
1 0.966796875 0.5693359375 0.005859375 0.0078125
1 0.95703125 0.560546875 0.013671875 0.01171875
1 0.9658203125 0.44921875 0.068359375 0.07421875
1 0.8828125 0.4052734375 0.033203125 0.052734375
1 0.8857421875 0.4462890625 0.02734375 0.021484375
0 0.871499919921875 0.59715530859375 0.91588167578125 0.618912814453125 0.927464404296875 0.611049509765625 0.957414822265625 0.561916712890625 0.971125125 0.542241419921875 0.950958345703125 0.497106037109375 0.929185240234375 0.449003900390625 0.91011930859375 0.4474330546875 0.8787535234375 0.4560332421875 0.85232178515625 0.46365715234375 0.843001919921875 0.4845851796875 0.834879171875 0.539193779296875 0.841102537109375 0.573496595703125 0.871499919921875 0.59715530859375
0 0.8681640625 0.2578125 0.140625 0.166015625
1 0.8046875 0.333984375 0.01953125 0.033203125
1 0.791015625 0.2724609375 0.009765625 0.009765625
1 0.9306640625 0.3740234375 0.017578125 0.013671875
1 0.75 0.56640625 0.01171875 0.009765625
1 0.755859375 0.625 0.0078125 0.01171875
1 0.62890625 0.556640625 0.05078125 0.05078125
0 0.61578990625 0.489491220703125 0.61023173046875 0.521513 0.619923404296875 0.534690646484375 0.640459052734375 0.55786232421875 0.64910808984375 0.57541103125 0.6586098203125 0.6179381640625 0.684722388671875 0.629231380859375 0.706534615234375 0.625353669921875 0.73276793359375 0.598819685546875 0.74479425390625 0.5408951328125 0.738265171875 0.51200145703125 0.70548933203125 0.479287974609375 0.681671900390625 0.46932876171875 0.64614909375 0.45831752734375 0.63625046484375 0.46624033203125 0.61578990625 0.489491220703125
1 0.580078125 0.4716796875 0.009765625 0.015625
1 0.62890625 0.39453125 0.0625 0.107421875
0 0.64529477734375 0.364280861328125 0.655715830078125 0.396528556640625 0.66567631640625 0.384427220703125 0.69742454296875 0.342514205078125 0.715739505859375 0.321921015625 0.7085105234375 0.267003544921875 0.69486488671875 0.237077763671875 0.669370498046875 0.21251576171875 0.631324970703125 0.226184859375 0.609606607421875 0.240548220703125 0.5993966484375 0.28036603125 0.60849767578125 0.31710587890625 0.62655588671875 0.343603509765625 0.64529477734375 0.364280861328125
1 0.5947265625 0.439453125 0.01171875 0.013671875
1 0.5732421875 0.4404296875 0.01171875 0.015625
1 0.5322265625 0.4794921875 0.015625 0.0234375
1 0.541015625 0.572265625 0.0078125 0.013671875
1 0.470007166015625 0.473451794921875 0.46089314453125 0.48408950390625 0.47122360546875 0.49519346875 0.4936528828125 0.49621824609375 0.51518012109375 0.49940135546875 0.53047412890625 0.506904642578125 0.53476650390625 0.499867296875 0.52944466796875 0.480292455078125 0.512995771484375 0.462371041015625 0.48887165625 0.465355197265625 0.470007166015625 0.473451794921875
1 0.482876591796875 0.485950947265625 0.47868835546875 0.5021483828125 0.492470974609375 0.5067880078125 0.50800427734375 0.53112677734375 0.514475041015625 0.51638326953125 0.510521494140625 0.4856810546875 0.50182796875 0.478904056640625 0.482876591796875 0.485950947265625
1 0.4501953125 0.5126953125 0.013671875 0.0234375
1 0.4375 0.51171875 0.01953125 0.0390625
1 0.412109375 0.541015625 0.0625 0.08203125
0 0.41057403515625 0.608022666015625 0.42686528125 0.631017771484375 0.457672263671875 0.644914873046875 0.50038265625 0.6492438828125 0.529998224609375 0.620105736328125 0.547664759765625 0.589761951171875 0.54096177734375 0.57506527734375 0.5262119765625 0.54108278125 0.49884533984375 0.513974748046875 0.476393138671875 0.504171146484375 0.458268982421875 0.5233800703125 0.438774701171875 0.5490362109375 0.425070591796875 0.566760416015625 0.41022825390625 0.5805101015625 0.41057403515625 0.608022666015625
1 0.5712890625 0.6083984375 0.009765625 0.009765625
1 0.5146484375 0.654296875 0.0078125 0.01171875
1 0.3603515625 0.525390625 0.013671875 0.013671875
1 0.388671875 0.4560546875 0.015625 0.017578125
1 0.3828125 0.4384765625 0.013671875 0.0234375
1 0.40625 0.4404296875 0.01171875 0.013671875
1 0.4619140625 0.404296875 0.109375 0.107421875
0 0.4560546875 0.27734375 0.154296875 0.171875
1 0.353515625 0.357421875 0.025390625 0.02734375
1 0.28515625 0.3818359375 0.05859375 0.095703125
0 0.2509765625 0.2763671875 0.12890625 0.154296875
1 0.3447265625 0.458984375 0.013671875 0.029296875
1 0.31640625 0.4619140625 0.0078125 0.005859375
1 0.330078125 0.45703125 0.005859375 0.01171875
1 0.3173828125 0.494140625 0.013671875 0.009765625
1 0.2822265625 0.5029296875 0.009765625 0.01171875
1 0.3193359375 0.537109375 0.017578125 0.02734375
1 0.306640625 0.5380859375 0.021484375 0.03125
1 0.3125 0.5810546875 0.0390625 0.048828125
0 0.275756021484375 0.674340037109375 0.292470146484375 0.648285703125 0.300775099609375 0.601576671875 0.3028241328125 0.565228890625 0.295530240234375 0.541684265625 0.2672246484375 0.525612134765625 0.24701507421875 0.521314751953125 0.21304879296875 0.54312872265625 0.1911735078125 0.55592480078125 0.1718774453125 0.601785578125 0.174892154296875 0.63530066796875 0.204528966796875 0.657317421875 0.249663146484375 0.67397684765625 0.275756021484375 0.674340037109375
1 0.180102908203125 0.5344841484375 0.20362209765625 0.54339233984375 0.215884029296875 0.536271671875 0.26017853515625 0.507257560546875 0.289622537109375 0.482402162109375 0.28200201171875 0.45204937109375 0.250168546875 0.41486577734375 0.202832705078125 0.383831005859375 0.16667297265625 0.391561572265625 0.1483982890625 0.42403687109375 0.13682455078125 0.4606975546875 0.14297017578125 0.496545138671875 0.16043291015625 0.520037369140625 0.180102908203125 0.5344841484375
1 0.142578125 0.3984375 0.03125 0.041015625
1 0.08984375 0.4462890625 0.015625 0.017578125
0 0.0439453125 0.3232421875 0.087890625 0.162109375
1 0.025390625 0.5 0.04296875 0.025390625
1 0.0068359375 0.482421875 0.013671875 0.01953125
1 0.123046875 0.484375 0.013671875 0.01953125
0 0.0693359375 0.6201171875 0.1328125 0.150390625
1 0.2919921875 0.7275390625 0.025390625 0.029296875