0 0.94140625 0.2900390625 0.080078125 0.126953125
0 0.966796875 0.5302734375 0.06640625 0.138671875
1 0.94140625 0.4169921875 0.11328125 0.10546875
1 0.9404296875 0.373046875 0.025390625 0.029296875
1 0.9013671875 0.4306640625 0.013671875 0.013671875
1 0.837890625 0.4130859375 0.013671875 0.01953125
1 0.8916015625 0.4423828125 0.005859375 0.009765625
1 0.953125 0.4404296875 0.013671875 0.01171875
0 0.8134765625 0.5791015625 0.16015625 0.171875
1 0.8076171875 0.458984375 0.021484375 0.02734375
1 0.775390625 0.4755859375 0.029296875 0.03125
1 0.7568359375 0.4775390625 0.015625 0.015625
1 0.755859375 0.45703125 0.009765625 0.013671875
1 0.7275390625 0.4765625 0.0078125 0.01171875
1 0.8779296875 0.466796875 0.005859375 0.009765625
0 0.7646484375 0.2978515625 0.14453125 0.16796875
1 0.828125 0.263671875 0.009765625 0.01171875
1 0.6826171875 0.3623046875 0.087890625 0.146484375
1 0.673828125 0.4892578125 0.025390625 0.02734375
0 0.61328125 0.66015625 0.162109375 0.185546875
1 0.6240234375 0.513671875 0.05078125 0.0703125
1 0.5625 0.51953125 0.107421875 0.134765625
0 0.4130859375 0.69140625 0.181640625 0.251953125
1 0.5078125 0.6357421875 0.013671875 0.017578125
1 0.505859375 0.611328125 0.0078125 0.0078125
1 0.4580078125 0.53515625 0.01171875 0.01171875
1 0.5166015625 0.525390625 0.005859375 0.005859375
1 0.42578125 0.541015625 0.0078125 0.009765625
1 0.4267578125 0.552734375 0.005859375 0.005859375
1 0.4091796875 0.5400390625 0.005859375 0.0078125
1 0.3642578125 0.5478515625 0.0078125 0.01171875
1 0.349609375 0.5478515625 0.013671875 0.013671875
1 0.330078125 0.533203125 0.0078125 0.0078125
1 0.349609375 0.5693359375 0.00390625 0.005859375
1 0.34375 0.576171875 0.00390625 0.005859375
1 0.359375 0.5595703125 0.00390625 0.005859375
1 0.3232421875 0.5712890625 0.005859375 0.009765625
1 0.314453125 0.5869140625 0.005859375 0.013671875
1 0.3408203125 0.513671875 0.009765625 0.017578125
1 0.318359375 0.5126953125 0.0078125 0.009765625
0 0.55859375 0.3564453125 0.13671875 0.203125
0 0.3544921875 0.3759765625 0.162109375 0.208984375
1 0.2783203125 0.4052734375 0.013671875 0.013671875
1 0.263671875 0.3876953125 0.013671875 0.0234375
1 0.2470703125 0.4033203125 0.029296875 0.037109375
1 0.2509765625 0.4619140625 0.009765625 0.01171875
1 0.2158203125 0.4619140625 0.013671875 0.013671875
1 0.2333984375 0.341796875 0.01171875 0.01171875
0 0.1435546875 0.447265625 0.150390625 0.177734375
1 0.0810546875 0.3837890625 0.01171875 0.013671875
1 0.07421875 0.4306640625 0.01171875 0.017578125
0 0.185546875 0.734375 0.14453125 0.181640625
1 0.1171875 0.615234375 0.04296875 0.048828125
1 0.162109375 0.59765625 0.015625 0.0234375
1 0.2275390625 0.60546875 0.0078125 0.009765625
1 0.021484375 0.63671875 0.01171875 0.013671875
1 0.0400390625 0.6181640625 0.0078125 0.0078125
1 0.158203125 0.6328125 0.005859375 0.005859375
1 0.154296875 0.6201171875 0.005859375 0.005859375
1 0.6953125 0.5107421875 0.12109375 0.189453125
1 0.8828125 0.2509765625 0.009765625 0.01171875
1 0.8671875 0.2734375 0.0078125 0.0078125
1 0.2802734375 0.71875 0.01171875 0.01171875