0 0.017578125 0.427734375 0.03515625 0.10546875
1 0.044921875 0.4833984375 0.0234375 0.025390625
1 0.115234375 0.4794921875 0.01171875 0.01171875
1 0.125 0.4716796875 0.015625 0.01953125
0 0.181640625 0.40625 0.15234375 0.19140625
1 0.267578125 0.419921875 0.01171875 0.017578125
1 0.3583984375 0.5400390625 0.01953125 0.0234375
0 0.392578125 0.369140625 0.15625 0.208984375
1 0.4658203125 0.4208984375 0.01171875 0.01171875
1 0.5244140625 0.5009765625 0.14453125 0.201171875
1 0.4765625 0.5458984375 0.01171875 0.013671875
1 0.6611328125 0.4365234375 0.064453125 0.052734375
0 0.6015625 0.3388671875 0.138671875 0.1328125
1 0.73828125 0.4755859375 0.01171875 0.01171875
1 0.7451171875 0.462890625 0.009765625 0.01171875
1 0.7763671875 0.4765625 0.013671875 0.01171875
0 0.8134765625 0.3193359375 0.126953125 0.14453125
1 0.8408203125 0.490234375 0.01953125 0.017578125
1 0.8740234375 0.453125 0.126953125 0.154296875
1 0.9423828125 0.525390625 0.115234375 0.1484375
0 0.8603515625 0.60546875 0.150390625 0.154296875
1 0.9013671875 0.689453125 0.021484375 0.03125
0 0.66015625 0.640625 0.13671875 0.181640625
1 0.71875 0.6513671875 0.01171875 0.013671875
0 0.4267578125 0.671875 0.126953125 0.173828125
1 0.486328125 0.7041015625 0.013671875 0.0234375
1 0.3876953125 0.6630859375 0.01171875 0.01171875
1 0.390625 0.5712890625 0.021484375 0.025390625
1 0.359375 0.5712890625 0.013671875 0.025390625
1 0.3232421875 0.572265625 0.01171875 0.013671875
1 0.248046875 0.59375 0.01171875 0.01953125
0 0.20703125 0.716796875 0.150390625 0.1640625
1 0.1298828125 0.5966796875 0.02734375 0.044921875
1 0.0234375 0.599609375 0.02734375 0.013671875
1 0.05859375 0.6103515625 0.01171875 0.01171875
1 0.613153873046875 0.448120921875 0.62991095703125 0.4225367421875 0.640160796875 0.399927109375 0.624693369140625 0.3953382734375 0.609944818359375 0.425432046875 0.59161845703125 0.40115969140625 0.5674605703125 0.393224853515625 0.565542125 0.421689357421875 0.571198765625 0.446291517578125 0.594152013671875 0.45732842578125 0.613153873046875 0.448120921875