0 0.0439453125 0.3134765625 0.076171875 0.099609375
0 0.2099609375 0.275390625 0.1171875 0.150390625
0 0.392578125 0.2451171875 0.15234375 0.189453125
1 0.5693359375 0.1435546875 0.025390625 0.03125
1 0.6953125 0.0263671875 0.037109375 0.03515625
1 0.7900390625 0.3017578125 0.052734375 0.06640625
1 0.767578125 0.2265625 0.01171875 0.017578125
1 0.779296875 0.216796875 0.017578125 0.021484375
1 0.8037109375 0.236328125 0.029296875 0.01953125
1 0.7880859375 0.2607421875 0.013671875 0.013671875
1 0.830078125 0.25 0.013671875 0.013671875
1 0.8505859375 0.3720703125 0.037109375 0.0390625
1 0.8115234375 0.44921875 0.033203125 0.12890625
1 0.7841796875 0.494140625 0.029296875 0.033203125
1 0.78515625 0.390625 0.015625 0.021484375
1 0.8388671875 0.5146484375 0.041015625 0.064453125
1 0.8544921875 0.6259765625 0.125 0.171875
1 0.806640625 0.7490234375 0.01953125 0.029296875
1 0.828125 0.73828125 0.021484375 0.029296875
1 0.6982421875 0.7197265625 0.017578125 0.029296875
1 0.6044921875 0.6884765625 0.013671875 0.01953125
1 0.6689453125 0.607421875 0.0234375 0.025390625
1 0.6689453125 0.5693359375 0.013671875 0.01953125
1 0.685546875 0.55859375 0.021484375 0.03125
1 0.7060546875 0.5556640625 0.01171875 0.01953125
1 0.72265625 0.5888671875 0.01171875 0.013671875
1 0.666015625 0.5498046875 0.0078125 0.009765625
1 0.6611328125 0.5615234375 0.0078125 0.01171875
1 0.6533203125 0.595703125 0.0078125 0.013671875
1 0.7001953125 0.5166015625 0.0078125 0.009765625
1 0.7099609375 0.5712890625 0.005859375 0.01171875
0 0.408203125 0.55859375 0.1328125 0.171875
1 0.32421875 0.494140625 0.021484375 0.025390625
0 0.2109375 0.5791015625 0.12890625 0.13671875
1 0.087890625 0.6806640625 0.009765625 0.013671875
1 0.107421875 0.3349609375 0.009765625 0.01171875
1 0.4921875 0.4013671875 0.015625 0.025390625
1 0.6201171875 0.3076171875 0.04296875 0.0390625
1 0.6630859375 0.3125 0.013671875 0.017578125
1 0.6455078125 0.2919921875 0.013671875 0.01171875
1 0.755859375 0.216796875 0.005859375 0.01171875