0 0.6904296875 0.15234375 0.208984375 0.169921875
0 0.6416015625 0.4013671875 0.2265625 0.17578125
1 0.54296875 0.3125 0.0234375 0.033203125
0 0.6943359375 0.662109375 0.216796875 0.150390625
0 0.728515625 0.8896484375 0.21875 0.20703125
0 0.3720703125 0.8896484375 0.240234375 0.220703125
1 0.4306640625 0.9892578125 0.048828125 0.021484375
1 0.5283203125 0.9267578125 0.015625 0.015625
1 0.4921875 0.7421875 0.033203125 0.033203125
0 0.3603515625 0.6533203125 0.208984375 0.197265625
0 0.3544921875 0.404296875 0.181640625 0.15234375
0 0.3564453125 0.1650390625 0.17578125 0.162109375
1 0.490234375 0.166015625 0.0234375 0.0234375
1 0.4443359375 0.0458984375 0.013671875 0.009765625
1 0.5380859375 0.0595703125 0.013671875 0.013671875