0 0.072265625 0.369140625 0.134765625 0.150390625
1 0.13671875 0.4130859375 0.025390625 0.0390625
1 0.1005859375 0.478515625 0.0859375 0.080078125
1 0.0927734375 0.5302734375 0.052734375 0.06640625
0 0.064453125 0.61328125 0.12890625 0.140625
1 0.087890625 0.779296875 0.126953125 0.23828125
1 0.1923828125 0.5302734375 0.013671875 0.01953125
1 0.20703125 0.51171875 0.021484375 0.03515625
1 0.2333984375 0.4736328125 0.02734375 0.05078125
0 0.23522883203125 0.334974953125 0.205011681640625 0.335991736328125 0.20669881640625 0.35637073828125 0.220676751953125 0.3817580390625 0.2311236796875 0.426800974609375 0.246867978515625 0.44424303515625 0.27393518359375 0.444933529296875 0.297991396484375 0.413137275390625 0.304114720703125 0.36336759375 0.306888734375 0.312889134765625 0.28638056640625 0.30207973828125 0.2710979375 0.321965349609375 0.23522883203125 0.334974953125
1 0.30085246484375 0.53308593359375 0.31143348828125 0.536516951171875 0.3380720078125 0.50787039453125 0.337053591796875 0.4798931796875 0.32316316796875 0.45076915234375 0.29529090234375 0.447839658203125 0.247664193359375 0.484233037109375 0.255273923828125 0.49999230859375 0.28110906640625 0.507622595703125 0.300819814453125 0.500870658203125 0.30085246484375 0.53308593359375
1 0.341266326171875 0.533088912109375 0.33676968359375 0.512722884765625 0.311100470703125 0.509581595703125 0.293083373046875 0.4937069453125 0.26144677734375 0.507648044921875 0.241549353515625 0.493066857421875 0.235066341796875 0.4994841953125 0.2353481875 0.555193548828125 0.240743603515625 0.56603205078125 0.259871095703125 0.55611712109375 0.268579337890625 0.5646749140625 0.271596681640625 0.591849109375 0.26420850390625 0.609720810546875 0.2734545703125 0.61301325 0.29848735546875 0.57969865625 0.341266326171875 0.533088912109375
0 0.177749380859375 0.6406420859375 0.205528068359375 0.669511328125 0.251042107421875 0.674523646484375 0.28626326953125 0.650291291015625 0.302799736328125 0.61014701953125 0.2786891875 0.58131348828125 0.25743963671875 0.55671015625 0.229377509765625 0.55562414453125 0.209595611328125 0.5509299375 0.210602853515625 0.549243369140625 0.1798224140625 0.576479580078125 0.177749380859375 0.6406420859375
1 0.3056640625 0.6201171875 0.009765625 0.01171875
1 0.20703125 0.546875 0.01171875 0.013671875
1 0.3759765625 0.748046875 0.05859375 0.09375
1 0.5185546875 0.68359375 0.009765625 0.013671875
1 0.427734375 0.537109375 0.021484375 0.021484375
0 0.464490392578125 0.586850609375 0.45539400390625 0.532109423828125 0.448400208984375 0.528717734375 0.420286326171875 0.56312165625 0.381314681640625 0.5942559765625 0.375976962890625 0.64061687890625 0.3862594453125 0.66625308203125 0.42154828125 0.69761751171875 0.453312517578125 0.718139181640625 0.47866768359375 0.702753361328125 0.4928918515625 0.632842 0.48573879296875 0.61488801953125 0.464490392578125 0.586850609375
1 0.3671875 0.412109375 0.009765625 0.01171875
1 0.4521484375 0.4853515625 0.01171875 0.01171875
1 0.462890625 0.474609375 0.052734375 0.046875
0 0.388652353515625 0.3734085 0.37581472265625 0.404797875 0.373680951171875 0.426206630859375 0.3934614453125 0.4708449375 0.393494208984375 0.471424208984375 0.40983647265625 0.46871462890625 0.4415641484375 0.4501847734375 0.482331568359375 0.4461837109375 0.492586783203125 0.403836720703125 0.48197847265625 0.35181837109375 0.45109901953125 0.3314215625 0.427877634765625 0.334512501953125 0.409178 0.35220289453125 0.388652353515625 0.3734085
1 0.490234375 0.525390625 0.005859375 0.01171875
1 0.5068359375 0.5263671875 0.021484375 0.025390625
1 0.4541015625 0.521484375 0.015625 0.013671875
1 0.5361328125 0.5458984375 0.0234375 0.0234375
1 0.5498046875 0.4716796875 0.033203125 0.03125
1 0.58077492578125 0.5974112734375 0.60138202734375 0.58896007421875 0.6032217421875 0.569241841796875 0.587951216796875 0.567636845703125 0.557354333984375 0.57030414453125 0.546767494140625 0.574872138671875 0.519796203125 0.6193936015625 0.527731498046875 0.636982466796875 0.5535486328125 0.624194615234375 0.57943734765625 0.614038857421875 0.58077492578125 0.5974112734375
0 0.66740938671875 0.573943126953125 0.63822438671875 0.568808734375 0.607994322265625 0.5663769765625 0.58570009375 0.594928552734375 0.575253208984375 0.6199901953125 0.57080320703125 0.622952001953125 0.56916712890625 0.62364803125 0.57161301171875 0.654866572265625 0.58322776953125 0.68585592578125 0.594920982421875 0.70428224609375 0.618777130859375 0.708205564453125 0.648585859375 0.695511142578125 0.66522924609375 0.66600923046875 0.658814423828125 0.635675517578125 0.66443619140625 0.603727751953125 0.66740938671875 0.573943126953125
1 0.66699283203125 0.437119314453125 0.651144443359375 0.47759827734375 0.616642931640625 0.49185912109375 0.575862962890625 0.49747320703125 0.537078423828125 0.516310783203125 0.54483680078125 0.550799142578125 0.560796705078125 0.57370552734375 0.580062837890625 0.57196030859375 0.6074584921875 0.569424884765625 0.66125205078125 0.56807995703125 0.67138880078125 0.606222763671875 0.69921734765625 0.611145890625 0.7059181171875 0.64207215234375 0.737769380859375 0.673528443359375 0.767115521484375 0.651728908203125 0.776184751953125 0.62776787890625 0.79724933203125 0.59834353125 0.826071240234375 0.575808005859375 0.814321298828125 0.5431953515625 0.786599087890625 0.538457158203125 0.757641494140625 0.553892685546875 0.744628822265625 0.530223203125 0.76259702734375 0.484814880859375 0.743776974609375 0.4626504375 0.726064513671875 0.43518151953125 0.693702572265625 0.416297388671875 0.678235109375 0.417857953125 0.66699283203125 0.437119314453125
1 0.6962890625 0.638671875 0.01953125 0.0234375
0 0.885944271484375 0.62943494921875 0.857129046875 0.60448480078125 0.843162775390625 0.591828814453125 0.83568255078125 0.59399328515625 0.816495814453125 0.6003146953125 0.7991419765625 0.594750869140625 0.793422662109375 0.598699408203125 0.7807973828125 0.628769115234375 0.772015638671875 0.65926825 0.782560673828125 0.681810787109375 0.81534888671875 0.71635663671875 0.83429219921875 0.70887373828125 0.862567435546875 0.6785723125 0.889097640625 0.6553841484375 0.885944271484375 0.62943494921875
1 0.83329605078125 0.463723677734375 0.81912481640625 0.4430524140625 0.795715552734375 0.46304330859375 0.779631091796875 0.480990384765625 0.76857382421875 0.519350767578125 0.779512296875 0.53419671484375 0.80652597265625 0.53873557421875 0.827633650390625 0.542476697265625 0.85146409765625 0.560026904296875 0.893598158203125 0.55859403125 0.8859139609375 0.512777091796875 0.86893233203125 0.4908345625 0.83329605078125 0.463723677734375
0 0.82852087109375 0.355393677734375 0.811079541015625 0.33369862890625 0.794321658203125 0.3417033828125 0.748438578125 0.33307918359375 0.747836689453125 0.33517255859375 0.73047506640625 0.35836789453125 0.7221097890625 0.39227486328125 0.743100267578125 0.44281440234375 0.7613993046875 0.459532294921875 0.776964443359375 0.4826594453125 0.8091654375 0.472740416015625 0.831424083984375 0.450366482421875 0.84308533984375 0.39285989453125 0.82852087109375 0.355393677734375
0 0.615536974609375 0.302937892578125 0.58563141015625 0.319440451171875 0.5737499453125 0.331261701171875 0.5596001328125 0.373525455078125 0.571804244140625 0.403975462890625 0.589672439453125 0.453570310546875 0.638444962890625 0.4896908828125 0.66186209765625 0.4626280625 0.679182818359375 0.423684974609375 0.686430591796875 0.3817660546875 0.67915550390625 0.332496611328125 0.656013759765625 0.316405455078125 0.615536974609375 0.302937892578125
0 0.9560546875 0.4033203125 0.087890625 0.169921875
0 0.9541015625 0.6474609375 0.08203125 0.16015625
1 0.875 0.6904296875 0.013671875 0.021484375
1 0.9228515625 0.6103515625 0.01171875 0.013671875
1 0.93359375 0.5146484375 0.07421875 0.072265625