0 0.8779296875 0.658203125 0.146484375 0.189453125
1 0.734375 0.654296875 0.0234375 0.0341796875
0 0.6611328125 0.66015625 0.1220703125 0.15625
0 0.408203125 0.66796875 0.1357421875 0.1591796875
1 0.4169921875 0.5234375 0.1591796875 0.1591796875
1 0.537109375 0.505859375 0.021484375 0.029296875
1 0.556640625 0.51953125 0.0126953125 0.0126953125
1 0.3203125 0.505859375 0.0283203125 0.0341796875
1 0.294921875 0.53125 0.0078125 0.0126953125
1 0.28515625 0.4990234375 0.0205078125 0.015625
1 0.2578125 0.509765625 0.0126953125 0.0126953125
1 0.2431640625 0.5107421875 0.015625 0.0126953125
0 0.2294921875 0.6630859375 0.087890625 0.1171875
1 0.1787109375 0.693359375 0.009765625 0.0126953125
1 0.0693359375 0.634765625 0.0185546875 0.021484375
0 0.0224609375 0.3525390625 0.044921875 0.0810546875
1 0.068359375 0.509765625 0.009765625 0.0126953125
0 0.185546875 0.3818359375 0.1298828125 0.150390625
1 0.2529296875 0.390625 0.009765625 0.015625
1 0.162109375 0.482421875 0.005859375 0.013671875
0 0.4111328125 0.3642578125 0.1455078125 0.169921875
0 0.6494140625 0.3671875 0.138671875 0.171875
0 0.8583984375 0.373046875 0.0859375 0.1357421875
1 0.537109375 0.361328125 0.0078125 0.0107421875