1 0.1689453125 0.9130859375 0.16796875 0.091796875
1 0.3387076796875 0.969094185546875 0.36672871484375 0.982596365234375 0.3658717578125 0.97974924609375 0.374114955078125 0.938142017578125 0.3571022109375 0.929718091796875 0.316930365234375 0.9193532890625 0.319442251953125 0.940266486328125 0.3387076796875 0.969094185546875
1 0.322462392578125 0.920927560546875 0.33555094140625 0.897232798828125 0.3320427265625 0.8790336953125 0.290292146484375 0.867365640625 0.2383273046875 0.86591121484375 0.21488637109375 0.8749401640625 0.237424212890625 0.91576632421875 0.26135364453125 0.95509898046875 0.30501483203125 0.970775419921875 0.321512046875 0.95756728515625 0.322462392578125 0.920927560546875
1 0.341796875 0.8310546875 0.0390625 0.037109375
1 0.396484375 0.8291015625 0.025390625 0.015625
0 0.5009765625 0.8310546875 0.216796875 0.208984375
1 0.44921875 0.689453125 0.06640625 0.048828125
1 0.4111328125 0.697265625 0.021484375 0.015625
0 0.221373638671875 0.8199988125 0.281075103515625 0.79545773046875 0.3043788671875 0.77702482421875 0.29745029296875 0.729348873046875 0.291887998046875 0.69746446484375 0.283162001953125 0.684551783203125 0.23993459765625 0.681660767578125 0.230935025390625 0.7035910859375 0.18500865625 0.7059602578125 0.13033690625 0.700265896484375 0.1144919453125 0.741258302734375 0.127132744140625 0.79125591015625 0.170179330078125 0.813937966796875 0.221373638671875 0.8199988125
1 0.223008728515625 0.5968306328125 0.20579437890625 0.626228265625 0.204641525390625 0.7013786953125 0.232843521484375 0.686137833984375 0.26161886328125 0.68256423046875 0.289967796875 0.706416310546875 0.31060524609375 0.74351855078125 0.34355020703125 0.749117935546875 0.341796673828125 0.716721109375 0.3133314453125 0.660916341796875 0.27219121484375 0.618054015625 0.223008728515625 0.5968306328125
1 0.5078125 0.5439453125 0.046875 0.05859375
1 0.4541015625 0.6005859375 0.076171875 0.0703125
0 0.5233528671875 0.583274515625 0.484500703125 0.609391939453125 0.488104888671875 0.61056384375 0.536330369140625 0.648399884765625 0.598829546875 0.6677963984375 0.62076422265625 0.655964529296875 0.651530220703125 0.616559841796875 0.65019973046875 0.56946541796875 0.619764595703125 0.548100228515625 0.567343486328125 0.52904761328125 0.532873814453125 0.5186551171875 0.52571953125 0.530334029296875 0.528151998046875 0.552119162109375 0.5233528671875 0.583274515625
0 0.623046875 0.3603515625 0.193359375 0.146484375
1 0.54192064453125 0.466121142578125 0.544691404296875 0.446285451171875 0.52594622265625 0.407051642578125 0.505581349609375 0.4060054765625 0.492536203125 0.413901765625 0.476757626953125 0.416662521484375 0.46398745703125 0.428293783203125 0.456593533203125 0.446176109375 0.443318818359375 0.484266013671875 0.464360998046875 0.4969290234375 0.53258228125 0.48036924609375 0.54192064453125 0.466121142578125
1 0.4462890625 0.32421875 0.0390625 0.037109375
1 0.3720703125 0.3798828125 0.087890625 0.0703125
1 0.31640625 0.3701171875 0.021484375 0.015625
1 0.506496900390625 0.408793365234375 0.512719876953125 0.376715748046875 0.507834517578125 0.341117123046875 0.478359419921875 0.310274162109375 0.46693423828125 0.30844635546875 0.461992482421875 0.327751044921875 0.449511603515625 0.339389412109375 0.420863958984375 0.3406527265625 0.399666126953125 0.3540540703125 0.4386293828125 0.38808621875 0.49313708984375 0.415707337890625 0.506496900390625 0.408793365234375
1 0.5634765625 0.232421875 0.11328125 0.083984375
1 0.53125 0.1728515625 0.03125 0.0234375
1 0.5419921875 0.15234375 0.015625 0.017578125
0 0.65625 0.111328125 0.19921875 0.166015625
1 0.826171875 0.068359375 0.029296875 0.029296875
0 0.265625 0.509765625 0.2578125 0.19140625
0 0.2203234921875 0.255090658203125 0.236744029296875 0.3356543671875 0.254765544921875 0.3525155859375 0.333292751953125 0.347532880859375 0.397617125 0.3393948671875 0.40448103515625 0.32679823828125 0.395008880859375 0.277338259765625 0.386056533203125 0.24425448046875 0.351976478515625 0.22617090234375 0.30633575390625 0.21940406640625 0.269718724609375 0.2312636328125 0.221328310546875 0.256787447265625 0.2203234921875 0.255090658203125
1 0.3720703125 0.1630859375 0.021484375 0.017578125
0 0.36328125 0.080078125 0.22265625 0.16015625
1 0.388671875 0.0087890625 0.1171875 0.017578125