0 0.875 0.3544921875 0.09765625 0.11328125
1 0.89453125 0.1630859375 0.03125 0.029296875
1 0.8125 0.1875 0.09375 0.095703125
1 0.8603515625 0.2734375 0.015625 0.015625
1 0.9814453125 0.41796875 0.0078125 0.009765625
1 0.8310546875 0.478515625 0.009765625 0.01171875
1 0.8212890625 0.4462890625 0.017578125 0.01953125
1 0.79296875 0.4697265625 0.009765625 0.015625
1 0.78515625 0.4326171875 0.015625 0.01953125
1 0.7783203125 0.44921875 0.015625 0.015625
1 0.7578125 0.4765625 0.009765625 0.013671875
1 0.6865234375 0.4541015625 0.021484375 0.025390625
1 0.6826171875 0.4775390625 0.005859375 0.013671875
0 0.8876953125 0.6630859375 0.146484375 0.189453125
0 0.654296875 0.6787109375 0.134765625 0.19921875
1 0.63671875 0.4443359375 0.009765625 0.013671875
1 0.5751953125 0.4697265625 0.021484375 0.013671875
1 0.5380859375 0.4794921875 0.013671875 0.009765625
1 0.54296875 0.5048828125 0.021484375 0.017578125
1 0.521484375 0.4609375 0.013671875 0.013671875
1 0.525390625 0.478515625 0.005859375 0.009765625
1 0.5087890625 0.501953125 0.009765625 0.009765625
1 0.4765625 0.505859375 0.013671875 0.013671875
0 0.6640625 0.34375 0.125 0.146484375
1 0.5849609375 0.3056640625 0.009765625 0.013671875
1 0.732421875 0.0126953125 0.03515625 0.025390625
1 0.486328125 0.212890625 0.0078125 0.013671875
1 0.5791015625 0.232421875 0.0078125 0.009765625
1 0.560546875 0.474609375 0.009765625 0.017578125
1 0.431640625 0.59765625 0.1015625 0.0546875
0 0.4453125 0.6884765625 0.099609375 0.1328125
1 0.3330078125 0.4970703125 0.029296875 0.046875
0 0.4208984375 0.353515625 0.09765625 0.119140625
1 0.314453125 0.4580078125 0.01171875 0.01171875
1 0.3056640625 0.353515625 0.009765625 0.013671875
0 0.2021484375 0.3818359375 0.1328125 0.140625
1 0.2490234375 0.283203125 0.009765625 0.009765625
1 0.1865234375 0.310546875 0.013671875 0.015625
1 0.130859375 0.28515625 0.009765625 0.009765625
1 0.1201171875 0.37890625 0.013671875 0.015625
1 0.1240234375 0.4619140625 0.015625 0.01953125
1 0.138671875 0.482421875 0.009765625 0.009765625
0 0.033203125 0.6328125 0.064453125 0.1640625
0 0.1943359375 0.6865234375 0.154296875 0.1796875
0 0.0263671875 0.359375 0.052734375 0.078125
1 0.791015625 0.0361328125 0.029296875 0.033203125
1 0.076171875 0.048828125 0.037109375 0.046875
1 0.974609375 0.2822265625 0.01171875 0.015625