1 0.2607421875 0.033203125 0.0546875 0.02734375
1 0.2529296875 0.05078125 0.017578125 0.013671875
1 0.2822265625 0.0595703125 0.009765625 0.009765625
0 0.2856435234375 0.082612109375 0.241181859375 0.10297160546875 0.2030072734375 0.117355349609375 0.166693951171875 0.140039341796875 0.175034984375 0.171054986328125 0.216378349609375 0.199573498046875 0.27007160546875 0.2202516015625 0.29722409765625 0.214790939453125 0.32909180859375 0.1831925 0.33206484375 0.149409578125 0.328066904296875 0.1139421484375 0.3184186953125 0.08454459765625 0.2856435234375 0.082612109375
1 0.34375 0.1484375 0.03515625 0.037109375
1 0.38671875 0.044921875 0.12890625 0.072265625
1 0.4765625 0.072265625 0.01953125 0.01171875
1 0.5302734375 0.07421875 0.013671875 0.009765625
1 0.3955078125 0.08984375 0.0625 0.04296875
1 0.4326171875 0.1005859375 0.03125 0.037109375
1 0.3798828125 0.154296875 0.037109375 0.037109375
1 0.443359375 0.1396484375 0.0859375 0.0546875
1 0.44921875 0.1728515625 0.041015625 0.03515625
0 0.5703125 0.14453125 0.142578125 0.138671875
1 0.431640625 0.2197265625 0.033203125 0.029296875
1 0.3935546875 0.255859375 0.02734375 0.021484375
1 0.453125 0.26171875 0.072265625 0.072265625
1 0.416015625 0.2822265625 0.068359375 0.05078125
1 0.48046875 0.3271484375 0.056640625 0.037109375
1 0.4560546875 0.353515625 0.048828125 0.03515625
1 0.5419921875 0.28515625 0.05078125 0.048828125
0 0.647051974609375 0.3702725703125 0.655309392578125 0.346345416015625 0.65211955859375 0.312409099609375 0.645315947265625 0.291517833984375 0.612013486328125 0.281101767578125 0.582755892578125 0.283656798828125 0.564029904296875 0.28869718359375 0.545229541015625 0.30239556640625 0.536013369140625 0.32624346484375 0.528559169921875 0.355725087890625 0.52687431640625 0.36150560546875 0.57014230078125 0.383184890625 0.592089705078125 0.391424 0.61483417578125 0.3891498359375 0.635806982421875 0.3827067890625 0.647051974609375 0.3702725703125
1 0.4921875 0.4169921875 0.02734375 0.01953125
1 0.4716796875 0.4609375 0.07421875 0.068359375
1 0.4189453125 0.490234375 0.048828125 0.056640625
1 0.2841796875 0.41015625 0.013671875 0.01171875
1 0.25390625 0.4150390625 0.013671875 0.01171875
1 0.3291015625 0.318359375 0.017578125 0.013671875
1 0.287109375 0.2529296875 0.01171875 0.009765625
0 0.27740663671875 0.402994 0.304404517578125 0.414037244140625 0.324562916015625 0.41840387109375 0.342266673828125 0.416659509765625 0.363929125 0.390768818359375 0.373655955078125 0.35863075390625 0.363008953125 0.338749884765625 0.329730361328125 0.324431728515625 0.31821422265625 0.303421146484375 0.28958578125 0.293807619140625 0.23568478515625 0.30898949609375 0.233051724609375 0.33412209375 0.236072701171875 0.3569247578125 0.243540095703125 0.374177626953125 0.257679140625 0.38848262890625 0.27740663671875 0.402994
1 0.2578125 0.474609375 0.009765625 0.009765625
1 0.2470703125 0.48046875 0.013671875 0.01171875
0 0.314453125 0.5830078125 0.16796875 0.140625
1 0.3828125 0.5283203125 0.009765625 0.009765625
1 0.4384765625 0.5927734375 0.0390625 0.056640625
1 0.4755859375 0.5849609375 0.0703125 0.07421875
0 0.615234375 0.53125 0.11328125 0.1015625
1 0.5478515625 0.634765625 0.091796875 0.091796875
1 0.5439453125 0.703125 0.03125 0.021484375
0 0.586673490234375 0.7855318515625 0.6206806640625 0.790865037109375 0.642230095703125 0.79404896875 0.668361822265625 0.791418791015625 0.702586474609375 0.777160294921875 0.71984378125 0.763844123046875 0.716488736328125 0.728301328125 0.67251420703125 0.688250345703125 0.6427882734375 0.6591060625 0.618542537109375 0.659634138671875 0.584915728515625 0.682452703125 0.547901955078125 0.707394744140625 0.531879173828125 0.72358699609375 0.54755872265625 0.74412907421875 0.566596767578125 0.765794705078125 0.570703306640625 0.777460978515625 0.586673490234375 0.7855318515625
1 0.6240234375 0.833984375 0.0390625 0.029296875
1 0.5771484375 0.8681640625 0.05078125 0.03515625
1 0.5732421875 0.908203125 0.064453125 0.0625
0 0.61309812109375 0.990867048828125 0.698091232421875 0.981933912109375 0.70782539453125 0.965194287109375 0.701625052734375 0.935786736328125 0.68862933203125 0.89996069140625 0.6707063984375 0.87043869921875 0.64923126953125 0.862056306640625 0.64441744921875 0.86421428515625 0.614449369140625 0.890332400390625 0.6025413671875 0.9055011875 0.589577154296875 0.92979030078125 0.584334072265625 0.960551533203125 0.59244855078125 0.980812232421875 0.61309812109375 0.990867048828125
1 0.4208984375 0.8681640625 0.064453125 0.05078125
1 0.4853515625 0.86328125 0.08203125 0.068359375
1 0.46875 0.91015625 0.072265625 0.08203125
0 0.36328125 0.962890625 0.140625 0.07421875
1 0.34375 0.865234375 0.076171875 0.08203125
1 0.4117043671875 0.82157133984375 0.415564337890625 0.8368915703125 0.46187455859375 0.819013126953125 0.4886581171875 0.800647013671875 0.504528443359375 0.782381435546875 0.50026966796875 0.767882625 0.472231873046875 0.768848359375 0.447487228515625 0.775771486328125 0.430662916015625 0.801177310546875 0.4117043671875 0.82157133984375
0 0.359375 0.7763671875 0.11328125 0.1328125
1 0.291015625 0.76171875 0.029296875 0.021484375
1 0.2939453125 0.791015625 0.041015625 0.04296875
1 0.33203125 0.685546875 0.013671875 0.013671875
1 0.455078125 0.7265625 0.013671875 0.01171875
1 0.869140625 0.2890625 0.119140625 0.056640625
1 0.2890625 0.9619140625 0.013671875 0.015625
1 0.234375 0.7177734375 0.02734375 0.021484375