0 0.3779296875 0.44921875 0.14453125 0.1640625
0 0.5966796875 0.3876953125 0.09765625 0.142578125
0 0.8916015625 0.6845703125 0.1171875 0.138671875
0 0.8388671875 0.3984375 0.11328125 0.111328125
0 0.6396484375 0.7216796875 0.09765625 0.126953125
0 0.419921875 0.7685546875 0.1328125 0.126953125
0 0.1943359375 0.7880859375 0.099609375 0.107421875
0 0.11328125 0.4697265625 0.107421875 0.1171875
1 0.1259765625 0.611328125 0.072265625 0.07421875
1 0.3017578125 0.59765625 0.044921875 0.0625
1 0.3994140625 0.5595703125 0.041015625 0.037109375
1 0.609375 0.5703125 0.068359375 0.080078125
1 0.6689453125 0.5625 0.060546875 0.068359375
1 0.7421875 0.5478515625 0.044921875 0.07421875
1 0.7421875 0.41796875 0.048828125 0.05859375
1 0.7841796875 0.7451171875 0.056640625 0.052734375
1 0.3046875 0.7626953125 0.064453125 0.0625
1 0.345703125 0.83203125 0.025390625 0.03125
1 0.41015625 0.6005859375 0.03125 0.033203125
1 0.3505859375 0.65234375 0.046875 0.0546875
1 0.2490234375 0.5146484375 0.046875 0.041015625
1 0.80078125 0.5947265625 0.04296875 0.05078125
1 0.853515625 0.54296875 0.068359375 0.0625
1 0.724609375 0.6728515625 0.0234375 0.0234375
1 0.23046875 0.59765625 0.03515625 0.03125