0 0.2958984375 0.1572265625 0.193359375 0.15234375
1 0.400390625 0.021484375 0.046875 0.029296875
0 0.580078125 0.1103515625 0.216796875 0.166015625
0 0.6181640625 0.328125 0.19140625 0.146484375
1 0.2373046875 0.4072265625 0.01953125 0.017578125
1 0.2900390625 0.412109375 0.025390625 0.017578125
1 0.2998046875 0.396484375 0.021484375 0.017578125
1 0.3427734375 0.4462890625 0.017578125 0.015625
1 0.259765625 0.3818359375 0.0390625 0.0234375
0 0.382039171875 0.3561618671875 0.380393783203125 0.3411784140625 0.3719410859375 0.32209764453125 0.340519626953125 0.313152537109375 0.3099536796875 0.3171230703125 0.27727750390625 0.3318544296875 0.27710989453125 0.33278944140625 0.277191470703125 0.363231244140625 0.278764021484375 0.3851029453125 0.300313974609375 0.39351097265625 0.3306184921875 0.39672287109375 0.358788314453125 0.392973666015625 0.376520044921875 0.37333915625 0.382039171875 0.3561618671875
1 0.359843669921875 0.435328134765625 0.4136315546875 0.435835423828125 0.46097051953125 0.43189962109375 0.47431680078125 0.407265744140625 0.469159564453125 0.37983059765625 0.45395641796875 0.33778751953125 0.427734466796875 0.330801525390625 0.386584279296875 0.337012259765625 0.37937805859375 0.3517889140625 0.359688095703125 0.380738712890625 0.333024955078125 0.396239498046875 0.320908189453125 0.414378328125 0.328427234375 0.42356737109375 0.359843669921875 0.435328134765625
1 0.412109375 0.482421875 0.025390625 0.03125
1 0.615234375 0.462890625 0.01953125 0.017578125
0 0.707474583984375 0.48239080078125 0.67003940234375 0.47267066015625 0.639653615234375 0.478627861328125 0.584835822265625 0.50249027734375 0.55449580078125 0.5259595390625 0.57787005859375 0.55685517578125 0.608297703125 0.588621388671875 0.631157353515625 0.6031329765625 0.67222288671875 0.600573279296875 0.71515337890625 0.5816937890625 0.737742560546875 0.554629107421875 0.733167580078125 0.515786025390625 0.707474583984375 0.48239080078125
1 0.2978515625 0.5419921875 0.02734375 0.02734375
0 0.388974044921875 0.521067296875 0.350883060546875 0.517160240234375 0.326172169921875 0.529492404296875 0.300443765625 0.555054455078125 0.290290751953125 0.590176046875 0.3058721484375 0.615810849609375 0.322473626953125 0.6332078125 0.371157107421875 0.638008681640625 0.4240487265625 0.619926294921875 0.44270390234375 0.594729390625 0.436966611328125 0.559058146484375 0.421688548828125 0.5405557890625 0.388974044921875 0.521067296875
0 0.365234375 0.7626953125 0.154296875 0.130859375
0 0.701171875 0.71484375 0.158203125 0.150390625