0 0.0546875 0.4423828125 0.109375 0.208984375
1 0.02734375 0.6025390625 0.046875 0.08203125
1 0.0693359375 0.60546875 0.05859375 0.0625
0 0.0537109375 0.724609375 0.0859375 0.17578125
0 0.2257681328125 0.665491482421875 0.207121796875 0.6884195546875 0.18004978515625 0.73571554296875 0.194304302734375 0.766603712890625 0.222712810546875 0.7681241796875 0.2555195234375 0.77094726953125 0.265555986328125 0.7590473828125 0.288584171875 0.71934586328125 0.287585265625 0.683399283203125 0.268170033203125 0.65641006640625 0.226678494140625 0.666278021484375 0.2257681328125 0.665491482421875
1 0.372430177734375 0.6731910390625 0.342647818359375 0.67072921875 0.31966327734375 0.671949994140625 0.31106841796875 0.673753125 0.29303214453125 0.70670737890625 0.278407853515625 0.734997623046875 0.258981794921875 0.76297491015625 0.2378104765625 0.770885265625 0.21739317578125 0.767790828125 0.236309669921875 0.81052565234375 0.255617640625 0.84958341015625 0.279436302734375 0.869190470703125 0.330849453125 0.88562309375 0.37619939453125 0.844846962890625 0.408069193359375 0.80886016015625 0.3985291171875 0.753069009765625 0.372430177734375 0.6731910390625
0 0.494140625 0.697265625 0.146484375 0.177734375
0 0.6806640625 0.6943359375 0.14453125 0.185546875
1 0.6103515625 0.5703125 0.02734375 0.0234375
1 0.7470703125 0.51953125 0.076171875 0.12109375
1 0.62890625 0.541015625 0.01171875 0.015625
1 0.8935546875 0.7177734375 0.03515625 0.04296875
0 0.81649418359375 0.602395375 0.8202049453125 0.643564603515625 0.82819159765625 0.676842427734375 0.837353861328125 0.69840603125 0.8377669453125 0.69927411328125 0.870167400390625 0.700595744140625 0.894409748046875 0.707586177734375 0.913344435546875 0.707784728515625 0.940788478515625 0.681118412109375 0.947019126953125 0.627822484375 0.94067847265625 0.597588763671875 0.9140449453125 0.58000010546875 0.864018220703125 0.581207783203125 0.833986037109375 0.5887107890625 0.81649418359375 0.602395375
0 0.8447265625 0.384765625 0.13671875 0.181640625
0 0.6279296875 0.404296875 0.140625 0.166015625
0 0.4267578125 0.3994140625 0.134765625 0.185546875
1 0.4609375 0.5537109375 0.015625 0.017578125
1 0.267578125 0.576171875 0.048828125 0.0703125
1 0.220703125 0.6083984375 0.0234375 0.029296875
0 0.2421875 0.4306640625 0.171875 0.177734375
1 0.669921875 0.5322265625 0.01171875 0.017578125
1 0.8017578125 0.525390625 0.009765625 0.01171875
1 0.91796875 0.5 0.009765625 0.009765625
1 0.951171875 0.5048828125 0.01171875 0.015625
1 0.146484375 0.580078125 0.025390625 0.015625