0 0.0791015625 0.2451171875 0.1435546875 0.1357421875
0 0.298828125 0.236328125 0.125 0.169921875
1 0.134765625 0.38671875 0.0966796875 0.150390625
1 0.3935546875 0.2802734375 0.009765625 0.0126953125
0 0.5302734375 0.255859375 0.1064453125 0.169921875
0 0.771484375 0.2470703125 0.1328125 0.1767578125
0 0.9697265625 0.2431640625 0.060546875 0.107421875
1 0.8388671875 0.369140625 0.015625 0.013671875
1 0.8671875 0.3701171875 0.0126953125 0.0107421875
1 0.8095703125 0.3935546875 0.013671875 0.0205078125
1 0.775390625 0.390625 0.021484375 0.0107421875
1 0.720703125 0.4326171875 0.0263671875 0.03125
1 0.701171875 0.384765625 0.0126953125 0.0126953125
1 0.736328125 0.369140625 0.0078125 0.0107421875
1 0.7646484375 0.37109375 0.0078125 0.0078125
0 0.7822265625 0.578125 0.140625 0.169921875
0 0.9736328125 0.529296875 0.052734375 0.1328125
1 0.4951171875 0.474609375 0.056640625 0.0546875
0 0.3251953125 0.537109375 0.134765625 0.1689453125
1 0.251953125 0.501953125 0.015625 0.015625
0 0.125 0.537109375 0.099609375 0.09375
1 0.1337890625 0.4755859375 0.009765625 0.015625
1 0.0283203125 0.513671875 0.0205078125 0.0439453125
1 0.03515625 0.3955078125 0.0205078125 0.0205078125
0 0.5654296875 0.5498046875 0.1279296875 0.154296875
1 0.908203125 0.4013671875 0.0107421875 0.0126953125