1 0.889463443359375 0.332282541015625 0.87922408203125 0.344257892578125 0.86994496484375 0.369138373046875 0.873102234375 0.416746935546875 0.8939111484375 0.426737857421875 0.929179716796875 0.41025059375 0.931567640625 0.39018394140625 0.922160638671875 0.35950282421875 0.903346888671875 0.336283201171875 0.889463443359375 0.332282541015625
0 0.85005049609375 0.410550107421875 0.8740242578125 0.373555486328125 0.896007740234375 0.34476141015625 0.930309626953125 0.339662529296875 0.930468291015625 0.292712009765625 0.912628388671875 0.253117630859375 0.878637509765625 0.20425376171875 0.87604824609375 0.201826595703125 0.87607515625 0.201046119140625 0.82473826171875 0.2377170078125 0.80055023828125 0.267558978515625 0.779212486328125 0.3224659609375 0.780576447265625 0.372205947265625 0.822408681640625 0.415948375 0.85005049609375 0.410550107421875
0 0.908203125 0.6181640625 0.171875 0.203125
0 0.6494140625 0.6748046875 0.189453125 0.244140625
1 0.763671875 0.490234375 0.025390625 0.02734375
1 0.81640625 0.4755859375 0.03125 0.02734375
1 0.6962890625 0.486328125 0.08984375 0.08984375
1 0.7265625 0.580078125 0.01953125 0.01953125
0 0.62109375 0.3623046875 0.15625 0.1875
1 0.49609375 0.5458984375 0.064453125 0.080078125
1 0.5380859375 0.57421875 0.025390625 0.029296875
1 0.5537109375 0.69921875 0.017578125 0.02734375
1 0.4892578125 0.681640625 0.046875 0.05859375
1 0.53515625 0.72265625 0.015625 0.015625
1 0.357421875 0.759765625 0.017578125 0.0234375
1 0.3408203125 0.7451171875 0.015625 0.01953125
0 0.385893587890625 0.77767341796875 0.415348494140625 0.80814837109375 0.445327900390625 0.816934869140625 0.48238608203125 0.797385498046875 0.50330738671875 0.749782833984375 0.5004662109375 0.7176902578125 0.47898112109375 0.69301175390625 0.479598169921875 0.635872599609375 0.472409515625 0.619908705078125 0.443685728515625 0.62828733984375 0.416205388671875 0.64831883984375 0.382166923828125 0.67666957421875 0.36238305859375 0.70608252734375 0.360035576171875 0.73137194921875 0.385893587890625 0.77767341796875
1 0.349609375 0.5625 0.044921875 0.048828125
0 0.4033203125 0.4296875 0.1796875 0.21875
0 0.173828125 0.4580078125 0.181640625 0.234375
1 0.07421875 0.65625 0.11328125 0.123046875
1 0.2431640625 0.6396484375 0.01953125 0.021484375
1 0.232421875 0.623046875 0.01953125 0.025390625
1 0.1767578125 0.6328125 0.03125 0.033203125
0 0.167641638671875 0.912710541015625 0.200550826171875 0.935908091796875 0.253816263671875 0.92345749609375 0.272428591796875 0.895864203125 0.286442619140625 0.83400041015625 0.282968828125 0.7920849140625 0.2657159140625 0.755426056640625 0.243913681640625 0.740631482421875 0.214809595703125 0.740896140625 0.185253111328125 0.7483829609375 0.146995583984375 0.74576333984375 0.128764701171875 0.746627447265625 0.1287129765625 0.74615421875 0.115107626953125 0.801155548828125 0.118780111328125 0.83530765625 0.141341896484375 0.8902017109375 0.167641638671875 0.912710541015625
1 0.083984375 0.798828125 0.01953125 0.0234375
1 0.517578125 0.6923828125 0.013671875 0.017578125