0 0.93359375 0.5654296875 0.1328125 0.212890625
0 0.7490234375 0.61328125 0.203125 0.23046875
0 0.8974609375 0.294921875 0.154296875 0.1484375
1 0.8544921875 0.236328125 0.01953125 0.021484375
1 0.80859375 0.251953125 0.03125 0.03515625
1 0.7373046875 0.35546875 0.015625 0.013671875
1 0.689453125 0.38671875 0.015625 0.015625
0 0.658203125 0.330078125 0.115234375 0.12890625
1 0.736328125 0.4091796875 0.03515625 0.03515625
1 0.70322395703125 0.43826229296875 0.68583170703125 0.4265892109375 0.6616648984375 0.421234373046875 0.66282284375 0.432012568359375 0.6756161796875 0.46674519921875 0.685047986328125 0.496031453125 0.70771435546875 0.4948035390625 0.730624349609375 0.485432841796875 0.74856395703125 0.460790787109375 0.74987028125 0.44141968359375 0.749143484375 0.441415892578125 0.728705130859375 0.43670809375 0.70322395703125 0.43826229296875
1 0.658203125 0.4384765625 0.015625 0.015625
1 0.6015625 0.4365234375 0.013671875 0.017578125
1 0.6240234375 0.4130859375 0.06640625 0.11328125
1 0.5537109375 0.525390625 0.115234375 0.10546875
1 0.57502408984375 0.4449210625 0.54851755078125 0.401252513671875 0.5237211953125 0.357200365234375 0.5054794296875 0.322783828125 0.504789888671875 0.32346519140625 0.49309512890625 0.329668236328125 0.487867517578125 0.355335103515625 0.483777873046875 0.386895056640625 0.4656190078125 0.402210591796875 0.45757111328125 0.419913216796875 0.47602633984375 0.45587112890625 0.50041803125 0.4698773515625 0.521000318359375 0.466366435546875 0.5687633515625 0.450471978515625 0.57502408984375 0.4449210625
0 0.4911726796875 0.343573908203125 0.474148880859375 0.29335644140625 0.458070283203125 0.287201296875 0.409533787109375 0.282360060546875 0.385105677734375 0.30743256640625 0.3781392890625 0.337591927734375 0.390022521484375 0.376535888671875 0.422256423828125 0.407800662109375 0.44343323828125 0.417704544921875 0.473221814453125 0.394230685546875 0.49095864453125 0.3794110859375 0.4911726796875 0.343573908203125
1 0.4169921875 0.423828125 0.015625 0.013671875
1 0.39150363671875 0.4352439296875 0.35602085546875 0.408424318359375 0.328559330078125 0.411155671875 0.310565955078125 0.450948052734375 0.320145798828125 0.488120669921875 0.339830763671875 0.531789126953125 0.350968859375 0.5293544765625 0.361229783203125 0.51245444921875 0.371580068359375 0.461119267578125 0.394763201171875 0.45242461328125 0.39150363671875 0.4352439296875
1 0.347563166015625 0.566498248046875 0.3771961953125 0.56087707421875 0.3995034765625 0.576203748046875 0.4245011171875 0.594812302734375 0.45634106640625 0.57550859765625 0.48678484375 0.551199025390625 0.481466021484375 0.52793526171875 0.441506615234375 0.494191169921875 0.404497255859375 0.466157583984375 0.373116890625 0.458470525390625 0.366112228515625 0.4762002109375 0.357289322265625 0.522863666015625 0.33011365234375 0.54263078125 0.323812419921875 0.565972564453125 0.347563166015625 0.566498248046875
1 0.37109375 0.568359375 0.01171875 0.015625
1 0.5810546875 0.5966796875 0.0078125 0.013671875
0 0.5309557578125 0.636549216796875 0.513053796875 0.65509205078125 0.504202509765625 0.665988431640625 0.509718896484375 0.68612833984375 0.543401763671875 0.711879439453125 0.569241509765625 0.720268671875 0.595772443359375 0.698663193359375 0.59224091796875 0.660972453125 0.573047916015625 0.61925637890625 0.562052423828125 0.62070562109375 0.5309557578125 0.636549216796875
1 0.4623637890625 0.572312966796875 0.43952632421875 0.583614990234375 0.40387434375 0.618826578125 0.38192075 0.6530098359375 0.38343053515625 0.668965923828125 0.4046027890625 0.66296226953125 0.405380517578125 0.680550509765625 0.412103205078125 0.6904990234375 0.427585806640625 0.696863513671875 0.4535473359375 0.716123611328125 0.48664193359375 0.735001021484375 0.53339314453125 0.745954751953125 0.535118962890625 0.7419169453125 0.52081935546875 0.70108070703125 0.50856497265625 0.665914109375 0.52127958203125 0.644311587890625 0.521586412109375 0.614324353515625 0.494917814453125 0.585446556640625 0.4623637890625 0.572312966796875
0 0.438389083984375 0.707031638671875 0.4043753671875 0.677848015625 0.381090587890625 0.653596484375 0.386405076171875 0.624133388671875 0.35888285546875 0.6442298984375 0.329309419921875 0.651174017578125 0.31536665625 0.687215970703125 0.33373725 0.753213404296875 0.37631448828125 0.7944669140625 0.410974984375 0.776546056640625 0.42850678515625 0.74685465234375 0.438389083984375 0.707031638671875
1 0.2412109375 0.5986328125 0.017578125 0.021484375
1 0.171875 0.5595703125 0.0078125 0.01171875
1 0.2265625 0.55078125 0.01171875 0.01171875
0 0.13671875 0.7958984375 0.17578125 0.18359375
0 0.0546875 0.494140625 0.109375 0.109375
0 0.248046875 0.4248046875 0.150390625 0.177734375