0 0.9248046875 0.7041015625 0.12890625 0.123046875
1 0.91015625 0.6044921875 0.041015625 0.0390625
0 0.7197265625 0.703125 0.13671875 0.146484375
0 0.4931640625 0.6748046875 0.123046875 0.154296875
0 0.2841796875 0.64453125 0.142578125 0.166015625
0 0.072265625 0.6279296875 0.14453125 0.154296875
0 0.0927734375 0.302734375 0.142578125 0.1328125
0 0.2890625 0.3388671875 0.126953125 0.138671875
1 0.2763671875 0.5 0.060546875 0.05859375
1 0.353515625 0.53125 0.0703125 0.0703125
1 0.4609375 0.5009765625 0.05859375 0.091796875
1 0.5517578125 0.544921875 0.017578125 0.01953125
0 0.51171875 0.3544921875 0.146484375 0.17578125
1 0.7666015625 0.5224609375 0.072265625 0.087890625
0 0.7197265625 0.3759765625 0.130859375 0.169921875
0 0.9365234375 0.4404296875 0.126953125 0.162109375
1 0.42578125 0.5546875 0.009765625 0.013671875
1 0.529296875 0.5693359375 0.009765625 0.013671875
1 0.08511441015625 0.50682958203125 0.08387016796875 0.529363677734375 0.10186105859375 0.54883325 0.110749712890625 0.565382119140625 0.123576244140625 0.56633773828125 0.14748119140625 0.552786447265625 0.164562732421875 0.531076650390625 0.16269173046875 0.487001966796875 0.1320414296875 0.449816869140625 0.12381093359375 0.461965923828125 0.118845267578125 0.49992366796875 0.08511441015625 0.50682958203125
1 0.1123046875 0.4892578125 0.013671875 0.01953125