0 0.662109375 0.025390625 0.1064453125 0.0498046875
1 0.54296875 0.03125 0.033203125 0.0185546875
0 0.6728515625 0.197265625 0.171875 0.1669921875
0 0.361328125 0.208984375 0.1923828125 0.1748046875
1 0.333984375 0.357421875 0.021484375 0.0185546875
1 0.302734375 0.392578125 0.015625 0.013671875
1 0.393292892578125 0.39404555078125 0.40116567578125 0.40372462890625 0.4009348828125 0.431378400390625 0.426750923828125 0.43538411328125 0.442954626953125 0.45467122265625 0.465346669921875 0.454235904296875 0.46960772265625 0.43827892578125 0.47442680859375 0.400462962890625 0.42570374609375 0.37085090234375 0.40802400390625 0.376065693359375 0.393292892578125 0.39404555078125
0 0.421130953125 0.50486601953125 0.42748463671875 0.474710130859375 0.43386243359375 0.439484126953125 0.40237130859375 0.431396484375 0.398306603515625 0.39740280859375 0.3809799375 0.384848296875 0.322649705078125 0.392054966796875 0.3029186640625 0.403505033203125 0.25393380859375 0.4176161015625 0.24691874609375 0.4315954140625 0.24998277734375 0.457268931640625 0.28573323046875 0.497178818359375 0.332981978515625 0.5234077890625 0.37231660546875 0.52967406640625 0.405995095703125 0.52035926171875 0.421130953125 0.50486601953125
1 0.3662109375 0.576171875 0.0205078125 0.017578125
1 0.466796875 0.4912109375 0.0126953125 0.009765625
1 0.4765625 0.521484375 0.015625 0.0107421875
1 0.47265625 0.541015625 0.015625 0.0185546875
1 0.4833984375 0.564453125 0.015625 0.0107421875
0 0.799894248046875 0.519271607421875 0.80576740234375 0.487253017578125 0.81356440234375 0.442273013671875 0.8143738984375 0.40608465625 0.7968715546875 0.38079737109375 0.758050181640625 0.365234375 0.730837330078125 0.36131520703125 0.69139763671875 0.38553033984375 0.65799816796875 0.39844266796875 0.637726314453125 0.42069692578125 0.618002162109375 0.437204189453125 0.61126784375 0.456900783203125 0.621243591796875 0.480521712890625 0.661043251953125 0.502791470703125 0.687102140625 0.5173042734375 0.73811590625 0.52140299609375 0.78270192578125 0.523567966796875 0.799894248046875 0.519271607421875
0 0.7421875 0.6630859375 0.2314453125 0.166015625
0 0.7080078125 0.900390625 0.1875 0.158203125
0 0.34765625 0.9462890625 0.232421875 0.107421875
1 0.466796875 0.693359375 0.0439453125 0.0673828125
1 0.470703125 0.6435546875 0.0234375 0.015625
1 0.552734375 0.7998046875 0.015625 0.015625
1 0.3642578125 0.607421875 0.0341796875 0.015625
1 0.357421875 0.630859375 0.013671875 0.015625
1 0.3125 0.6396484375 0.03125 0.041015625
0 0.428593818359375 0.6817723828125 0.37913359765625 0.647600447265625 0.36089409765625 0.6468408984375 0.33415144140625 0.651227677734375 0.320493345703125 0.658929087890625 0.289088333984375 0.67415751953125 0.24486055859375 0.6899904921875 0.23755442578125 0.715027177734375 0.253437775390625 0.75584258203125 0.286205150390625 0.777006603515625 0.33471464453125 0.78792317578125 0.3607838671875 0.780708755859375 0.39268835546875 0.761730375 0.419305279296875 0.734409876953125 0.445587421875 0.711469880859375 0.428593818359375 0.6817723828125