0 0.435546875 0.947265625 0.1484375 0.10546875
1 0.21875 0.9853515625 0.017578125 0.013671875
1 0.09765625 0.9921875 0.03125 0.015625
1 0.0166015625 0.1650390625 0.033203125 0.033203125
1 0.0654296875 0.662109375 0.037109375 0.03125
0 0.3935546875 0.78125 0.18359375 0.111328125
1 0.40625 0.7060546875 0.015625 0.01171875
1 0.314453125 0.6865234375 0.01953125 0.013671875
1 0.337890625 0.681640625 0.01953125 0.01953125
1 0.5146484375 0.6904296875 0.02734375 0.015625
0 0.396484375 0.5654296875 0.193359375 0.119140625
0 0.3798828125 0.35546875 0.14453125 0.138671875
1 0.46484375 0.3046875 0.02734375 0.021484375
0 0.3369140625 0.150390625 0.16015625 0.158203125
1 0.37890625 0.052734375 0.013671875 0.01171875
1 0.4658203125 0.029296875 0.013671875 0.009765625
1 0.4638671875 0.0146484375 0.01171875 0.009765625
1 0.5 0.0341796875 0.01171875 0.013671875
1 0.4716796875 0.072265625 0.017578125 0.013671875
1 0.4833984375 0.1025390625 0.01953125 0.017578125
1 0.482421875 0.134765625 0.0234375 0.017578125
1 0.48828125 0.1591796875 0.03125 0.02734375
1 0.4970703125 0.1787109375 0.013671875 0.01171875
1 0.5068359375 0.19140625 0.009765625 0.009765625
0 0.615234375 0.111328125 0.125 0.126953125
1 0.4921875 0.2353515625 0.01171875 0.025390625
0 0.65234375 0.3125 0.185546875 0.150390625
1 0.546875 0.388671875 0.017578125 0.013671875
1 0.5263671875 0.3994140625 0.017578125 0.015625
1 0.5087890625 0.396484375 0.01953125 0.017578125
1 0.5224609375 0.4482421875 0.013671875 0.01171875
1 0.5146484375 0.4658203125 0.013671875 0.013671875
1 0.5400390625 0.5439453125 0.017578125 0.013671875
0 0.681640625 0.53125 0.1484375 0.103515625
1 0.7685546875 0.6064453125 0.015625 0.0078125
1 0.5419921875 0.6162109375 0.01953125 0.013671875
0 0.69921875 0.734375 0.142578125 0.08984375
1 0.705078125 0.66015625 0.08984375 0.072265625
0 0.712890625 0.921875 0.146484375 0.134765625
1 0.791015625 0.900390625 0.02734375 0.033203125