1 0.310546875 0.0107421875 0.0517578125 0.021484375
1 0.30078125 0.02734375 0.015625 0.0126953125
1 0.3291015625 0.0390625 0.009765625 0.0078125
0 0.330446705078125 0.06249225 0.2841004609375 0.07809270703125 0.24463148828125 0.08840732421875 0.206145970703125 0.107171275390625 0.21119929296875 0.138888888671875 0.2493351796875 0.17157273046875 0.30057284765625 0.19775003125 0.328147390625 0.195157490234375 0.363143462890625 0.167063234375 0.36963148828125 0.13377614453125 0.369362806640625 0.098085111328125 0.36284033203125 0.067840091796875 0.330446705078125 0.06249225
1 0.3818359375 0.1337890625 0.03125 0.0341796875
1 0.4345703125 0.03515625 0.123046875 0.0595703125
1 0.521484375 0.072265625 0.017578125 0.0107421875
1 0.57421875 0.080078125 0.013671875 0.0078125
1 0.439453125 0.0810546875 0.0595703125 0.037109375
1 0.474609375 0.095703125 0.0283203125 0.0341796875
1 0.4169921875 0.1435546875 0.0341796875 0.0341796875
1 0.4814453125 0.1357421875 0.0810546875 0.046875
1 0.4833984375 0.1689453125 0.037109375 0.03125
0 0.607421875 0.154296875 0.1298828125 0.125
1 0.4609375 0.2138671875 0.03125 0.025390625
1 0.419921875 0.24609375 0.0263671875 0.0185546875
1 0.478515625 0.2578125 0.0654296875 0.0654296875
1 0.439453125 0.2744140625 0.064453125 0.044921875
1 0.4990234375 0.326171875 0.052734375 0.03125
1 0.4716796875 0.349609375 0.044921875 0.03125
1 0.564453125 0.291015625 0.046875 0.044921875
0 0.6663122109375 0.30784957421875 0.6342809609375 0.29400951171875 0.6049165703125 0.293492294921875 0.58576630078125 0.296547669921875 0.565637056640625 0.308205837890625 0.553978587890625 0.330959744140625 0.5434835546875 0.3595006875 0.541203703125 0.365073423828125 0.58196855859375 0.39115668359375 0.602934509765625 0.40164478515625 0.625792099609375 0.401760525390625 0.64732349609375 0.397545029296875 0.6598066171875 0.38635434765625 0.670519869140625 0.363421404296875 0.6708948203125 0.32933756640625 0.6663122109375 0.30784957421875
1 0.5009765625 0.4169921875 0.025390625 0.017578125
1 0.4755859375 0.4580078125 0.068359375 0.0625
1 0.4208984375 0.4814453125 0.0439453125 0.052734375
1 0.294921875 0.3876953125 0.0126953125 0.0107421875
1 0.263671875 0.3896484375 0.0126953125 0.009765625
1 0.3486328125 0.3017578125 0.015625 0.0126953125
1 0.314453125 0.232421875 0.0107421875 0.0078125
0 0.35184220703125 0.400628435546875 0.376092302734375 0.37714391796875 0.38912519140625 0.346198640625 0.380614630859375 0.325313765625 0.349014998046875 0.307595486328125 0.339758150390625 0.28549623828125 0.31229142578125 0.272942888671875 0.257098765625 0.282407408203125 0.25185305859375 0.30712709765625 0.25247395703125 0.330120623046875 0.258097029296875 0.34805953515625 0.27066333984375 0.36376410546875 0.2887659140625 0.38025806640625 0.314461564453125 0.394062861328125 0.334053095703125 0.4005126953125 0.35184220703125 0.400628435546875
1 0.26171875 0.44921875 0.009765625 0.009765625
1 0.2509765625 0.4541015625 0.0126953125 0.009765625
0 0.306640625 0.5634765625 0.15625 0.125
1 0.380859375 0.515625 0.009765625 0.009765625
1 0.4287109375 0.5859375 0.0341796875 0.052734375
1 0.466796875 0.58203125 0.064453125 0.068359375
0 0.611328125 0.54296875 0.103515625 0.0908203125
1 0.533203125 0.638671875 0.0830078125 0.083984375
1 0.5224609375 0.70703125 0.029296875 0.017578125
0 0.672505544921875 0.79681803515625 0.691060232421875 0.785378689453125 0.69143880078125 0.749679904296875 0.65189163671875 0.705251736328125 0.625374951171875 0.67315990234375 0.601206837890625 0.67115071484375 0.56537905078125 0.690329318359375 0.525960888671875 0.711265732421875 0.50833333203125 0.725694443359375 0.52177975390625 0.74776294921875 0.53844883203125 0.771299912109375 0.541313416015625 0.783331525390625 0.556352478515625 0.793027525390625 0.58961588671875 0.801886212890625 0.61071445703125 0.80730523046875 0.6369779609375 0.807420970703125 0.672505544921875 0.79681803515625
1 0.5888671875 0.8447265625 0.037109375 0.025390625
1 0.5380859375 0.8740234375 0.046875 0.03125
1 0.5302734375 0.9140625 0.0595703125 0.056640625
0 0.646630255859375 1 0.658060861328125 0.98436957421875 0.654968412109375 0.9544750078125 0.645788724609375 0.917486798828125 0.63104986328125 0.88625307421875 0.610568576171875 0.87567183984375 0.605555556640625 0.877314814453125 0.573021556640625 0.9001573359375 0.55959321875 0.91399830078125 0.54416112109375 0.9367992265625 0.535731337890625 0.96684389453125 0.541683544921875 0.987841796875 0.56116898046875 1 0.646630255859375 1
1 0.3828125 0.857421875 0.0595703125 0.0439453125
1 0.447265625 0.859375 0.0751953125 0.060546875
1 0.42578125 0.904296875 0.064453125 0.076171875
0 0.314453125 0.9580078125 0.1328125 0.083984375
1 0.306640625 0.8466796875 0.068359375 0.0751953125
1 0.44428168359375 0.76447301953125 0.4189489296875 0.768771701171875 0.399561150390625 0.79227973046875 0.378574701171875 0.81058033203125 0.380812126953125 0.82622011328125 0.4287374609375 0.813280345703125 0.457294078125 0.79781448828125 0.47498673828125 0.78130787109375 0.47226683203125 0.76644332421875 0.44428168359375 0.76447301953125
0 0.3310546875 0.759765625 0.1015625 0.1220703125
1 0.2646484375 0.73828125 0.0283203125 0.0185546875
1 0.2646484375 0.767578125 0.037109375 0.0390625
1 0.3134765625 0.6669921875 0.0126953125 0.0126953125
1 0.431640625 0.720703125 0.0126953125 0.009765625
1 0.888671875 0.3291015625 0.115234375 0.044921875
1 0.2421875 0.9375 0.0126953125 0.013671875
1 0.212890625 0.6884765625 0.0263671875 0.0185546875