0 0.052734375 0.6171875 0.10546875 0.171875
1 0.0537109375 0.4951171875 0.021484375 0.021484375
1 0.0849609375 0.4853515625 0.0126953125 0.0126953125
1 0.0439453125 0.4052734375 0.0830078125 0.109375
1 0.0986328125 0.2314453125 0.0126953125 0.0283203125
1 0.140625 0.146484375 0.0185546875 0.025390625
1 0.2119140625 0.294921875 0.009765625 0.0126953125
1 0.201171875 0.4091796875 0.1015625 0.146484375
1 0.1943359375 0.431640625 0.0126953125 0.0185546875
1 0.16015625 0.443359375 0.015625 0.0126953125
0 0.283203125 0.2685546875 0.126953125 0.166015625
1 0.3994140625 0.2421875 0.0107421875 0.013671875
1 0.275390625 0.419921875 0.0126953125 0.0126953125
1 0.2587890625 0.431640625 0.015625 0.009765625
1 0.357421875 0.43359375 0.013671875 0.0126953125
1 0.369140625 0.4453125 0.009765625 0.021484375
1 0.455078125 0.4150390625 0.0751953125 0.125
1 0.5166015625 0.232421875 0.03125 0.0439453125
1 0.578125 0.4453125 0.130859375 0.162109375
1 0.5078125 0.4443359375 0.0126953125 0.0185546875
1 0.517578125 0.4365234375 0.009765625 0.0126953125
1 0.5322265625 0.4375 0.0107421875 0.0107421875
1 0.650390625 0.41015625 0.0205078125 0.0185546875
1 0.646484375 0.4482421875 0.0126953125 0.017578125
1 0.4443359375 0.521484375 0.0107421875 0.0107421875
1 0.41796875 0.5673828125 0.1015625 0.072265625
0 0.517578125 0.5888671875 0.109375 0.15625
1 0.626953125 0.564453125 0.0810546875 0.083984375
1 0.6396484375 0.6416015625 0.0341796875 0.056640625
0 0.7470703125 0.599609375 0.1220703125 0.1767578125
1 0.693359375 0.408203125 0.0107421875 0.017578125
1 0.701171875 0.4501953125 0.009765625 0.015625
1 0.8095703125 0.44921875 0.0126953125 0.009765625
1 0.8486328125 0.458984375 0.015625 0.015625
1 0.8798828125 0.4560546875 0.017578125 0.0205078125
0 0.491071427734375 0.3937389765625 0.5642541953125 0.3794505078125 0.587705904296875 0.28715415625 0.5752327734375 0.2139533046875 0.542577349609375 0.221126818359375 0.50058774609375 0.25267650390625 0.458224826171875 0.302930720703125 0.455113001953125 0.340956376953125 0.491071427734375 0.3937389765625
0 0.9482421875 0.328125 0.103515625 0.166015625
1 0.9287109375 0.2421875 0.021484375 0.021484375
1 0.970703125 0.421875 0.0361328125 0.0283203125
0 0.9501953125 0.595703125 0.099609375 0.1591796875
1 0.2431640625 0.517578125 0.009765625 0.0126953125
0 0.251708984375 0.6699184296875 0.30301080859375 0.672610435546875 0.33427501953125 0.622142650390625 0.33034680859375 0.58566709375 0.30628539453125 0.556382275390625 0.270932798828125 0.54345961328125 0.233296388671875 0.565903330078125 0.220195466796875 0.595610119140625 0.21682916796875 0.64963451953125 0.251708984375 0.6699184296875
0 0.104964966796875 0.25317253515625 0.087508267578125 0.230516974609375 0.0876800703125 0.197026220703125 0.0712774375 0.15654107421875 0.039887927734375 0.14855978515625 0.019507998046875 0.174665177734375 0.000992064453125 0.21428571484375 0.00037698828125 0.21580653515625 0 0.2396074453125 0.014063275390625 0.35118703125 0.04819516796875 0.344881572265625 0.0993277734375 0.337735615234375 0.12408544140625 0.31468047265625 0.104964966796875 0.25317253515625
0 0.725994345703125 0.2800443671875 0.70087498828125 0.32129308203125 0.71266758203125 0.387196984375 0.74498456640625 0.456790123046875 0.79729244921875 0.433780623046875 0.8247221015625 0.41078920703125 0.85111189453125 0.37161619140625 0.86742410546875 0.319532857421875 0.867809908203125 0.28118369140625 0.821596498046875 0.25107703125 0.766524703125 0.25666112109375 0.725994345703125 0.2800443671875