0 0.0380859375 0.4140625 0.076171875 0.140625
1 0.072265625 0.5361328125 0.052734375 0.091796875
1 0.123046875 0.5302734375 0.0546875 0.09375
0 0.0400390625 0.697265625 0.080078125 0.154296875
1 0.158203125 0.7685546875 0.0107421875 0.0126953125
0 0.1547086328125 0.7334686875 0.18186567578125 0.771243248046875 0.19447056640625 0.78345362890625 0.212002474609375 0.788964708984375 0.26492673828125 0.777871548828125 0.282430515625 0.75130744140625 0.291103033203125 0.691584416015625 0.26933332421875 0.658152220703125 0.239952056640625 0.637830611328125 0.20437986328125 0.641742220703125 0.177450046875 0.655696748046875 0.1906035 0.6980733984375 0.166816365234375 0.71314380859375 0.155559775390625 0.72373730078125 0.1547086328125 0.7334686875
1 0.1572265625 0.6748046875 0.005859375 0.0078125
1 0.3173828125 0.7890625 0.005859375 0.009765625
1 0.314453125 0.841796875 0.0078125 0.0078125
1 0.189453125 0.5966796875 0.009765625 0.0126953125
1 0.2919921875 0.6220703125 0.009765625 0.0126953125
1 0.2802734375 0.5927734375 0.0263671875 0.037109375
1 0.223346474609375 0.626197595703125 0.230207529296875 0.632219060546875 0.237158001953125 0.634659796875 0.2379115234375 0.6344307265625 0.26228740625 0.611041453125 0.268187974609375 0.5836092890625 0.281353482421875 0.5723741328125 0.30247114453125 0.540147568359375 0.31227193359375 0.502026802734375 0.29395133984375 0.50460016015625 0.255195271484375 0.52218498046875 0.239194517578125 0.52498874609375 0.208214779296875 0.55755690625 0.20004762109375 0.569952150390625 0.212659544921875 0.59808491796875 0.223346474609375 0.626197595703125
1 0.173828125 0.447265625 0.0078125 0.017578125
0 0.2686732421875 0.47930732421875 0.27769740234375 0.45520270703125 0.2873886796875 0.417138203125 0.2862815078125 0.38946893359375 0.2774492421875 0.35052699609375 0.26507241796875 0.338117015625 0.247197908203125 0.327223455078125 0.2058959453125 0.3201490703125 0.206167212890625 0.317558298828125 0.18605625390625 0.317394869140625 0.144599568359375 0.35561074609375 0.1444659453125 0.37576892578125 0.15732301171875 0.41220984375 0.1791640546875 0.43775586328125 0.18604922265625 0.46867096484375 0.20222780859375 0.47922426953125 0.24436366796875 0.4969899375 0.256837947265625 0.494855966796875 0.2686732421875 0.47930732421875
1 0.4052734375 0.587890625 0.048828125 0.0595703125
1 0.36328125 0.564453125 0.037109375 0.0595703125
0 0.399203076171875 0.687069990234375 0.42029059765625 0.6998456796875 0.42041919921875 0.70849274609375 0.40564718359375 0.71156041015625 0.38873215625 0.72178015625 0.375414939453125 0.73582309765625 0.372427982421875 0.74794238671875 0.401981056640625 0.797607755859375 0.431376390625 0.8092153203125 0.45390665234375 0.81233791015625 0.481746720703125 0.794578939453125 0.50092230859375 0.76600678515625 0.499503681640625 0.73962351953125 0.48257961328125 0.696002388671875 0.45589996484375 0.67667073828125 0.422060869140625 0.657570837890625 0.39994855859375 0.6539418828125 0.390489365234375 0.66497476171875 0.399203076171875 0.687069990234375
1 0.408203125 0.703125 0.025390625 0.013671875
1 0.388671875 0.4716796875 0.005859375 0.009765625
0 0.47941783984375 0.414157611328125 0.47195999609375 0.397566765625 0.45182994921875 0.37107365625 0.42715969140625 0.353626810546875 0.39583333203125 0.338134431640625 0.382805466796875 0.357373650390625 0.36435426171875 0.392852740234375 0.3551090703125 0.43301638671875 0.361107091796875 0.44203719921875 0.39174925390625 0.46708890625 0.41188934765625 0.49350298046875 0.439949443359375 0.5034735625 0.45944151171875 0.49681980859375 0.47237794921875 0.4699556328125 0.48543093359375 0.433057912109375 0.47941783984375 0.414157611328125
1 0.4912109375 0.4453125 0.0107421875 0.017578125
1 0.525390625 0.6103515625 0.0126953125 0.017578125
1 0.46875 0.5927734375 0.005859375 0.009765625
1 0.4892578125 0.603515625 0.0048828125 0.0107421875
1 0.515625 0.591796875 0.005859375 0.0107421875
1 0.4664040390625 0.580275044921875 0.47682070703125 0.58364545703125 0.50116946484375 0.56135330859375 0.511137033203125 0.55123537109375 0.5030452265625 0.528491779296875 0.485374669921875 0.498645671875 0.471102994140625 0.490680458984375 0.46336986328125 0.515134708984375 0.46051050390625 0.5448133671875 0.4664040390625 0.580275044921875
1 0.50983695703125 0.535938572265625 0.534436888671875 0.555173771484375 0.551286611328125 0.548734353515625 0.559648677734375 0.516944498046875 0.560518744140625 0.47276073828125 0.56147219921875 0.44047389453125 0.55241588671875 0.439146357421875 0.53927047265625 0.4458282421875 0.507929953125 0.464584703125 0.483997236328125 0.504021455078125 0.489371341796875 0.52322182421875 0.50983695703125 0.535938572265625
1 0.582561728515625 0.516117970703125 0.56846587109375 0.54635791796875 0.565904908203125 0.5801585 0.56594911328125 0.629699287109375 0.57651246484375 0.64779717578125 0.59099010546875 0.64837319921875 0.61862320703125 0.62620161328125 0.63931487890625 0.5998813125 0.6458674921875 0.58401786328125 0.623074001953125 0.568591125 0.603089634765625 0.538988822265625 0.584683642578125 0.51502218359375 0.582561728515625 0.516117970703125
1 0.552734375 0.6044921875 0.0078125 0.009765625
0 0.70967560546875 0.73828794921875 0.698788740234375 0.71359391015625 0.67808501171875 0.667834791015625 0.66630397265625 0.63298262890625 0.615655341796875 0.68849531640625 0.580345373046875 0.69976664453125 0.583912037109375 0.71668033203125 0.5761266640625 0.748247814453125 0.572407287109375 0.76588086328125 0.585750626953125 0.79618376953125 0.617494935546875 0.82610489453125 0.658649208984375 0.83573254296875 0.68743971875 0.818642029296875 0.70641838671875 0.782822681640625 0.70967560546875 0.73828794921875
1 0.720703125 0.6357421875 0.0673828125 0.0576171875
1 0.6787109375 0.607421875 0.005859375 0.009765625
1 0.654296875 0.59375 0.0048828125 0.0126953125
1 0.7607421875 0.7470703125 0.0078125 0.0107421875
0 0.86218814453125 0.7098577890625 0.85028553515625 0.70021138671875 0.82229476171875 0.6770525234375 0.801954732421875 0.664609052734375 0.788786208984375 0.6844872578125 0.768521533203125 0.7349590625 0.760872798828125 0.756724751953125 0.761826251953125 0.77722452734375 0.76736312109375 0.798369984375 0.781086234375 0.821297099609375 0.807282625 0.8329046640625 0.847542720703125 0.814198603515625 0.863228001953125 0.79494330859375 0.866826814453125 0.774230537109375 0.86218814453125 0.7098577890625
1 0.76631823828125 0.637207701171875 0.775333357421875 0.637290755859375 0.799897119140625 0.621417931640625 0.809185513671875 0.612399798828125 0.80115801171875 0.59630594140625 0.79128890234375 0.58793215234375 0.761059669921875 0.589849107421875 0.755098822265625 0.59584780078125 0.758816189453125 0.626726734375 0.76631823828125 0.637207701171875
1 0.79438436328125 0.66508058984375 0.808664078125 0.67667609765625 0.82583128515625 0.68008 0.83987791015625 0.65818169140625 0.84963851171875 0.627628279296875 0.8301936640625 0.60313651953125 0.812909916015625 0.602129146484375 0.79985894140625 0.615742080078125 0.79526748828125 0.62448559765625 0.78673261328125 0.63691834765625 0.79438436328125 0.66508058984375
1 0.8447265625 0.650390625 0.0126953125 0.0205078125
1 0.865234375 0.6337890625 0.0361328125 0.0673828125
1 0.93623810546875 0.667999560546875 0.942710341796875 0.640556681640625 0.913666650390625 0.593987107421875 0.869038146484375 0.5704411015625 0.86322096875 0.6039509921875 0.867881744140625 0.63614406640625 0.86908436328125 0.649862826171875 0.8890315546875 0.67944235546875 0.90174595703125 0.686299724609375 0.93623810546875 0.667999560546875
1 0.9736328125 0.6728515625 0.052734375 0.0205078125
1 0.955078125 0.7412109375 0.015625 0.0126953125
1 0.78515625 0.5166015625 0.03125 0.0498046875
1 0.7236328125 0.509765625 0.03125 0.0439453125
0 0.619140625 0.44921875 0.115234375 0.140625
0 0.911908435546875 0.477614080078125 0.905236263671875 0.43277659765625 0.88117283984375 0.389574759765625 0.88106734765625 0.3879645703125 0.8298591015625 0.40508589453125 0.78879726171875 0.441663451171875 0.774909376953125 0.461192021484375 0.77783805859375 0.47445666015625 0.795716587890625 0.492557228515625 0.8118760859375 0.51950713671875 0.836059068359375 0.552256140625 0.86981678515625 0.54829362890625 0.908363876953125 0.5148976015625 0.911908435546875 0.477614080078125
1 0.978515625 0.783203125 0.0078125 0.0107421875