0 0.841796875 0.56640625 0.19921875 0.216796875
1 0.7138671875 0.4248046875 0.16015625 0.16796875
1 0.86328125 0.3857421875 0.013671875 0.015625
1 0.8525390625 0.3916015625 0.013671875 0.01171875
0 0.7880859375 0.23046875 0.19921875 0.240234375
0 0.560546875 0.314453125 0.171875 0.205078125
1 0.5205078125 0.427734375 0.044921875 0.0390625
1 0.4755859375 0.501953125 0.009765625 0.017578125
1 0.4296875 0.5205078125 0.025390625 0.03515625
1 0.423828125 0.4892578125 0.021484375 0.01953125
0 0.6259765625 0.62890625 0.185546875 0.203125
0 0.404296875 0.666015625 0.212890625 0.26953125
1 0.34375 0.5341796875 0.021484375 0.01953125
1 0.3994140625 0.517578125 0.01953125 0.017578125
0 0.2822265625 0.359375 0.177734375 0.216796875
0 0.083984375 0.4111328125 0.16796875 0.251953125
1 0.1748046875 0.5654296875 0.037109375 0.04296875
1 0.14453125 0.5556640625 0.021484375 0.01953125
1 0.07421875 0.6083984375 0.02734375 0.033203125
0 0.169921875 0.7236328125 0.212890625 0.2578125