0 0.970703125 0.646484375 0.056640625 0.0830078125
1 0.875 0.615234375 0.025390625 0.0234375
1 0.9560546875 0.568359375 0.0078125 0.0107421875
0 0.9814453125 0.353515625 0.037109375 0.072265625
1 1 0.405952611328125 0.983385376953125 0.389703361328125 0.94054120703125 0.405777123046875 0.92970658984375 0.430903849609375 0.934781298828125 0.449542931640625 0.94880682421875 0.48068442578125 0.96419219921875 0.500285859375 0.964403693359375 0.4990408515625 0.96450310546875 0.50063662109375 0.965345091796875 0.5008734140625 0.9834788125 0.485961076171875 1 0.45341033203125 1 0.405952611328125
1 0.9970703125 0.5 0.005859375 0.0107421875
1 0.953173224609375 0.5480002578125 0.955563392578125 0.49401068359375 0.95405735546875 0.46635748828125 0.9442907265625 0.454820923828125 0.91314722265625 0.433895158203125 0.866436994140625 0.44377330859375 0.870019732421875 0.464440533203125 0.892001431640625 0.48777890234375 0.90304201171875 0.50099799609375 0.89299708203125 0.52258283984375 0.91029389453125 0.53555008984375 0.947383173828125 0.55247181640625 0.953173224609375 0.5480002578125
1 0.9453125 0.4912109375 0.015625 0.0205078125
1 0.87192563671875 0.4726160625 0.85736159375 0.457348732421875 0.825772005859375 0.4383278671875 0.81419994140625 0.45316652734375 0.821078076171875 0.49610044921875 0.801830150390625 0.49989819140625 0.79460640234375 0.5173865625 0.801382056640625 0.52442076171875 0.8403370546875 0.524969994140625 0.861675748046875 0.522573462890625 0.90185948828125 0.5067930703125 0.90256880078125 0.496563947265625 0.902520576171875 0.49451303125 0.87192563671875 0.4726160625
1 0.8173828125 0.4853515625 0.0126953125 0.013671875
1 0.7978515625 0.455078125 0.0126953125 0.015625
1 0.78286956640625 0.475726595703125 0.75591061328125 0.455355419921875 0.740211267578125 0.426938658203125 0.732057169921875 0.416375974609375 0.72457019140625 0.431027091796875 0.721661603515625 0.459530927734375 0.721778146484375 0.48821694921875 0.739909859375 0.522040306640625 0.75293370703125 0.5509044921875 0.774136767578125 0.56393872265625 0.786124775390625 0.554607125 0.797081966796875 0.509086451171875 0.805419921875 0.494713970703125 0.78286956640625 0.475726595703125
1 0.69007503125 0.493528431640625 0.70642039453125 0.513288751953125 0.70942844921875 0.5103269140625 0.71892983984375 0.488701880859375 0.72500321484375 0.443912626953125 0.73193761328125 0.4265086484375 0.74095574609375 0.397036287109375 0.75253082421875 0.364082326171875 0.745889796875 0.35692488671875 0.7218082890625 0.357346857421875 0.65889636328125 0.39131087109375 0.639875498046875 0.4406788515625 0.642865466796875 0.457703724609375 0.67082710546875 0.479091650390625 0.69007503125 0.493528431640625
1 0.681640625 0.498046875 0.009765625 0.0126953125
1 0.6376953125 0.4794921875 0.0126953125 0.0205078125
0 0.834989068359375 0.673111443359375 0.8708948203125 0.658361197265625 0.86774711328125 0.6466076171875 0.8641292109375 0.602985146484375 0.8485273203125 0.57040225390625 0.82216917578125 0.56736405859375 0.798216267578125 0.53414351953125 0.776598267578125 0.5678784609375 0.7613841875 0.591934853515625 0.7548777890625 0.61544469140625 0.75809783203125 0.63113533203125 0.75977969140625 0.66139537109375 0.773480701171875 0.66826212109375 0.805102439453125 0.674168380859375 0.834989068359375 0.673111443359375
1 0.771576806640625 0.58840502734375 0.76673920703125 0.56788516015625 0.7464232890625 0.5318112890625 0.733157310546875 0.52121645703125 0.71990941796875 0.520080482421875 0.73163921875 0.55215165234375 0.74152138671875 0.58879083203125 0.740106779296875 0.6115371015625 0.724602341796875 0.63520769140625 0.722873263671875 0.649605623046875 0.734538765625 0.654408060546875 0.75760251953125 0.613435302734375 0.771576806640625 0.58840502734375
1 0.7265625 0.623046875 0.0078125 0.009765625
1 0.736328125 0.59765625 0.015625 0.017578125
1 0.7138671875 0.59375 0.005859375 0.009765625
1 0.708984375 0.67578125 0.009765625 0.0126953125
1 0.751953125 0.6455078125 0.005859375 0.0078125
1 0.693359375 0.572265625 0.0126953125 0.015625
1 0.673828125 0.615234375 0.037109375 0.048828125
1 0.6337890625 0.50390625 0.009765625 0.015625
1 0.619140625 0.501953125 0.005859375 0.0126953125
1 0.5712890625 0.484375 0.0126953125 0.033203125
1 0.556640625 0.482421875 0.009765625 0.0126953125
1 0.57318793359375 0.48966906640625 0.573934421875 0.51473819140625 0.56135866796875 0.55044903125 0.564814814453125 0.5747599453125 0.573642056640625 0.57052817578125 0.58621077734375 0.568304451171875 0.608544119140625 0.52909459765625 0.62258471484375 0.5002692578125 0.63285369140625 0.46159791796875 0.6195334609375 0.438631955078125 0.58628813671875 0.4014046953125 0.573994703125 0.3798024375 0.564190900390625 0.379596138671875 0.55306491796875 0.398140111328125 0.556821470703125 0.423118140625 0.57056568359375 0.462054720703125 0.57318793359375 0.48966906640625
1 0.5078125 0.4765625 0.015625 0.0185546875
1 0.513671875 0.5419921875 0.015625 0.0185546875
1 0.5234375 0.5751953125 0.005859375 0.015625
1 0.4951171875 0.5849609375 0.041015625 0.0654296875
0 0.5908203125 0.654296875 0.125 0.1591796875
1 0.447265625 0.6591796875 0.009765625 0.009765625
1 0.439453125 0.6484375 0.015625 0.013671875
1 0.4169921875 0.62109375 0.0126953125 0.0185546875
1 0.4130859375 0.544921875 0.0263671875 0.0341796875
1 0.451171875 0.478515625 0.009765625 0.005859375
1 0.4765625 0.490234375 0.0078125 0.0126953125
1 0.4599609375 0.451171875 0.037109375 0.0341796875
1 0.4384765625 0.4814453125 0.0078125 0.0126953125
1 0.423828125 0.4765625 0.009765625 0.009765625
1 0.408203125 0.4501953125 0.005859375 0.0126953125
1 0.376953125 0.45703125 0.021484375 0.052734375
1 0.3642578125 0.447265625 0.0126953125 0.0185546875
1 0.3515625 0.4501953125 0.009765625 0.015625
0 0.305654015625 0.387810517578125 0.320464208984375 0.39577037109375 0.34927581640625 0.401442205078125 0.36627021484375 0.431625888671875 0.4072818203125 0.41632105078125 0.440147369140625 0.38038516015625 0.431786306640625 0.3634044921875 0.424946349609375 0.36215733203125 0.41422726953125 0.34387458203125 0.41684951953125 0.31860451953125 0.42614494921875 0.300031078125 0.41245800390625 0.26210723046875 0.3848108359375 0.255189580078125 0.347261404296875 0.2581219453125 0.32418760546875 0.2861756796875 0.29935257421875 0.37469189453125 0.305654015625 0.387810517578125
1 0.423828125 0.3515625 0.0107421875 0.0126953125
1 0.423828125 0.3251953125 0.009765625 0.0126953125
1 0.3359375 0.447265625 0.0126953125 0.015625
1 0.32421875 0.474609375 0.009765625 0.017578125
1 0.294921875 0.4873046875 0.0126953125 0.0234375
1 0.305561583984375 0.52367326953125 0.33168764453125 0.572134345703125 0.34244289453125 0.576454529296875 0.351866921875 0.571323892578125 0.36862622265625 0.54974440625 0.37129167578125 0.51448098828125 0.356727630859375 0.481146583984375 0.333076130859375 0.457475994140625 0.32767288671875 0.4764995390625 0.312198591796875 0.499409240234375 0.305561583984375 0.52367326953125
1 0.28548679296875 0.42081940234375 0.257850677734375 0.387789083984375 0.24255521875 0.386481642578125 0.22923398046875 0.413304291015625 0.24030570703125 0.443510748046875 0.223529330078125 0.44493607421875 0.199515134765625 0.44057972265625 0.213645150390625 0.468324009765625 0.233594353515625 0.48107960546875 0.25188681640625 0.501298064453125 0.269868826171875 0.505641021484375 0.28743791015625 0.489951720703125 0.302726337890625 0.45301783203125 0.28548679296875 0.42081940234375
1 0.244140625 0.4765625 0.015625 0.015625
1 0.234375 0.435546875 0.0107421875 0.0185546875
1 0.21875 0.416015625 0.025390625 0.0341796875
1 0.2197265625 0.490234375 0.0126953125 0.021484375
1 0.1962890625 0.4794921875 0.0205078125 0.0185546875
1 0.1572265625 0.5283203125 0.009765625 0.009765625
1 0.0969589921875 0.49278495703125 0.113940330078125 0.532578875 0.120747130859375 0.54055614453125 0.142107927734375 0.53953403515625 0.168876994140625 0.488896123046875 0.184628583984375 0.471473390625 0.210166900390625 0.46991410546875 0.198778693359375 0.4535201796875 0.161833083984375 0.44799972265625 0.145555033203125 0.459679623046875 0.115815087890625 0.4500921640625 0.102196462890625 0.42637602734375 0.0813440390625 0.432006333984375 0.083055033203125 0.454267671875 0.0969589921875 0.49278495703125
1 0.0849609375 0.4833984375 0.03125 0.0439453125
1 0.048828125 0.474609375 0.0234375 0.025390625
1 0.0244140625 0.4453125 0.0361328125 0.0654296875
1 0.0224609375 0.482421875 0.0078125 0.0126953125
1 0.0849609375 0.3486328125 0.017578125 0.025390625
1 0.260629662109375 0.293066541015625 0.212334025390625 0.322623294921875 0.197715728515625 0.353692451171875 0.171923224609375 0.35862616796875 0.16419411328125 0.38106433203125 0.186675146484375 0.378586087890625 0.20782797265625 0.395435474609375 0.22049515234375 0.39961633984375 0.23965969140625 0.39682329296875 0.264067724609375 0.3849571875 0.276030615234375 0.36400194921875 0.27798675390625 0.298856255859375 0.260629662109375 0.293066541015625
0 0.162410783203125 0.375404556640625 0.184487927734375 0.3570467890625 0.202246896484375 0.344446587890625 0.20473251171875 0.341220849609375 0.188035501953125 0.305781947265625 0.155310611328125 0.297630529296875 0.122327513671875 0.297856919921875 0.096508888671875 0.308104798828125 0.094150873046875 0.334376875 0.086519216796875 0.371279953125 0.08502021484375 0.39879115234375 0.114350244140625 0.454155146484375 0.13888487109375 0.450782052734375 0.152251318359375 0.4261161484375 0.1755019453125 0.42945575 0.194775994140625 0.42224740625 0.185260537109375 0.38282589453125 0.162410783203125 0.375404556640625
1 0.158203125 0.4345703125 0.015625 0.0205078125
1 0.052734375 0.6455078125 0.025390625 0.021484375
0 0.126217689453125 0.646270041015625 0.13371773046875 0.69109278515625 0.15502025390625 0.70894820703125 0.18988212890625 0.7248129921875 0.22834281640625 0.699043263671875 0.2284804609375 0.645518529296875 0.2207583828125 0.59568303125 0.18261316796875 0.57544581640625 0.154283814453125 0.60473465234375 0.134618939453125 0.613605431640625 0.126217689453125 0.646270041015625
1 0.1572265625 0.5830078125 0.009765625 0.0078125
1 0.1103515625 0.6005859375 0.005859375 0.0126953125
0 0.30833855859375 0.651505166015625 0.326549638671875 0.73773603515625 0.326419029296875 0.73622631640625 0.389924728515625 0.7333984375 0.411766775390625 0.718070826171875 0.437003681640625 0.6883131328125 0.43384191015625 0.6674275546875 0.407612365234375 0.6197019140625 0.39196726953125 0.5682307734375 0.364107107421875 0.56049998828125 0.34088963671875 0.579444498046875 0.328071751953125 0.60021353125 0.31348560546875 0.616389103515625 0.3128094453125 0.638354392578125 0.30833855859375 0.651505166015625
0 0.628508390625 0.388849103515625 0.6370533125 0.3706693671875 0.633028609375 0.33850429296875 0.613762296875 0.3163797265625 0.58221390234375 0.313299333984375 0.563039822265625 0.315939669921875 0.55140697265625 0.323102333984375 0.53224555078125 0.33143205078125 0.527817564453125 0.34703052734375 0.549083115234375 0.39709924609375 0.56383734765625 0.3797815390625 0.57909704296875 0.394087576171875 0.60532407421875 0.405555556640625 0.628508390625 0.388849103515625
1 0.5517578125 0.3115234375 0.0205078125 0.021484375
0 0.78077799609375 0.39590446484375 0.804575376953125 0.40878785546875 0.86275318359375 0.425476224609375 0.859280056640625 0.39086009765625 0.864955873046875 0.388943142578125 0.8716968671875 0.40273678515625 0.893719255859375 0.40941478515625 0.88786801953125 0.368801841796875 0.872010634765625 0.327629484375 0.880538375 0.313302951171875 0.860422091796875 0.301607107421875 0.82312554296875 0.292920525390625 0.77371148046875 0.31107855859375 0.76683304296875 0.355717111328125 0.78077799609375 0.39590446484375
1 0.869140625 0.40234375 0.015625 0.021484375
1 0.902309388671875 0.395301650390625 0.91530219140625 0.395347462890625 0.93100043359375 0.3872781640625 0.922886826171875 0.3547212578125 0.90316569140625 0.333908419921875 0.879711009765625 0.321705005859375 0.87060546875 0.327042341796875 0.869573748046875 0.336823640625 0.87459400390625 0.345323349609375 0.890740740234375 0.37777777734375 0.89024612890625 0.375429205078125 0.902309388671875 0.395301650390625
1 0.90234375 0.3193359375 0.033203125 0.0205078125