0 0.041015625 0.6044921875 0.0810546875 0.1142578125
0 0.236328125 0.6103515625 0.1328125 0.1611328125
1 0.314453125 0.80859375 0.115234375 0.119140625
1 0.13671875 0.416015625 0.0361328125 0.0361328125
1 0.17612485546875 0.385938103515625 0.15585779296875 0.4169168359375 0.1194265859375 0.455411181640625 0.10278433203125 0.500183859375 0.1153530546875 0.525988919921875 0.154918529296875 0.547197505859375 0.17904098046875 0.5387128671875 0.1960166640625 0.48635223828125 0.20235188671875 0.433134103515625 0.17660635546875 0.385927552734375 0.17612485546875 0.385938103515625
0 0.05078576953125 0.408994322265625 0.071495904296875 0.40414918359375 0.0995155625 0.384471751953125 0.101663095703125 0.360964927734375 0.051498978515625 0.341251326171875 0.002025462890625 0.349151234375 0.00080928125 0.3601089296875 0.02290852734375 0.4077163515625 0.05078576953125 0.408994322265625
1 0 0.479336962890625 0.03692287890625 0.501161927734375 0.0598110625 0.441235955078125 0.0441374609375 0.41271821875 0 0.39580319140625 0 0.4000711328125 0 0.479336962890625
1 0.12458292578125 0.412508740234375 0.151144521484375 0.39129111328125 0.1532683203125 0.39231137890625 0.1501182265625 0.37692750390625 0.13073165234375 0.365826642578125 0.084884078125 0.389050142578125 0.04479076171875 0.41103636328125 0.05612634765625 0.43602611328125 0.061100712890625 0.49223421875 0.093562373046875 0.491878556640625 0.121070013671875 0.47632589453125 0.11002378125 0.43244387890625 0.12458292578125 0.412508740234375
1 0.1259765625 0.3544921875 0.0078125 0.013671875
1 0.1279296875 0.3291015625 0.0126953125 0.015625
1 0.0302734375 0.310546875 0.021484375 0.025390625
1 0.1533203125 0.3271484375 0.0078125 0.0126953125
1 0.283203125 0.431640625 0.0185546875 0.0263671875
1 0.212890625 0.5048828125 0.0185546875 0.0263671875
0 0.22175767578125 0.30132529296875 0.188078703125 0.28317901171875 0.188371447265625 0.284579052734375 0.17577220703125 0.325382185546875 0.18278446875 0.36780538671875 0.200585259765625 0.402690369140625 0.26818282421875 0.413084431640625 0.269181994140625 0.39222095703125 0.26686830859375 0.348186728515625 0.25017632421875 0.34016475 0.25386555859375 0.308271244140625 0.247344970703125 0.290860400390625 0.22175767578125 0.30132529296875
1 0.3516563125 0.219877267578125 0.313349970703125 0.201993212890625 0.23998119140625 0.21213258203125 0.194003634765625 0.221816828125 0.198800544921875 0.28191611328125 0.22029509375 0.30003225 0.2487408671875 0.29569498828125 0.25391076953125 0.329880703125 0.2667937109375 0.351375626953125 0.286237927734375 0.374636802734375 0.318219220703125 0.37638195703125 0.35649956640625 0.35532256640625 0.35969034765625 0.28966380859375 0.3516563125 0.219877267578125
1 0.365234375 0.365234375 0.025390625 0.0419921875
1 0.375 0.318359375 0.005859375 0.0126953125
1 0.392578125 0.333984375 0.015625 0.015625
1 0.408203125 0.28515625 0.025390625 0.033203125
1 0.396484375 0.375 0.017578125 0.0205078125
1 0.3525390625 0.4765625 0.0361328125 0.0703125
1 0.310546875 0.466796875 0.009765625 0.0078125
1 0.384765625 0.462890625 0.033203125 0.072265625
1 0.39311387890625 0.437944576171875 0.41130913671875 0.4687364375 0.43304782421875 0.467924142578125 0.44164134765625 0.446474427734375 0.4174561328125 0.405450099609375 0.394367359375 0.4113784609375 0.39311387890625 0.437944576171875
1 0.451171875 0.4541015625 0.021484375 0.03125
1 0.470703125 0.458984375 0.009765625 0.017578125
1 0.521484375 0.447265625 0.03125 0.0419921875
1 0.498046875 0.361328125 0.0078125 0.03125
1 0.486328125 0.3154296875 0.009765625 0.015625
1 0.4814453125 0.2900390625 0.0078125 0.013671875
0 0.400051541015625 0.3177791640625 0.39886474609375 0.321821048828125 0.41322383203125 0.38013750390625 0.428079111328125 0.427704234375 0.44038221484375 0.42592592578125 0.46656516796875 0.386700666015625 0.484445076171875 0.349858037109375 0.466461181640625 0.33308919140625 0.44112594140625 0.31038411328125 0.400752314453125 0.316358025390625 0.400051541015625 0.3177791640625
1 0.5205078125 0.55078125 0.1123046875 0.1513671875
1 0.50390625 0.65625 0.015625 0.0234375
0 0.427734375 0.6181640625 0.0908203125 0.125
1 0.34765625 0.619140625 0.0078125 0.0107421875
0 0.64453125 0.59375 0.109375 0.1640625
1 0.650390625 0.4638671875 0.064453125 0.056640625
1 0.646484375 0.419921875 0.0390625 0.025390625
1 0.697265625 0.4169921875 0.033203125 0.068359375
1 0.6005859375 0.474609375 0.0078125 0.005859375
1 0.587890625 0.4853515625 0.0048828125 0.013671875
1 0.5615234375 0.345703125 0.015625 0.015625
1 0.51953125 0.3564453125 0.0048828125 0.0078125
1 0.5224609375 0.3681640625 0.0048828125 0.0107421875
0 0.547219736328125 0.29462348046875 0.586189552734375 0.36038923828125 0.609168158203125 0.40140787890625 0.63223831640625 0.388720099609375 0.659350359375 0.34798327734375 0.677515099609375 0.33005702734375 0.669287787109375 0.29124921484375 0.631365740234375 0.224151234375 0.566744205078125 0.25870768359375 0.547219736328125 0.29462348046875
1 0.6946083359375 0.39453878515625 0.72078563671875 0.3868408203125 0.71989384375 0.362622673828125 0.69212962890625 0.3206018515625 0.67292503125 0.33553512109375 0.65318580859375 0.352537556640625 0.670581958984375 0.3889009453125 0.6946083359375 0.39453878515625
1 0.693359375 0.2841796875 0.0048828125 0.009765625
1 0.73828125 0.2978515625 0.0185546875 0.025390625
1 0.736328125 0.330078125 0.0107421875 0.0126953125
1 0.7431640625 0.3515625 0.017578125 0.0263671875
1 0.7607421875 0.3095703125 0.017578125 0.0234375
1 0.76171875 0.3310546875 0.005859375 0.0078125
1 0.83984375 0.2900390625 0.013671875 0.0234375
1 0.8505859375 0.279296875 0.0107421875 0.013671875
1 0.8701171875 0.330078125 0.052734375 0.087890625
1 0.8974609375 0.2734375 0.0107421875 0.0107421875
0 0.8095703125 0.337890625 0.0546875 0.1220703125
1 0.890625 0.451171875 0.052734375 0.0625
1 0.8486328125 0.470703125 0.0078125 0.015625
1 0.9228515625 0.296875 0.021484375 0.0263671875
1 0.9560546875 0.248046875 0.029296875 0.033203125
1 0.9560546875 0.2841796875 0.0390625 0.0439453125
0 0.7738104921875 0.5963134765625 0.77617051953125 0.60194980859375 0.803294994140625 0.622089904296875 0.80676382421875 0.65144856640625 0.8060336640625 0.676861798828125 0.8263877578125 0.690734109375 0.88745004296875 0.671109423828125 0.920022470703125 0.625119056640625 0.91261348046875 0.5801836171875 0.8861151796875 0.52428144140625 0.84354994140625 0.53268922265625 0.8029434765625 0.54375241015625 0.7769425 0.58014744921875 0.7738104921875 0.5963134765625
1 0.423828125 0.2216796875 0.0205078125 0.021484375
1 0.470703125 0.2421875 0.0078125 0.0107421875
1 0.419921875 0.2421875 0.005859375 0.0107421875
1 0.7529296875 0.1396484375 0.0205078125 0.037109375
1 0.01171875 0.126953125 0.0234375 0.033203125