1 0.7900390625 0.9375 0.064453125 0.04296875
1 0.662109375 0.81640625 0.029296875 0.0234375
0 0.701375744140625 0.9049074765625 0.729315357421875 0.929350439453125 0.773489587890625 0.9229408203125 0.800330791015625 0.92347241015625 0.817199634765625 0.87707447265625 0.790658732421875 0.853543814453125 0.7845316875 0.830419537109375 0.75573051953125 0.814967623046875 0.7112179375 0.80490737109375 0.69130029296875 0.8057268984375 0.696508564453125 0.85045875390625 0.682677322265625 0.880385638671875 0.701375744140625 0.9049074765625
1 0.5888671875 0.9453125 0.025390625 0.021484375
1 0.6220703125 0.970703125 0.044921875 0.037109375
1 0.687602326171875 0.89043173828125 0.699375640625 0.8553165703125 0.654299884765625 0.840175626953125 0.62068513671875 0.833897517578125 0.61945323828125 0.860416322265625 0.6486487734375 0.9004261640625 0.677707763671875 0.9086603984375 0.687602326171875 0.89043173828125
1 0.6044921875 0.880859375 0.076171875 0.080078125
1 0.5654296875 0.865234375 0.015625 0.017578125
1 0.572265625 0.84375 0.02734375 0.017578125
1 0.5419921875 0.8134765625 0.021484375 0.015625
1 0.5634765625 0.8125 0.01953125 0.013671875
1 0.546875 0.7431640625 0.064453125 0.07421875
1 0.5107421875 0.7109375 0.01953125 0.013671875
1 0.6396484375 0.76953125 0.015625 0.017578125
1 0.6552734375 0.7861328125 0.017578125 0.015625
1 0.73828125 0.7880859375 0.0078125 0.0078125
0 0.671875 0.6943359375 0.15625 0.1328125
1 0.6630859375 0.6171875 0.013671875 0.01171875
1 0.6279296875 0.623046875 0.017578125 0.009765625
1 0.642578125 0.609375 0.015625 0.015625
1 0.6640625 0.6025390625 0.015625 0.017578125
1 0.6572265625 0.5361328125 0.033203125 0.021484375
1 0.6748046875 0.51953125 0.0390625 0.021484375
1 0.3544921875 0.802734375 0.015625 0.015625
1 0.3671875 0.791015625 0.017578125 0.015625
1 0.427734375 0.8154296875 0.013671875 0.013671875
1 0.404296875 0.861328125 0.017578125 0.015625
1 0.3974609375 0.8515625 0.013671875 0.01171875
1 0.5068359375 0.9912109375 0.044921875 0.017578125
1 0.47265625 0.984375 0.021484375 0.015625
1 0.5 0.912109375 0.048828125 0.037109375
1 0.37890625 0.9970703125 0.01171875 0.005859375
0 0.489580587890625 1 0.5098548515625 0.97086855078125 0.510480966796875 0.956694724609375 0.491949505859375 0.93175969140625 0.4796138984375 0.9054830546875 0.4497487265625 0.88944505859375 0.38342162890625 0.90304518359375 0.356856130859375 0.919026962890625 0.373559458984375 0.962699791015625 0.387011400390625 0.986100998046875 0.388027744140625 1 0.489580587890625 1
1 0.4326171875 0.8564453125 0.013671875 0.013671875
0 0.399618099609375 0.691148046875 0.342352048828125 0.7003284453125 0.31065251171875 0.719260095703125 0.2961412109375 0.7410583125 0.304615685546875 0.764461677734375 0.324301857421875 0.784804171875 0.335489376953125 0.79550074609375 0.36164443359375 0.78631023828125 0.378183939453125 0.78786130859375 0.41235089453125 0.78346844921875 0.4494571875 0.7867033828125 0.433049892578125 0.767104341796875 0.424935607421875 0.74454934765625 0.416578998046875 0.72094989453125 0.409784541015625 0.70054070703125 0.399618099609375 0.691148046875
1 0.419921875 0.7880859375 0.013671875 0.01171875
1 0.4365234375 0.7587890625 0.01171875 0.01171875
1 0.3740234375 0.6796875 0.01171875 0.01171875
1 0.384765625 0.65625 0.03125 0.0234375
1 0.357421875 0.677734375 0.01171875 0.0078125
1 0.333984375 0.6611328125 0.013671875 0.013671875
1 0.3193359375 0.6669921875 0.013671875 0.01171875
1 0.3115234375 0.658203125 0.013671875 0.01171875
1 0.3193359375 0.64453125 0.013671875 0.013671875
1 0.3076171875 0.595703125 0.0234375 0.01953125
1 0.37314263671875 0.57082838671875 0.345373853515625 0.590723126953125 0.33906509375 0.604139908203125 0.340003490234375 0.6168277890625 0.35309341796875 0.62900884765625 0.38330180859375 0.64201679296875 0.41426530078125 0.646664080078125 0.425219533203125 0.60982038671875 0.42671978515625 0.5933322109375 0.430895669921875 0.571861900390625 0.43840560546875 0.548398638671875 0.430005439453125 0.541407671875 0.396674955078125 0.553661142578125 0.37314263671875 0.57082838671875
1 0.27734375 0.533203125 0.013671875 0.013671875
0 0.37612106640625 0.504035431640625 0.3631802890625 0.5004629921875 0.350123001953125 0.48791910546875 0.33750811328125 0.47936346484375 0.31629955859375 0.483381900390625 0.29821463671875 0.510230869140625 0.286320708984375 0.54222130078125 0.2892945546875 0.556724291015625 0.304348912109375 0.5817410625 0.31552528515625 0.59131876953125 0.321607513671875 0.594219955078125 0.353668572265625 0.582108224609375 0.382442115234375 0.563452404296875 0.40179800390625 0.539837408203125 0.41720896484375 0.517202009765625 0.416111341796875 0.512553544921875 0.41644961328125 0.51176008203125 0.394666208984375 0.507482013671875 0.37612106640625 0.504035431640625
1 0.373046875 0.4951171875 0.017578125 0.01171875
1 0.330078125 0.4755859375 0.01171875 0.0078125
1 0.30859375 0.4638671875 0.0078125 0.0078125
1 0.3037109375 0.4443359375 0.0078125 0.005859375
1 0.2978515625 0.4541015625 0.0078125 0.0078125
1 0.2919921875 0.4150390625 0.0078125 0.0078125
1 0.3095703125 0.4091796875 0.017578125 0.009765625
1 0.2900390625 0.3857421875 0.013671875 0.009765625
1 0.4248046875 0.48828125 0.0546875 0.064453125
1 0.455078125 0.5390625 0.015625 0.015625
1 0.5263671875 0.5859375 0.01953125 0.013671875
1 0.5 0.5732421875 0.021484375 0.021484375
1 0.462686060546875 0.539369361328125 0.450693416015625 0.557395193359375 0.44459551171875 0.56861683984375 0.455508310546875 0.57773696875 0.46714108984375 0.577251927734375 0.4810788515625 0.5629487890625 0.4969510390625 0.55381830078125 0.484367400390625 0.532322822265625 0.458361845703125 0.514457935546875 0.44541027734375 0.515838265625 0.4472876640625 0.52816760546875 0.462686060546875 0.539369361328125
1 0.50390625 0.5068359375 0.03125 0.029296875
1 0.501953125 0.4599609375 0.017578125 0.017578125
1 0.490234375 0.443359375 0.0390625 0.025390625
1 0.4765625 0.408203125 0.06640625 0.0546875
1 0.46875 0.384765625 0.013671875 0.0078125
1 0.343945541015625 0.433197951171875 0.376435912109375 0.41481709375 0.38897365625 0.42240544921875 0.41629236328125 0.41887974609375 0.420457017578125 0.404513421875 0.416091259765625 0.3957360390625 0.40482467578125 0.38330238671875 0.4029471484375 0.368892955078125 0.413805111328125 0.3618944296875 0.435672078125 0.352063435546875 0.463812388671875 0.339616232421875 0.4535389453125 0.32480725 0.434218681640625 0.3163884921875 0.410372109375 0.319872361328125 0.39061809765625 0.307366787109375 0.369165462890625 0.30913926171875 0.355500548828125 0.323071146484375 0.33775366015625 0.337296556640625 0.335096701171875 0.353387966796875 0.3211339453125 0.36048001953125 0.296700640625 0.3708023203125 0.289876119140625 0.3634315546875 0.26483587109375 0.3645196640625 0.2608533984375 0.376003388671875 0.274423994140625 0.380570587890625 0.2942061640625 0.383927033203125 0.309297369140625 0.377838248046875 0.32401901953125 0.388556890625 0.3278503671875 0.4185609296875 0.343945541015625 0.433197951171875
1 0.451813541015625 0.305700537109375 0.4310757578125 0.301368361328125 0.426464021484375 0.312969376953125 0.43997860546875 0.31859255078125 0.45322588671875 0.32442594921875 0.465272947265625 0.322815294921875 0.451813541015625 0.305700537109375
1 0.419981904296875 0.274676087890625 0.419951171875 0.2932323203125 0.408627544921875 0.316675935546875 0.413083412109375 0.318868853515625 0.42521434765625 0.318333037109375 0.426204107421875 0.308237462890625 0.448313173828125 0.300490611328125 0.477013185546875 0.30009042578125 0.511547158203125 0.29418747265625 0.54707681640625 0.29112072265625 0.55653524609375 0.27423397265625 0.517361833984375 0.269262271484375 0.5019015390625 0.257512322265625 0.500394390625 0.2339106875 0.4872161953125 0.226899021484375 0.464205298828125 0.2473018984375 0.451014646484375 0.24633790234375 0.416078708984375 0.229919162109375 0.38818487109375 0.22743018359375 0.38807765625 0.24021646875 0.404907205078125 0.256712986328125 0.419981904296875 0.274676087890625
0 0.3575473515625 0.324714888671875 0.372244564453125 0.306552736328125 0.377249015625 0.28013030859375 0.3567390859375 0.24075940625 0.333631119140625 0.23930051953125 0.28609909765625 0.25805694921875 0.269930912109375 0.28996803515625 0.268891923828125 0.315790486328125 0.253019736328125 0.33758676953125 0.25595411328125 0.349506322265625 0.27711183984375 0.3586699375 0.297015806640625 0.3726419765625 0.30294061328125 0.368554357421875 0.327049083984375 0.360524376953125 0.33117037890625 0.347428455078125 0.3575473515625 0.324714888671875
1 0.25390625 0.3095703125 0.0234375 0.021484375
1 0.2392578125 0.361328125 0.015625 0.015625
1 0.3134765625 0.22265625 0.021484375 0.01953125
1 0.3115234375 0.1826171875 0.017578125 0.01171875
1 0.3798828125 0.1650390625 0.080078125 0.080078125
1 0.435546875 0.1943359375 0.01171875 0.01171875
1 0.44140625 0.1591796875 0.0234375 0.013671875
1 0.431640625 0.146484375 0.015625 0.01171875
1 0.447265625 0.134765625 0.015625 0.015625
1 0.1748046875 0.0859375 0.015625 0.017578125
0 0.30570512109375 0.037187296875 0.28548169921875 0.040458455078125 0.2503052578125 0.054165318359375 0.232636423828125 0.071187572265625 0.23841945703125 0.10200136328125 0.249010630859375 0.128278853515625 0.283647267578125 0.158879490234375 0.308448876953125 0.154828962890625 0.331573359375 0.1334652734375 0.378588173828125 0.131394240234375 0.380366849609375 0.130291484375 0.36424153515625 0.10360332421875 0.35229191796875 0.07896491015625 0.342526544921875 0.05603396484375 0.327727765625 0.045625080078125 0.30570512109375 0.037187296875
1 0.2783203125 0.16796875 0.015625 0.017578125
1 0.40172629296875 0.112507466796875 0.4262691953125 0.102657095703125 0.44019071484375 0.090740376953125 0.437914763671875 0.062385158203125 0.42046860546875 0.025507080078125 0.4106244140625 0.03099465234375 0.38362162890625 0.053475642578125 0.37047141796875 0.084743150390625 0.377476689453125 0.116715318359375 0.40172629296875 0.112507466796875
1 0.3818359375 0.0244140625 0.080078125 0.03515625
1 0.369140625 0.044921875 0.013671875 0.01171875
1 0.502738513671875 0.0495786953125 0.49119693359375 0.039274431640625 0.4720073359375 0.0426829453125 0.450795359375 0.064459533203125 0.439058095703125 0.076739673828125 0.43478539453125 0.089493216796875 0.446638107421875 0.096113537109375 0.469653603515625 0.091639779296875 0.47788494921875 0.08738434765625 0.49669227734375 0.0676201953125 0.502738513671875 0.0495786953125
1 0.45966087109375 0 0.452777267578125 0.003801859375 0.463493939453125 0.022803841796875 0.489024919921875 0.03411446875 0.526888732421875 0.0453650390625 0.5318168203125 0.038125720703125 0.526683234375 0.016804994140625 0.528642439453125 0 0.45966087109375 0
1 0.5341796875 0.017578125 0.025390625 0.021484375
0 0.5046985390625 0.062695044921875 0.4772393203125 0.083930763671875 0.479732181640625 0.09950684765625 0.496003693359375 0.124212916015625 0.5192529765625 0.136611865234375 0.560493638671875 0.146778966796875 0.605223302734375 0.135726259765625 0.616830126953125 0.09676569921875 0.6237893046875 0.05782508203125 0.613022681640625 0.022695123046875 0.56872746875 0.025884701171875 0.551092765625 0.016470052734375 0.54273986328125 0.020795169921875 0.530950771484375 0.043004482421875 0.5046985390625 0.062695044921875
1 0.5703125 0.173828125 0.01171875 0.01171875
1 0.6201171875 0.2392578125 0.01953125 0.017578125
1 0.62890625 0.224609375 0.01171875 0.01171875
0 0.6279296875 0.2861328125 0.140625 0.103515625
1 0.623046875 0.345703125 0.021484375 0.015625
1 0.6630859375 0.3232421875 0.013671875 0.0078125
1 0.603515625 0.3896484375 0.015625 0.015625
1 0.5810546875 0.3671875 0.009765625 0.0078125
1 0.546875 0.404296875 0.041015625 0.041015625
1 0.6162109375 0.4111328125 0.017578125 0.01171875
1 0.62890625 0.41796875 0.015625 0.015625
1 0.55078125 0.4580078125 0.037109375 0.033203125
0 0.555607681640625 0.522113734375 0.582340498046875 0.54711541796875 0.604877453125 0.558170365234375 0.617010943359375 0.55633230078125 0.63976940234375 0.5414645234375 0.650433390625 0.52738448046875 0.6808607109375 0.509875509765625 0.708092193359375 0.495658158203125 0.72595035546875 0.48920144140625 0.710205587890625 0.47858377734375 0.69748521875 0.463312279296875 0.668991970703125 0.455437962890625 0.65417281640625 0.4366291484375 0.6268835546875 0.422690849609375 0.606505873046875 0.41142159765625 0.586235232421875 0.44071826953125 0.56987454296875 0.45493566796875 0.557769029296875 0.47521613671875 0.540471865234375 0.493076322265625 0.555607681640625 0.522113734375
1 0.701139259765625 0.533328720703125 0.71381885546875 0.535386896484375 0.74258326953125 0.525226763671875 0.770588572265625 0.507351263671875 0.793440345703125 0.47659855859375 0.803956208984375 0.453643486328125 0.82394989453125 0.43792219140625 0.831869521484375 0.406659146484375 0.826909412109375 0.38826259375 0.810373990234375 0.368111818359375 0.752695771484375 0.357738974609375 0.69821677734375 0.38384812890625 0.67854957421875 0.388138068359375 0.6604778046875 0.400054505859375 0.670208361328125 0.45608490234375 0.701358978515625 0.46450660546875 0.721378115234375 0.487768900390625 0.6990214765625 0.50209431640625 0.69463040625 0.517819796875 0.701139259765625 0.533328720703125
1 0.5263671875 0.6455078125 0.009765625 0.0078125
1 0.525390625 0.6142578125 0.0078125 0.0078125
1 0.6416015625 0.59375 0.01171875 0.009765625
1 0.9853515625 0.572265625 0.029296875 0.0234375