0 0.052734375 0.3740234375 0.10546875 0.150390625
1 0.0595703125 0.4892578125 0.072265625 0.0498046875
1 0.0234375 0.5126953125 0.0078125 0.009765625
1 0.0146484375 0.5380859375 0.0107421875 0.0107421875
1 0.072265625 0.5224609375 0.0126953125 0.015625
1 0.0986328125 0.517578125 0.0107421875 0.0126953125
1 0.1162109375 0.51171875 0.0205078125 0.0263671875
1 0.197265625 0.515625 0.021484375 0.017578125
1 0.236328125 0.5009765625 0.005859375 0.015625
0 0.046875 0.673828125 0.09375 0.173828125
1 0.099609375 0.7099609375 0.0126953125 0.0185546875
1 0.134765625 0.6142578125 0.0986328125 0.1689453125
1 0.185546875 0.5458984375 0.037109375 0.09375
1 0.2138671875 0.5244140625 0.025390625 0.0517578125
1 0.271484375 0.525390625 0.0703125 0.0830078125
1 0.2998046875 0.51171875 0.0361328125 0.0361328125
1 0.3408203125 0.5185546875 0.0185546875 0.0283203125
1 0.373046875 0.513671875 0.0126953125 0.013671875
1 0.4189453125 0.5166015625 0.025390625 0.033203125
1 0.4375 0.5 0.0078125 0.0107421875
1 0.4892578125 0.498046875 0.0830078125 0.0595703125
1 0.4990234375 0.5634765625 0.0517578125 0.0732421875
1 0.533203125 0.548828125 0.0185546875 0.0205078125
1 0.533203125 0.509765625 0.0234375 0.0498046875
1 0.5517578125 0.490234375 0.0126953125 0.0234375
1 0.5498046875 0.52734375 0.013671875 0.015625
1 0.5771484375 0.4921875 0.005859375 0.005859375
1 0.576171875 0.53125 0.015625 0.017578125
1 0.5888671875 0.50390625 0.0078125 0.0126953125
1 0.599609375 0.556640625 0.080078125 0.076171875
1 0.6142578125 0.4951171875 0.0048828125 0.0078125
1 0.6201171875 0.5 0.0048828125 0.0078125
1 0.6376953125 0.4921875 0.0029296875 0.009765625
1 0.646484375 0.5009765625 0.0048828125 0.0078125
1 0.6591796875 0.5166015625 0.0126953125 0.015625
1 0.689453125 0.521484375 0.0234375 0.0498046875
0 0.4912109375 0.388671875 0.1533203125 0.1640625
0 0.701171875 0.3798828125 0.1484375 0.1796875
1 0.79296875 0.482421875 0.0546875 0.068359375
1 0.7431640625 0.5263671875 0.015625 0.015625
1 0.7802734375 0.55859375 0.0283203125 0.0341796875
1 0.775390625 0.525390625 0.0107421875 0.015625
1 0.7998046875 0.5283203125 0.015625 0.015625
1 0.783203125 0.509765625 0.0185546875 0.0283203125
1 0.826171875 0.515625 0.009765625 0.0107421875
1 0.84765625 0.521484375 0.009765625 0.0126953125
1 0.8349609375 0.54296875 0.0107421875 0.0126953125
1 0.892578125 0.521484375 0.0419921875 0.03125
1 0.9296875 0.53515625 0.0205078125 0.025390625
1 0.947265625 0.525390625 0.0205078125 0.015625
1 0.923828125 0.4853515625 0.0078125 0.0126953125
1 0.9814453125 0.5087890625 0.0107421875 0.0126953125
1 0.9931640625 0.5322265625 0.013671875 0.017578125
1 0.9931640625 0.5517578125 0.013671875 0.013671875
0 0.9287109375 0.388671875 0.142578125 0.142578125
0 0.2197265625 0.396484375 0.166015625 0.1796875
1 0.302734375 0.427734375 0.0078125 0.009765625
1 0.263671875 0.591796875 0.013671875 0.0205078125
1 0.212890625 0.6025390625 0.0126953125 0.015625
1 0.189453125 0.6220703125 0.0048828125 0.009765625
1 0.1962890625 0.62109375 0.0048828125 0.005859375
1 0.208984375 0.736328125 0.0107421875 0.013671875
0 0.2626953125 0.701171875 0.1142578125 0.169921875
1 0.3291015625 0.658203125 0.0107421875 0.009765625
1 0.3408203125 0.650390625 0.0107421875 0.015625
1 0.33203125 0.685546875 0.0078125 0.0185546875
1 0.3828125 0.6640625 0.015625 0.0205078125
1 0.416015625 0.6474609375 0.0185546875 0.017578125
1 0.4208984375 0.6875 0.0107421875 0.017578125
1 0.451171875 0.763671875 0.017578125 0.0185546875
0 0.4765625 0.693359375 0.1044921875 0.177734375
0 0.720703125 0.701171875 0.1376953125 0.169921875
1 0.6328125 0.779296875 0.0126953125 0.013671875
1 0.61328125 0.65234375 0.005859375 0.017578125
1 0.6279296875 0.666015625 0.015625 0.0205078125
1 0.646484375 0.685546875 0.017578125 0.0263671875
1 0.83203125 0.681640625 0.0126953125 0.0126953125
1 0.857421875 0.7080078125 0.013671875 0.0126953125
0 0.9423828125 0.7109375 0.115234375 0.1953125
1 0.353515625 0.69140625 0.005859375 0.009765625