0 0.6064453125 0.927734375 0.123046875 0.11328125
1 0.509765625 0.9853515625 0.029296875 0.029296875
1 0.517578125 0.912109375 0.021484375 0.029296875
0 0.3291015625 0.93359375 0.201171875 0.1328125
1 0.3935546875 0.75 0.017578125 0.015625
1 0.33203125 0.6640625 0.013671875 0.015625
1 0.302734375 0.64453125 0.013671875 0.009765625
0 0.285105767578125 0.841487142578125 0.354988529296875 0.833135580078125 0.390597423828125 0.813010931640625 0.39280086328125 0.782144466796875 0.37278712890625 0.730898681640625 0.37763070703125 0.680692427734375 0.37758269921875 0.681160064453125 0.322033990234375 0.683995595703125 0.280694818359375 0.649364275390625 0.230368845703125 0.673709423828125 0.203144091796875 0.760389138671875 0.22721016015625 0.81995306640625 0.285105767578125 0.841487142578125
1 0.4609375 0.7841796875 0.013671875 0.021484375
1 0.445632486328125 0.75193875 0.4585739765625 0.770166822265625 0.46549478125 0.77468878515625 0.469192263671875 0.80481174609375 0.470598419921875 0.814989322265625 0.480584841796875 0.81803259375 0.504464869140625 0.79388442578125 0.520570427734375 0.773345462890625 0.521310533203125 0.774191822265625 0.517736255859375 0.74946244921875 0.5069464140625 0.735641498046875 0.489901091796875 0.731134705078125 0.459569544921875 0.7299645390625 0.434884087890625 0.733915478515625 0.445632486328125 0.75193875
0 0.508712109375 0.699943439453125 0.49687037109375 0.71745722265625 0.495054244140625 0.72625082421875 0.496859697265625 0.731660765625 0.512680779296875 0.749508703125 0.52313573046875 0.77926901953125 0.545991421875 0.798783095703125 0.5783961953125 0.8074348359375 0.60163839453125 0.80226218359375 0.64675898046875 0.77673350390625 0.645309072265625 0.741431833984375 0.641411720703125 0.7304238125 0.654401798828125 0.7118701484375 0.609925228515625 0.688718404296875 0.557893802734375 0.67999022265625 0.538514771484375 0.680199185546875 0.508712109375 0.699943439453125
1 0.6005859375 0.626953125 0.015625 0.015625
1 0.5966796875 0.6484375 0.01171875 0.009765625
1 0.462890625 0.6123046875 0.025390625 0.021484375
1 0.51161223828125 0.688992998046875 0.5369290390625 0.6222150078125 0.536100880859375 0.622889033203125 0.51135646875 0.619866208984375 0.46816251171875 0.629194552734375 0.42227462109375 0.643943384765625 0.38998471875 0.660241345703125 0.377619154296875 0.676331208984375 0.385636169921875 0.690100607421875 0.439649357421875 0.6976801875 0.48499925390625 0.7031420234375 0.51161223828125 0.688992998046875
1 0.48904479296875 0.593855845703125 0.521652162109375 0.556766814453125 0.521127634765625 0.556704607421875 0.513985041015625 0.520751240234375 0.47999427734375 0.505477640625 0.4371655546875 0.495624650390625 0.40259221875 0.499596068359375 0.3881846328125 0.50778526171875 0.40055398046875 0.5408933515625 0.430725556640625 0.572339279296875 0.4662582734375 0.595357294921875 0.48904479296875 0.593855845703125
1 0.5703125 0.56640625 0.013671875 0.01171875
1 0.5625 0.5458984375 0.013671875 0.009765625
1 0.46875 0.4736328125 0.056640625 0.03515625
1 0.4619140625 0.4248046875 0.01171875 0.009765625
1 0.4443359375 0.431640625 0.013671875 0.013671875
1 0.451171875 0.396484375 0.005859375 0.0078125
1 0.462890625 0.3876953125 0.015625 0.01171875
1 0.5625 0.4140625 0.044921875 0.046875
0 0.547144375 0.53522329296875 0.555456765625 0.5409036328125 0.568858048828125 0.550361943359375 0.589414501953125 0.55364230078125 0.634818328125 0.556088443359375 0.658837716796875 0.544636650390625 0.6601196953125 0.526730705078125 0.667126654296875 0.505184880859375 0.66482149609375 0.47499791796875 0.643388662109375 0.454704904296875 0.62127795703125 0.43054593359375 0.604782044921875 0.428264703125 0.576350474609375 0.43362219140625 0.552872146484375 0.43365673046875 0.5182865703125 0.44619046484375 0.51477787890625 0.47215248046875 0.53324963671875 0.50040687109375 0.547144375 0.53522329296875
1 0.59765625 0.365234375 0.015625 0.01171875
1 0.5751953125 0.3310546875 0.013671875 0.01171875
1 0.5888671875 0.3076171875 0.01953125 0.013671875
1 0.490265921875 0.31887901171875 0.45919821875 0.29165348828125 0.437303 0.28440901171875 0.400345765625 0.2983953984375 0.39606778125 0.312000615234375 0.422873271484375 0.336977322265625 0.439675791015625 0.34841865234375 0.428797982421875 0.375537349609375 0.42331077734375 0.40370825390625 0.435847453125 0.4070967578125 0.453936296875 0.38731821875 0.48464184375 0.37739996484375 0.538563458984375 0.36501525 0.569054205078125 0.360518673828125 0.570643283203125 0.35624330859375 0.542634818359375 0.337823900390625 0.509467591796875 0.327340375 0.490265921875 0.31887901171875
1 0.471593146484375 0.20157818359375 0.444907384765625 0.219377806640625 0.415201994140625 0.229851046875 0.386096724609375 0.245694890625 0.389254875 0.25709154296875 0.41435790625 0.26710208984375 0.446639037109375 0.264820314453125 0.45791154296875 0.2867628671875 0.48765403515625 0.29338135546875 0.516934291015625 0.284241216796875 0.512099630859375 0.25630680859375 0.53256129296875 0.24143072265625 0.512157046875 0.20233221875 0.490514611328125 0.18591715625 0.471593146484375 0.20157818359375
1 0.4453125 0.26953125 0.009765625 0.01171875
1 0.44140625 0.2109375 0.029296875 0.01953125
0 0.5576171171875 0.279937021484375 0.61097855859375 0.29870067578125 0.654952919921875 0.263045060546875 0.646339169921875 0.24676584375 0.637402275390625 0.216500126953125 0.641224458984375 0.19816799609375 0.601265150390625 0.18356697265625 0.5681714609375 0.1829275546875 0.533718572265625 0.2114901875 0.523709080078125 0.2349739375 0.513218470703125 0.260847712890625 0.5576171171875 0.279937021484375
1 0.576171875 0.181640625 0.01953125 0.005859375
1 0.5927734375 0.162109375 0.015625 0.013671875
1 0.560546875 0.150390625 0.0546875 0.0390625
1 0.6015625 0.1357421875 0.021484375 0.021484375
1 0.625 0.1259765625 0.01171875 0.009765625
1 0.625 0.0849609375 0.015625 0.015625
0 0.5556640625 0.0478515625 0.123046875 0.095703125
1 0.44140625 0.0078125 0.015625 0.009765625
0 0.416015625 0.0517578125 0.064453125 0.076171875
1 0.4443359375 0.09375 0.005859375 0.009765625
1 0.439453125 0.1171875 0.00390625 0.009765625
1 0.4501953125 0.1474609375 0.021484375 0.01953125
1 0.4326171875 0.1806640625 0.0078125 0.005859375
1 0.33984375 0.18359375 0.015625 0.013671875
1 0.3427734375 0.251953125 0.013671875 0.009765625
0 0.33355393359375 0.225673962890625 0.341478560546875 0.19945369140625 0.329689017578125 0.1878544921875 0.26940125 0.191391140625 0.2313101171875 0.21032010546875 0.218907810546875 0.22749969921875 0.223635185546875 0.27761480859375 0.2564129921875 0.30095612890625 0.300711669921875 0.304020826171875 0.35070565234375 0.292231986328125 0.350963095703125 0.291416841796875 0.347217294921875 0.266232025390625 0.34037454296875 0.255481572265625 0.3370364375 0.24874265625 0.34913321484375 0.24616686328125 0.33355393359375 0.225673962890625
0 0.3605683671875 0.447707140625 0.331534658203125 0.428014322265625 0.311300646484375 0.420909078125 0.2799821875 0.42339790625 0.21998146484375 0.455501873046875 0.195616740234375 0.49800134375 0.20165359765625 0.5287872421875 0.24909351171875 0.5594844765625 0.30706979296875 0.572285556640625 0.335509236328125 0.571264380859375 0.391578439453125 0.55242690625 0.376998109375 0.525268927734375 0.37090748828125 0.506381798828125 0.380595505859375 0.485886892578125 0.3785668125 0.466138626953125 0.3605683671875 0.447707140625
1 0.388671875 0.4970703125 0.02734375 0.015625
0 0.2666015625 0.046875 0.166015625 0.083984375
1 0.271484375 0.0947265625 0.013671875 0.01171875
1 0.505859375 0.603515625 0.009765625 0.005859375
1 0.9658203125 0.4873046875 0.046875 0.0625
1 0.92578125 0.2392578125 0.029296875 0.021484375
1 0.93359375 0.1181640625 0.01171875 0.009765625
1 0.724609375 0.0908203125 0.05859375 0.046875