0 0.064453125 0.6552734375 0.119140625 0.1796875
1 0.0546875 0.5341796875 0.0234375 0.0234375
1 0.0849609375 0.521484375 0.013671875 0.013671875
1 0.041015625 0.4443359375 0.08203125 0.115234375
1 0.0771484375 0.267578125 0.015625 0.029296875
1 0.111328125 0.1787109375 0.021484375 0.02734375
1 0.1953125 0.3212890625 0.01171875 0.013671875
1 0.1943359375 0.435546875 0.11328125 0.154296875
1 0.189453125 0.458984375 0.013671875 0.01953125
1 0.15625 0.4736328125 0.017578125 0.013671875
0 0.263671875 0.2880859375 0.140625 0.17578125
1 0.376953125 0.251953125 0.01171875 0.013671875
1 0.26953125 0.439453125 0.013671875 0.013671875
1 0.25390625 0.453125 0.015625 0.01171875
1 0.3525390625 0.4462890625 0.015625 0.013671875
1 0.365234375 0.45703125 0.01171875 0.021484375
1 0.4482421875 0.4189453125 0.0859375 0.130859375
1 0.4931640625 0.232421875 0.03515625 0.046875
1 0.5732421875 0.4384765625 0.14453125 0.173828125
1 0.5029296875 0.4443359375 0.013671875 0.01953125
1 0.51171875 0.435546875 0.01171875 0.013671875
1 0.5263671875 0.4345703125 0.01171875 0.01171875
1 0.6416015625 0.3974609375 0.021484375 0.01953125
1 0.6416015625 0.435546875 0.013671875 0.01953125
1 0.4462890625 0.5263671875 0.01171875 0.01171875
1 0.423828125 0.57421875 0.107421875 0.080078125
0 0.525390625 0.5869140625 0.123046875 0.166015625
1 0.6318359375 0.552734375 0.087890625 0.08984375
1 0.6513671875 0.62890625 0.0390625 0.05859375
0 0.7548828125 0.578125 0.13671875 0.1875
1 0.6845703125 0.3916015625 0.01171875 0.017578125
1 0.6962890625 0.4326171875 0.01171875 0.015625
1 0.8037109375 0.4228515625 0.013671875 0.01171875
1 0.84375 0.4287109375 0.017578125 0.017578125
1 0.875 0.4228515625 0.01953125 0.021484375
0 0.5181099296875 0.218477154296875 0.479029845703125 0.253566419921875 0.44120807421875 0.30732157421875 0.44142224609375 0.34547374609375 0.48184414453125 0.3949215078125 0.553503107421875 0.37430911328125 0.568821419921875 0.280320025390625 0.550015876953125 0.208484830078125 0.5181099296875 0.218477154296875
0 0.931640625 0.2900390625 0.1171875 0.173828125
1 0.904296875 0.2060546875 0.0234375 0.0234375
1 0.9619140625 0.380859375 0.0390625 0.03125
0 0.9501953125 0.5546875 0.099609375 0.16796875
1 0.24609375 0.5400390625 0.01171875 0.013671875
0 0.33845876953125 0.60012735546875 0.311936576171875 0.573051064453125 0.27559222265625 0.5632587578125 0.240055130859375 0.588897298828125 0.229593177734375 0.619632865234375 0.2309482265625 0.673745080078125 0.267463173828125 0.690911826171875 0.31880440234375 0.68912233984375 0.3455510859375 0.636121744140625 0.33845876953125 0.60012735546875
0 0 0.3804769375 0.002942505859375 0.394105486328125 0.0363949609375 0.38484923046875 0.0867101796875 0.37327396484375 0.109364248046875 0.34814878125 0.084955763671875 0.288541359375 0.0655909296875 0.267493462890625 0.06284316796875 0.234115177734375 0.042974439453125 0.195213671875 0.011008759765625 0.18999853125 0 0.206964529296875 0 0.3804769375
0 0.684535263671875 0.30446570703125 0.70202688671875 0.369091033203125 0.740286337890625 0.43560273828125 0.790389763671875 0.40812186328125 0.815711203125 0.38282728515625 0.838586421875 0.3415033125 0.850297197265625 0.28819646875 0.847339181640625 0.249959607421875 0.79867766015625 0.22399527734375 0.744302115234375 0.23435794140625 0.70596397265625 0.26118466015625 0.684535263671875 0.30446570703125