1 0.087890625 0.4560546875 0.02734375 0.03515625
1 0.0234375 0.533203125 0.037109375 0.03125
1 0.060546875 0.5205078125 0.05078125 0.0390625
1 0.052734375 0.478515625 0.04296875 0.05078125
1 0.2041015625 0.556640625 0.05859375 0.060546875
1 0.1591796875 0.52734375 0.01171875 0.015625
1 0.0078125 0.6494140625 0.015625 0.048828125
1 0.155756443359375 0.534393076171875 0.14722559765625 0.517404189453125 0.126007578125 0.539983939453125 0.12216826171875 0.557279607421875 0.139885884765625 0.57654870703125 0.15461559375 0.576081794921875 0.16137402734375 0.5603954609375 0.162292435546875 0.547966505859375 0.155756443359375 0.534393076171875
1 0.105053705078125 0.557320755859375 0.05554153515625 0.549418837890625 0.045075400390625 0.551977173828125 0.039179541015625 0.572278642578125 0.02019628125 0.629074654296875 0.0138748046875 0.66060553515625 0.0356966015625 0.655281978515625 0.052023017578125 0.633250861328125 0.0760522421875 0.649927708984375 0.08698295703125 0.624956115234375 0.12090314453125 0.59884346484375 0.130818935546875 0.567447904296875 0.105053705078125 0.557320755859375
0 0.046511228515625 0.63292275390625 0.0405332421875 0.688349306640625 0.039647986328125 0.74419595703125 0.06772685546875 0.780022681640625 0.101943490234375 0.787412064453125 0.151064736328125 0.767756978515625 0.1730577265625 0.7224059765625 0.164041154296875 0.67514809375 0.14744826171875 0.63989148046875 0.14187018359375 0.590445181640625 0.127414271484375 0.594843046875 0.100276865234375 0.612179189453125 0.080023037109375 0.64150219140625 0.046511228515625 0.63292275390625
1 0.197265625 0.6865234375 0.01953125 0.017578125
0 0.26953125 0.708984375 0.154296875 0.197265625
1 0.345703125 0.6064453125 0.013671875 0.017578125
1 0.3916015625 0.6162109375 0.064453125 0.09375
1 0.4052734375 0.546875 0.015625 0.0234375
1 0.43359375 0.55078125 0.009765625 0.013671875
1 0.412109375 0.6865234375 0.015625 0.0234375
0 0.172230908203125 0.40103422265625 0.146484265625 0.394747892578125 0.120912640625 0.3863638671875 0.125192033203125 0.4186008125 0.130215884765625 0.459018033203125 0.129621490234375 0.48662637890625 0.1429624921875 0.505917693359375 0.1585381171875 0.511147130859375 0.175069615234375 0.47510212890625 0.202593630859375 0.45642328515625 0.216598056640625 0.4492180234375 0.21654676953125 0.425052015625 0.194554671875 0.405717537109375 0.172230908203125 0.40103422265625
1 0.12261088671875 0.38614230859375 0.14756803515625 0.39305820703125 0.176715712890625 0.3978297109375 0.196577884765625 0.403874708984375 0.213415400390625 0.41783044921875 0.231170505859375 0.43601244140625 0.24873690625 0.449501958984375 0.272337861328125 0.459103953125 0.28697545703125 0.46490558984375 0.288888775390625 0.44854703125 0.272830484375 0.421150951171875 0.254185263671875 0.396232142578125 0.24596523828125 0.34058823046875 0.234814927734375 0.309863748046875 0.22496498828125 0.278426 0.1908020859375 0.275533064453125 0.141387994140625 0.311680662109375 0.1085790234375 0.34391625 0.106561908203125 0.37540115625 0.12261088671875 0.38614230859375
1 0.234711140625 0.44293489453125 0.215320916015625 0.44283788671875 0.1990892109375 0.458614197265625 0.17880144921875 0.475140107421875 0.175946734375 0.495851462890625 0.18854804296875 0.519239294921875 0.19940958203125 0.547309525390625 0.211852611328125 0.55738208203125 0.22543958203125 0.5517937578125 0.246749384765625 0.528090849609375 0.263905380859375 0.489564369140625 0.257653671875 0.462895935546875 0.234711140625 0.44293489453125
1 0.267953650390625 0.50597840234375 0.26643610546875 0.519167380859375 0.272629451171875 0.523044322265625 0.284701640625 0.516797064453125 0.29926130859375 0.5165062421875 0.30432585546875 0.510919259765625 0.300309966796875 0.4878438203125 0.289965017578125 0.463441802734375 0.288764341796875 0.463985052734375 0.2757039296875 0.483142876953125 0.267953650390625 0.50597840234375
0 0.332750029296875 0.483714412109375 0.329692939453125 0.50052656640625 0.34847672265625 0.505336193359375 0.366228849609375 0.513050564453125 0.37433961328125 0.518388455078125 0.390978693359375 0.486721640625 0.400978728515625 0.471489158203125 0.4187173515625 0.4733535625 0.405447337890625 0.462162310546875 0.397089810546875 0.437632439453125 0.38468203125 0.39619802734375 0.372918935546875 0.37603269921875 0.35730462109375 0.376246345703125 0.3354357578125 0.39652171875 0.31262579296875 0.39191795703125 0.319625884765625 0.423048091796875 0.304698986328125 0.455177724609375 0.304428318359375 0.468018236328125 0.320747662109375 0.48106014453125 0.332750029296875 0.483714412109375
1 0.261731482421875 0.487025828125 0.27883108203125 0.473901326171875 0.295861775390625 0.4644697109375 0.315202095703125 0.44229066015625 0.318455544921875 0.419525328125 0.314880490234375 0.3979361328125 0.325637228515625 0.394054634765625 0.347516765625 0.387922228515625 0.367645189453125 0.36251246484375 0.36218475390625 0.3505377890625 0.337941583984375 0.33208065625 0.292931474609375 0.32203071875 0.253751486328125 0.38387523828125 0.2635470625 0.407246998046875 0.28187654296875 0.43574654296875 0.288689458984375 0.461881294921875 0.262077455078125 0.465029791015625 0.261731482421875 0.487025828125
1 0.29518644921875 0.587426998046875 0.316095072265625 0.58176635546875 0.32456166015625 0.559093671875 0.315740791015625 0.53606950390625 0.28773141796875 0.5136915078125 0.27118934375 0.521271208984375 0.267093646484375 0.5785974921875 0.29518644921875 0.587426998046875
1 0.31892323046875 0.517228517578125 0.32418746484375 0.548188328125 0.32245848828125 0.570472732421875 0.345319904296875 0.57398142578125 0.354580533203125 0.559305650390625 0.3627313515625 0.543241689453125 0.35489093359375 0.520654623046875 0.318073537109375 0.516383560546875 0.31892323046875 0.517228517578125
1 0.3671875 0.53125 0.021484375 0.029296875
1 0.4072265625 0.4384765625 0.015625 0.017578125
1 0.4697265625 0.423828125 0.046875 0.0625
1 0.5029296875 0.572265625 0.01171875 0.01953125
0 0.552298357421875 0.774664638671875 0.577865576171875 0.745537759765625 0.579534291015625 0.72295203515625 0.5765720859375 0.694022953125 0.56710121875 0.649434166015625 0.5542838125 0.648258068359375 0.547344533203125 0.637099125 0.53889415625 0.61960415234375 0.513919044921875 0.631457751953125 0.472539681640625 0.64768627734375 0.43246367578125 0.701706357421875 0.432855283203125 0.7203276328125 0.45363155078125 0.76235066015625 0.48541718359375 0.7946284375 0.51165547265625 0.795468107421875 0.552298357421875 0.774664638671875
1 0.4951171875 0.4638671875 0.01171875 0.015625
1 0.511959626953125 0.454339322265625 0.502286994140625 0.4652649296875 0.492024744140625 0.482098341796875 0.49325740625 0.505491431640625 0.501097494140625 0.526639900390625 0.52025353125 0.526667845703125 0.519452318359375 0.488423953125 0.518693837890625 0.461749642578125 0.511959626953125 0.454339322265625
0 0.54644162890625 0.363856068359375 0.49246765234375 0.403768705078125 0.49876385546875 0.4539949453125 0.5129401171875 0.4606007265625 0.522177068359375 0.48833587890625 0.549556556640625 0.50924816796875 0.575025666015625 0.49007048046875 0.608316564453125 0.45924733203125 0.605346435546875 0.4280868359375 0.59264805078125 0.394915181640625 0.566127779296875 0.35557234765625 0.54644162890625 0.363856068359375
1 0.574857005859375 0.572201806640625 0.578973552734375 0.53965793359375 0.58386075 0.526800220703125 0.5764511796875 0.510869369140625 0.558350318359375 0.4968805234375 0.535506693359375 0.515222912109375 0.527910603515625 0.51741615234375 0.524395416015625 0.57748526953125 0.534786884765625 0.59183299609375 0.553667060546875 0.5886032578125 0.574857005859375 0.572201806640625
1 0.66627406640625 0.559163505859375 0.66527624609375 0.530075861328125 0.643686875 0.53544674609375 0.643336673828125 0.551946697265625 0.65696227734375 0.563964650390625 0.66627406640625 0.559163505859375
1 0.601012787109375 0.586975296875 0.611151208984375 0.587650267578125 0.620059693359375 0.59375087109375 0.6191651953125 0.609402943359375 0.612202447265625 0.63282905078125 0.62080394140625 0.654211099609375 0.631656041015625 0.64687521484375 0.6435360234375 0.619898080078125 0.656263970703125 0.6021829375 0.6760375859375 0.59495096875 0.6861430234375 0.5695653203125 0.676363302734375 0.56318995703125 0.657553478515625 0.563443548828125 0.64679865234375 0.556734017578125 0.6369720078125 0.544922736328125 0.626645654296875 0.5250727421875 0.602538349609375 0.50166091796875 0.579761505859375 0.5033644609375 0.58954121484375 0.52403252734375 0.602389392578125 0.56305500390625 0.601012787109375 0.586975296875
1 0.545640076171875 0.625461298828125 0.5466459609375 0.645946689453125 0.55894026953125 0.649783302734375 0.594160439453125 0.63182310546875 0.61642174609375 0.6022679453125 0.60699985546875 0.58622122265625 0.60064653125 0.572505357421875 0.60637326953125 0.564587669921875 0.600176111328125 0.557546294921875 0.5749550234375 0.555765595703125 0.563509830078125 0.5864683515625 0.545640076171875 0.625461298828125
1 0.71676270703125 0.589032087890625 0.728028228515625 0.60406030859375 0.74195627734375 0.5913917890625 0.753864177734375 0.559362404296875 0.747518279296875 0.54324028125 0.72002638671875 0.51683265625 0.711084349609375 0.55957103125 0.71676270703125 0.589032087890625
1 0.776906193359375 0.5591535859375 0.745987564453125 0.556198892578125 0.742671958984375 0.566253064453125 0.74569373046875 0.587493162109375 0.746430349609375 0.6038891328125 0.761600712890625 0.607438056640625 0.775699568359375 0.5937691796875 0.7841400390625 0.5637325546875 0.776906193359375 0.5591535859375
0 0.770519849609375 0.760265306640625 0.781938451171875 0.74504048828125 0.7832550703125 0.7303702734375 0.767352876953125 0.707986517578125 0.77464519921875 0.674321705078125 0.768063251953125 0.6197591640625 0.765245123046875 0.605453125 0.743369365234375 0.61487523046875 0.7273152265625 0.637324240234375 0.7078269375 0.630278677734375 0.67273825390625 0.63381990234375 0.65606807421875 0.6486449609375 0.6491983125 0.700357798828125 0.65113769921875 0.747688103515625 0.67006774609375 0.7761349296875 0.70808165234375 0.7867170390625 0.74030494921875 0.778344791015625 0.770519849609375 0.760265306640625
1 0.77734375 0.7041015625 0.01171875 0.013671875
1 0.845703125 0.5673828125 0.064453125 0.0390625
1 0.9408435234375 0.556735828125 0.925922365234375 0.54675976171875 0.897497701171875 0.534503701171875 0.87299090234375 0.515671345703125 0.865960826171875 0.544351640625 0.874193482421875 0.583679677734375 0.86116365625 0.582400435546875 0.82319512109375 0.584131712890625 0.822370595703125 0.59966587109375 0.86572699609375 0.6226143515625 0.931162390625 0.62899755078125 0.943403755859375 0.616623193359375 0.937879333984375 0.594713271484375 0.9408435234375 0.556735828125
0 0.88870959765625 0.761984517578125 0.920947091796875 0.774815080078125 0.945135427734375 0.76961094921875 0.967323685546875 0.73355166796875 0.969934125 0.694883765625 0.95592036328125 0.674803806640625 0.930662021484375 0.62849103125 0.88746723046875 0.641817294921875 0.857190283203125 0.67456819921875 0.8671646796875 0.735108208984375 0.88870959765625 0.761984517578125
0 0.93359375 0.44140625 0.1328125 0.171875
0 0.79644065625 0.443194591796875 0.7890700625 0.41353748828125 0.78419365625 0.39019299609375 0.776305017578125 0.381476814453125 0.759344548828125 0.372896978515625 0.735487666015625 0.36771766796875 0.681959212890625 0.44989658203125 0.673046998046875 0.486714923828125 0.683202740234375 0.505885216796875 0.708179921875 0.53746437109375 0.7274216015625 0.53170153125 0.75876328515625 0.5308060546875 0.7888184375 0.512670181640625 0.80086139453125 0.478279341796875 0.79644065625 0.443194591796875
1 0.6650390625 0.4697265625 0.01953125 0.013671875