0 0.5947265625 0.96484375 0.158203125 0.0703125
1 0.484375 0.96875 0.0625 0.0625
1 0.4326171875 0.9638671875 0.033203125 0.029296875
1 0.4501953125 0.9482421875 0.029296875 0.021484375
1 0.3720703125 0.97265625 0.05078125 0.03125
1 0.44921875 0.9072265625 0.07421875 0.08203125
1 0.50390625 0.80078125 0.01953125 0.015625
1 0.408820927734375 0.805732796875 0.4589867734375 0.81590279296875 0.4768362578125 0.80534681640625 0.49750191796875 0.751814552734375 0.48516446875 0.741765162109375 0.45546822265625 0.7626870078125 0.42743178515625 0.774972552734375 0.409856978515625 0.805044560546875 0.408820927734375 0.805732796875
1 0.40075801171875 0.833052234375 0.425859462890625 0.867430330078125 0.456287669921875 0.875068853515625 0.500988009765625 0.854917830078125 0.52701503125 0.819444693359375 0.513896916015625 0.810988587890625 0.450227451171875 0.814412453125 0.409342041015625 0.8362708203125 0.40075801171875 0.833052234375
0 0.313050494140625 0.895987751953125 0.292313798828125 0.92109248046875 0.251517431640625 0.94619611328125 0.274923375 0.95918891015625 0.31352410546875 0.96881315234375 0.33314578125 0.96286066015625 0.3760980234375 0.9367422578125 0.33400841796875 0.887295796875 0.313050494140625 0.895987751953125
1 0.242781380859375 0.8898715625 0.248416185546875 0.90832902734375 0.2897270546875 0.917513359375 0.315024021484375 0.89182426953125 0.297565318359375 0.8634148359375 0.243417767578125 0.888187720703125 0.242781380859375 0.8898715625
1 0.308555513671875 0.858634517578125 0.32139844921875 0.87649550390625 0.34491322265625 0.903205134765625 0.381675953125 0.92653741796875 0.41336651171875 0.92044153125 0.418715328125 0.878555998046875 0.412251935546875 0.841401591796875 0.41585162109375 0.785315697265625 0.3577788125 0.770329296875 0.329277154296875 0.791571619140625 0.309883962890625 0.8212834453125 0.30586501953125 0.855799015625 0.308555513671875 0.858634517578125
1 0.2607421875 0.8037109375 0.130859375 0.134765625
1 0.419921875 0.755859375 0.0625 0.056640625
1 0.509765625 0.6953125 0.048828125 0.064453125
1 0.6650390625 0.8720703125 0.03515625 0.03125
0 0.6982905546875 0.780010271484375 0.669561076171875 0.764348224609375 0.60573841796875 0.752595744140625 0.59839962109375 0.795912833984375 0.5547003515625 0.798215837890625 0.570358673828125 0.83887959765625 0.59928765625 0.86335263671875 0.636307056640625 0.8729473828125 0.67498640625 0.839127126953125 0.703191794921875 0.81954294921875 0.6982905546875 0.780010271484375
1 0.5940780546875 0.69707173828125 0.538790732421875 0.699219994140625 0.52211681640625 0.722952005859375 0.558952990234375 0.792222939453125 0.592354236328125 0.79882278515625 0.601305265625 0.787391453125 0.613724337890625 0.7494919921875 0.672439935546875 0.7179381796875 0.648892478515625 0.702957091796875 0.5940780546875 0.69707173828125
1 0.700966126953125 0.621402626953125 0.685852359375 0.646523431640625 0.659488564453125 0.6480138515625 0.61906894140625 0.642338697265625 0.606022845703125 0.61863592578125 0.58529964453125 0.622314171875 0.573074462890625 0.65387575390625 0.604097859375 0.686657728515625 0.67827758203125 0.719285833984375 0.71917121875 0.70448537890625 0.7645354140625 0.654589677734375 0.7386001953125 0.6251930859375 0.700966126953125 0.621402626953125
0 0.60656609765625 0.60856167578125 0.625739494140625 0.64461025390625 0.662771294921875 0.645078076171875 0.6969536640625 0.63694753515625 0.726331892578125 0.612025734375 0.7369909609375 0.560240052734375 0.682156875 0.53696974609375 0.61741067578125 0.531740658203125 0.598307228515625 0.567331251953125 0.60656609765625 0.60856167578125
1 0.58203125 0.5146484375 0.08203125 0.078125
1 0.6259765625 0.44921875 0.052734375 0.041015625
1 0.671875 0.47265625 0.015625 0.015625
1 0.49421964453125 0.467552947265625 0.531217919921875 0.482543490234375 0.560331783203125 0.482147447265625 0.595246814453125 0.46983958984375 0.6078541484375 0.438995001953125 0.579472923828125 0.405625705078125 0.5215463125 0.40020516015625 0.476545361328125 0.452623701171875 0.49421964453125 0.467552947265625
1 0.53759630859375 0.646001904296875 0.570817083984375 0.64135790234375 0.602572830078125 0.60690039453125 0.594228953125 0.5710943515625 0.533455326171875 0.52110580078125 0.51888488671875 0.52702501953125 0.483430814453125 0.580829388671875 0.468483203125 0.6318746484375 0.53759630859375 0.646001904296875
0 0.36210414453125 0.4699933359375 0.353357431640625 0.481665984375 0.341512615234375 0.53602126953125 0.34619878125 0.5380294140625 0.389507626953125 0.5815321015625 0.4368601875 0.5638076484375 0.48975465625 0.55751621875 0.483858171875 0.5338147734375 0.460661845703125 0.50419045703125 0.423653080078125 0.490110568359375 0.36210414453125 0.4699933359375
1 0.298828125 0.4716796875 0.1015625 0.087890625
1 0.261464451171875 0.539574716796875 0.178402876953125 0.495503583984375 0.138367005859375 0.493735609375 0.0907236484375 0.511038759765625 0.075799994140625 0.5401955234375 0.068510298828125 0.565218224609375 0.130961720703125 0.59588333203125 0.13079652734375 0.667561638671875 0.234252416015625 0.719625193359375 0.247127375 0.732146353515625 0.29564955859375 0.75518087890625 0.3602021171875 0.7714313984375 0.372012646484375 0.757444689453125 0.36736007421875 0.738408052734375 0.387289064453125 0.71589499609375 0.45023141796875 0.72327568359375 0.468881697265625 0.680382533203125 0.5197475078125 0.650703015625 0.520207634765625 0.62527818359375 0.46898140625 0.631150830078125 0.4723793984375 0.611655865234375 0.470730984375 0.57490319140625 0.453814923828125 0.566992533203125 0.42154394921875 0.5633703671875 0.383250154296875 0.573894578125 0.371218849609375 0.548585005859375 0.3482266015625 0.510239671875 0.324978041015625 0.5084836328125 0.295759673828125 0.54723084765625 0.261464451171875 0.539574716796875
1 0.38671875 0.470703125 0.01953125 0.013671875
1 0.3916015625 0.462890625 0.015625 0.013671875
1 0.419921875 0.4736328125 0.01953125 0.013671875
1 0.4638671875 0.4892578125 0.01171875 0.009765625
1 0.4052734375 0.419921875 0.02734375 0.015625
1 0.388671875 0.3779296875 0.0234375 0.017578125
1 0.4072265625 0.390625 0.017578125 0.015625
1 0.421875 0.3984375 0.017578125 0.013671875
1 0.4423828125 0.4111328125 0.015625 0.01171875
1 0.4423828125 0.3994140625 0.02734375 0.015625
1 0.44140625 0.37109375 0.017578125 0.013671875
1 0.4013671875 0.32421875 0.01171875 0.01171875
1 0.388671875 0.3134765625 0.01953125 0.013671875
1 0.3798828125 0.2939453125 0.0234375 0.01953125
1 0.59375 0.34765625 0.046875 0.0546875
1 0.6328125 0.3271484375 0.0546875 0.0625
0 0.7021484375 0.3974609375 0.140625 0.125
1 0.7119140625 0.3193359375 0.099609375 0.068359375
1 0.564453125 0.294921875 0.025390625 0.0234375
1 0.619140625 0.26171875 0.07421875 0.072265625
1 0.5625 0.357421875 0.015625 0.01171875
0 0.463679138671875 0.392830453125 0.513402796875 0.36466341015625 0.51268109765625 0.30395350390625 0.470404615234375 0.286952021484375 0.43288003515625 0.293971015625 0.397504140625 0.283152541015625 0.40436720703125 0.32165135546875 0.39546709375 0.341927189453125 0.417503720703125 0.376694041015625 0.441267244140625 0.36344165625 0.463679138671875 0.392830453125
1 0.453125 0.275390625 0.0390625 0.033203125
1 0.4306640625 0.291015625 0.017578125 0.013671875
1 0.421875 0.2734375 0.01953125 0.015625
1 0.384765625 0.2578125 0.03125 0.0234375
1 0.4091796875 0.2529296875 0.015625 0.013671875
1 0.359375 0.2490234375 0.025390625 0.01953125
1 0.4443359375 0.224609375 0.041015625 0.05859375
1 0.4990234375 0.2412109375 0.109375 0.083984375
1 0.501953125 0.205078125 0.0859375 0.041015625
1 0.3583984375 0.130859375 0.0390625 0.041015625
0 0.558333115234375 0.120184037109375 0.511283880859375 0.090287830078125 0.4471582265625 0.08887052734375 0.428080376953125 0.12280662890625 0.415791412109375 0.147639921875 0.442188365234375 0.181399798828125 0.482485884765625 0.181755275390625 0.528021130859375 0.177905103515625 0.55417506640625 0.144792044921875 0.558333115234375 0.120184037109375
1 0.587890625 0.1455078125 0.044921875 0.037109375
1 0.677406736328125 0.16723250390625 0.669447279296875 0.1530653125 0.633063865234375 0.14264264453125 0.592667330078125 0.164718755859375 0.592165666015625 0.172682623046875 0.607470650390625 0.20287419140625 0.6431451328125 0.200178587890625 0.677406736328125 0.16723250390625
1 0.666015625 0.0986328125 0.064453125 0.052734375
1 0.6474609375 0.06640625 0.017578125 0.013671875
1 0.787109375 0.2685546875 0.03515625 0.03125
0 0.811659177734375 0.143919033203125 0.76608273046875 0.12819955078125 0.69893179296875 0.13388259765625 0.690490666015625 0.167545876953125 0.690433609375 0.2001749921875 0.69850828125 0.240470935546875 0.751976650390625 0.261658068359375 0.781471244140625 0.255605759765625 0.832022888671875 0.220914134765625 0.852269982421875 0.1752972265625 0.811659177734375 0.143919033203125
1 0.5224609375 0.0576171875 0.03125 0.03125
1 0.625 0.0224609375 0.05859375 0.02734375
1 0.4619140625 0.0625 0.029296875 0.0234375
1 0.4619140625 0.03125 0.03125 0.0234375
1 0.4736328125 0.0166015625 0.021484375 0.017578125
1 0.4814453125 0.0029296875 0.029296875 0.005859375
1 0.4912109375 0.0078125 0.015625 0.013671875
1 0.505859375 0.0302734375 0.03515625 0.03515625
1 0.416015625 0.1904296875 0.013671875 0.009765625