1 0.39453125 0.845703125 0.0341796875 0.0439453125
0 0.333984375 0.9267578125 0.142578125 0.1328125
1 0.509765625 0.9365234375 0.064453125 0.064453125
1 0.59765625 0.9541015625 0.0283203125 0.0126953125
0 0.6171875 0.8984375 0.162109375 0.107421875
1 0.5869140625 0.7822265625 0.0498046875 0.0341796875
1 0.63671875 0.810546875 0.009765625 0.009765625
1 0.560546875 0.708984375 0.0126953125 0.009765625
0 0.62890625 0.6630859375 0.1845703125 0.115234375
1 0.4609375 0.896484375 0.009765625 0.0126953125
1 0.458984375 0.8505859375 0.009765625 0.009765625
1 0.458984375 0.830078125 0.009765625 0.0126953125
1 0.4677734375 0.8037109375 0.009765625 0.009765625
1 0.4501953125 0.779296875 0.0126953125 0.009765625
1 0.490234375 0.736328125 0.009765625 0.005859375
1 0.501953125 0.7353515625 0.009765625 0.005859375
1 0.482421875 0.7265625 0.009765625 0.005859375
1 0.4892578125 0.6162109375 0.009765625 0.0126953125
1 0.4990234375 0.662109375 0.015625 0.005859375
1 0.458984375 0.59765625 0.021484375 0.013671875
1 0.505859375 0.564453125 0.052734375 0.041015625
1 0.5146484375 0.6064453125 0.0078125 0.0048828125
1 0.4521484375 0.5283203125 0.017578125 0.0126953125
1 0.455078125 0.4912109375 0.005859375 0.005859375
1 0.650390625 0.505859375 0.015625 0.009765625
0 0.6484375 0.455078125 0.1875 0.123046875
1 0.65234375 0.3408203125 0.09375 0.1044921875
1 0.5380859375 0.3623046875 0.046875 0.03125
1 0.5087890625 0.390625 0.0126953125 0.0126953125
1 0.49609375 0.34765625 0.025390625 0.029296875
1 0.4892578125 0.2646484375 0.072265625 0.048828125
1 0.466796875 0.2568359375 0.015625 0.025390625
1 0.453125 0.2333984375 0.025390625 0.0341796875
1 0.453125 0.2021484375 0.0185546875 0.0126953125
0 0.337890625 0.283203125 0.1328125 0.119140625
1 0.291015625 0.1796875 0.044921875 0.056640625
0 0.3544921875 0.068359375 0.1796875 0.134765625
1 0.5 0.138671875 0.041015625 0.078125
1 0.4931640625 0.0625 0.0546875 0.037109375
1 0.49609375 0.02734375 0.0126953125 0.0107421875
0 0.640625 0.052734375 0.140625 0.10546875
1 0.599609375 0.0078125 0.009765625 0.0078125
1 0.615234375 0.0302734375 0.0234375 0.0126953125
1 0.6484375 0.1142578125 0.009765625 0.009765625
0 0.611328125 0.2392578125 0.1376953125 0.1015625
1 0.57421875 0.236328125 0.009765625 0.0126953125
1 0.5888671875 0.341796875 0.015625 0.009765625
1 0.6005859375 0.326171875 0.0185546875 0.015625
1 0.6533203125 0.7880859375 0.0078125 0.005859375
0 0.400390625 0.705078125 0.03125 0.0234375
0 0.326171875 0.4599609375 0.1875 0.1279296875
1 0.3349609375 0.544921875 0.111328125 0.0419921875
0 0.3076171875 0.703125 0.1484375 0.1298828125