0 0.0390625 0.431640625 0.078125 0.12890625
1 0.1220703125 0.41015625 0.01171875 0.009765625
1 0.134765625 0.423828125 0.0078125 0.01171875
1 0.0771484375 0.5732421875 0.02734375 0.015625
1 0.1181640625 0.5380859375 0.013671875 0.015625
1 0.1162109375 0.5634765625 0.009765625 0.01171875
1 0.0419921875 0.5419921875 0.01171875 0.01171875
0 0.212890625 0.373046875 0.171875 0.19140625
1 0.2978515625 0.3955078125 0.0078125 0.01171875
1 0.30078125 0.37109375 0.01171875 0.01171875
1 0.310546875 0.37890625 0.009765625 0.01171875
1 0.302734375 0.34765625 0.009765625 0.013671875
1 0.3154296875 0.35546875 0.009765625 0.01171875
1 0.2744140625 0.2646484375 0.009765625 0.01171875
1 0.3330078125 0.3818359375 0.0078125 0.0078125
1 0.388671875 0.427734375 0.025390625 0.037109375
1 0.3671875 0.3896484375 0.095703125 0.11328125
1 0.5224609375 0.5029296875 0.072265625 0.1015625
0 0.62109375 0.3046875 0.1875 0.2109375
0 0.841796875 0.255859375 0.15234375 0.1640625
0 0.9140625 0.5283203125 0.15625 0.19921875
1 0.9833984375 0.50390625 0.033203125 0.03515625
1 0.994140625 0.5283203125 0.01171875 0.01171875
1 0.9228515625 0.4833984375 0.015625 0.015625
1 0.8466796875 0.4697265625 0.009765625 0.01171875
1 0.884765625 0.4375 0.0078125 0.01171875
1 0.8994140625 0.435546875 0.0078125 0.0078125
1 0.912109375 0.4453125 0.01171875 0.009765625
1 0.8525390625 0.5283203125 0.01171875 0.013671875
1 0.841796875 0.544921875 0.015625 0.015625
1 0.802734375 0.5361328125 0.009765625 0.013671875
1 0.7978515625 0.5888671875 0.017578125 0.021484375
1 0.775390625 0.5712890625 0.03125 0.03515625
1 0.7568359375 0.5546875 0.015625 0.015625
1 0.7666015625 0.533203125 0.015625 0.015625
1 0.75 0.62890625 0.009765625 0.009765625
1 0.6162109375 0.58203125 0.03125 0.033203125
1 0.6201171875 0.6103515625 0.015625 0.021484375
1 0.6513671875 0.5859375 0.013671875 0.017578125
0 0.6953125 0.6005859375 0.169921875 0.20703125
1 0.599609375 0.5185546875 0.01171875 0.013671875
1 0.59375 0.537109375 0.015625 0.017578125
1 0.5751953125 0.541015625 0.005859375 0.005859375
1 0.5615234375 0.5634765625 0.0078125 0.01171875
1 0.5419921875 0.5810546875 0.017578125 0.017578125
1 0.5859375 0.638671875 0.015625 0.025390625
1 0.6083984375 0.6455078125 0.009765625 0.013671875
1 0.6064453125 0.6826171875 0.01171875 0.015625
1 0.6171875 0.6845703125 0.01171875 0.013671875
1 0.5908203125 0.466796875 0.01171875 0.013671875
1 0.591796875 0.4921875 0.0078125 0.009765625
1 0.6142578125 0.4833984375 0.0078125 0.009765625
1 0.673828125 0.4697265625 0.0078125 0.009765625
1 0.6845703125 0.4716796875 0.005859375 0.0078125
1 0.7490234375 0.4697265625 0.009765625 0.01171875
1 0.76953125 0.4716796875 0.033203125 0.029296875
1 0.755859375 0.4150390625 0.015625 0.017578125
1 0.7822265625 0.451171875 0.005859375 0.0078125
1 0.8154296875 0.421875 0.0078125 0.009765625
1 0.8984375 0.3955078125 0.013671875 0.015625
1 0.9248046875 0.3984375 0.009765625 0.009765625
1 0.4267578125 0.6259765625 0.013671875 0.015625
1 0.40625 0.6279296875 0.013671875 0.013671875
1 0.45703125 0.689453125 0.0078125 0.009765625
0 0.4814453125 0.625 0.166015625 0.205078125
1 0.40234375 0.548828125 0.0078125 0.01171875
1 0.4033203125 0.5390625 0.005859375 0.009765625
1 0.4140625 0.537109375 0.009765625 0.01171875
1 0.4248046875 0.533203125 0.009765625 0.015625
1 0.4248046875 0.51953125 0.009765625 0.0078125
1 0.341796875 0.66015625 0.0390625 0.0546875
0 0.2646484375 0.6953125 0.171875 0.203125
1 0.3408203125 0.7099609375 0.01953125 0.025390625
1 0.19921875 0.693359375 0.013671875 0.015625
1 0.2080078125 0.6572265625 0.01171875 0.017578125
1 0.2060546875 0.6416015625 0.009765625 0.01171875
1 0.2177734375 0.630859375 0.0078125 0.01171875
1 0.251953125 0.6328125 0.009765625 0.015625
1 0.162109375 0.720703125 0.01171875 0.01953125
1 0.150390625 0.6953125 0.01953125 0.021484375
1 0.16796875 0.6748046875 0.015625 0.015625
0 0.08203125 0.7431640625 0.11328125 0.1875
0 0.4208984375 0.3232421875 0.12890625 0.1484375