0 0.3544921875 0.96484375 0.1904296875 0.0703125
1 0.4580078125 0.9248046875 0.013671875 0.009765625
0 0.361328125 0.8076171875 0.173828125 0.111328125
1 0.2939453125 0.71484375 0.0126953125 0.0126953125
1 0.470703125 0.6953125 0.029296875 0.0126953125
1 0.46875 0.861328125 0.0126953125 0.009765625
1 0.501953125 0.908203125 0.0185546875 0.0205078125
1 0.4970703125 0.830078125 0.0126953125 0.009765625
1 0.4970703125 0.634765625 0.021484375 0.029296875
0 0.373046875 0.58984375 0.169921875 0.1220703125
0 0.388671875 0.373046875 0.1826171875 0.138671875
0 0.357421875 0.150390625 0.181640625 0.1123046875
0 0.623046875 0.03515625 0.1669921875 0.0703125
0 0.6279296875 0.1787109375 0.173828125 0.15625
0 0.654296875 0.3984375 0.1904296875 0.1376953125
0 0.615234375 0.58984375 0.1376953125 0.099609375
1 0.666015625 0.6875 0.0185546875 0.0126953125
0 0.6376953125 0.783203125 0.181640625 0.119140625
0 0.6083984375 0.9541015625 0.130859375 0.091796875
1 0.013671875 0.416015625 0.025390625 0.0205078125
1 0.0234375 0.505859375 0.017578125 0.0126953125
1 0.01953125 0.263671875 0.0205078125 0.021484375
1 0.029296875 0.3203125 0.017578125 0.017578125
1 0.021484375 0.2109375 0.025390625 0.021484375
1 0.0458984375 0.0302734375 0.0185546875 0.0126953125
1 0.021484375 0.646484375 0.0185546875 0.0126953125
1 0.017578125 0.630859375 0.009765625 0.009765625
1 0.0126953125 0.595703125 0.015625 0.0107421875
0 0.3720703125 0.017578125 0.111328125 0.03515625