1 0.060546875 0.279296875 0.0107421875 0.015625
1 0.0361328125 0.37890625 0.0439453125 0.0654296875
0 0.16868509765625 0.297239369140625 0.131519458984375 0.27879452734375 0.0804307734375 0.264223787109375 0.079621994140625 0.263428068359375 0.060453439453125 0.2947530859375 0.0491174765625 0.324012453125 0.050310048828125 0.36203676953125 0.05633720703125 0.396929119140625 0.074390552734375 0.42558566796875 0.1257374453125 0.431650001953125 0.18585732421875 0.4150819296875 0.19475791015625 0.38847629296875 0.187651708984375 0.33635679296875 0.16868509765625 0.297239369140625
1 0.0224609375 0.470703125 0.017578125 0.029296875
1 0.123046875 0.5458984375 0.015625 0.0126953125
1 0.03695666015625 0.563134966796875 0.04341081640625 0.57970973828125 0.09483607421875 0.58885111328125 0.1185870390625 0.583709759765625 0.11669519921875 0.5579520859375 0.10646440234375 0.518594875 0.09410666796875 0.4940776640625 0.067953478515625 0.514190296875 0.05977828515625 0.54038467578125 0.03695666015625 0.563134966796875
1 0.13588485546875 0.58032862890625 0.116512345703125 0.55898491015625 0.10762984765625 0.581790123046875 0.096586251953125 0.595192740234375 0.108868634765625 0.61607831640625 0.135819548828125 0.604043423828125 0.13588485546875 0.58032862890625
1 0.1640625 0.560546875 0.046875 0.056640625
1 0.208984375 0.5712890625 0.0205078125 0.0234375
0 0.1171875 0.693359375 0.154296875 0.1640625
1 0.025390625 0.716796875 0.015625 0.017578125
1 0.244140625 0.662109375 0.005859375 0.009765625
1 0.23828125 0.6494140625 0.005859375 0.0078125
1 0.2578125 0.5771484375 0.009765625 0.0107421875
1 0.244140625 0.541015625 0.013671875 0.009765625
1 0.2646484375 0.515625 0.009765625 0.009765625
1 0.330078125 0.759765625 0.021484375 0.025390625
1 0.3935546875 0.7626953125 0.041015625 0.033203125
1 0.439453125 0.7119140625 0.015625 0.015625
1 0.455078125 0.69921875 0.0126953125 0.0126953125
0 0.2958180625 0.65352526953125 0.291505916015625 0.670792609375 0.267273703125 0.700164501953125 0.306249798828125 0.776356470703125 0.32078169140625 0.759006076171875 0.33643180859375 0.7490462109375 0.37080841796875 0.76736646875 0.37595747265625 0.75486137890625 0.396471314453125 0.74391021484375 0.42901937890625 0.71491073046875 0.43091423046875 0.678138931640625 0.399905357421875 0.63828339453125 0.3579654140625 0.616371689453125 0.32894884765625 0.62737241796875 0.2958180625 0.65352526953125
1 0.349463693359375 0.616133240234375 0.379915966796875 0.6025162890625 0.3789112734375 0.57924087890625 0.35743091796875 0.5414108046875 0.35650559375 0.559796703125 0.33877776953125 0.58493414453125 0.320075392578125 0.59403533203125 0.315855677734375 0.597026642578125 0.31227494921875 0.601817021484375 0.31683826953125 0.608947669921875 0.31738683203125 0.608367626953125 0.349463693359375 0.616133240234375
1 0.2861328125 0.5439453125 0.005859375 0.0107421875
1 0.28250687109375 0.520668564453125 0.323412986328125 0.53844494921875 0.3302469140625 0.5720164609375 0.346936888671875 0.5537685390625 0.35659501171875 0.5231427890625 0.352343146484375 0.51058947265625 0.35148312890625 0.490508990234375 0.37406764453125 0.499529802734375 0.39141669921875 0.475557806640625 0.38051576953125 0.44236137890625 0.36285726953125 0.447265625 0.327081123046875 0.46173455859375 0.282822345703125 0.494793005859375 0.28250687109375 0.520668564453125
1 0.4716796875 0.576171875 0.0341796875 0.0341796875
1 0.46694958984375 0.5684826171875 0.478339802734375 0.55408468359375 0.479316365234375 0.51836982421875 0.466320650390625 0.489227001953125 0.4470767421875 0.5055901171875 0.44659750390625 0.538324384765625 0.4472204140625 0.5494349609375 0.433158716796875 0.57190929296875 0.433158716796875 0.584883240234375 0.437847623046875 0.598326044921875 0.439667990234375 0.600022728515625 0.45511429296875 0.5840071484375 0.46694958984375 0.5684826171875
1 0.3802656015625 0.47541580859375 0.350334763671875 0.497539169921875 0.359841177734375 0.537016943359375 0.37426657421875 0.54760105859375 0.3974257734375 0.5859375 0.40560699609375 0.628943759765625 0.405320658203125 0.62976225 0.41231935546875 0.63169662109375 0.42131538671875 0.61483249609375 0.433800716796875 0.583412369140625 0.448792759765625 0.551118826171875 0.446673861328125 0.53766396484375 0.42416168359375 0.50716949609375 0.43944207421875 0.4775966640625 0.429423265625 0.43855559765625 0.41377716796875 0.437406228515625 0.3802656015625 0.47541580859375
1 0.4501953125 0.466796875 0.0205078125 0.037109375
1 0.4638671875 0.4482421875 0.013671875 0.013671875
1 0.2939453125 0.4140625 0.017578125 0.033203125
1 0.224609375 0.3623046875 0.013671875 0.0341796875
1 0.224609375 0.392578125 0.0126953125 0.015625
1 0.234375 0.4013671875 0.0078125 0.015625
1 0.259765625 0.3779296875 0.0498046875 0.0830078125
1 0.306640625 0.3212890625 0.0078125 0.009765625
1 0.447265625 0.3544921875 0.017578125 0.0205078125
1 0.44921875 0.380859375 0.021484375 0.033203125
1 0.451171875 0.4111328125 0.009765625 0.0107421875
1 0.46875 0.384765625 0.0126953125 0.0205078125
1 0.482421875 0.390625 0.0078125 0.0107421875
1 0.494140625 0.400390625 0.009765625 0.015625
1 0.4345703125 0.291015625 0.0078125 0.009765625
1 0.4638671875 0.294921875 0.0185546875 0.021484375
1 0.4658203125 0.271484375 0.025390625 0.025390625
1 0.3154296875 0.3349609375 0.0078125 0.0126953125
0 0.38733864453125 0.42530971484375 0.42427722265625 0.390811203125 0.42414862109375 0.3485296640625 0.41846305859375 0.29479997265625 0.41781503125 0.29394933203125 0.402900349609375 0.282838755859375 0.35408026171875 0.27087351953125 0.330121326171875 0.281095947265625 0.315062974609375 0.299870328125 0.319854359375 0.339423119140625 0.31456766015625 0.36068780078125 0.31311085546875 0.39496259765625 0.32348733203125 0.40777177734375 0.357859921875 0.424346546875 0.38733864453125 0.42530971484375
1 0.5302734375 0.4248046875 0.0107421875 0.013671875
1 0.48046875 0.4365234375 0.009765625 0.0107421875
0 0.623160314453125 0.317172375 0.609938908203125 0.285917990234375 0.583964646484375 0.254769921875 0.566959470703125 0.257018974609375 0.53700251171875 0.27022832421875 0.525379939453125 0.2945196328125 0.527737498046875 0.34408209765625 0.532685251953125 0.376991486328125 0.55012609765625 0.41144627734375 0.58530454296875 0.410305310546875 0.616771556640625 0.39469675 0.632060349609375 0.377662255859375 0.63362958984375 0.343395982421875 0.623160314453125 0.317172375
1 0.6572265625 0.4619140625 0.021484375 0.025390625
1 0.640625 0.4375 0.0107421875 0.009765625
1 0.630859375 0.404296875 0.0107421875 0.0107421875
1 0.635392005859375 0.4056186875 0.62923423828125 0.411747685546875 0.60521885546875 0.4037598203125 0.58575501171875 0.41167973046875 0.58545826171875 0.425345029296875 0.594692859375 0.4373838203125 0.63317912109375 0.43485418359375 0.654635548828125 0.436658248046875 0.67532502734375 0.42684549609375 0.6926532578125 0.37366503515625 0.6979569453125 0.342267072265625 0.685117779296875 0.33641975390625 0.643934462890625 0.359684080078125 0.639446220703125 0.38492455078125 0.635392005859375 0.4056186875
1 0.701171875 0.416015625 0.0107421875 0.013671875
1 0.697265625 0.3916015625 0.009765625 0.0126953125
1 0.7197265625 0.423828125 0.0048828125 0.0107421875
1 0.6865234375 0.47265625 0.0078125 0.0107421875
1 0.7353515625 0.4267578125 0.009765625 0.0185546875
1 0.7509765625 0.373046875 0.0126953125 0.025390625
1 0.5732421875 0.548828125 0.0126953125 0.0126953125
1 0.55859375 0.5654296875 0.009765625 0.013671875
1 0.646484375 0.5751953125 0.0341796875 0.0439453125
1 0.591796875 0.5126953125 0.0078125 0.0078125
1 0.57421875 0.6630859375 0.0126953125 0.009765625
1 0.556640625 0.6884765625 0.0048828125 0.0126953125
1 0.680216060546875 0.76277203515625 0.703428326171875 0.771021849609375 0.714399857421875 0.7595551875 0.695601029296875 0.712296576171875 0.679089888671875 0.718209658203125 0.68539480078125 0.734483505859375 0.66634443359375 0.737200564453125 0.64960723828125 0.7352649765625 0.6416467734375 0.74115284765625 0.641169177734375 0.748192646484375 0.640572390625 0.74859708203125 0.680216060546875 0.76277203515625
1 0.599609375 0.6376953125 0.005859375 0.0107421875
0 0.64218601953125 0.742862654296875 0.6559417421875 0.73525620703125 0.680018775390625 0.733289931640625 0.67968996484375 0.7172287109375 0.703997166015625 0.7093636015625 0.706416376953125 0.689881671875 0.689487650390625 0.647880716796875 0.67146316796875 0.621807265625 0.639941078125 0.595117845703125 0.60342026953125 0.60989561328125 0.602282591796875 0.642087103515625 0.59672736328125 0.642084912109375 0.57196641015625 0.64469784765625 0.58013566796875 0.66283933203125 0.574418501953125 0.696972986328125 0.578394623046875 0.72208302734375 0.5995789609375 0.755605095703125 0.62714712109375 0.76069725 0.637298275390625 0.7578541484375 0.64218601953125 0.742862654296875
1 0.7275390625 0.658203125 0.0341796875 0.0439453125
1 0.7158203125 0.537109375 0.0107421875 0.013671875
1 0.6806640625 0.544921875 0.0078125 0.0126953125
1 0.689453125 0.5458984375 0.0078125 0.015625
1 0.75565140234375 0.47585446484375 0.73311155078125 0.470585849609375 0.73277616796875 0.471570083984375 0.730171177734375 0.47193287109375 0.737489642578125 0.533717162109375 0.73584888671875 0.580942892578125 0.74463055078125 0.59277891796875 0.774942623046875 0.60073061328125 0.810959529296875 0.58523275390625 0.81268988671875 0.55696176171875 0.7957480078125 0.52128708984375 0.771150634765625 0.505888966796875 0.75565140234375 0.47585446484375
1 0.8232421875 0.5849609375 0.013671875 0.015625
1 0.859375 0.544921875 0.0078125 0.009765625
1 0.837890625 0.486328125 0.017578125 0.0263671875
1 0.876953125 0.50390625 0.0361328125 0.03125
1 0.9140625 0.5341796875 0.064453125 0.0341796875
1 0.9716796875 0.5634765625 0.0439453125 0.0390625
1 0.96484375 0.537109375 0.0126953125 0.0107421875
1 0.935546875 0.427734375 0.0126953125 0.0263671875
1 0.947265625 0.42578125 0.0126953125 0.0205078125
1 0.931640625 0.40234375 0.0107421875 0.009765625
1 0.9814453125 0.3818359375 0.0078125 0.009765625
1 0.958984375 0.3525390625 0.0107421875 0.0126953125
1 0.9287109375 0.349609375 0.005859375 0.015625
1 0.8984375 0.3046875 0.0126953125 0.013671875
1 0.87109375 0.412109375 0.015625 0.025390625
1 0.8876953125 0.4140625 0.0107421875 0.017578125
1 0.861328125 0.4306640625 0.0078125 0.0107421875
1 0.7861328125 0.345703125 0.0107421875 0.015625
0 0.888832630859375 0.33069344921875 0.87102380859375 0.312997267578125 0.83254152734375 0.300761931640625 0.77593225390625 0.302571486328125 0.79189677734375 0.332293814453125 0.78904640234375 0.3597940625 0.7655192734375 0.387041236328125 0.781230357421875 0.394168275390625 0.793032322265625 0.42935144921875 0.8147338046875 0.461781525390625 0.844766990234375 0.477401912109375 0.86035958203125 0.433249962890625 0.86587491796875 0.408308251953125 0.888446435546875 0.38987186328125 0.888832630859375 0.33069344921875
1 0.771484375 0.3974609375 0.017578125 0.0185546875
0 0.8564453125 0.6943359375 0.123046875 0.1455078125
1 0.978515625 0.740234375 0.0107421875 0.0107421875
1 0.674981421875 0.53360317578125 0.6918682265625 0.515467171875 0.69396931640625 0.50004712890625 0.6786509296875 0.49985203515625 0.66087962890625 0.502591013671875 0.646104599609375 0.49409349609375 0.626595544921875 0.500443892578125 0.62357050390625 0.51489066015625 0.63220666796875 0.542419638671875 0.650920830078125 0.556147412109375 0.658670033203125 0.556397306640625 0.674981421875 0.53360317578125
1 0.2333984375 0.68359375 0.005859375 0.0078125
1 0.2080078125 0.66015625 0.005859375 0.0078125
1 0.28125 0.6630859375 0.005859375 0.0078125
1 0.283203125 0.677734375 0.0078125 0.0048828125
1 0.220703125 0.337890625 0.005859375 0.0078125